event_id,dt,message_id,account_id,contact_id,message_type,event_type,event_timestamp,click_url
d2660de6-3d43-401c-b124-88f3159e87e2,2026-03-11,msg_00067,U7e808d11d6f9901a954a542a7ee09918,U9fff650c22a8f7d7d456261e737111e9,video,delivered,2026-03-11 11:42:21,
f2847c99-ed9d-4915-879b-cce86af53aac,2025-12-23,msg_00061,Ub0341314a5534ea92b26fa8adc30543f,U2d4481512e89bf7a5b7fd844d24adf0d,imagemap,delivered,2025-12-23 16:02:52,
4bdc0ec8-34bd-4484-919c-f1e18d6ab7c4,2026-02-25,msg_00008,Ub0341314a5534ea92b26fa8adc30543f,U1e2a436e2d2880ae7eed950f7883bf8a,image,delivered,2026-02-25 08:36:30,
9aac1dc5-f83d-4ac6-8ae5-5c002d453e36,2026-01-26,msg_00103,U3bae1603803a839c0cb52f511d9cb8f6,U82ed78f3d336a9ab6f16cb324df543cb,flex,failed,2026-01-26 23:33:49,
d85bee9f-a8c4-4e75-a3e3-e3fc06ea5087,2026-02-09,msg_00083,U3bae1603803a839c0cb52f511d9cb8f6,U91c73fb1a4d75b26f087b20c879c8f3d,flex,delivered,2026-02-09 05:44:07,
d42c413b-4962-4937-b189-4b218dc86464,2026-02-15,msg_00006,U743849e63f8101ac616f8fd0ba84a167,U8120140d82e0afc3e35d0f9915b3b675,flex,delivered,2026-02-15 11:31:53,
3659a528-712a-433b-8a00-34a3f57cbf8d,2026-03-27,msg_00096,U476acbdef8e9a16d24575e4f6d7b0f31,U93496fd45d38c598366638174ce93960,imagemap,delivered,2026-03-27 23:46:56,
26d98882-1c38-41ac-9e08-0e17aa81015a,2025-12-15,msg_00030,U3bae1603803a839c0cb52f511d9cb8f6,U700e300ed52b8dd3899ec08cefa74f83,video,opened,2025-12-15 13:56:40,
79dc9f16-6474-4b5e-bbc5-4ceaab1d3499,2025-12-09,msg_00059,U3bae1603803a839c0cb52f511d9cb8f6,U2c96aa5fe3105a30c6cbb0d8d061c1dc,imagemap,opened,2025-12-09 07:16:37,
5487f8a5-6551-4143-a758-644db7a77bec,2025-12-19,msg_00118,U4784fc8a8e1e4eb2435ad84e0ad052f2,U4a71584040aa7ece3663ece820bd1620,image,opened,2025-12-19 09:46:32,
2928b6ec-046d-4f24-a512-b6c86d07d4ed,2025-11-19,msg_00019,U743849e63f8101ac616f8fd0ba84a167,U8d6109490397572d4fc707e4675c2643,flex,delivered,2025-11-19 03:07:15,
e888076b-c16b-4f09-b564-1d35db7adbbd,2026-03-23,msg_00071,U3bae1603803a839c0cb52f511d9cb8f6,U1cec794914f23fe46d1817984ba9191b,imagemap,opened,2026-03-23 07:18:31,
98d6efc4-56df-462a-8531-6026e11c74cc,2026-01-07,msg_00110,Ub0341314a5534ea92b26fa8adc30543f,U1f542d44ecbb7c20a81a4a56d7d6e919,video,delivered,2026-01-07 03:25:02,
23c90316-ffb6-4759-a30c-18df754e3269,2025-11-17,msg_00099,U3bae1603803a839c0cb52f511d9cb8f6,U50754283c16feaa121f29032508600f9,text,opened,2025-11-17 12:58:16,
ec627c6c-79d7-48ba-b55e-d3277518c75f,2026-02-07,msg_00090,U4784fc8a8e1e4eb2435ad84e0ad052f2,f25431fead9a89930b3ad8c454d8ae11,imagemap,opened,2026-02-07 21:44:27,
452c15dd-2bae-4c40-93ad-e162f546f823,2025-12-08,msg_00015,Ub0341314a5534ea92b26fa8adc30543f,Ubcc6b02aa6ec59452e557f754cf28912,text,delivered,2025-12-06 20:30:54,
e7eb754a-736d-4cb2-b2dc-60742f2eea9b,2026-02-14,msg_00042,U3bae1603803a839c0cb52f511d9cb8f6,U6e30f7a8a3a509ec6c376bb76b53e135,video,delivered,2026-02-14 13:35:47,
ea8869f9-b55e-4686-9e05-2f37195ca66b,2025-11-24,msg_00033,U3bae1603803a839c0cb52f511d9cb8f6,Ue6d83b64e14a35e2676ce3726159d9e8,text,opened,2025-11-24 14:46:11,
333d7a4e-e282-4d6e-a761-257a0d5a6bb5,2025-12-14,msg_00085,U743849e63f8101ac616f8fd0ba84a167,Uf731598806e97093e245737eb9822b0f,image,opened,2025-12-14 04:27:37,
a201d2dd-a4d8-45f8-910e-159c069261b0,2026-04-12,msg_00120,U227d1cd1a801c367de206ec4bbca7330,Ue41b8957bfaaca39fcd239fca4d810a8,text,delivered,2026-04-12 05:09:16,
b01cb2f9-68e3-4ef0-b237-ff9047db4dc9,2025-12-17,msg_00032,U3bae1603803a839c0cb52f511d9cb8f6,Ud91843c1855b1bfcda12fb8918649b8a,video,delivered,2025-12-17 11:53:31,
67ca8044-016f-45d0-93a9-1ff9ef44520f,2026-02-08,msg_00051,U3bae1603803a839c0cb52f511d9cb8f6,Uc6dc96fb64297ad3efc21e6bcd012438,image,opened,2026-02-08 02:57:34,
63826616-e6e3-4ba0-ab5b-150f69572710,2026-04-05,msg_00054,U3bae1603803a839c0cb52f511d9cb8f6,U14e42985b114a941b932a053d0caf503,image,clicked,2026-04-05 15:27:58,https://example-saas.jp/coupon/500off
676a38e2-a80a-4e9a-be27-c56794bb9aea,2025-12-24,msg_00062,Ub0341314a5534ea92b26fa8adc30543f,U5fec6a178eadf41fb2dc2fe1be39aee5,video,clicked,2025-12-24 18:12:07,https://example-saas.jp/campaign/spring
38262ba9-3ffd-4d86-bbd1-f1c172e4803a,2026-01-30,msg_00050,U3e5dd3a641c58ad50e49f095c6f1e306,f092be12f292177aba7479c67dd593d2,image,delivered,2026-01-30 03:13:52,
de9c083f-e1cb-463c-b341-d15292c796cc,2026-02-20,msg_00048,Ue7310890b01058478be93761a56d0aa0,U8c1dee94cf6d1161de0e2a42d7368dfa,flex,opened,2026-02-20 13:22:41,
a809aec6-f2fa-4e73-9361-6a80411b9cba,2025-11-17,msg_00099,U3bae1603803a839c0cb52f511d9cb8f6,U4c71a0a9dd5422dea278bc6c62670eb2,text,delivered,2025-11-17 04:25:04,
5eacfa6e-4be4-440c-b32e-2174da9f2812,2026-01-26,msg_00086,U4784fc8a8e1e4eb2435ad84e0ad052f2,Udcb95aacb17d3fad1faa81f6ba333e4a,text,delivered,2026-01-26 10:40:59,
c9720c0c-a745-4cfd-9b9f-e82f42781d32,2026-03-23,msg_00071,U3bae1603803a839c0cb52f511d9cb8f6,U6978849ef35f0c0f7749948c901983af,imagemap,delivered,2026-03-23 03:17:21,
a9fca678-08c8-453d-b259-6d379804a6da,2025-11-26,msg_00028,U3bae1603803a839c0cb52f511d9cb8f6,U613da0fce8f547f9af9e24532569e89f,image,clicked,2025-11-26 12:12:02,https://example-saas.jp/campaign/spring
db44f77b-385a-4e81-b47e-729cb25b5b50,2026-02-10,msg_00058,Ue9a1e8a5b83a6b296d43c957a8cfba4a,U1cafd947ec162a38e026747c8de742de,video,opened,2026-02-10 14:04:09,
745f05fe-1be2-4624-8bee-4ef4bc0e78a5,2025-11-17,msg_00034,U743849e63f8101ac616f8fd0ba84a167,U64690edce126f2885358890fd2980c23,text,delivered,2025-11-17 08:37:49,
78f80382-d191-4af5-8238-b5a7675294b5,2026-01-30,msg_00050,U3e5dd3a641c58ad50e49f095c6f1e306,Ud53e12e3da06131d73461132b7279eaf,image,opened,2026-01-30 23:26:55,
0bf8882e-0cbe-4161-baec-40250ef8dd43,2026-01-26,msg_00103,U3bae1603803a839c0cb52f511d9cb8f6,Uaa9dfcf8916413f51cc25df4b14bce43,flex,failed,2026-01-26 15:22:03,
adb1a484-a662-4198-bcd9-af2238a070bd,2026-01-24,msg_00113,Ub0341314a5534ea92b26fa8adc30543f,03f886284988fd3616ec9f3d815f78e6,text,delivered,2026-01-24 07:56:36,
2f96a716-3b63-4eac-af22-41a7654e07fc,2025-11-17,msg_00099,U3bae1603803a839c0cb52f511d9cb8f6,Ue4632c1bfa8b71969cdfe5206b12ebf4,text,clicked,2025-11-17 20:15:07,https://example-saas.jp/survey
71bceaeb-e4f0-47b3-a181-ed9b6da30d68,2025-11-30,msg_00025,Ub0341314a5534ea92b26fa8adc30543f,U48a6578c75837e79d09a74af23b94bc0,imagemap,opened,2025-11-30 15:43:07,
6123e989-a789-4bab-9bf4-885949589302,2025-12-09,msg_00069,Uc20f9c7e9b662bedec3cb78e127885c7,U8822c26489874b530ee961e0714f408e,imagemap,delivered,2025-12-09 15:23:21,
8cd89403-6d5e-4688-a23f-4f99b5e4f16d,2026-01-01,msg_00027,U4784fc8a8e1e4eb2435ad84e0ad052f2,U205f88dd99956fae511de2e34e5baf5d,image,delivered,2026-01-01 23:54:19,
e3512ddf-e2e5-4fba-9a76-979442ecb59f,2025-12-07,msg_00003,U227d1cd1a801c367de206ec4bbca7330,U60d5899ae22dd5be5d9b8fd18734f06a,image,delivered,2025-12-07 21:23:24,
1dc3abbf-3d2a-4d80-805d-3c57015074f6,2026-02-15,msg_00006,U743849e63f8101ac616f8fd0ba84a167,Uef98a6447836761d5ce62316e9e14a37,flex,delivered,2026-02-15 12:49:07,
c5fd0dbb-5409-4b7d-82a6-dfe6f65d4e66,2026-03-22,msg_00119,U3bae1603803a839c0cb52f511d9cb8f6,U635a76c681f48fdb1356f86f4208da67,imagemap,delivered,2026-03-22 15:13:23,
76e54dbb-39d8-4c5c-92d7-cd4f0ddd2688,2026-03-21,msg_00023,U743849e63f8101ac616f8fd0ba84a167,Ue2ab54da51f7529780b8f267cf4b0596,imagemap,delivered,2026-03-21 10:13:28,
52b7e61f-f790-4f13-a201-970a36eeb399,2025-12-24,msg_00091,U3bae1603803a839c0cb52f511d9cb8f6,U297d714271d348a59a4821787e1308d9,imagemap,failed,2025-12-24 05:48:41,
37713329-8a94-46cf-9df3-b31d9dbda6df,2026-03-22,msg_00119,U3bae1603803a839c0cb52f511d9cb8f6,Ua03cc6005ca347fa5dd2ed214d8b4ced,imagemap,delivered,2026-03-22 09:27:54,
33fa289a-b657-4d11-b235-294b30c74993,2026-03-16,msg_00002,U3bae1603803a839c0cb52f511d9cb8f6,U715099f3b0d8e9a7fda1b2288b6bef3e,text,delivered,2026-03-16 09:24:25,
3fb4bf82-88fe-4f4f-b1a5-230317b5d0ae,2025-12-23,msg_00109,Ue7310890b01058478be93761a56d0aa0,U84af4624f31d0eedac6906c5f0442419,text,delivered,2025-12-23 13:31:26,
e053dfaf-85c0-4c40-9192-dc85c3b1ffb8,2026-04-05,msg_00054,U3bae1603803a839c0cb52f511d9cb8f6,U54e439b23a3faf0be02ab2ea5e785d67,image,delivered,2026-04-05 15:13:38,
4cf236da-1b79-4076-b7f4-40a397328ace,2025-12-25,msg_00045,Ue7310890b01058478be93761a56d0aa0,U7b7606ecfac5334b325667da99124a3a,video,clicked,2025-12-25 02:44:24,https://example-saas.jp/coupon/500off
4273cb5b-3387-411f-88f2-3747ab1afdef,2026-02-20,msg_00095,Ub0341314a5534ea92b26fa8adc30543f,Ub74af4b0def0872be480b5c29531d0d5,text,opened,2026-02-20 16:18:19,
77ecbc5e-8552-47a0-8255-b6a46fce98f8,2025-12-17,msg_00032,U3bae1603803a839c0cb52f511d9cb8f6,Ue3f31abe0f362d7eada9318090ff20b5,video,opened,2025-12-17 05:51:26,
155cb828-daaa-43c9-b0b5-73d940a54f0d,2026-03-25,msg_00079,U743849e63f8101ac616f8fd0ba84a167,U5a90417502b45b0fb904b576f823026b,text,delivered,2026-03-25 08:38:13,
0e063c75-533b-4227-ae3f-49fac5b51efa,2026-03-31,msg_00046,U4784fc8a8e1e4eb2435ad84e0ad052f2,U0bafaf67bb4f16b40348d9988bd7d0b1,flex,clicked,2026-03-31 10:26:07,https://example-saas.jp/coupon/500off
b5deb265-7635-4a21-a191-dc5d3e98b5cf,2026-01-31,msg_00035,U7e808d11d6f9901a954a542a7ee09918,U6ab68e701fa977866747e515b22c1014,text,delivered,2026-01-31 01:25:32,
9845ec33-6877-4c7d-b77b-5efd3920c22e,2025-12-23,msg_00109,Ue7310890b01058478be93761a56d0aa0,U73209dda44d82b66172e54442ace16f2,text,delivered,2025-12-23 14:31:24,
5a278bd5-03ca-4443-9b75-f381cf7c1634,2026-02-10,msg_00058,Ue9a1e8a5b83a6b296d43c957a8cfba4a,U88ce4429abd14e439a2257e6bcfd0c46,video,delivered,2026-02-10 17:45:50,
556e1501-f1ed-4c4c-8751-50f4997ea8b0,2025-12-09,msg_00094,U227d1cd1a801c367de206ec4bbca7330,9ef5dd7d08381c9f4628b2131114809c,flex,delivered,2025-12-09 23:26:30,
e79347d9-fb56-4f7e-b297-5fb40a5cca7c,2025-11-30,msg_00025,Ub0341314a5534ea92b26fa8adc30543f,21cba65cc7cbc946ec187f233457e62d,imagemap,delivered,2025-11-30 12:06:54,
3f18b421-643a-4d32-9689-7e8dd86a0aaa,2025-11-17,msg_00099,U3bae1603803a839c0cb52f511d9cb8f6,U3f22b32d6f47d0b54b6d74f4c13921ea,text,opened,2025-11-17 19:13:00,
706785a6-757b-41dc-97a9-bbd30ea2bc4b,2026-02-20,msg_00036,U879eb903ad90cd9c2874f6df7651267a,Uba68a41c1d86c1aa0dd8f015519358c6,video,delivered,2026-02-20 08:12:14,
d2ce6a3b-f9b6-4bf3-a1e9-5e1145851562,2026-02-09,msg_00083,U3bae1603803a839c0cb52f511d9cb8f6,9ecf09693d4ca5c367fc9100fa01314e,flex,opened,2026-02-09 12:00:30,
ba19bb81-76d4-4121-9ded-b7851b5acc3a,2026-02-10,msg_00058,Ue9a1e8a5b83a6b296d43c957a8cfba4a,U1ffa7353538792362a6db72b8a74094e,video,delivered,2026-02-06 19:34:23,
4a472f1c-3172-4c9d-a5dc-1dd260af7002,2025-12-23,msg_00109,Ue7310890b01058478be93761a56d0aa0,1b3501148a1be4a676ad5e38736a6c83,text,delivered,2025-12-23 21:24:56,
9e8e8ebb-d98e-4646-94d0-2d1074dc82d8,2025-12-22,msg_00038,Ub0341314a5534ea92b26fa8adc30543f,Ueee4241d52d3fd1d82fd67c088a78ca3,image,delivered,2025-12-22 05:27:16,
24298683-016f-4d5d-bc27-e16e49caf702,2025-12-25,msg_00045,Ue7310890b01058478be93761a56d0aa0,3ab3df525573a519effa17e99ebda506,video,delivered,2025-12-25 09:49:49,
1f217bd0-9584-4673-a6bf-29349ed3a80f,2026-04-01,msg_00072,U4784fc8a8e1e4eb2435ad84e0ad052f2,Uc3315cff63f496b42f1529fbc3014f2a,image,delivered,2026-04-01 05:10:40,
e8716b2d-ed3f-46cc-8d54-33989efa2935,2025-11-23,msg_00053,U743849e63f8101ac616f8fd0ba84a167,U407ae8aa7bd5f663fe426ab5259b5662,video,failed,2025-11-23 16:24:46,
482d4a0d-0c6c-46b2-b735-c1e31b8af6a0,2026-04-12,msg_00105,Ud4a92c8c8050eed40ef171cc2784d638,U5ca3b553b1e859e2dd93b805390afbae,flex,opened,2026-04-13 00:13:15,
d78fc6e5-1084-4ed0-8445-08cec95ec2b3,2026-04-06,msg_00074,U3bae1603803a839c0cb52f511d9cb8f6,Uf74bfe667b9bbfb0acb7bc2f4b2a2252,text,delivered,2026-04-06 03:45:22,
eb279af7-79f8-4f68-b02d-99f24c886d81,2026-03-11,msg_00104,Ub0341314a5534ea92b26fa8adc30543f,U07c1aded167b8b773727cb2b3e4ffd38,image,delivered,2026-03-11 03:01:13,
8168f57e-42be-43d2-abf3-3a716dd773be,2026-04-08,msg_00078,Ud4a92c8c8050eed40ef171cc2784d638,U0beb2f5475b96bc655b42a85851817da,image,opened,2026-04-08 21:53:11,
9ef02aba-f8ce-4ec2-9666-483c5771e162,2026-02-16,msg_00021,U743849e63f8101ac616f8fd0ba84a167,U940aec1fd29b0150550261ec5fa15f86,flex,delivered,2026-02-16 06:17:05,
aadd8247-1d7f-4eb8-8df6-c60b757daae9,2025-11-16,msg_00020,U3bae1603803a839c0cb52f511d9cb8f6,314017795e7b86d33142b450e1985bad,text,delivered,2025-11-16 16:32:43,
f0c309f9-97b8-4fdb-858c-5af0d1576e18,2026-01-13,msg_00060,U3bae1603803a839c0cb52f511d9cb8f6,Uc70ff165f1b10374709b31d9c9896bea,image,blocked,2026-01-14 17:42:01,
b540d501-248a-4c2a-a2dd-105f00909d52,2025-12-18,msg_00070,Ue9a1e8a5b83a6b296d43c957a8cfba4a,Udff0f09f126838adbb5ffd35286739d6,imagemap,delivered,2025-12-18 21:09:55,
c346d20f-4c13-4a6b-ae7a-9601d834aefe,2026-03-31,msg_00046,U4784fc8a8e1e4eb2435ad84e0ad052f2,9581252f4860106932a5d95ab0fd9d27,flex,delivered,2026-03-31 22:33:01,
a966af50-882f-40cc-aee7-ff1320f0ca91,2025-11-16,msg_00020,U3bae1603803a839c0cb52f511d9cb8f6,Uf7ede6aed3ae21fa4280fc4e13fe4ab9,text,opened,2025-11-16 09:02:44,
7e26d859-ecf6-435f-91c8-e00eec43945a,2025-11-30,msg_00025,Ub0341314a5534ea92b26fa8adc30543f,3f571c50a46ac88b1583039a2d8252e3,imagemap,opened,2025-11-30 07:27:08,
6d37e827-da00-4570-9146-c2880ef8a7cb,2026-03-21,msg_00023,U743849e63f8101ac616f8fd0ba84a167,6df16dd6cf05346ef97ef7cf9c62c3a9,imagemap,delivered,2026-03-21 06:56:56,
7b8662a5-a1db-417b-9348-13d92ee8ef11,2025-12-17,msg_00032,U3bae1603803a839c0cb52f511d9cb8f6,U17b2cfa98501c5cfb7191d850589a308,video,delivered,2025-12-17 05:14:26,
45da0dd2-1f66-434b-8ee3-933103238efa,2026-03-13,msg_00001,U4784fc8a8e1e4eb2435ad84e0ad052f2,Uca72eb0ae11628adf07fffcc5c1764e7,image,opened,2026-03-13 03:22:36,
ec5285f9-a234-44d1-aa73-ef1771e5d5e8,2025-11-27,msg_00018,U3e5dd3a641c58ad50e49f095c6f1e306,U841b17b35ee2e04cb215946cb3f84748,imagemap,opened,2025-11-27 20:36:00,
1e19d633-bcdd-46e9-8611-85b7665394fe,2026-04-10,msg_00101,U743849e63f8101ac616f8fd0ba84a167,Ue0ba6fd214042eacd3bce80399357fa2,imagemap,clicked,2026-04-10 09:47:09,https://example-saas.jp/lp/newmenu
b48cb3f7-4281-4bac-ad1b-8909a0cf40ca,2026-03-21,msg_00023,U743849e63f8101ac616f8fd0ba84a167,U76c4a6fc1e92171559a5cc78770f9e01,imagemap,delivered,2026-03-18 17:47:59,
8a3cda1f-57fa-413b-a1b7-5318450af90f,2026-04-05,msg_00054,U3bae1603803a839c0cb52f511d9cb8f6,Ubc0d89fe4bfeaf8be1f37eee0cbc79a0,image,delivered,2026-04-05 11:07:25,
c51b6b03-8cf5-41da-bb7a-3c6b116b7ba5,2026-02-10,msg_00058,Ue9a1e8a5b83a6b296d43c957a8cfba4a,94c6f57b441ecaa35dd4a7f55296380e,video,delivered,2026-02-10 22:17:29,
3a686d6d-86ea-446c-8dc7-882f67b39096,2026-03-08,msg_00112,U3bae1603803a839c0cb52f511d9cb8f6,U46e92d9fa21b7b82c15f9df44975ec36,image,opened,2026-03-08 05:24:01,
67665520-aa24-4926-b38d-0b85d7bb00a2,2025-12-24,msg_00091,U3bae1603803a839c0cb52f511d9cb8f6,Ubfe23cdbaa99ae8e0a641d00c48eff77,imagemap,opened,2025-12-24 10:21:50,
3e73f881-8409-4ebe-8780-bb85d236fb1d,2025-12-03,msg_00012,U743849e63f8101ac616f8fd0ba84a167,Uf7a968206852b94367b9e9b4c299cbe3,imagemap,opened,2025-12-04 01:11:08,
3153d4d9-ceca-4e35-aa94-05afa20b1688,2025-12-09,msg_00069,Uc20f9c7e9b662bedec3cb78e127885c7,Ud4520ba02262cf4f73e6d79827dc373f,imagemap,delivered,2025-12-09 13:10:09,
737cd374-cf15-46d3-8ac5-889548c38cd0,2026-01-14,msg_00081,Ue7310890b01058478be93761a56d0aa0,U022ab0e49b5a464c217f6abacabbca90,video,opened,2026-01-14 19:50:30,
2d488b52-4bbc-4df5-b49d-d2aa844cbb6c,2026-02-08,msg_00051,U3bae1603803a839c0cb52f511d9cb8f6,U010cb10f1e8806c658672ad2e856d452,image,delivered,2026-02-08 06:44:00,
8d4ef051-e8e5-4cd1-b508-ebf974d1f48f,2026-01-26,msg_00005,Ub0341314a5534ea92b26fa8adc30543f,U0fb6482a997ad4cf8405a6909a3520f2,image,delivered,2026-01-26 04:57:16,
5d64757f-69b9-4822-b498-73406792cb3a,2026-02-14,msg_00098,U743849e63f8101ac616f8fd0ba84a167,U410328feb6828d8e2ebef6715baa4fe9,imagemap,delivered,2026-02-14 18:21:44,
5a442ec5-2903-48f1-b382-c8c313166f87,2025-11-23,msg_00024,Ue8d9224ecde331ce692edfce0b5ecdc4,U7dc3cec2eb0d1ef70b78ea7143dc1d86,text,opened,2025-11-23 09:40:28,
ea9ffc7d-2fab-481d-94df-bb963a05a030,2026-01-26,msg_00115,U3bae1603803a839c0cb52f511d9cb8f6,U826fdfd5f66f482008b707f27605261e,imagemap,delivered,2026-01-26 04:37:28,
5d2e59cc-530a-4c5f-8173-9053cecbdde4,2025-12-02,msg_00088,U3bae1603803a839c0cb52f511d9cb8f6,Ucead285a03f5cbde496d8d869aa88056,image,opened,2025-12-02 03:21:15,
81b27b2d-2a48-41e4-92fc-b777654badba,2025-11-19,msg_00019,U743849e63f8101ac616f8fd0ba84a167,U8044cff4d4984fc826cd3396308a3950,flex,opened,2025-11-19 22:33:42,
4f00f3f3-9124-49f1-bbe5-bce5c1dc1f55,2026-04-01,msg_00072,U4784fc8a8e1e4eb2435ad84e0ad052f2,U870203f1976fa9dd24eee3d62c64c7ef,image,delivered,2026-04-01 05:10:16,
6a9122ef-ab0c-4b01-8def-9d12e3f5ddc3,2026-02-20,msg_00036,U879eb903ad90cd9c2874f6df7651267a,Uc31f5d38b9eab774d6c96c83a64297da,video,opened,2026-02-20 18:58:39,
09603e6e-2796-4bd8-a876-00bad4574c70,2025-11-24,msg_00033,U3bae1603803a839c0cb52f511d9cb8f6,454b08f943139a7347e6e231d2dabc33,text,delivered,2025-11-24 21:30:55,
7026cfc6-5b5d-4935-9c63-0d96b92f6d41,2025-11-17,msg_00034,U743849e63f8101ac616f8fd0ba84a167,U33436985919a87cef47b21a70e02e84c,text,delivered,2025-11-17 23:29:08,
60bbb10a-04d1-4382-82da-729a1ba3716a,2026-03-11,msg_00067,U7e808d11d6f9901a954a542a7ee09918,U6ee39d37f79c8f975b607d6f3de5adbb,video,opened,2026-03-11 04:38:39,
9acf5cc4-3ccc-4cc2-9740-6688b1159107,2025-11-22,msg_00047,Ue7310890b01058478be93761a56d0aa0,U85e764541744e056e5029ba2895830e5,video,delivered,2025-11-22 08:29:24,
b2d2b59a-8929-4b6b-8715-9678dfa5d690,2026-03-08,msg_00112,U3bae1603803a839c0cb52f511d9cb8f6,U48edd3db4acec43c84933c8becc92a9b,image,delivered,2026-03-08 19:01:00,
673d58f3-3f86-4dcf-b006-ab29dc7a6d27,2025-12-17,msg_00032,U3bae1603803a839c0cb52f511d9cb8f6,Ua819942dcac4594d4d43d5261fd709d4,video,delivered,2025-12-17 07:09:18,
74806b09-0e31-4064-800c-f388e301b777,2026-01-01,msg_00027,U4784fc8a8e1e4eb2435ad84e0ad052f2,0c85b16c82ce8ee05c679cbf6ba25aa7,image,delivered,2026-01-01 23:45:43,
cb782c67-3aa8-4acc-ad16-cf76bea6f253,2026-03-26,msg_00040,U3bae1603803a839c0cb52f511d9cb8f6,Ub31cd225cc71bd5629a65b30614bfed6,imagemap,delivered,2026-03-26 06:26:39,
245cff3c-b0fa-4ef6-88e8-34eb8604216a,2026-04-10,msg_00101,U743849e63f8101ac616f8fd0ba84a167,U0bbb57d49847e843279e45faee5673c6,imagemap,opened,2026-04-10 12:23:41,
93671c4d-5645-4d84-a7c7-1f8be762a66a,2026-01-24,msg_00113,Ub0341314a5534ea92b26fa8adc30543f,e9f29bb1413a368a1a9a42883d8d3b9b,text,opened,2026-01-24 20:29:22,
20b20d8a-87d1-4c90-b3ab-4dcd421caa11,2026-03-20,msg_00106,U3bae1603803a839c0cb52f511d9cb8f6,U91e45caa972db2549a87997c9aa176e3,video,delivered,2026-03-20 00:35:09,
36f37984-d0a2-48e9-bad5-0d353f149ce9,2025-12-19,msg_00064,Ub0341314a5534ea92b26fa8adc30543f,U6835118bce391b7c29d4649f6979267a,image,delivered,2025-12-19 00:12:04,
80539ef8-245b-465e-b80e-97e9cf4f791d,2025-11-17,msg_00034,U743849e63f8101ac616f8fd0ba84a167,U7dc1539e9a02773d795c05d17318319f,text,delivered,2025-11-17 07:31:43,
3bf2c6ba-1f88-449c-9ab9-bd38125e29f9,2026-03-08,msg_00112,U3bae1603803a839c0cb52f511d9cb8f6,Uee712b1e41fc9c4d86b43da7e9f2b455,image,delivered,2026-03-08 02:44:15,
4f174194-4f06-44a5-b4e0-550ca804d9d8,2025-11-16,msg_00020,U3bae1603803a839c0cb52f511d9cb8f6,Ua123bb8a9a0f67444fabb7dd59f360e8,text,delivered,2025-11-16 23:28:04,
d5ebac81-0872-43a9-91eb-3a746d0257ec,2026-01-24,msg_00007,Ub0341314a5534ea92b26fa8adc30543f,U2ac0865a747d143d4e63861cb14a74ab,imagemap,clicked,2026-01-24 20:16:17,https://example-saas.jp/survey
5e647b1b-7e19-4a14-86ed-7848f0d0a91d,2026-03-20,msg_00092,U743849e63f8101ac616f8fd0ba84a167,Ub6e1c641ea888482f0e934dc0bb41497,video,delivered,2026-03-20 18:46:14,
0b869d1c-620b-4e64-b457-e16912547dc2,2026-04-05,msg_00054,U3bae1603803a839c0cb52f511d9cb8f6,Ucb3bec552b4cd02b8678c36f07b58b80,image,delivered,2026-04-05 00:15:00,
bd4be214-9fcb-4afd-987c-e95d7b679ff3,2026-03-08,msg_00112,U3bae1603803a839c0cb52f511d9cb8f6,U3fac943d9b94e584759d181fbd3ee913,image,delivered,2026-03-08 15:10:10,
015a6b70-58ff-445f-b540-2cde984f3783,2026-03-22,msg_00119,U3bae1603803a839c0cb52f511d9cb8f6,U8d7619288a2500e33b208878cfa1b55d,imagemap,delivered,2026-03-22 15:42:20,
d16c6819-77af-418e-82a8-05ca739e9a83,2026-03-08,msg_00112,U3bae1603803a839c0cb52f511d9cb8f6,Uc3e88c500a7ca7d3c000250e5754f8d7,image,delivered,2026-03-08 23:05:21,
c46243fc-8b77-4d16-b990-71c8b3856821,2026-03-20,msg_00057,Ub0341314a5534ea92b26fa8adc30543f,U978ffd828f89af95e763bdcf003ab98d,video,opened,2026-03-20 05:15:36,
d0096032-6c4c-4783-9183-f8d3d9871d18,2025-12-21,msg_00022,U3bae1603803a839c0cb52f511d9cb8f6,Ufc952f89445817be9f27998e815a3f4d,video,delivered,2025-12-21 05:06:35,
8d1f8dce-c60b-43ad-a8ff-b6431a5a6e1d,2025-12-24,msg_00091,U3bae1603803a839c0cb52f511d9cb8f6,Ud6b3496a74a8703b2fd2eba2fb51e076,imagemap,delivered,2025-12-23 23:50:37,
bf477abf-c693-48e4-9850-1c082cc4be84,2026-02-05,msg_00107,U3bae1603803a839c0cb52f511d9cb8f6,U07f83b004fea09215170f3bca2a6440d,text,delivered,2026-02-05 01:15:47,
827c79b1-9214-44f2-8222-bc70281ca31e,2026-01-09,msg_00052,U743849e63f8101ac616f8fd0ba84a167,Uff7ded3b5cb4b2c62006adc650031241,video,opened,2026-01-09 04:06:15,
23a53e3c-9307-43b3-ba6a-ac7a760ba8ea,2025-12-25,msg_00077,U743849e63f8101ac616f8fd0ba84a167,U4a219a2c6f4894c94179c4b49fe32d9b,text,delivered,2025-12-25 08:27:11,
92dc9a91-5153-44c1-ba37-2a7dc47ae058,2025-12-09,msg_00069,Uc20f9c7e9b662bedec3cb78e127885c7,U68f5e651f3deb1029e7ed29f1c9d87c1,imagemap,opened,2025-12-09 10:39:24,
01d2c1d1-51a1-4b3e-b747-9ca18aeb2296,2026-03-06,msg_00055,U3bae1603803a839c0cb52f511d9cb8f6,Ub4d37a106d4ada9311d8fa9a8ef92e6e,flex,delivered,2026-03-06 06:40:13,
82e658fb-d24f-437f-8e7b-c3b5e160a81a,2026-03-27,msg_00096,U476acbdef8e9a16d24575e4f6d7b0f31,U642789b38807c299035dbeb8f6a8c48a,imagemap,delivered,2026-03-27 13:35:22,
d83b1fb8-0ea6-4cc9-8d42-c3a64ecc5f11,2026-04-06,msg_00074,U3bae1603803a839c0cb52f511d9cb8f6,Uc621311675f4e078e46791c05cda772c,text,opened,2026-04-06 10:57:52,
1fd7cd26-38d6-45d6-ad9d-100743727e1b,2025-12-12,msg_00004,Ub0341314a5534ea92b26fa8adc30543f,7a896ff06b826caa773b4cfa317755da,video,delivered,2025-12-12 18:40:06,
269a7671-666f-4643-853d-7f75084e8341,2025-11-16,msg_00020,U3bae1603803a839c0cb52f511d9cb8f6,U539aaeccbfd5f6f6f6b9666d3f16175d,text,delivered,2025-11-16 13:57:19,
b782da02-0fc5-4060-9f90-5a71c9e4d32f,2026-01-14,msg_00081,Ue7310890b01058478be93761a56d0aa0,U2e0956be5c7f6fcc02fd4d7f648b4420,video,opened,2026-01-15 00:54:19,
1dddd9d2-140e-4ea2-a39d-86b8ec2e9cdb,2025-12-09,msg_00094,U227d1cd1a801c367de206ec4bbca7330,U8c014122f223e10695281557259ee91b,flex,delivered,2025-12-09 04:14:55,
9314c02a-748f-4cf5-9c3d-4c4c01cb1519,2026-04-12,msg_00120,U227d1cd1a801c367de206ec4bbca7330,47ef9eb04e1be8830b9e7a3a9285708b,text,delivered,2026-04-12 07:25:24,
bf15ca82-e351-4e75-83b3-b04421a11200,2026-02-20,msg_00036,U879eb903ad90cd9c2874f6df7651267a,U370001984eba1985e63cea1ee948d5d4,video,opened,2026-02-20 03:08:19,
acb5cf15-55b6-43da-9a73-190a421e975c,2026-03-23,msg_00116,Ud4a92c8c8050eed40ef171cc2784d638,Ud226794ba728bd7d6de08db5d3fbaf70,text,delivered,2026-03-23 12:00:51,
1a212c95-3629-4400-ae9f-d01d185c7771,2026-01-10,msg_00044,U30ad60bba5da9837ca5dd0230ca8f531,Ub65f4f9850faecb638d5fab631a8592b,video,opened,2026-01-11 00:11:42,
d0a76a8d-9b48-4ff9-813d-1f8b4a0eb7e9,2025-12-25,msg_00045,Ue7310890b01058478be93761a56d0aa0,U8b9e0cead418a42a55805899c9f0fd04,video,opened,2025-12-25 14:43:56,
4b947a39-2624-4f16-aaa9-79bb75612775,2026-03-11,msg_00067,U7e808d11d6f9901a954a542a7ee09918,U4bbe0b97afcc7d5bc8c02cf1ec7972d9,video,delivered,2026-03-11 13:25:07,
add3fc39-dff3-4675-aea9-bce91221785f,2025-11-16,msg_00020,U3bae1603803a839c0cb52f511d9cb8f6,U342380a9f3167e72d2d04c833317edbc,text,delivered,2025-11-16 01:39:34,
ec072898-9fea-4150-a298-98955ab5e8ec,2026-01-24,msg_00113,Ub0341314a5534ea92b26fa8adc30543f,Ua7b18de3df7d9491acfb5cb8b74cb412,text,delivered,2026-01-24 19:57:01,
a5a0d9f6-da8c-4743-8951-5c54021316bf,2025-12-23,msg_00109,Ue7310890b01058478be93761a56d0aa0,U0be96da9348287aff306b33f1746081f,text,delivered,2025-12-23 02:09:18,
09602e5f-ad08-427a-a99c-be571bac619b,2026-01-10,msg_00044,U30ad60bba5da9837ca5dd0230ca8f531,Uf4c3519a99bd0fdfb2b7249b23072dd6,video,delivered,2026-01-07 06:39:41,
d68ee4bb-89b6-4407-ac16-33d124935498,2025-12-07,msg_00003,U227d1cd1a801c367de206ec4bbca7330,U630f90186e9556b42ba58e1f93a44293,image,blocked,2025-12-08 04:10:42,
e267f877-7b65-4adf-bca1-e3ecc1459e6e,2026-03-22,msg_00119,U3bae1603803a839c0cb52f511d9cb8f6,Uc69112529da4c0868872b5f0ffc71516,imagemap,delivered,2026-03-22 01:25:18,
90780f72-33e2-4d87-926e-41097c385e9d,2026-01-26,msg_00086,U4784fc8a8e1e4eb2435ad84e0ad052f2,Ub94fd9147802977f6267239a490b8f66,text,opened,2026-01-26 02:38:39,
e9744540-566b-408a-b936-9838db18a4f5,2025-12-17,msg_00032,U3bae1603803a839c0cb52f511d9cb8f6,Ue722dfc9e021470dd3d70c9884f1abe0,video,opened,2025-12-17 22:04:55,
c9450a6f-0b18-4b8c-b14c-2363b431b8b1,2026-02-05,msg_00107,U3bae1603803a839c0cb52f511d9cb8f6,U517c1e9beb5afa85a9acbbf493b85a8e,text,opened,2026-02-05 16:10:47,
03c0bd58-6e18-41c1-9b73-fff71c32e17a,2026-01-24,msg_00007,Ub0341314a5534ea92b26fa8adc30543f,U0d8ad8de13ac41c71ca4f9b477037873,imagemap,opened,2026-01-24 21:48:39,
43b23d91-a9f7-4d72-ab6c-651e62bf81df,2025-12-12,msg_00004,Ub0341314a5534ea92b26fa8adc30543f,U6fbe6ae397aa50ba86bbc17355bb7ee2,video,delivered,2025-12-12 03:53:43,
2c8fc64f-cb80-453d-8880-c334e5dc8dbc,2026-02-20,msg_00048,Ue7310890b01058478be93761a56d0aa0,U69879f2c81f6d0691e6decd5eabd7830,flex,delivered,2026-02-20 20:04:03,
81442109-263d-420e-96c2-042a3e8f0ccc,2026-03-29,msg_00097,Ub0341314a5534ea92b26fa8adc30543f,U4360fcaea57c9d34b1194a1f5aaa6d62,text,delivered,2026-03-29 06:41:49,
ae4c76ce-e0ae-4911-ac8a-78482ec45705,2026-03-31,msg_00046,U4784fc8a8e1e4eb2435ad84e0ad052f2,Udffe4728f973ec86923662069517ae90,flex,delivered,2026-03-31 06:54:18,
92581148-eb0d-4803-a20d-b969eb6e165a,2025-12-25,msg_00045,Ue7310890b01058478be93761a56d0aa0,Ufc139a14426d19f1d9ffe971e6809e62,video,delivered,2025-12-25 05:45:32,
07cfbc93-f150-49b2-9211-72506801eb6e,2025-11-23,msg_00053,U743849e63f8101ac616f8fd0ba84a167,Uddfcf73ad176c5e27dd5cc97d73ba909,video,opened,2025-11-24 00:52:19,
71732791-dc0b-41e1-bde9-02930c9fb052,2026-03-20,msg_00057,Ub0341314a5534ea92b26fa8adc30543f,U717024ddfb5a78c24672c8931ae3671e,video,delivered,2026-03-20 13:35:55,
017c6ed7-aedc-4a05-a2e1-567e9f82b331,2026-02-24,msg_00039,U743849e63f8101ac616f8fd0ba84a167,U25c9c409c7600db010c25930b831db09,flex,delivered,2026-02-24 03:30:12,
b72ce0b9-dd50-4117-9fbf-a0bec2659461,2025-12-25,msg_00077,U743849e63f8101ac616f8fd0ba84a167,U4ca15a3e868f479e446af42110a675c4,text,delivered,2025-12-25 04:18:53,
dcabc187-ee55-42bb-9fe3-8be7fb80cae4,2026-03-26,msg_00040,U3bae1603803a839c0cb52f511d9cb8f6,U2d41dc54b3d0a8452c29982ab4e1889c,imagemap,delivered,2026-03-26 01:43:29,
56c876e0-8b11-4b54-a2ab-28e6053021e1,2026-02-28,msg_00117,U743849e63f8101ac616f8fd0ba84a167,U7274a1902890e123ad64e32f05db6f40,video,delivered,2026-02-28 13:42:50,
91f4ebc0-91f7-4c83-81e4-09a9efe3e88c,2026-03-23,msg_00073,Ud4a92c8c8050eed40ef171cc2784d638,U92b492f53733a43ecd56d378a4082b68,imagemap,delivered,2026-03-23 17:29:35,
e0ad3461-cf51-474e-9685-22d6e933cdc3,2025-12-19,msg_00118,U4784fc8a8e1e4eb2435ad84e0ad052f2,U7dee14e45e8f1c00f2ed8ea7c89c2e3e,image,opened,2025-12-19 04:11:09,
70396d2f-09be-4255-8ea0-8dcc885cefd5,2026-03-22,msg_00119,U3bae1603803a839c0cb52f511d9cb8f6,Ua1ff4f51036e942e5b083c72f3c214c9,imagemap,delivered,2026-03-22 23:41:29,
7767e64c-284d-4f74-9e2c-e8d03e1b91f7,2026-02-05,msg_00107,U3bae1603803a839c0cb52f511d9cb8f6,Ub0087b02957be2a712f91b585609a38c,text,delivered,2026-02-05 03:59:30,
6cdce54d-f04f-4836-aae9-8a5a1c5c3b5c,2026-03-30,msg_00076,U743849e63f8101ac616f8fd0ba84a167,U26fd5bf9965acfd28b85ff6a69820250,image,delivered,2026-03-30 16:59:21,
fdc25d05-219e-4b0e-b5e7-eb772bd05c00,2026-03-25,msg_00079,U743849e63f8101ac616f8fd0ba84a167,973977191648089eff5a67ea86c175b6,text,delivered,2026-03-25 06:36:44,
5374dbd5-4dc4-4423-bcfc-355b1b95f5da,2026-02-19,msg_00016,U837b70463a585f85743b5bfb3b49c9fd,U7d0958911a16a2e2ba2d24cd97af6dbd,flex,opened,2026-02-19 22:12:07,
8c8b6291-2306-4917-bb81-587a92b23894,2026-01-26,msg_00086,U4784fc8a8e1e4eb2435ad84e0ad052f2,U4b2bf94018ae9221aef37d5329a2ab9c,text,opened,2026-01-26 21:25:21,
ed8182e9-c615-4dcf-8d17-ef962feedd23,2026-02-01,msg_00075,Ub0341314a5534ea92b26fa8adc30543f,Ub1957338d90362219e4a265876758777,imagemap,delivered,2026-02-01 19:20:01,
4ae37455-4798-4d33-ad0b-076b40d2add6,2025-12-17,msg_00032,U3bae1603803a839c0cb52f511d9cb8f6,Ud77937f6b28a4fe4128c5b3762679946,video,opened,2025-12-17 07:28:31,
4a587c8d-c92b-404c-b6e3-4801c2dca07e,2026-04-04,msg_00100,U743849e63f8101ac616f8fd0ba84a167,Uf19ef47a9833a511b0d8b79fb14b183e,image,opened,2026-04-04 19:31:41,
2508fd38-d28c-459f-a5c8-bf1171b316e7,2026-03-27,msg_00096,U476acbdef8e9a16d24575e4f6d7b0f31,U732026472deb0b0cf790577b83844fff,imagemap,delivered,2026-03-27 11:06:11,
df890c29-75c6-48b2-849a-c3a510164384,2026-04-12,msg_00120,U227d1cd1a801c367de206ec4bbca7330,U6d8fedd9b27415042282e9bc59465c39,text,delivered,2026-04-12 05:32:30,
23407eed-2035-4e39-a8e4-f4479c4d75cd,2026-01-26,msg_00103,U3bae1603803a839c0cb52f511d9cb8f6,Ub2a743d07196be437d83598dce62f09d,flex,opened,2026-01-26 17:00:28,
23a9dfa9-eb82-4029-8286-0613ffc105a5,2025-12-24,msg_00062,Ub0341314a5534ea92b26fa8adc30543f,U72c0ef502fa1ee2a28a129ae587d1ec8,video,opened,2025-12-24 17:02:29,
8b83e8f3-7d7d-4ae3-82ed-ad38b51b971c,2025-12-18,msg_00070,Ue9a1e8a5b83a6b296d43c957a8cfba4a,Ua7af7d69228efb9373575d1d84e5860e,imagemap,opened,2025-12-18 10:32:25,
297afe7c-0e02-44b1-a4a0-19ac996d0765,2026-01-09,msg_00052,U743849e63f8101ac616f8fd0ba84a167,Uca928b8d9e0935857c205de62f3e6aba,video,delivered,2026-01-09 19:09:30,
a3919cbd-de65-4f1a-978f-ac78f4ae6495,2025-12-22,msg_00038,Ub0341314a5534ea92b26fa8adc30543f,U1d3a0c95786981539e1cac97d2408ac1,image,opened,2025-12-22 15:52:19,
3e8e3fe7-25af-4b0d-a607-1cb51e9516b1,2025-11-23,msg_00024,Ue8d9224ecde331ce692edfce0b5ecdc4,U4d00e4410bc306700fbbc278d158ecff,text,delivered,2025-11-23 00:37:11,
40d3429d-4838-4d04-8adb-f360e0917bd9,2026-03-05,msg_00014,U3bae1603803a839c0cb52f511d9cb8f6,Uc06893a3a4fa218274f4c20c2505a7ab,flex,delivered,2026-03-05 20:29:35,
4425696e-682f-400d-9145-b0cc2e9e7a26,2026-03-04,msg_00056,U1ca413826b7044d134c9c3132420c9de,Uef4c1881ec787529fbc2efaeedf1f7cc,text,opened,2026-03-04 11:12:26,
04d56c0b-62c1-4079-9040-f736659f402e,2026-01-24,msg_00113,Ub0341314a5534ea92b26fa8adc30543f,Ua2d38fc1b624325f68d412aea0ad8b1a,text,delivered,2026-01-24 06:32:13,
d9e33763-bc07-478e-9195-377bf72c7f30,2025-11-25,msg_00043,U3e5dd3a641c58ad50e49f095c6f1e306,Ua36c8e9ae20bc810f7c4e8eb3f8028d6,flex,clicked,2025-11-25 17:02:56,https://example-saas.jp/campaign/spring
a8687417-59fe-4429-8e4b-88296d67f489,2025-12-19,msg_00118,U4784fc8a8e1e4eb2435ad84e0ad052f2,Ua887bcdd59e7cb7206bf65780bef5bab,image,delivered,2025-12-19 22:22:51,
be282ce5-6bba-4331-95a2-d35d2d87b7ec,2026-03-14,msg_00009,U743849e63f8101ac616f8fd0ba84a167,U09121d60383636f1eb9eb972274fc276,imagemap,delivered,2026-03-14 16:34:18,
3040f13c-37e6-4d49-901f-a55cea29e0e5,2025-12-25,msg_00077,U743849e63f8101ac616f8fd0ba84a167,U7a9f046cb36dbc45fc29bcac33a39bbe,text,opened,2025-12-25 19:27:51,
1d8ed003-3ae1-41ca-9da7-ac3045c69da1,2025-12-22,msg_00013,Ub0341314a5534ea92b26fa8adc30543f,Uce894e6049e9883f74350b63a7d0ad10,image,opened,2025-12-22 19:53:15,
7f5938ce-08bc-4511-8b16-5bcba314f747,2026-03-26,msg_00040,U3bae1603803a839c0cb52f511d9cb8f6,U92c7157dff4ff49d8b4621b8f4c1230d,imagemap,delivered,2026-03-26 21:46:07,
9fff01a5-c10d-4f87-8d67-4fbbcbbf6c86,2025-12-24,msg_00091,U3bae1603803a839c0cb52f511d9cb8f6,Uc5c560b35d2f433fca0f5511f3905a12,imagemap,delivered,2025-12-24 13:11:59,
12ac260e-dbd9-4baf-a5b7-060a05beb2e1,2026-03-05,msg_00014,U3bae1603803a839c0cb52f511d9cb8f6,U1e2b87e280739aafe891929929460847,flex,delivered,2026-03-05 10:31:22,
9a1ebf9b-975f-4c7c-9b17-97c9086f970d,2026-02-10,msg_00058,Ue9a1e8a5b83a6b296d43c957a8cfba4a,U324a05e7281beb44f41f67c5cbf9e0c5,video,delivered,2026-02-10 08:50:49,
86ee3855-b5a9-4c07-b7c1-5b65bc93e04b,2026-03-04,msg_00056,U1ca413826b7044d134c9c3132420c9de,U712cb75865b133229c02f429b255ece4,text,delivered,2026-03-04 14:48:53,
ec8c9d43-494e-48b4-9df3-0b8bf42e362c,2026-03-05,msg_00014,U3bae1603803a839c0cb52f511d9cb8f6,Uc9b7322060d98fdb9b7b93b4e65c586e,flex,delivered,2026-03-05 14:25:05,
2a2c46b6-4cab-4543-b8e7-561c28247b7e,2025-12-17,msg_00032,U3bae1603803a839c0cb52f511d9cb8f6,U45e3e8946a911c7b85a679cf32cf43ba,video,delivered,2025-12-17 20:04:02,
08df621b-3301-4754-9550-db244989c6c5,2026-01-31,msg_00035,U7e808d11d6f9901a954a542a7ee09918,a9dd836684ac771d3ce2d9fe1672232c,text,opened,2026-01-31 11:30:09,
ee236c2a-0610-4fe0-8f81-8a75b783dd44,2025-12-09,msg_00069,Uc20f9c7e9b662bedec3cb78e127885c7,58a6fda00fe5d06a078731439aa2ba81,imagemap,blocked,2025-12-10 20:44:15,
568cb0fb-d905-4244-ae45-0f55cdb3adb3,2025-11-27,msg_00018,U3e5dd3a641c58ad50e49f095c6f1e306,Uc326b5f62daa239f1a5d2c8fa79f4793,imagemap,delivered,2025-11-27 08:21:27,
20e786e7-5fd9-4c76-a686-29cc45fcae05,2026-04-08,msg_00041,Ue7310890b01058478be93761a56d0aa0,U674ed72b09e0a0e4ee41982498c8e9c6,text,delivered,2026-04-08 02:40:02,
5fa6b06f-233c-437b-88fe-0c58020a50a0,2025-11-16,msg_00011,U837b70463a585f85743b5bfb3b49c9fd,U3fdb6831a6af8027b318bbc3e0b0f364,flex,delivered,2025-11-16 07:33:23,
25b74ffd-737e-46cf-baee-1a09e0105573,2026-04-04,msg_00100,U743849e63f8101ac616f8fd0ba84a167,U1bcce688de8dfb48748d1f4ab51c5d82,image,delivered,2026-04-04 17:13:10,
daa73416-b8de-40d4-8c9d-34259191cf94,2026-03-06,msg_00068,Ub0341314a5534ea92b26fa8adc30543f,U23f9c2c40c089210c1de6d003bf81959,video,clicked,2026-03-06 12:53:32,
97762c58-373d-4600-9317-6ba8e7ba0eb4,2025-11-27,msg_00018,U3e5dd3a641c58ad50e49f095c6f1e306,Ue751bac66f9d41276f899a4c23dc054c,imagemap,delivered,2025-11-27 22:05:12,
c422a035-dab8-443e-8765-6b1c4d1f4c07,2026-02-24,msg_00039,U743849e63f8101ac616f8fd0ba84a167,U5c1174239e3e48d01c07494e2e95560f,flex,opened,2026-02-24 12:01:42,
e95defa4-290d-40e7-af38-90133d587f48,2025-11-24,msg_00033,U3bae1603803a839c0cb52f511d9cb8f6,Ue82140c05631aad39bfe703b0ab55cad,text,opened,2025-11-24 03:46:39,
a2c0b615-e2ce-4855-b865-1bbc61841d64,2026-03-21,msg_00023,U743849e63f8101ac616f8fd0ba84a167,Ucbff223df1bcacdc02d6ce37144c8216,imagemap,delivered,2026-03-21 05:35:24,
f38afba5-8743-44e8-a11f-e089600ebd83,2026-03-03,msg_00093,U743849e63f8101ac616f8fd0ba84a167,Ufe83c5f5fce2c72055d057cfd4a7f355,imagemap,delivered,2026-03-03 00:04:47,
8eaaa65d-7c92-4f02-9c99-a7ba6b4172c8,2026-04-10,msg_00101,U743849e63f8101ac616f8fd0ba84a167,4218d83723bde8e9941096bb57a86c2e,imagemap,delivered,2026-04-10 04:54:01,
8fe808e5-ff48-49e8-ab4d-0a680f0ccc1d,2026-03-05,msg_00014,U3bae1603803a839c0cb52f511d9cb8f6,U56648e438bb27ce39eeeb13fcac64d6b,flex,delivered,2026-03-05 17:53:05,
6dcd374f-21fb-4f51-955b-b7edc5d6b0bb,2026-02-20,msg_00036,U879eb903ad90cd9c2874f6df7651267a,U11de9da8d06f391e9983d4e3423e3d28,video,delivered,2026-02-20 21:13:07,
c563eb90-9553-4f9c-9359-9599f53ba0d2,2026-03-25,msg_00079,U743849e63f8101ac616f8fd0ba84a167,Uac5bd22114b78106c5701d1e3081fdde,text,opened,2026-03-25 13:10:45,
977cbb13-136d-49e8-a607-68276e009000,2025-11-16,msg_00020,U3bae1603803a839c0cb52f511d9cb8f6,Uf0c416ed92edc54cba3c5ecb6133f3ee,text,opened,2025-11-16 20:43:40,
126af9c6-6432-4791-a9ab-bcc16cc6e8fd,2025-11-17,msg_00034,U743849e63f8101ac616f8fd0ba84a167,Ud8ee87e9854fb8bee285ff6acadafd2a,text,delivered,2025-11-17 00:33:36,
024f145a-4f4b-4b69-be6a-7474804da495,2026-03-25,msg_00079,U743849e63f8101ac616f8fd0ba84a167,Ue988076d51a27463b04afb9415134e34,text,delivered,2026-03-25 01:35:56,
f46f5bbe-01c4-4232-8f81-c95232a142f1,2026-03-06,msg_00068,Ub0341314a5534ea92b26fa8adc30543f,U30ed47f2b500a358c23beeb7a1c3a4c8,video,opened,2026-03-06 13:15:04,
97559259-48c2-4155-9664-a3a71c3b1e6a,2026-03-30,msg_00076,U743849e63f8101ac616f8fd0ba84a167,U69ee8587fac4bc9b258a6e0b3bfbe7ae,image,delivered,2026-03-30 14:30:17,
03dd2d85-0c91-4095-bd88-8dab9224549b,2026-03-23,msg_00071,U3bae1603803a839c0cb52f511d9cb8f6,U58a856e141a502f0eba28b1cfb37a8b7,imagemap,delivered,2026-03-23 02:50:57,
5e0301c1-aac5-4bf0-b0a8-b75e5bd8755a,2026-03-06,msg_00068,Ub0341314a5534ea92b26fa8adc30543f,U41bea07176cd021ecb277fa9abe3a441,video,opened,2026-03-06 13:33:25,
984b7a7d-8de2-4450-afdc-5e89583d3f0c,2026-01-20,msg_00026,Ud4a92c8c8050eed40ef171cc2784d638,Ub0ed2e15c068bdc546e2947ccf2d4f80,imagemap,delivered,2026-01-20 21:58:44,
e8fd4bbe-baf2-4b47-94da-5fc9ae18ffa2,2026-01-26,msg_00005,Ub0341314a5534ea92b26fa8adc30543f,U3a95ad3b598177157ba4e3d6ff5f989d,image,delivered,2026-01-26 09:58:22,
7fafca46-e162-416e-b74c-c39efc80cef4,2026-03-01,msg_00034,Ub0341314a5534ea92b26fa8adc30543f,U63efc1b628f49e20273daa8bf6c16eb1,image,delivered,2026-03-01 06:07:25,https://example-saas.jp/campaign/spring
2d07c86a-6819-4e57-b5b1-846cd7de3765,2026-02-05,msg_00107,U3bae1603803a839c0cb52f511d9cb8f6,7246b0e93cd0263e59ca458b15a864a9,text,opened,2026-02-05 14:26:39,
f52b2b0f-afc9-44b2-828d-8850efd8bfa4,2026-03-31,msg_00046,U4784fc8a8e1e4eb2435ad84e0ad052f2,2c402b1ddf2ec5e508c3ebcc3dc37dba,flex,delivered,2026-03-31 19:19:42,
8d01354e-9380-4a4e-a837-9444f848e555,2026-02-15,msg_00006,U743849e63f8101ac616f8fd0ba84a167,U816f228c6b24e29fd71e7b5e5d87b6ad,flex,opened,2026-02-15 02:23:48,
88b4b2a3-7394-43bc-bbad-301205ae78cf,2025-12-09,msg_00069,Uc20f9c7e9b662bedec3cb78e127885c7,Uaf205c3a84046f17ff77ac2b0a15db92,imagemap,delivered,2025-12-09 10:26:15,
8677c631-5aa2-4149-912c-d1120d529f23,2026-01-14,msg_00081,Ue7310890b01058478be93761a56d0aa0,Uf8d676e6f96bcd65b04aa86c0d51eaca,video,delivered,2026-01-14 02:35:30,
4b6db3bf-83a4-46c1-8b64-a146ae7cc224,2026-01-09,msg_00052,U743849e63f8101ac616f8fd0ba84a167,U1718c8c626ca202842e2a48d4e09e9a8,video,delivered,2026-01-05 08:00:03,
c55d81c9-6f22-439b-b922-d62a4e40ea14,2026-03-21,msg_00023,U743849e63f8101ac616f8fd0ba84a167,U5ce68144812362bd740b1b082441a19f,imagemap,delivered,2026-03-21 23:43:55,
a4635570-767a-49ea-b22c-651a4be3b478,2025-12-24,msg_00062,Ub0341314a5534ea92b26fa8adc30543f,U7ff34352b1ef0bca0007176ad92cf0bc,video,delivered,2025-12-24 00:26:31,
948c92d5-d896-4bd1-b00a-6d8f50dea9c5,2025-11-23,msg_00053,U743849e63f8101ac616f8fd0ba84a167,U839a129f5e5b25b97c2bf8f7560612c9,video,delivered,2025-11-23 13:53:39,
87df33be-fd9a-4943-b63e-bec365a1d3e0,2026-03-26,msg_00040,U3bae1603803a839c0cb52f511d9cb8f6,U8d3d13afe36cb5eec7dafab8af72ec4c,imagemap,delivered,2026-03-26 03:05:06,
99050a4c-9791-4696-8d24-1a13998f1e1c,2025-11-22,msg_00047,Ue7310890b01058478be93761a56d0aa0,Uf21b7f2a29828669c44d0201e076c31f,video,delivered,2025-11-22 03:19:31,
f1be5ac5-0937-4290-bb44-850f50b717ad,2026-01-24,msg_00066,U3bae1603803a839c0cb52f511d9cb8f6,U81fcfb5b31f9871d227e42f15fec97bb,image,delivered,2026-01-24 04:43:42,
a6719702-6bdd-45a4-b55e-485aa31eb9df,2026-01-24,msg_00113,Ub0341314a5534ea92b26fa8adc30543f,Ua99a2a42f0501981e3c24928fc3a3e1f,text,delivered,2026-01-24 22:53:27,
400fc4fe-6f1b-4eed-93eb-5116f3eefe61,2026-01-30,msg_00050,U3e5dd3a641c58ad50e49f095c6f1e306,Ua45d6b2555562950f007000921d7d6cf,image,delivered,2026-01-30 10:13:33,
d9404176-96a0-4ae5-8e44-2fe37633b14e,2025-11-23,msg_00024,Ue8d9224ecde331ce692edfce0b5ecdc4,U8c12e470c584acc2b167dd953f4723c1,text,opened,2025-11-23 03:35:24,
d315d759-0275-46cd-b0d0-242b0ac4eedf,2026-03-12,msg_00084,U68d2301028fb66b51d9111f1af067e34,U82c7e57a9734d04c0608cfadcc2b4e63,video,delivered,2026-03-10 13:31:01,
92f8b82d-ea8b-46e0-9553-172a097eed35,2026-01-31,msg_00035,U7e808d11d6f9901a954a542a7ee09918,b00d64277660a40f13e57a83a9c9e439,text,clicked,2026-01-31 18:32:45,https://example-saas.jp/campaign/spring
9eb799f7-0b36-415f-92e4-a701115ef4fd,2026-02-20,msg_00048,Ue7310890b01058478be93761a56d0aa0,Udde1eacd04b634ccdad5eb4c21fb8669,flex,clicked,2026-02-20 13:17:31,https://example-saas.jp/coupon/500off
0ce5514e-f201-48e4-aa48-10ab90f02306,2026-04-05,msg_00054,U3bae1603803a839c0cb52f511d9cb8f6,U32b3618511b55c631728e76b44e9add9,image,delivered,2026-04-05 03:37:57,
8e1e3dae-913b-420f-ba80-6eccad818309,2025-12-21,msg_00022,U3bae1603803a839c0cb52f511d9cb8f6,U3bc8df30a23093c7cf3ec1af306251cb,video,opened,2025-12-21 02:35:34,
3c6b8ed7-a569-4289-8a53-d2251231504d,2025-11-27,msg_00018,U3e5dd3a641c58ad50e49f095c6f1e306,U8a48246a2647b05b1d67c7d94e794e71,imagemap,delivered,2025-11-27 02:19:38,
344cae5b-4eb3-4d70-ad9b-03a06ee6a47f,2025-12-03,msg_00012,U743849e63f8101ac616f8fd0ba84a167,Ue0668bf094fc6efe2037fb0e7ad24c0f,imagemap,delivered,2025-12-03 09:26:01,
a2c33a46-caf6-40fd-9203-2266ebe92c72,2025-11-27,msg_00018,U3e5dd3a641c58ad50e49f095c6f1e306,U125768e3dde60f721303d0998203d0fd,imagemap,opened,2025-11-27 19:08:39,
e2a055de-cc80-4601-8489-b8c717e62ade,2025-12-25,msg_00045,Ue7310890b01058478be93761a56d0aa0,U6b2fce4e9dee0c7bf9496378685180a6,video,delivered,2025-12-25 15:49:23,
1898a4ed-50f4-4f78-8a6e-35aba3c954e3,2026-01-17,msg_00037,U7e808d11d6f9901a954a542a7ee09918,Ued7abd05aabce96cdccbc16160ffe7db,text,opened,2026-01-17 01:55:48,
4d96c9eb-0743-443b-8b03-1081bbce351f,2026-03-04,msg_00056,U1ca413826b7044d134c9c3132420c9de,U818fd918c1dec99dbdc796f77608354d,text,opened,2026-03-04 12:30:58,
89c36d5d-0443-4231-bdd3-9b818df07624,2025-12-19,msg_00064,Ub0341314a5534ea92b26fa8adc30543f,Ub1c6f4858760bf86e4509488c955f3a5,image,delivered,2025-12-19 07:14:02,
53be56a4-325d-45e2-a6ce-e533a8d439a6,2025-12-18,msg_00114,Ub0341314a5534ea92b26fa8adc30543f,996c3233ff5f1569d237c7d7af5b67f2,flex,opened,2025-12-18 08:15:37,
d7c3404f-d141-4050-9962-325305711368,2026-02-14,msg_00098,U743849e63f8101ac616f8fd0ba84a167,Uecb9b1ba335897d1ccd7f054cca2fbee,imagemap,delivered,2026-02-14 17:57:25,
99854bda-6428-41f5-859b-245ce97cdbfe,2026-02-15,msg_00087,U3bae1603803a839c0cb52f511d9cb8f6,Uc021be5c5dde36bd4672203c384a3c37,imagemap,delivered,2026-02-15 16:09:32,
370cc120-daf1-40d2-8c46-033ca9ea45f5,2026-01-24,msg_00066,U3bae1603803a839c0cb52f511d9cb8f6,U6bcd89276ec036436a4bb96baa081bbd,image,blocked,2026-01-25 07:00:55,
7d7a4585-7d1b-4419-897e-1ef0f10d9ff4,2026-02-20,msg_00017,U22a93bc29b1df104af6b1ba1cd91fc56,Ubb30344caf3f69330db9c7406741ed62,video,delivered,2026-02-20 00:51:49,
65ed7433-7414-42e2-a373-10ccb2b25d3f,2026-01-24,msg_00113,Ub0341314a5534ea92b26fa8adc30543f,Udf6041faaf1beb3eebe99276809d343f,text,delivered,2026-01-24 15:50:43,
754383a5-8a1e-4528-a10e-09ccb7eae0af,2025-11-30,msg_00025,Ub0341314a5534ea92b26fa8adc30543f,Uc06e91e2100705cf4bb5bb9eeb2ea0de,imagemap,delivered,2025-11-30 11:34:37,
a5ffec92-f69c-4ccc-9067-1564b8c3e4ae,2025-12-25,msg_00077,U743849e63f8101ac616f8fd0ba84a167,9929ff7e3b8e1a731dfda8a3cc818ae0,text,delivered,2025-12-25 19:30:45,
1fb80859-0bd7-43db-b7e6-a0e1705c7303,2026-02-20,msg_00048,Ue7310890b01058478be93761a56d0aa0,U13d9f15606a5e085c8e571757ccc3af7,flex,delivered,2026-02-20 20:24:12,
a59c6652-3eef-4592-99f2-12907083826c,2026-03-20,msg_00092,U743849e63f8101ac616f8fd0ba84a167,2fa34e44e85a6e94d2f2ce33fcdd699f,video,clicked,2026-03-20 14:05:52,https://example-saas.jp/coupon/500off
2a4d51fe-ec55-4ffa-b80f-6e15b372e189,2026-03-31,msg_00046,U4784fc8a8e1e4eb2435ad84e0ad052f2,U293803606db38a741fd770ea8099f63a,flex,delivered,2026-03-31 04:08:10,
a7395b8c-db52-438e-b97e-3ae113e362a4,2025-12-19,msg_00118,U4784fc8a8e1e4eb2435ad84e0ad052f2,U16937ef396b1c6ad9ce6492cb44181a2,image,opened,2025-12-19 03:32:18,
5443a8b2-afa8-451c-8034-13ad4219a11e,2026-04-12,msg_00120,U227d1cd1a801c367de206ec4bbca7330,Ucb481bbdcfeb96d15cdd3e21b7a9f8c7,text,delivered,2026-04-12 01:15:13,
3b3a7ea7-48d4-44f7-a502-99b35cf177f5,2026-02-14,msg_00098,U743849e63f8101ac616f8fd0ba84a167,U696804729cddc7663146e74caac9d3ae,imagemap,delivered,2026-02-14 00:42:49,
d72dafd2-af5d-4eae-9806-98c7e0070827,2026-01-26,msg_00063,Ub0341314a5534ea92b26fa8adc30543f,Uf2e5316e20a139cdf342182c61cc345c,imagemap,delivered,2026-01-26 03:30:30,
9f4099ce-b32c-488f-93eb-9a7700191ac2,2026-04-10,msg_00101,U743849e63f8101ac616f8fd0ba84a167,U0bbb57d49847e843279e45faee5673c6,imagemap,delivered,2026-04-10 11:02:19,
d08217ce-6073-4f07-a3af-667e2ee3f032,2026-02-24,msg_00111,Ub0341314a5534ea92b26fa8adc30543f,U8491c56a88cb0464104277cff46e0d72,flex,delivered,2026-02-24 18:41:05,
e069ef66-49cd-4b80-beee-f971a27583da,2026-03-31,msg_00046,U4784fc8a8e1e4eb2435ad84e0ad052f2,U4f716c9a5ba00b1fe9e7eeb7f7cf881b,flex,delivered,2026-03-31 20:17:55,
3920642c-3be1-4d52-a8c2-cd6a6677d0c3,2025-11-16,msg_00011,U837b70463a585f85743b5bfb3b49c9fd,U259de6e17a107ce56e2613c443f57c83,flex,delivered,2025-11-16 16:28:36,
8e0deb55-c2e6-4b0a-ad55-9edf37671ebf,2025-12-23,msg_00061,Ub0341314a5534ea92b26fa8adc30543f,U2f484b8e5b83254f10d78b0aa8bb592c,imagemap,failed,2025-12-23 15:42:16,
b708867d-4e6c-4074-9f30-171480cfb26a,2025-12-07,msg_00003,U227d1cd1a801c367de206ec4bbca7330,Ue1abe202ddd3b7f4830e27baaccbde7c,image,opened,2025-12-07 14:38:01,
ad67d4dd-863c-4eb9-abb7-b9e75de3b516,2026-01-09,msg_00052,U743849e63f8101ac616f8fd0ba84a167,125f8e279994c5b55e4a79cacbbda188,video,delivered,2026-01-09 03:24:09,
b32d1cc2-6ae2-49c9-bea7-9aee985c05f7,2026-03-08,msg_00112,U3bae1603803a839c0cb52f511d9cb8f6,ad1f8f655078c225a578c54a4ca0a99e,image,delivered,2026-03-08 00:52:51,
3a075493-d00d-4d58-bf77-f0fd45353f7d,2026-03-11,msg_00067,U7e808d11d6f9901a954a542a7ee09918,U176c8be1e304d223cf1fa8a5acef9121,video,clicked,2026-03-11 19:14:58,https://example-saas.jp/survey
f8df1cdd-03c3-4c96-bb73-35263cabfbbc,2025-12-14,msg_00085,U743849e63f8101ac616f8fd0ba84a167,U98f15ce58090ed985278e502b8d0d855,image,delivered,2025-12-14 06:38:24,
10e50afc-cb09-4de1-8afb-12e9981ebb87,2025-11-27,msg_00018,U3e5dd3a641c58ad50e49f095c6f1e306,U8a48246a2647b05b1d67c7d94e794e71,imagemap,clicked,2025-11-27 02:49:46,https://example-saas.jp/campaign/spring
2840642f-056c-4d39-bebf-8b6da6ae7097,2026-02-15,msg_00087,U3bae1603803a839c0cb52f511d9cb8f6,27734e5f1a220cbd7328336821b63881,imagemap,delivered,2026-02-15 07:47:36,
db266764-d338-4d53-91a9-f8a76c84cb5a,2026-03-04,msg_00056,U1ca413826b7044d134c9c3132420c9de,U96435531139a215665ec1b7912b33dca,text,opened,2026-03-04 10:36:04,
134cfd7c-c0fe-43c6-a2a0-47a9af238e7a,2025-12-09,msg_00069,Uc20f9c7e9b662bedec3cb78e127885c7,Ue815fd47949d2da403bdeade349b2c6d,imagemap,opened,2025-12-09 05:28:05,
2b2940ae-56f1-4e3f-9492-5e354693deff,2025-12-24,msg_00091,U3bae1603803a839c0cb52f511d9cb8f6,Uad9066b71b630c8aa256b35938cb1ec0,imagemap,opened,2025-12-25 00:36:07,
0d9476f3-a917-4d45-be2a-2d78fe0c994f,2026-01-24,msg_00113,Ub0341314a5534ea92b26fa8adc30543f,U62096f0375915554f8604dbaf3cc4af9,text,delivered,2026-01-24 12:46:02,
7d081930-d6d4-4610-949b-2114dfd7c8b5,2025-12-31,msg_00082,U227d1cd1a801c367de206ec4bbca7330,U43fa8ade8fb411947ac6fe571b6e42af,imagemap,delivered,2025-12-31 03:55:09,
96bf7685-ec90-45e6-af31-933f756b7114,2026-01-24,msg_00007,Ub0341314a5534ea92b26fa8adc30543f,U57b2d5067fd6af2bb260628ae573863c,imagemap,opened,2026-01-24 20:57:23,
992c57d1-0b09-4aaf-9bba-43851da310a4,2026-01-10,msg_00044,U30ad60bba5da9837ca5dd0230ca8f531,U8dd1e7c7a3f7ea3a9ee2b729a80937b7,video,delivered,2026-01-10 00:58:51,
3de184a2-60f4-47d8-b44b-351ecccf3cec,2026-03-25,msg_00079,U743849e63f8101ac616f8fd0ba84a167,U017f526f2014b10be92e0f05693bac69,text,failed,2026-03-25 10:13:03,
c4392f6d-0da8-44ad-8607-60594fccf571,2026-02-20,msg_00017,U22a93bc29b1df104af6b1ba1cd91fc56,U69a1b1954a5b5b9e920df075eefd7f3f,video,opened,2026-02-20 18:35:03,
9ab671ca-cc96-4ca8-9c92-ee1b0885b57c,2026-03-22,msg_00119,U3bae1603803a839c0cb52f511d9cb8f6,Uec45a7fc1bc76227a8a299d875dc51c3,imagemap,delivered,2026-03-22 22:01:58,
590ddf32-5781-4c90-91d2-f861126b3715,2026-01-10,msg_00044,U30ad60bba5da9837ca5dd0230ca8f531,U4a68b40ec57109c87ba9189e7c16ed5c,video,opened,2026-01-10 09:51:54,
7ed82fe4-ceaa-4058-a0c8-9c5022d20a8e,2026-03-30,msg_00076,U743849e63f8101ac616f8fd0ba84a167,U69ee8587fac4bc9b258a6e0b3bfbe7ae,image,blocked,2026-03-30 21:23:56,
66b32a9c-18df-4442-bcf2-a37f749d6b1b,2026-03-11,msg_00067,U7e808d11d6f9901a954a542a7ee09918,U6bd36607ece95993690e0a8f90e9ed10,video,opened,2026-03-11 06:18:10,
037c8a64-3d26-4f48-81b9-2fa76b21bb3f,2026-02-24,msg_00039,U743849e63f8101ac616f8fd0ba84a167,U6836c1948a35938bd12f5b73142af09d,flex,opened,2026-02-24 13:38:55,
a34c53f3-89fa-45c9-b157-c74138fdb2fa,2025-11-17,msg_00034,U743849e63f8101ac616f8fd0ba84a167,Ud8481200cc10c601021c6f4639d4aca5,text,delivered,2025-11-17 13:07:17,
3f32fb68-5b44-4ea4-bb83-f5aecf2e30d8,2026-03-04,msg_00056,U1ca413826b7044d134c9c3132420c9de,U5ac2d283b23584de38ad7846f36d8fd8,text,delivered,2026-03-04 09:08:23,
f6836478-ef6f-45fb-b81f-33b83df43255,2026-01-30,msg_00050,U3e5dd3a641c58ad50e49f095c6f1e306,U2b9bdb499f0043296f15acea97f1da3f,image,delivered,2026-01-30 09:02:23,
1fcf8eee-f235-49b8-b9d0-4f3cd988c8cb,2025-11-17,msg_00099,U3bae1603803a839c0cb52f511d9cb8f6,Uf7ebac6b0ba6a27a01f4daacb5ed0570,text,opened,2025-11-17 12:19:51,
385949c8-cc90-4978-9d93-0692a209d168,2026-01-18,msg_00102,U227d1cd1a801c367de206ec4bbca7330,U8fc2ceba25d74687346d04986e5e1835,video,clicked,2026-01-18 01:57:57,https://example-saas.jp/campaign/spring
027a21ac-d905-4d74-8ac3-94de64242695,2026-03-05,msg_00014,U3bae1603803a839c0cb52f511d9cb8f6,Uc9b7322060d98fdb9b7b93b4e65c586e,flex,opened,2026-03-05 15:43:57,
5e0f122c-2412-4b2a-89a1-93bcfe57eaed,2026-01-29,msg_00031,U3bae1603803a839c0cb52f511d9cb8f6,U73ef519661d49e0834d7135e5acf1114,video,delivered,2026-01-29 09:21:04,
33304411-bc77-4e7e-bb8c-37ce222f1ae8,2025-12-19,msg_00064,Ub0341314a5534ea92b26fa8adc30543f,U60681fc044944cfaa5d55f3dabb32d98,image,delivered,2025-12-19 18:47:22,
8f42fb56-24fd-47b3-b722-40c5cef0b316,2026-03-06,msg_00055,U3bae1603803a839c0cb52f511d9cb8f6,Uf0c5dd5923fd7bf6241bdf9d4ed95d1b,flex,opened,2026-03-06 09:19:17,
b4829147-3315-4773-bbef-1e203b629825,2026-02-20,msg_00048,Ue7310890b01058478be93761a56d0aa0,Uccc67b6a230046abf86f252d1939e7e9,flex,delivered,2026-02-20 07:49:19,
51292b32-ef44-4bb8-81d6-b0168afd1667,2026-03-22,msg_00119,U3bae1603803a839c0cb52f511d9cb8f6,Uf65d0ef90018f347a15301cdbb1b7656,imagemap,clicked,2026-03-22 15:15:25,https://example-saas.jp/campaign/spring
4bb9920a-a667-4e3f-b42f-ec6be05afb49,2026-04-12,msg_00120,U227d1cd1a801c367de206ec4bbca7330,U5a7f3fdc9756abf1d0bc3187f6f9d302,text,delivered,2026-04-12 13:44:00,
7946e688-c140-4947-b76b-b8bf21b9190c,2025-12-25,msg_00045,Ue7310890b01058478be93761a56d0aa0,Ub24d34cfd7fef8cabfad6b2545be17b3,video,delivered,2025-12-25 06:16:42,
7dc86a7d-b0d8-4b6d-bb38-934034fbc424,2026-04-12,msg_00105,Ud4a92c8c8050eed40ef171cc2784d638,U0ffaaa627fc443485a1fc138471b2e7a,flex,opened,2026-04-12 02:36:24,
a384b269-7498-491e-ae89-d5aed52ced37,2026-01-04,msg_00022,U7e808d11d6f9901a954a542a7ee09918,Uf903bb272da89584ddd2699e1ee84792,image,unsubscribe,2026-01-04 15:00:10,
a4c0d87f-e605-4bc1-9831-0cb721ac2488,2025-11-22,msg_00047,Ue7310890b01058478be93761a56d0aa0,Ubefdedf01185eb06aa6a952f288aa118,video,clicked,2025-11-22 09:42:02,https://example-saas.jp/lp/newmenu
e3d5226f-ad46-42d3-a467-99cf2b4c4b52,2026-03-23,msg_00071,U3bae1603803a839c0cb52f511d9cb8f6,Ud6a644b96e6d08c5f42e6b69d155682c,imagemap,delivered,2026-03-23 23:43:35,
56ca14aa-cdbc-41dc-8c45-97f7483f49b9,2026-01-31,msg_00035,U7e808d11d6f9901a954a542a7ee09918,b00d64277660a40f13e57a83a9c9e439,text,delivered,2026-01-30 16:03:05,
a0b2add1-1981-451e-9d03-d90d6be0bed3,2026-03-11,msg_00104,Ub0341314a5534ea92b26fa8adc30543f,Ued17fe699314bf16f92741bf3c9caed7,image,delivered,2026-03-11 17:02:29,
565a3a1d-302d-410b-9320-a48862940e78,2025-12-23,msg_00110,U7e808d11d6f9901a954a542a7ee09918,Ub664aa05f2b604e2997ab192207226f7,flex,deliverd,2025-12-23 18:33:54,
43cb0d8b-08d8-48ce-840c-0032e7f2b186,2025-11-30,msg_00025,Ub0341314a5534ea92b26fa8adc30543f,U930025d0d26f1913847acbad6f2e8729,imagemap,delivered,2025-11-30 00:37:30,
648281b1-0b7f-4075-a93d-0a9f7d55baa5,2025-12-25,msg_00045,Ue7310890b01058478be93761a56d0aa0,Ub01295b0d3d400eb196363ea58f626ff,video,delivered,2025-12-25 21:19:06,
f615feae-2444-418c-8593-d5f12843bbee,2025-11-30,msg_00025,Ub0341314a5534ea92b26fa8adc30543f,U1c356db024c290331657359a7b435194,imagemap,clicked,2025-11-30 03:14:36,https://example-saas.jp/coupon/500off
7e97e93e-1cdd-4b66-8dd5-e50687f638c8,2026-03-11,msg_00104,Ub0341314a5534ea92b26fa8adc30543f,U39da97c4a29cd2dabe2b5ea93a34b294,image,delivered,2026-03-11 19:10:51,
b2b4e94a-e0a8-44e3-945b-6386bf1dc787,2026-03-05,msg_00014,U3bae1603803a839c0cb52f511d9cb8f6,U6623393043409ed21a08c91acb503928,flex,delivered,2026-03-05 05:03:16,
402fa27e-b5ea-4bf4-899a-3b27323f6ead,2025-12-24,msg_00091,U3bae1603803a839c0cb52f511d9cb8f6,Uc368150accec2968ca4acfd14291c2ec,imagemap,delivered,2025-12-24 04:03:28,
15c8406e-8778-471e-a029-8202a8735771,2026-01-26,msg_00086,U4784fc8a8e1e4eb2435ad84e0ad052f2,U2164a25d6fa41503caec628d4aaf0941,text,failed,2026-01-26 21:26:32,
8107cb9f-610e-49b2-ab6e-fc17280cf899,2026-03-12,msg_00084,U68d2301028fb66b51d9111f1af067e34,Uc237c533ad53490d198bf68186a823f8,video,clicked,2026-03-12 16:27:13,https://example-saas.jp/coupon/500off
669709ae-dfff-43c5-bdd5-88f0921303e5,2026-03-27,msg_00096,U476acbdef8e9a16d24575e4f6d7b0f31,U43d9896e730d0e6f9e10be194e0d4afc,imagemap,clicked,2026-03-27 02:55:20,https://example-saas.jp/campaign/spring
7d1cd670-8e63-4241-9cf8-a9180ef5a788,2026-04-05,msg_00054,U3bae1603803a839c0cb52f511d9cb8f6,U88a1c59d8f6a2b2087277c57b80b9fdf,image,delivered,2026-04-05 14:54:08,
18d26bab-b8de-46ff-9e43-4c8f2c5aaf62,2026-03-05,msg_00014,U3bae1603803a839c0cb52f511d9cb8f6,U1e21e9a2a60e61eefb17ae54099f730e,flex,delivered,2026-03-05 06:53:28,
2870492c-a182-4156-93c6-cbb73e2f7c5f,2026-03-11,msg_00067,U7e808d11d6f9901a954a542a7ee09918,U92f5dbe450f09e191ec7d56e3d9bf1a1,video,delivered,2026-03-11 14:32:36,
f26a5743-71fc-4ca8-9cbe-a6fd61b3f5f8,2026-03-06,msg_00055,U3bae1603803a839c0cb52f511d9cb8f6,Uf664f980cec7bf93f6bc161d3061bcfb,flex,delivered,2026-03-06 17:00:46,
8856cf3f-6106-4d1b-a05c-c00b95d7f8f2,2026-01-13,msg_00060,U3bae1603803a839c0cb52f511d9cb8f6,U4c6bb7bde231b8f3777ce2774445c12a,image,failed,2026-01-13 02:25:30,
1db10f0b-bd4e-43a3-8641-f506ca6260b6,2025-11-23,msg_00024,Ue8d9224ecde331ce692edfce0b5ecdc4,U1ff1b88fdd73085dd79cb0c1cf0ffb89,text,opened,2025-11-23 18:58:47,
3c2a1476-1c0e-49c0-9871-ecdac0dfb228,2026-01-30,msg_00050,U3e5dd3a641c58ad50e49f095c6f1e306,Ud08abc33dc71c55bc2e51f37a157e389,image,delivered,2026-01-30 23:31:44,
c12cfd50-b6af-4ac6-925c-f7c9c17e56cb,2026-01-26,msg_00103,U3bae1603803a839c0cb52f511d9cb8f6,U6427e13b4439ab26cdf7ffa7fedb8645,flex,delivered,2026-01-26 04:55:25,
5710e712-ef4f-41c8-a028-99bf16892d2d,2026-01-26,msg_00005,Ub0341314a5534ea92b26fa8adc30543f,Ua54fd8a389052d5927ed8829e91e0325,image,opened,2026-01-26 03:40:03,
010eed4d-06ce-42d2-a285-585128309a35,2026-04-10,msg_00101,U743849e63f8101ac616f8fd0ba84a167,U8a4557f27f760a4a0fd14a605c4c599f,imagemap,delivered,2026-04-10 21:30:49,
2c406730-1940-4ad0-8293-92040111a7ed,2025-12-23,msg_00061,Ub0341314a5534ea92b26fa8adc30543f,d4ec76ae066580c375b26f7284fb98e6,imagemap,delivered,2025-12-23 06:19:33,
96b05310-704c-4c04-ae36-834afffae844,2026-01-26,msg_00063,Ub0341314a5534ea92b26fa8adc30543f,Ud6f81510ce8617d21c45a13c80b14555,imagemap,delivered,2026-01-26 08:02:32,
0ac84407-0a24-425f-90dc-b217b98ef5f8,2026-01-20,msg_00026,Ud4a92c8c8050eed40ef171cc2784d638,U56b176eccc93950f607dad0712e19f23,imagemap,opened,2026-01-20 18:38:28,
99ceaf41-9436-4cfd-a50d-9dcde1077aab,2026-01-24,msg_00066,U3bae1603803a839c0cb52f511d9cb8f6,Ub5a8fdd77d5ea85573c6100f22c6e21b,image,opened,2026-01-24 08:37:14,
dc0adeeb-130a-4128-9c8d-a4ace8f30043,2025-11-26,msg_00028,U3bae1603803a839c0cb52f511d9cb8f6,U0cc0fb23f3044a90b856d8d8130c39b2,image,opened,2025-11-26 23:51:11,
35c5d341-06cd-4dc2-b73f-5acf0309e7d9,2025-12-09,msg_00059,U3bae1603803a839c0cb52f511d9cb8f6,Uca708fcd44a84124964077dae66eeab2,imagemap,delivered,2025-12-09 11:59:30,
4a207f42-b317-44f6-a5a2-dbb869f31925,2025-11-27,msg_00018,U3e5dd3a641c58ad50e49f095c6f1e306,Ufa2e0224bbe87ecdfb23e578f9ff5133,imagemap,opened,2025-11-27 17:21:17,
e4589a8f-4266-4c45-b088-a294f067ace3,2025-12-18,msg_00114,Ub0341314a5534ea92b26fa8adc30543f,Ud0da6886fd560fc60d1b9cb3fee8c57a,flex,opened,2025-12-18 23:32:56,
0afc2432-043d-4ed8-a534-19ba6d60224a,2025-12-07,msg_00003,U227d1cd1a801c367de206ec4bbca7330,Ud6d445b9337fc73e2547c6fd89715ef6,image,delivered,2025-12-07 03:35:11,
a2fb2047-d459-48bf-bca5-95fc214929da,2026-04-12,msg_00120,U227d1cd1a801c367de206ec4bbca7330,U49aad229d064721470f99aaf92b5bf74,text,delivered,2026-04-12 08:53:51,
410fb35f-0c03-4b39-9fd3-875dc674a3ae,2025-11-26,msg_00028,U3bae1603803a839c0cb52f511d9cb8f6,U88ef23c0f24640288678a24a9cb567af,image,delivered,2025-11-26 08:55:54,
8e75d500-40b1-40db-8c9d-1f6343600dfd,2025-11-22,msg_00047,Ue7310890b01058478be93761a56d0aa0,U3edcc4e852ff62b7d4c18153fbc4c1f1,video,delivered,2025-11-22 03:20:56,
89ea39b2-70db-4a88-a98e-7c19d7da2ffb,2026-04-12,msg_00120,U227d1cd1a801c367de206ec4bbca7330,Ud8553311a4a7254b5b7cbb1f89483929,text,delivered,2026-04-12 09:57:37,
321f6775-89d1-4e04-bd83-4a9b8583ea65,2026-02-09,msg_00083,U3bae1603803a839c0cb52f511d9cb8f6,U74ab214b284bfce86f26c453b9a58811,flex,opened,2026-02-09 16:43:47,
a486dd5d-23de-4def-a97d-2bb929de5078,2026-02-05,msg_00107,U3bae1603803a839c0cb52f511d9cb8f6,U82cc4d13f456594a9f085c6412e19817,text,clicked,2026-02-05 21:35:28,https://example-saas.jp/campaign/spring
56d20e02-41b0-49bd-8a1b-392d4ad810c1,2026-04-08,msg_00078,Ud4a92c8c8050eed40ef171cc2784d638,U99881e78b9613da6a0aa85698704ef42,image,delivered,2026-04-08 03:42:08,
37432564-5f9c-4cfe-bf9a-a317538d00dd,2025-11-30,msg_00025,Ub0341314a5534ea92b26fa8adc30543f,U3ba2cb58ae1a508bc49e37ba3563112f,imagemap,delivered,2025-11-30 22:25:21,
611386fe-a694-44f3-b5eb-bd394d95f8e3,2026-02-16,msg_00021,U743849e63f8101ac616f8fd0ba84a167,U3558ad9b2c986cc571ee17a61e81d058,flex,opened,2026-02-16 12:54:32,
36cda0e4-016a-440a-b06f-2b7f1d66cae1,2026-02-20,msg_00017,U22a93bc29b1df104af6b1ba1cd91fc56,U6c5735405fa7a3e802d6ae290fcbfae1,video,delivered,2026-02-20 18:34:11,
0ef2827f-44bd-4957-bd09-88b9638df4dd,2026-02-14,msg_00042,U3bae1603803a839c0cb52f511d9cb8f6,Uc892f410597d8246f4ae7f1e71ecb23d,video,delivered,2026-02-14 10:05:08,
80bfe935-3a1a-459d-a871-6cfde3e3d187,2026-01-24,msg_00066,U3bae1603803a839c0cb52f511d9cb8f6,Ueb5cb22d3e74d6760076ed432c25f76d,image,delivered,2026-01-24 13:58:13,
8ee2abd7-73d5-4cec-97f0-4a424dfa7e1b,2026-02-24,msg_00111,Ub0341314a5534ea92b26fa8adc30543f,U1608a8988a5e24318f66613440f0d1ee,flex,delivered,2026-02-24 12:12:28,
d3bf9027-f002-4129-b35d-a6483e591226,2025-11-17,msg_00034,U743849e63f8101ac616f8fd0ba84a167,Ue885f0b2ceda8233ae4b15ace144786c,text,delivered,2025-11-17 20:58:35,
f1915bef-9fd1-48b1-9a8a-1d87cd16d47b,2026-01-07,msg_00110,Ub0341314a5534ea92b26fa8adc30543f,U2f95c850f8d93df1180d8b9c6e900fd2,video,opened,2026-01-07 04:28:11,
2fd579c1-f34f-4490-9f70-a135172642f2,2026-01-20,msg_00108,Ub0341314a5534ea92b26fa8adc30543f,Uf88fa10d136188e3b0999868295b0b08,flex,opened,2026-01-20 12:18:02,
da2e1cc0-c1e5-448b-8cdd-6a1c67329dc3,2025-12-07,msg_00003,U227d1cd1a801c367de206ec4bbca7330,U9fb5d180cb0ba1a89a98d754d1117d09,image,delivered,2025-12-07 20:21:32,
f3742b2c-3e9f-4dc3-b312-242c89401f78,2026-03-31,msg_00046,U4784fc8a8e1e4eb2435ad84e0ad052f2,Ub5ea1b17051ffe3aa751da59bebfb703,flex,delivered,2026-03-31 15:51:23,
fbafabd4-78d0-43d9-bf85-2910a8131269,2026-01-26,msg_00005,Ub0341314a5534ea92b26fa8adc30543f,U9a1ba87a8a10cf463e6a9e53981aac21,image,opened,2026-01-26 03:19:19,
8dee19fa-4aef-4ac4-8f0f-29c68a87e55c,2026-02-09,msg_00083,U3bae1603803a839c0cb52f511d9cb8f6,a203bff32f431887eee53d6898747715,flex,delivered,2026-02-09 21:30:30,
ed864fea-1768-4c49-abc9-01f2e3a82561,2025-11-25,msg_00043,U3e5dd3a641c58ad50e49f095c6f1e306,U4e2ad2311ed8ee2e79a3a28167ccf9f0,flex,delivered,2025-11-25 05:49:08,
bc3d9917-2ebe-4aa5-83e4-0d278c6320f5,2026-03-14,msg_00009,U743849e63f8101ac616f8fd0ba84a167,Ue302d5abac52f406de5cb5b3eb457b44,imagemap,opened,2026-03-14 14:55:47,
04ca6e92-d093-4f64-9819-43a35e4b1bf2,2025-12-19,msg_00064,Ub0341314a5534ea92b26fa8adc30543f,Ud24170afb2520f5485e482e16f61a6f9,image,delivered,2025-12-19 13:42:22,
6af3a147-a5dc-4c1a-b7b9-f5e53944cb31,2026-01-20,msg_00108,Ub0341314a5534ea92b26fa8adc30543f,U3ed4381101d0d67ee0ccdf0bdd27108c,flex,opened,2026-01-18 16:50:31,
62ac3931-31bb-4e1b-b2e4-8dc36ac8d3a2,2026-03-05,msg_00014,U3bae1603803a839c0cb52f511d9cb8f6,U0648074cfa93a783937ee68ea7ce343c,flex,opened,2026-03-05 08:58:05,
ba6ade23-07f5-46e2-8411-bd0e263d144b,2026-03-25,msg_00079,U743849e63f8101ac616f8fd0ba84a167,Ub7b342cb4637d6659075fa68b6abf072,text,delivered,2026-03-25 10:02:03,
2fe6458d-dd19-48f2-ae4a-674e3819f627,2025-12-18,msg_00070,Ue9a1e8a5b83a6b296d43c957a8cfba4a,Ue2c5869fd8e7d7f3c218455ccf9b99d8,imagemap,delivered,2025-12-18 23:40:21,
8fdb703f-78af-469a-a00b-bf1a5225ab35,2026-03-26,msg_00040,U3bae1603803a839c0cb52f511d9cb8f6,U65dc5e83f6f6086c3f34d65cc93995ab,imagemap,opened,2026-03-26 22:55:22,
8f8f300c-e532-4227-8ed3-105c685d5a9c,2026-02-19,msg_00016,U837b70463a585f85743b5bfb3b49c9fd,Ue305977c040e5ae7377cae6f5759cd54,flex,delivered,2026-02-19 19:57:08,
5f95d22f-b38f-4d52-a73c-0c384dc69c1c,2025-11-22,msg_00047,Ue7310890b01058478be93761a56d0aa0,U0deec39acdb3db5a2c5f550ecce382be,video,delivered,2025-11-22 04:56:17,
24046208-6628-4e01-bf18-c3049d1bc09f,2025-12-18,msg_00070,Ue9a1e8a5b83a6b296d43c957a8cfba4a,Ub861afc03fd47223c33d95d1f86ee38b,imagemap,delivered,2025-12-18 10:33:22,
62ab0786-c5c0-4713-8cd8-5eb78bf9e643,2026-02-15,msg_00006,U743849e63f8101ac616f8fd0ba84a167,Uf4f0cc13c3ff739add06a910982fa0a3,flex,delivered,2026-02-15 16:05:25,
0fa9e973-22b7-4792-acc6-d6554ac213f0,2026-01-20,msg_00026,Ud4a92c8c8050eed40ef171cc2784d638,bcd666d918958787360be17e2c969d7b,imagemap,delivered,2026-01-20 20:06:44,
2cec5b58-192d-4535-9b1d-566d4fc8618e,2025-12-17,msg_00032,U3bae1603803a839c0cb52f511d9cb8f6,U16654e87d82e9f4727abe75b8d75a666,video,opened,2025-12-17 23:35:07,
f31d1a0d-92b4-4317-95bb-063acc0897c7,2026-03-26,msg_00040,U3bae1603803a839c0cb52f511d9cb8f6,9e2e57cb4cfced8e82b90410fb4d226b,imagemap,delivered,2026-03-26 16:26:58,
3704ce9f-23f9-4028-b09d-d265a615743f,2026-01-30,msg_00050,U3e5dd3a641c58ad50e49f095c6f1e306,ec94adc058987a3a9f2f053a210acb18,image,opened,2026-01-30 06:44:59,
00dc8051-63b7-4789-8cba-bbab1f3e0354,2026-01-09,msg_00052,U743849e63f8101ac616f8fd0ba84a167,U7b01dc257f43ce5b0cca10018e4a7859,video,clicked,2026-01-09 13:32:57,https://example-saas.jp/campaign/spring
69c8c691-c931-4be3-9261-a9498813bc75,2026-03-26,msg_00040,U3bae1603803a839c0cb52f511d9cb8f6,Uc60320369da7e8f17ec1e250336fb4d0,imagemap,clicked,2026-03-26 14:32:33,
3bcc03d3-dace-48ef-a455-5dbef89f13a6,2026-04-04,msg_00049,U476acbdef8e9a16d24575e4f6d7b0f31,U0308a969c92b275816a344cf377588ac,text,failed,2026-04-04 18:45:45,
4e6c625c-025f-41e5-b8b7-5509e12c0eba,2026-01-24,msg_00007,Ub0341314a5534ea92b26fa8adc30543f,U927d5ea27ce8d904f813e78f64499094,imagemap,delivered,2026-01-24 04:22:17,
ee073f72-0f75-4f63-9e6c-20c4f188e2d6,2026-02-19,msg_00016,U837b70463a585f85743b5bfb3b49c9fd,U0d4d9600b0f724785dbe1c97747e97b7,flex,opened,2026-02-19 21:51:33,
fea6135c-28e8-4f6a-8a17-375fc0fcced2,2025-12-17,msg_00032,U3bae1603803a839c0cb52f511d9cb8f6,U6cd672006eed5df759a910cee81b18b0,video,delivered,2025-12-17 03:42:44,
35697149-8558-4ef1-a796-9dc26cb3a4a5,2026-01-26,msg_00115,U3bae1603803a839c0cb52f511d9cb8f6,7549e0361205339f4b126ea8bde54fb8,imagemap,delivered,2026-01-26 10:56:03,
d4dffb38-ecec-4e6b-9ef3-3831adf4d932,2026-03-20,msg_00106,U3bae1603803a839c0cb52f511d9cb8f6,4db92e8a6c94f6459d4cab3a43139ec6,video,delivered,2026-03-20 19:25:49,
1a99d8ea-cbee-4b4e-bffb-ea8a82f65169,2025-11-25,msg_00043,U3e5dd3a641c58ad50e49f095c6f1e306,U078ccbca005cd89a346c799946c45ac1,flex,delivered,2025-11-25 20:08:50,
429b8a66-c96d-4efb-aa0c-5159e4f800fd,2026-03-26,msg_00040,U3bae1603803a839c0cb52f511d9cb8f6,U7f301004dc8367ff5a45db486cf3ab5e,imagemap,delivered,2026-03-26 19:10:36,
38fe82cc-2079-449d-9445-1d25aa9c4d1b,2026-01-20,msg_00108,Ub0341314a5534ea92b26fa8adc30543f,U7ce11ef091e3f021b550295e13e125d5,flex,delivered,2026-01-20 10:58:16,
143b18fb-ca3f-4edd-8593-482a5b17bf21,2025-12-12,msg_00029,U743849e63f8101ac616f8fd0ba84a167,Ueb218d89a66014703823b149f7221621,imagemap,delivered,2025-12-12 17:10:00,
3d70c3b9-8fb8-4dcb-844d-49913dde0b26,2025-12-23,msg_00061,Ub0341314a5534ea92b26fa8adc30543f,U26ed9e845bf833d9160049f2ee3648e8,imagemap,opened,2025-12-23 16:44:50,
9f962f11-4d21-43e7-a4f0-7a4d647d7869,2026-02-05,msg_00107,U3bae1603803a839c0cb52f511d9cb8f6,U234f4e3463494b268c65d8b55bd84b7f,text,delivered,2026-02-05 19:07:59,
449eec40-5efa-4259-a96a-5ef8bbff6dab,2026-03-29,msg_00097,Ub0341314a5534ea92b26fa8adc30543f,Uce3c9b48d6aa2359acb6556ca2df6724,text,delivered,2026-03-29 10:30:02,
eec8f9cf-c7ce-4680-aecd-bfd3a9f8415f,2026-01-10,msg_00044,U30ad60bba5da9837ca5dd0230ca8f531,Ub65e4c8263903a26b0147a96e35b7768,video,delivered,2026-01-10 13:37:17,
19681585-f896-45da-b5dd-56a909f552a2,2025-12-07,msg_00003,U227d1cd1a801c367de206ec4bbca7330,U0009d022554801e4e8e04df82c36d3f2,image,opened,2025-12-07 09:46:34,
328452e3-d62c-4263-a02f-f42ae8d28526,2026-02-20,msg_00017,U22a93bc29b1df104af6b1ba1cd91fc56,U0ab431bcfb84148686d1819ad92ad3a5,video,delivered,2026-02-20 03:26:38,
0277d0d7-2a6f-4a3d-b47e-bc40e98f7bf8,2025-12-03,msg_00012,U743849e63f8101ac616f8fd0ba84a167,U13a29429d587447a88c3bf6af3a0a288,imagemap,delivered,2025-12-03 22:09:30,
c73393c4-cf22-49e5-9228-18b48209bd50,2026-01-24,msg_00007,Ub0341314a5534ea92b26fa8adc30543f,Ub4d4e304cbfdbb621b26e51f3630c866,imagemap,delivered,2026-01-24 15:14:19,
52bb72fe-427f-4703-8ead-c5914c2a51fc,2025-11-16,msg_00020,U3bae1603803a839c0cb52f511d9cb8f6,U1f0cb5281980a60e884cc877af5c1f3a,text,delivered,2025-11-16 02:31:16,
995642fe-258d-41d4-870d-f52fff5eaf80,2026-04-04,msg_00100,U743849e63f8101ac616f8fd0ba84a167,Uddae1056614584a4fa3603e9991dfdce,image,delivered,2026-04-04 05:47:05,
450107bf-4449-44a7-a6dd-4cf2a5dc7bc5,2025-12-07,msg_00003,U227d1cd1a801c367de206ec4bbca7330,Uab0437fe1e9dc7bdc3374c4abfd8ab44,image,delivered,2025-12-07 13:39:57,
b315e54b-6d12-4e06-a558-9a4e34a445fb,2026-01-30,msg_00050,U3e5dd3a641c58ad50e49f095c6f1e306,U52201afdf187f1e6d7b8f6734444393d,image,opened,2026-01-30 11:30:24,
01559e17-efe7-4185-b41c-a8c14786ad52,2026-03-22,msg_00119,U3bae1603803a839c0cb52f511d9cb8f6,U8aa3fb1ec712188ce87e2f155d6f59a0,imagemap,delivered,2026-03-22 00:01:08,
189d59ab-a9d1-442e-a96e-46ad51f5a148,2026-04-04,msg_00049,U476acbdef8e9a16d24575e4f6d7b0f31,U7910b0b4a221beb14e660ecbf997e48a,text,opened,2026-04-04 21:01:31,
29263e03-36b5-4b04-ab8e-fb0405f8813f,2026-03-22,msg_00119,U3bae1603803a839c0cb52f511d9cb8f6,Ucba6d21edd5f3dcfb6c949641911a3d5,imagemap,delivered,2026-03-22 08:49:27,
ed9d963f-cb1a-4d54-8a30-0ed4effe2273,2025-12-21,msg_00022,U3bae1603803a839c0cb52f511d9cb8f6,U587418818f55011f5759000e7bf83a79,video,opened,2025-12-21 21:36:31,
02105050-9b1c-4280-be9d-95d5206f1603,2026-04-08,msg_00041,Ue7310890b01058478be93761a56d0aa0,Uc76006144e696160fad68b644caa5665,text,opened,2026-04-08 08:44:45,
28f13514-6ac6-4af8-8187-1e8fd23217bd,2025-11-30,msg_00025,Ub0341314a5534ea92b26fa8adc30543f,Uc8a0063dac290fe02d2af59f37600e3a,imagemap,delivered,2025-11-30 01:17:33,
2ecb4cc8-af11-400c-b0d7-1bf9ede352e7,2025-12-21,msg_00022,U3bae1603803a839c0cb52f511d9cb8f6,Ufa585b22660d76cd78cfbfd31b552c2b,video,delivered,2025-12-21 02:23:54,
1ffc9b18-12dc-442b-87d9-267ba7a25f22,2026-01-14,msg_00081,Ue7310890b01058478be93761a56d0aa0,10d06a5fbdff2c47531077133dcf084e,video,clicked,2026-01-14 19:31:43,https://example-saas.jp/campaign/spring
c4fb18f9-dde0-46b6-ba47-ea39d46e8226,2026-01-18,msg_00102,U227d1cd1a801c367de206ec4bbca7330,U05eab922160bfc26c2e6e68e71df535e,video,opened,2026-01-18 04:45:59,
5b8ccd98-a649-4438-a732-396d66e97fee,2025-12-25,msg_00045,Ue7310890b01058478be93761a56d0aa0,c90f7578343eb13ac21514114d79cd04,video,delivered,2025-12-25 08:48:01,
e6e5926d-f9df-423f-8f58-99b0f364f536,2026-01-26,msg_00063,Ub0341314a5534ea92b26fa8adc30543f,U38223b7a4662c871cc6c701ba3b074ba,imagemap,opened,2026-01-26 23:32:53,
ea91b706-0158-4ed1-9641-d437386eaf2d,2025-11-27,msg_00018,U3e5dd3a641c58ad50e49f095c6f1e306,U7dacb6c4583f33111565f7fb2e3c889f,imagemap,opened,2025-11-27 01:59:36,
78da8637-e8cc-4395-ba4f-56dc01d2cad4,2026-02-20,msg_00017,U22a93bc29b1df104af6b1ba1cd91fc56,cb5a5dae056269b07753396c3f034928,video,opened,2026-02-20 12:08:12,
c855c902-0370-420f-9421-8428b437bcba,2026-02-15,msg_00087,U3bae1603803a839c0cb52f511d9cb8f6,U8c80f69e44ad2b280d675826ccad2d69,imagemap,delivered,2026-02-15 13:42:02,
bd8af97d-1f0b-4e0c-b4d5-b6ef6356dfa9,2025-11-16,msg_00020,U3bae1603803a839c0cb52f511d9cb8f6,Uf9c7b70050fd78abd2a5e77e429fe723,text,delivered,2025-11-16 14:17:01,
c802583a-2da7-4dbb-b73e-715e684543c7,2026-03-11,msg_00067,U7e808d11d6f9901a954a542a7ee09918,7e7a7c8994cad9bd4257d05f675c1fc7,video,delivered,2026-03-11 20:45:39,
e107f036-e7ba-468e-b169-51775475fe44,2026-01-18,msg_00102,U227d1cd1a801c367de206ec4bbca7330,U5b6ea0fd1bebedba069c9beaae39bb69,video,opened,2026-01-18 18:27:22,
91c5a2a2-e23a-4834-b171-e654001e268d,2025-11-23,msg_00053,U743849e63f8101ac616f8fd0ba84a167,U966c6e273d67b5e3a16ee6b7a9c06b2e,video,delivered,2025-11-23 18:04:19,
541bd16e-43d7-4a26-a85e-9084c2b34307,2026-03-27,msg_00096,U476acbdef8e9a16d24575e4f6d7b0f31,a3d82700cdb2cfd63c83412deb63f8be,imagemap,delivered,2026-03-27 22:15:09,
a813f4f4-5b4b-4f6b-b948-5d7aaea868d4,2025-12-21,msg_00022,U3bae1603803a839c0cb52f511d9cb8f6,U0508ed17db13a57c40e99e43ac174a93,video,delivered,2025-12-21 10:22:49,
efe396ee-05fa-4d05-83b5-f21d0516272c,2025-11-19,msg_00019,U743849e63f8101ac616f8fd0ba84a167,U46af6264ffda8ae0e526a88305e7852c,flex,delivered,2025-11-19 10:00:06,
51cb79c8-2b15-44a9-80f3-3e18990c7db8,2026-02-14,msg_00065,U743849e63f8101ac616f8fd0ba84a167,Uf3eda0402736b3761ff40f5578baf337,image,delivered,2026-02-14 16:01:28,
24258368-02de-4294-9330-80e06861fc14,2026-03-11,msg_00067,U7e808d11d6f9901a954a542a7ee09918,U21ccac8535fc25ae941062087bfb2b0e,video,opened,2026-03-11 13:18:44,
044a1c5f-9f25-4bcf-834d-78b3f55c8ed4,2026-01-26,msg_00103,U3bae1603803a839c0cb52f511d9cb8f6,Uc1b485379daced2be4686da7a0b81eb9,flex,delivered,2026-01-26 00:30:02,
81fa2a7a-35f4-4c1a-b519-57eed28ef815,2026-02-20,msg_00017,U22a93bc29b1df104af6b1ba1cd91fc56,U016e323cd77a2bfca1bbd50a6f14c339,video,delivered,2026-02-20 04:15:32,
43978d07-b0ff-4133-a607-2e93afa4eeb9,2026-03-20,msg_00092,U743849e63f8101ac616f8fd0ba84a167,U19e9250e69c343be28b9eedbb383f576,video,opened,2026-03-20 23:53:56,
e020d401-df5e-4ffd-b77c-b042f08f1c20,2026-02-08,msg_00051,U3bae1603803a839c0cb52f511d9cb8f6,Ufe74c569a526eb1a19fd55c55f5f9e5c,image,delivered,2026-02-08 14:42:48,
4183a604-458e-4ac9-b4f3-3862b84126d7,2026-02-05,msg_00107,U3bae1603803a839c0cb52f511d9cb8f6,U1707821ef181caea08efd2523e7d9114,text,delivered,2026-02-05 02:04:56,
95b4ec52-da17-4c82-9845-ad4a6208f3c7,2026-02-20,msg_00036,U879eb903ad90cd9c2874f6df7651267a,U542c8a93282cb03bbf141276d2c67677,video,delivered,2026-02-20 18:35:47,
c5246984-59c1-4bc5-bf62-fa0ca11962c2,2025-11-30,msg_00025,Ub0341314a5534ea92b26fa8adc30543f,U9f3697dc57bb63c337c167e1c4da060a,imagemap,opened,2025-11-30 13:42:26,
09e84942-db75-4958-a53f-ab040489c8ed,2026-03-25,msg_00079,U743849e63f8101ac616f8fd0ba84a167,U94ae899cbcab019317fde8f41c2a0e49,text,opened,2026-03-25 10:15:08,
b51bbfa2-eb59-4e24-ae22-bcbab8864fd3,2026-02-14,msg_00098,U743849e63f8101ac616f8fd0ba84a167,c022852cf88a8619688b7bec4adc4bcb,imagemap,delivered,2026-02-14 18:35:31,
4d02602a-a744-4a4e-9cc7-a235794e27df,2026-02-07,msg_00090,U4784fc8a8e1e4eb2435ad84e0ad052f2,354982a8c44a79f929828359ef9f0b0d,imagemap,clicked,2026-02-07 02:26:22,https://example-saas.jp/survey
b7126d53-99f4-4e2b-94df-4eff0794377a,2026-01-20,msg_00026,Ud4a92c8c8050eed40ef171cc2784d638,Ub09d07d238d0f0607670081d27cfdee1,imagemap,delivered,2026-01-20 04:51:14,
5be90667-430c-4be7-99c5-ca25d4a677bd,2026-03-08,msg_00112,U3bae1603803a839c0cb52f511d9cb8f6,U0a6a1ec829cf0b8f83e7fd0078e57dfd,image,clicked,2026-03-08 10:51:59,https://example-saas.jp/survey
cd9e5d6b-1bbd-483c-8c56-8aae1b5ddd07,2025-12-09,msg_00059,U3bae1603803a839c0cb52f511d9cb8f6,d93042a27dbb6e6011f68c425f51222c,imagemap,opened,2025-12-09 05:03:48,
52eec76d-0be2-42c1-9155-ebe50e9fca13,2026-02-14,msg_00098,U743849e63f8101ac616f8fd0ba84a167,U8dd9d545fb5d77c1740cdda57dbe29d6,imagemap,delivered,2026-02-14 23:48:19,
99e2bd75-5b41-4674-8434-df4135fe163d,2026-02-16,msg_00021,U743849e63f8101ac616f8fd0ba84a167,U4eb601cd2017956ddc24bc32cfbf4bd8,flex,delivered,2026-02-16 23:44:55,
49ae8fbe-2800-4d2e-b874-ba84e7765102,2026-01-24,msg_00066,U3bae1603803a839c0cb52f511d9cb8f6,U12d6a92e079bdc7459666a841a851454,image,delivered,2026-01-24 19:03:32,
9e7ad0b6-1d75-48e8-8ab5-069e03b89977,2026-01-20,msg_00108,Ub0341314a5534ea92b26fa8adc30543f,Ubcccb37254e7bb1fabab73a5a1ae4f7b,flex,clicked,2026-01-20 21:14:27,https://example-saas.jp/lp/newmenu
ecc5ac11-c752-4793-af5e-4d0eef852d38,2026-04-06,msg_00074,U3bae1603803a839c0cb52f511d9cb8f6,U75ecadaee1ca87063d33e4df5e8997d8,text,delivered,2026-04-06 15:27:25,
add2db3b-5d69-49a7-be89-66a669451eb5,2026-02-20,msg_00048,Ue7310890b01058478be93761a56d0aa0,Ub38e09d12f94fa50bcb2291ef8ca5ddb,flex,opened,2026-02-20 08:13:10,
fa5e7bc8-ccef-4fdf-bd75-96f4647ee7eb,2026-02-24,msg_00039,U743849e63f8101ac616f8fd0ba84a167,Uecda09dfc8af319c6cda8baa71a77b04,flex,opened,2026-02-24 02:55:11,
318c2225-46f7-4875-a87e-435519298ba4,2026-03-06,msg_00055,U3bae1603803a839c0cb52f511d9cb8f6,U9c0607d7b198bb132e3b945a7bd66f87,flex,delivered,2026-03-06 02:35:53,
705a6a2c-cd72-4ad0-9217-918721790c46,2025-12-17,msg_00032,U3bae1603803a839c0cb52f511d9cb8f6,U879b23b8b05d630cba40320d5b6d4823,video,opened,2025-12-17 09:48:07,
e55e159f-e075-42c9-b6ba-00d8b83e1603,2026-04-01,msg_00072,U4784fc8a8e1e4eb2435ad84e0ad052f2,U308dbc5903f776f3ad26a0c2496aea14,image,delivered,2026-04-01 15:12:23,
e988aa5e-60af-41a7-b095-105835c3aad4,2026-03-29,msg_00097,Ub0341314a5534ea92b26fa8adc30543f,U53ef7794332c4fac3aaadc23424e05ae,text,delivered,2026-03-29 12:07:17,
ceff2766-8339-4442-b04f-2c2ecbda7014,2026-02-20,msg_00048,Ue7310890b01058478be93761a56d0aa0,U15c68e14a48e1e5d5d239202ebe0d8b6,flex,blocked,2026-02-21 12:37:10,
7557472e-889a-40cf-b2c0-560bbea353d7,2025-11-16,msg_00020,U3bae1603803a839c0cb52f511d9cb8f6,Udb543724d51a7b707810012cdf308161,text,delivered,2025-11-16 23:24:41,
af58496e-3d1e-4f8c-a88c-f755d8965f4e,2026-03-03,msg_00093,U743849e63f8101ac616f8fd0ba84a167,Udf8441d4bebb0e8e975f5ee5989de231,imagemap,delivered,2026-03-03 16:19:54,
6989564f-948f-4e0b-b46b-f904146016c5,2026-02-14,msg_00098,U743849e63f8101ac616f8fd0ba84a167,U14087aa5710e352bfa0a73e09b2b3442,imagemap,clicked,2026-02-14 08:49:36,https://example-saas.jp/campaign/spring
c4413284-7bc0-4ed6-887a-6a9817cec033,2026-03-21,msg_00023,U743849e63f8101ac616f8fd0ba84a167,U48ea8421a56bdc051a53868cc321d9ec,imagemap,delivered,2026-03-21 04:55:19,
02764f64-72f1-46dd-bd92-179a261de09f,2026-04-12,msg_00105,Ud4a92c8c8050eed40ef171cc2784d638,U91c3be7f204c68d58460ff29c1fdfded,flex,delivered,2026-04-12 18:53:51,
61c3827f-0320-4ede-9f8f-67a99c122903,2026-03-30,msg_00076,U743849e63f8101ac616f8fd0ba84a167,Ub928bdc0246b22aca0a2db17c6ab9a41,image,delivered,2026-03-30 05:31:37,
31587840-1205-40a3-8dd7-815f1914af68,2025-12-17,msg_00032,U3bae1603803a839c0cb52f511d9cb8f6,U879b23b8b05d630cba40320d5b6d4823,video,delivered,2025-12-17 08:16:32,
3ac5059b-7430-40d9-9b96-419f791353b7,2025-12-25,msg_00077,U743849e63f8101ac616f8fd0ba84a167,U344e034a6e7bc6ea6746258e7227fc96,text,clicked,2025-12-25 02:43:26,https://example-saas.jp/lp/newmenu
37d8b5a4-3bea-4832-9e6f-1652b9a50680,2026-02-05,msg_00107,U3bae1603803a839c0cb52f511d9cb8f6,U980a48cab026c194a8d2ad9bf8b320af,text,clicked,2026-02-03 11:41:02,
715b54ba-0eeb-4db6-ad45-e4d50c3ab1c4,2025-12-09,msg_00094,U227d1cd1a801c367de206ec4bbca7330,U55ff791d01b65e4d1192f01971727735,flex,delivered,2025-12-09 01:21:24,
4680b5b8-0015-4efb-bb79-865f82500973,2026-02-10,msg_00058,Ue9a1e8a5b83a6b296d43c957a8cfba4a,Ub463e29910c75e38fd0e3f64cd431c92,video,delivered,2026-02-06 04:53:57,
561f1a8d-e39b-46d5-9ca6-e325abc6e91f,2026-03-12,msg_00084,U68d2301028fb66b51d9111f1af067e34,Uc49355c879e20299f3accc31cb20a152,video,delivered,2026-03-12 17:55:02,
0cf85330-7e5c-40dd-bf01-42d0f79d3bbd,2026-04-08,msg_00078,Ud4a92c8c8050eed40ef171cc2784d638,Ud8d4af204d884d03ba085537132a278e,image,delivered,2026-04-08 20:09:20,
a885e2e7-b171-4199-986a-e6dcd3b8c6bd,2026-01-24,msg_00113,Ub0341314a5534ea92b26fa8adc30543f,U559a90a033175036b0cef2113404eaeb,text,opened,2026-01-24 10:25:44,
b69dd46a-1ec5-4d9b-942f-34ecc345535d,2025-12-17,msg_00032,U3bae1603803a839c0cb52f511d9cb8f6,0adeb2ef402dd6bddecf252d4bf38253,video,opened,2025-12-17 07:04:34,
1662a36b-5400-4f35-9aa1-16e1440026f9,2026-02-14,msg_00042,U3bae1603803a839c0cb52f511d9cb8f6,U6e30f7a8a3a509ec6c376bb76b53e135,video,opened,2026-02-14 14:58:35,
35a8bc71-902e-45b2-8fbb-c383a2f744dc,2025-12-25,msg_00077,U743849e63f8101ac616f8fd0ba84a167,caac282f5446c99fe0d42443a016028b,text,failed,2025-12-25 00:51:01,
0d77528b-66f1-4823-9ab1-9c1c47a3cc26,2026-03-14,msg_00009,U743849e63f8101ac616f8fd0ba84a167,Uc347ae89d83b1aacf6979a475c19de34,imagemap,opened,2026-03-14 10:39:08,
ac4f56dc-127a-42db-8043-e25937f281c8,2026-02-09,msg_00083,U3bae1603803a839c0cb52f511d9cb8f6,U23e803d001173b199ca07bf8c36a6368,flex,delivered,2026-02-09 16:26:48,
f6809525-00b2-467c-84f3-82ce5d8d5146,2026-03-11,msg_00067,U7e808d11d6f9901a954a542a7ee09918,U57c9c8750c32a9df6430483eb94b5046,video,opened,2026-03-12 01:10:46,
ab01e13a-034a-482e-bda3-1e9e672dd9ce,2026-02-14,msg_00098,U743849e63f8101ac616f8fd0ba84a167,Ua7179e61d44918a1d2567a2596faed41,imagemap,opened,2026-02-14 22:35:34,
d72a5407-4d90-4248-a439-4b2fd9ece0c4,2026-03-21,msg_00023,U743849e63f8101ac616f8fd0ba84a167,Ua21f6adaf1f01a9da377dc0dc0fb537c,imagemap,delivered,2026-03-21 01:48:48,
fe81ba4b-07b8-4de5-a2ac-6c279106a555,2026-02-10,msg_00058,Ue9a1e8a5b83a6b296d43c957a8cfba4a,Ud592549c66fafb18a90b2f648190b4ac,video,opened,2026-02-10 18:41:12,
5b9f709f-ab33-421a-bb82-e4dd96b81893,2025-12-18,msg_00070,Ue9a1e8a5b83a6b296d43c957a8cfba4a,U1a731665394ddc97e9b4c6a4d45fcb5a,imagemap,delivered,2025-12-18 07:44:44,
ec601bb1-6ce1-4575-ac3c-314d884b51ce,2026-01-29,msg_00031,U3bae1603803a839c0cb52f511d9cb8f6,U882fa6ad857a4f7df0c871a0ca6cb04f,video,opened,2026-01-29 11:21:17,
212dc530-267f-4843-9c30-1764333e9751,2026-02-05,msg_00107,U3bae1603803a839c0cb52f511d9cb8f6,8e8461e99db28943ebf2f45c2b797e98,text,delivered,2026-02-05 07:42:44,
da87885a-aac3-496d-ab16-92cf384429c9,2026-03-05,msg_00014,U3bae1603803a839c0cb52f511d9cb8f6,Ua8c3f47b3f2c63fd2b8fc72c491054a5,flex,opened,2026-03-05 11:45:15,
a26f1043-0a1e-4ded-9882-e26ecdcafb31,2026-01-20,msg_00108,Ub0341314a5534ea92b26fa8adc30543f,U605a1373cae66efd84a761f2844bc0dd,flex,delivered,2026-01-20 10:43:57,
ec8f32fc-42bc-47a0-ba1b-85967cf732a4,2026-03-05,msg_00014,U3bae1603803a839c0cb52f511d9cb8f6,U0c87f6eaa49afb9e1fe08684109c48cc,flex,blocked,2026-03-06 03:16:07,
28cdee6f-04d9-4967-aef9-b02e3aa433a8,2025-11-21,msg_00010,Ue7310890b01058478be93761a56d0aa0,U0260cb9a0bb676c8a055ca5328ed876f,imagemap,opened,2025-11-21 21:20:46,
b551c9f9-a284-47a1-81aa-81b84fc3fa78,2026-03-20,msg_00092,U743849e63f8101ac616f8fd0ba84a167,df5a8831cb10f77116faefdd77dd336f,video,delivered,2026-03-20 21:13:36,
3a250992-6dc6-4cf6-a8cd-6b4b2871b9b9,2025-11-24,msg_00033,U3bae1603803a839c0cb52f511d9cb8f6,Ucba617ebaf288644fca81a1b816c5457,text,opened,2025-11-25 00:03:11,
cbf5bd59-ce2f-430d-9cfc-b77ab86eb005,2026-02-07,msg_00090,U4784fc8a8e1e4eb2435ad84e0ad052f2,U34c693816e7749d3f220dc2972956e65,imagemap,delivered,2026-02-07 10:54:48,
918e3ea0-ce41-4372-8f5a-5145306dd29b,2025-12-09,msg_00059,U3bae1603803a839c0cb52f511d9cb8f6,Udab1d651574e6d9694f016512746a0f0,imagemap,delivered,2025-12-09 06:29:29,
26678576-8a50-497a-8175-349dc48eb8be,2026-02-14,msg_00065,U743849e63f8101ac616f8fd0ba84a167,U11a6ba439b82abdd86f8024a24f939b3,image,delivered,2026-02-14 16:00:29,
0870bf84-9632-4582-8b80-e3837e125034,2026-03-16,msg_00002,U3bae1603803a839c0cb52f511d9cb8f6,U7e07a01597e3edf72d14ea64bda48047,text,opened,2026-03-16 06:23:07,
2e64d257-e2b6-4da8-bcf4-a092120b9471,2025-12-25,msg_00077,U743849e63f8101ac616f8fd0ba84a167,Ub68e8a0d82b7db0e4ee22fdce90b0a59,text,delivered,2025-12-25 23:37:59,
6384e6e2-9c7d-4737-9e23-ef505f600bae,2026-02-07,msg_00090,U4784fc8a8e1e4eb2435ad84e0ad052f2,Udf848c5067f181186da3dd424e879379,imagemap,opened,2026-02-07 04:24:26,
d035c444-7804-44ed-822c-6fe9cfb6608a,2026-04-04,msg_00100,U743849e63f8101ac616f8fd0ba84a167,Udd8069fedba4a418506dc9efb5fd3a96,image,delivered,2026-04-04 14:14:23,
7d6a6404-ae7e-4763-a616-980541672949,2026-03-31,msg_00032,U3bae1603803a839c0cb52f511d9cb8f6,U2cf382be6f884e618aec2efe3f7e171c,text,open,2026-03-31 01:18:08,https://example-saas.jp/coupon/500off
155c4a79-7c78-4ff3-a57c-47b7d2bc42ff,2026-01-18,msg_00102,U227d1cd1a801c367de206ec4bbca7330,9fbd7a77517cad73c6237d44d302bd08,video,delivered,2026-01-18 19:16:42,
5d5d1fa9-a13f-40a3-a97b-b23e79dc594d,2026-02-08,msg_00051,U3bae1603803a839c0cb52f511d9cb8f6,U1b261a93931d90caf69b9f4d68944b3e,image,opened,2026-02-08 12:11:08,
cffd23d3-200f-4f9c-a86b-0610485ec859,2026-03-14,msg_00009,U743849e63f8101ac616f8fd0ba84a167,U2019c9ec74dcc10ce0b5c431c96d5dc3,imagemap,delivered,2026-03-14 07:16:26,
8da44c45-66a8-4dba-bf49-4a1d3390b646,2026-04-10,msg_00101,U743849e63f8101ac616f8fd0ba84a167,Udbbec21ab564830347fe5757e3251bd2,imagemap,delivered,2026-04-10 11:52:30,
d3949c76-0b4d-45d1-97b6-e142cffd79b4,2026-01-26,msg_00063,Ub0341314a5534ea92b26fa8adc30543f,U7cba7add4c2f1a435cbca3ba5ab258ce,imagemap,delivered,2026-01-26 13:46:49,
650641f2-e992-487d-a7f6-f1c5b41a53c0,2026-01-18,msg_00102,U227d1cd1a801c367de206ec4bbca7330,Ub5ef75abcc01f4898f5ff05f4dd3f700,video,delivered,2026-01-18 09:51:40,
a4e5be41-26d4-4b65-9bee-6d8213ef0602,2025-12-12,msg_00080,Ub0341314a5534ea92b26fa8adc30543f,U6bfbd638b37c7f96c00aa633fefac3b2,flex,unsubscribe,2025-12-12 04:52:23,
a81e938b-8dd0-436c-b73a-c67c2c3006fc,2025-12-19,msg_00118,U4784fc8a8e1e4eb2435ad84e0ad052f2,Ua5500894eaabd87607fb44413af46cf4,image,opened,2025-12-19 10:25:56,
08f2adbf-faa9-4991-9423-4fe30391da6a,2026-03-23,msg_00071,U3bae1603803a839c0cb52f511d9cb8f6,Ua7d1dd9b5850fbe01ce219e9df34c238,imagemap,delivered,2026-03-23 18:40:02,
3f99a3f1-0d04-4555-9d08-5f877d5eb181,2026-03-11,msg_00067,U7e808d11d6f9901a954a542a7ee09918,Ud8c3e6eaaa144f94bb51a4b394344ccc,video,opened,2026-03-11 05:44:26,
1db4ea1a-cc28-4ac6-88f2-236fa2b6ed74,2025-12-09,msg_00069,Uc20f9c7e9b662bedec3cb78e127885c7,U691b09c1af8924c3e26631b2ffcaf211,imagemap,opened,2025-12-10 00:22:05,
53e60f82-c210-497b-b584-b4aba547ae09,2026-02-20,msg_00036,U879eb903ad90cd9c2874f6df7651267a,U11de9da8d06f391e9983d4e3423e3d28,video,opened,2026-02-20 22:41:13,
3f0f72c1-ebe4-4820-a67e-09bea52669c4,2026-01-18,msg_00102,U227d1cd1a801c367de206ec4bbca7330,Ua376284b6b2b936b11a84c22b09967d2,video,delivered,2026-01-18 08:04:54,
71090d10-6347-4219-909f-a37ebee79ca8,2026-02-08,msg_00051,U3bae1603803a839c0cb52f511d9cb8f6,Uf0342a6da76b47ca7c03844cfc84bf0c,image,opened,2026-02-08 06:43:53,
95fe4139-ca27-4428-a2d5-e8ee79c4d122,2026-02-05,msg_00107,U3bae1603803a839c0cb52f511d9cb8f6,U6e1c4ff2c1ed6b4cc20e0e28e831dde5,text,delivered,2026-02-05 21:32:10,
7527a2c5-bb2d-4707-80d9-e326452c3a10,2026-03-20,msg_00092,U743849e63f8101ac616f8fd0ba84a167,1867987a0d6552afb49172aa355c6f5d,video,delivered,2026-03-20 14:10:57,
4ca1de77-a2af-44a7-9120-a3cf879a9134,2026-04-10,msg_00101,U743849e63f8101ac616f8fd0ba84a167,Uc5c537e8709f999c19a4a579a9fad179,imagemap,clicked,2026-04-10 16:51:32,https://example-saas.jp/campaign/spring
58b9932b-dac2-41a1-9ccd-06f1e7fc00a2,2025-12-25,msg_00077,U743849e63f8101ac616f8fd0ba84a167,Ud4743ec969bea6bde8ee41762a152bb1,text,clicked,2025-12-25 06:43:49,https://example-saas.jp/survey
694b6f03-a79d-491d-82e8-cb660bb8cb58,2026-01-13,msg_00060,U3bae1603803a839c0cb52f511d9cb8f6,U8a8966118663cef1c5f7046e9036f80d,image,opened,2026-01-13 07:06:52,
29ad0bba-3b2c-4236-870a-76742c5b2c49,2026-04-05,msg_00054,U3bae1603803a839c0cb52f511d9cb8f6,Uddaeb31b08bf33a83fdc641a26a85664,image,delivered,2026-04-05 13:25:04,
331502b8-61a5-4c15-993b-24e84fb604f7,2026-01-18,msg_00102,U227d1cd1a801c367de206ec4bbca7330,Ud0a598dd0eb9e794cd57a5296bcc51bf,video,delivered,2026-01-18 17:13:29,
620642f3-847d-491d-b7fb-2b6548b034fb,2025-12-18,msg_00114,Ub0341314a5534ea92b26fa8adc30543f,U5efef8161e0563f8c5e0c3d97310bc4f,flex,opened,2025-12-18 02:15:57,
70daf457-9782-4a43-aa2e-a59468b73ec9,2026-01-26,msg_00103,U3bae1603803a839c0cb52f511d9cb8f6,U3fda5d2e277de3c7f5468c89a07947e6,flex,opened,2026-01-26 12:31:28,
0c86ae6d-218e-4f8d-9de7-f4f04fb9d31e,2026-03-31,msg_00046,U4784fc8a8e1e4eb2435ad84e0ad052f2,U5eae48c3c2903e60fa967b4113426427,flex,delivered,2026-03-31 12:33:18,
1382e419-e4a6-405f-b983-15099f1e0105,2026-03-20,msg_00106,U3bae1603803a839c0cb52f511d9cb8f6,U0f233c595f540594c85f556959b4dd5f,video,delivered,2026-03-20 07:04:56,
9a2cd03a-f0fb-4d27-9fae-c1c05f08c5a4,2026-01-09,msg_00052,U743849e63f8101ac616f8fd0ba84a167,U4eb9d568a78eb900200b7fe4edfec700,video,opened,2026-01-09 13:41:15,
4200193b-2f3a-40b2-8dd2-4461fd826b9a,2026-02-15,msg_00087,U3bae1603803a839c0cb52f511d9cb8f6,Ua14f0a0b04b3e9c1c229b97f00c643e3,imagemap,delivered,2026-02-15 06:51:40,
bf991815-121e-46f1-8b1d-2ea44d1eb895,2026-03-06,msg_00068,Ub0341314a5534ea92b26fa8adc30543f,U30ed47f2b500a358c23beeb7a1c3a4c8,video,delivered,2026-03-06 13:18:07,
ab88468e-66d9-448b-b788-7b5dd2bcb215,2026-03-06,msg_00068,Ub0341314a5534ea92b26fa8adc30543f,U14139cf7a9a933e3033d73e5a158263b,video,opened,2026-03-06 19:09:16,
a3e3850b-cb89-4f6a-8dd9-1b0675def9be,2025-11-16,msg_00020,U3bae1603803a839c0cb52f511d9cb8f6,U09dcfd2cc9a9dd557762f275b4992d6e,text,opened,2025-11-16 18:27:02,
aecf923c-032d-47b2-b9f4-26002de47f5c,2026-02-01,msg_00075,Ub0341314a5534ea92b26fa8adc30543f,Uaea4b464d0b20cecf7e42d08a76b62d7,imagemap,delivered,2026-02-01 00:17:25,
16f101bf-f956-4c74-848b-9228d0c1a1cb,2026-03-22,msg_00119,U3bae1603803a839c0cb52f511d9cb8f6,Uc3ae653507b27eefe35ea8eb9aa0f26a,imagemap,clicked,2026-03-22 20:09:37,https://example-saas.jp/lp/newmenu
6caf3221-ed3d-45dc-8ee8-9129e6f2e061,2026-01-14,msg_00081,Ue7310890b01058478be93761a56d0aa0,U3593dacaa483be60d5a231e70a8d36d3,video,delivered,2026-01-14 04:39:21,
d74d2e67-d327-4477-a48f-2e17edb465da,2026-04-06,msg_00074,U3bae1603803a839c0cb52f511d9cb8f6,Uf6d03028159247a25aef3a776034b34f,text,delivered,2026-04-06 09:52:14,
1c66169e-e6fd-4222-bcb8-77edc852237b,2025-11-23,msg_00024,Ue8d9224ecde331ce692edfce0b5ecdc4,Uda285bfc2c99fdee4ec85b139601ccda,text,delivered,2025-11-23 05:58:37,
47f28be3-4544-4598-9e3e-d3dcdd7391f2,2026-03-06,msg_00055,U3bae1603803a839c0cb52f511d9cb8f6,U7254e7f8d776fe00c70ab2dcc4877756,flex,delivered,2026-03-06 11:23:02,
33ccade8-b8db-4c20-8635-e1729f078f2b,2026-01-20,msg_00108,Ub0341314a5534ea92b26fa8adc30543f,4f3de910826e01d84bd7b13f29341365,flex,delivered,2026-01-20 11:04:48,
6e998c0d-2af4-4255-882c-e097a2bcdd0a,2025-12-21,msg_00022,U3bae1603803a839c0cb52f511d9cb8f6,U69d6d2c13031356902dfdc6c3cf31999,video,opened,2025-12-21 19:17:45,
9acf1a8a-ade8-40ad-af09-e6fa6f510c77,2026-04-12,msg_00120,U227d1cd1a801c367de206ec4bbca7330,U4f1880ecb332551f3919f24e2c257308,text,failed,2026-04-12 14:22:45,
cf6fe8aa-ef9c-4ba1-b629-7bbd16fbb519,2026-02-15,msg_00087,U3bae1603803a839c0cb52f511d9cb8f6,Ub346e9359fb6c387a78f3d28d0863304,imagemap,delivered,2026-02-15 00:50:52,
37ffe1c8-5adc-4115-956d-1b8e637186b8,2026-02-14,msg_00065,U743849e63f8101ac616f8fd0ba84a167,Ud94a457b6f2ec1f5d34cfb3fad7b59d1,image,opened,2026-02-14 09:34:34,
0df8a147-2d4e-4fb1-bdd0-af86e51e7dcb,2026-03-21,msg_00023,U743849e63f8101ac616f8fd0ba84a167,Uf644401c1d914573478ef6d485d897d5,imagemap,opened,2026-03-21 15:54:11,
d499e3fa-a1bc-46e6-9cae-542c0e840984,2026-03-06,msg_00068,Ub0341314a5534ea92b26fa8adc30543f,913f9ead7e5ad3f7b00c9b31bab011f6,video,delivered,2026-03-06 13:32:05,
aeac3260-9e10-4235-824f-166a57dafef4,2025-12-25,msg_00045,Ue7310890b01058478be93761a56d0aa0,Ua28a7a1e90dd97c94e18a0d50cec7109,video,delivered,2025-12-25 09:35:40,
2b2635f0-1348-441d-be1b-632b31709064,2026-02-20,msg_00017,U22a93bc29b1df104af6b1ba1cd91fc56,U28a23812a6af79f539cc6bc371120017,video,delivered,2026-02-20 15:08:07,
92f72a2b-7d5d-4425-bb43-e5468eb9c205,2026-03-06,msg_00055,U3bae1603803a839c0cb52f511d9cb8f6,U1873052653a5682a8fe3ec7adca0b04b,flex,delivered,2026-03-06 01:15:47,
b10c58f8-dc6e-42df-93b1-edcb9977074d,2026-02-14,msg_00042,U3bae1603803a839c0cb52f511d9cb8f6,U521120948ea9ee4be9ba085505b739f2,video,delivered,2026-02-14 20:24:21,
33a6995b-01ab-4f6e-b0f7-5e4227cb6b25,2025-12-23,msg_00109,Ue7310890b01058478be93761a56d0aa0,Udc38becc12530e21f41ab1496a2185b4,text,delivered,2025-12-23 02:07:14,
8f467f7a-f398-4475-82b2-325df84caeee,2026-02-19,msg_00016,U837b70463a585f85743b5bfb3b49c9fd,Ue645154952575ff9d0155685f47c9baa,flex,clicked,2026-02-19 02:32:36,https://example-saas.jp/survey
ebefeb95-1994-489f-8565-0ead235a7b63,2026-03-03,msg_00093,U743849e63f8101ac616f8fd0ba84a167,U74d7b9c2b391ce2a4188bca8df2726bd,imagemap,opened,2026-03-03 18:57:27,
d9afdb3a-d1a7-4094-afb4-d709f09c5b7f,2026-01-26,msg_00086,U4784fc8a8e1e4eb2435ad84e0ad052f2,U72bbe7ace79657bb8195e588cc3c73c2,text,opened,2026-01-26 23:29:01,
8a76bb89-3c04-4e30-b8e2-603221692cc1,2026-03-14,msg_00009,U743849e63f8101ac616f8fd0ba84a167,U67a0dedfde3281762c0804a6cbf42365,imagemap,delivered,2026-03-14 12:45:23,
5fad3d85-c27a-47b0-87fc-01bf18520d1f,2026-03-31,msg_00046,U4784fc8a8e1e4eb2435ad84e0ad052f2,Ub5cbc27756e45139831a1a86e2ad2559,flex,delivered,2026-03-31 20:40:32,
fe27f181-bcde-4428-b04d-f3533474a313,2026-03-03,msg_00093,U743849e63f8101ac616f8fd0ba84a167,f080aa9e4cc0b2af2938c5e1b6fb877c,imagemap,delivered,2026-03-03 19:14:46,
8c1230b7-b276-4f69-95f9-4c4279b8eeaf,2025-12-23,msg_00109,Ue7310890b01058478be93761a56d0aa0,Ud568c3c3ab22b9d1f244e3d2d2ccf3db,text,opened,2025-12-23 03:17:54,
fa66fa84-1fd3-40c2-a6b5-735d71aac661,2025-12-09,msg_00059,U3bae1603803a839c0cb52f511d9cb8f6,Ufd47e3f5e07e84c0f8a102b31fd75126,imagemap,delivered,2025-12-09 04:31:08,
ee9d56a1-70b3-4ca3-87d9-ed065ccb5e70,2026-04-08,msg_00041,Ue7310890b01058478be93761a56d0aa0,U7d0ff42988cc83150d106673f345348f,text,opened,2026-04-08 01:53:58,
7c01c740-5dd5-45b1-8d47-86e942ba5c3c,2026-02-20,msg_00036,U879eb903ad90cd9c2874f6df7651267a,U94dcaef7822526ae0aea78e62d9b7b48,video,opened,2026-02-20 06:38:23,
6d918514-32b5-410b-bb8e-c9c3ec671123,2025-12-02,msg_00088,U3bae1603803a839c0cb52f511d9cb8f6,Uc1c6e1f5beb8f3b7e0a7abc607629c55,image,opened,2025-12-02 07:17:58,
3d764e3c-1933-449f-9721-e0b78303ef7a,2026-03-04,msg_00056,U1ca413826b7044d134c9c3132420c9de,Uc1cb30e5b1e6e6cf76744829516d2b1f,text,clicked,2026-03-05 02:23:11,https://example-saas.jp/campaign/spring
590a8b61-d4b2-4f12-9ba4-3e6d5aecd705,2026-02-20,msg_00036,U879eb903ad90cd9c2874f6df7651267a,U4cca04ef58c339ff1ec87d9cb84b54bf,video,delivered,2026-02-20 11:59:18,
54261ecd-d9fd-4534-b5ae-ed4e3372f5d9,2025-12-23,msg_00109,Ue7310890b01058478be93761a56d0aa0,09f84cae13f098ea123c4207afcd5e88,text,delivered,2025-12-23 15:06:12,
ce891c19-dd06-429f-b62e-2ce8e83aa6d8,2025-12-18,msg_00070,Ue9a1e8a5b83a6b296d43c957a8cfba4a,U91d2316c934b5b19078877b7ac83c2ce,imagemap,delivered,2025-12-18 23:19:52,
32135ed5-67b0-4b5e-a2e8-9f213a55d642,2026-03-11,msg_00067,U7e808d11d6f9901a954a542a7ee09918,7e7a7c8994cad9bd4257d05f675c1fc7,video,clicked,2026-03-11 22:16:21,https://example-saas.jp/lp/newmenu
b260a1f9-0c55-4ae0-8dc8-d46d7eac2a89,2026-02-10,msg_00058,Ue9a1e8a5b83a6b296d43c957a8cfba4a,U7adc5c637fcb92c43c55288d533f378b,video,delivered,2026-02-10 11:05:21,
7b2a1dd0-54b8-4f0f-a9e2-37f9dd0a0838,2025-12-24,msg_00062,Ub0341314a5534ea92b26fa8adc30543f,Uc9e34c4696ce8fb6df579e4e160e0c6f,video,opened,2025-12-24 15:39:23,
cf07f1fc-1651-4855-8864-0b8d73bc8466,2026-02-24,msg_00039,U743849e63f8101ac616f8fd0ba84a167,U2a4dcfbb9a26d82f27cb1a525337f979,flex,opened,2026-02-24 06:52:28,
1a6d6602-9151-4cb4-81ed-860d6abf16ca,2025-11-16,msg_00020,U3bae1603803a839c0cb52f511d9cb8f6,Ud62bd93815fd26c6da217280a0ea2375,text,delivered,2025-11-16 22:19:13,
a175f75e-a222-4b56-b472-d79abd945ea1,2025-11-16,msg_00066,U743849e63f8101ac616f8fd0ba84a167,U23a165f48d52d5a0e832294182b64c41,text,CLICK,2025-11-16 19:15:06,
fa19587e-35b2-4202-b14b-494bc422fc8d,2026-02-19,msg_00016,U837b70463a585f85743b5bfb3b49c9fd,U524ec70ea9fa464010862fac9f639d5a,flex,delivered,2026-02-19 10:20:41,
1f9d1ccb-4db4-4ddb-8b3a-479c1f4aa7de,2026-04-12,msg_00120,U227d1cd1a801c367de206ec4bbca7330,U27fe503645c6231807abc75c02a67feb,text,delivered,2026-04-12 13:06:11,
ffa2f7e4-5dec-465b-95ed-a3c3a3c061d4,2026-02-28,msg_00117,U743849e63f8101ac616f8fd0ba84a167,Ub360ccc4da0a7b42f23a7c427a1adfae,video,clicked,2026-02-28 04:20:22,https://example-saas.jp/coupon/500off
1fdb2618-fba5-4e45-9ad2-736414646d9f,2025-12-24,msg_00062,Ub0341314a5534ea92b26fa8adc30543f,Ua73ebbefa319a140a861a87a55429473,video,opened,2025-12-24 09:13:12,
23d8761e-22d3-4504-a4cd-3206c4e6879c,2026-02-10,msg_00058,Ue9a1e8a5b83a6b296d43c957a8cfba4a,U658954c8749db16b47cac6211f8b93e5,video,delivered,2026-02-10 04:32:56,
54bff4c6-b832-4eea-b3be-31fdac1c9ac7,2026-02-10,msg_00058,Ue9a1e8a5b83a6b296d43c957a8cfba4a,U3ea3cd31b64f904d92aedbed97e9050d,video,delivered,2026-02-10 21:53:27,
3baafc96-5435-4246-98e4-3365d5b1b2d0,2025-11-19,msg_00019,U743849e63f8101ac616f8fd0ba84a167,1fc1e38455690b6de4bea30058f0a559,flex,delivered,2025-11-19 22:32:19,
4bb82d6b-059e-458e-9d16-bcef57d3784d,2025-12-18,msg_00070,Ue9a1e8a5b83a6b296d43c957a8cfba4a,U72e825d358ac8433dc94fe91eee467ea,imagemap,clicked,2025-12-18 04:55:37,https://example-saas.jp/campaign/spring
c896e121-ebee-4246-802f-bb8d6e84310a,2026-03-20,msg_00106,U3bae1603803a839c0cb52f511d9cb8f6,Ufd17bbcda61c9b17c93b1bbc3cd8be56,video,delivered,2026-03-20 17:54:52,
cec82bee-4207-42b0-b7fc-44481ab98a92,2026-01-10,msg_00044,U30ad60bba5da9837ca5dd0230ca8f531,U2275f8ca828b09e9cff9fcad2fb2d389,video,delivered,2026-01-10 12:00:28,
507ae162-c855-40be-b093-cafb6b35c288,2025-12-09,msg_00059,U3bae1603803a839c0cb52f511d9cb8f6,Uc747470cfd7b83fcb042d4ff971898c9,imagemap,delivered,2025-12-09 00:17:53,
9fcf1d36-97bf-41c7-a613-f14461b58e58,2026-01-26,msg_00063,Ub0341314a5534ea92b26fa8adc30543f,Uc18f913e934f2c53c3addd03a4147cf9,imagemap,delivered,2026-01-26 19:20:31,
cf2fc6c8-ff52-497b-a757-6651fdb2bb61,2025-12-22,msg_00038,Ub0341314a5534ea92b26fa8adc30543f,U18453502b09ad5117aba01b28e6d79cd,image,opened,2025-12-22 20:26:01,
f3c51f70-6e65-4fc3-ad6e-919d40d22e78,2025-11-19,msg_00019,U743849e63f8101ac616f8fd0ba84a167,U46200d9f66ca5f3b4b796f5543c13593,flex,opened,2025-11-19 13:49:28,
06a27563-d2a8-4425-a1e6-bfca5f58a630,2025-12-03,msg_00012,U743849e63f8101ac616f8fd0ba84a167,Ub276950c28e7b7e0c488b7e6c333ab11,imagemap,opened,2025-12-03 10:15:27,
592c82e4-0b2f-4bec-beae-06b1dc079479,2026-03-06,msg_00055,U3bae1603803a839c0cb52f511d9cb8f6,Uc79007e620d8d73ef7e149765f31e537,flex,delivered,2026-03-06 16:56:25,
7c5cbd07-e4a7-4689-a229-697176db1d47,2025-11-30,msg_00025,Ub0341314a5534ea92b26fa8adc30543f,Ua91b1d28d1d98733d8305748f49ac8a9,imagemap,opened,2025-11-30 15:44:39,
968542a5-6fef-46ba-8c02-d54426af0274,2026-04-04,msg_00100,U743849e63f8101ac616f8fd0ba84a167,Ud8977e8c69e27c4e5f443212e457b2b0,image,opened,2026-04-04 12:26:47,
5aa38d23-805e-454d-b80c-5926d0df8096,2026-03-22,msg_00119,U3bae1603803a839c0cb52f511d9cb8f6,Ue4925f4351d5ce03e861c5b2c40d95eb,imagemap,clicked,2026-03-22 20:00:23,https://example-saas.jp/survey
2b346c43-53f6-4f6f-9cee-56feab073604,2026-03-26,msg_00040,U3bae1603803a839c0cb52f511d9cb8f6,Ua9e98d02089647963cfb39fd1927b2db,imagemap,opened,2026-03-26 08:12:55,
205fb2c6-a946-4057-b6ac-7db51f3b7a95,2026-02-19,msg_00016,U837b70463a585f85743b5bfb3b49c9fd,U165f3734d4b5f2143b57cb054e786255,flex,delivered,2026-02-19 21:44:35,
edfc9585-2b8a-45ff-9b45-5743653cc888,2026-01-31,msg_00035,U7e808d11d6f9901a954a542a7ee09918,U0464ebc25824235158fea1b1621cc0a7,text,opened,2026-01-31 05:19:48,
4235f4b8-90c5-4808-a6e3-fe5bf3ada747,2026-04-05,msg_00054,U3bae1603803a839c0cb52f511d9cb8f6,U85f99e78021ec3b558b2a623ccae3401,image,opened,2026-04-05 04:32:27,
85d0fe2f-544e-4611-904a-2d8dfb5e40a4,2025-12-22,msg_00038,Ub0341314a5534ea92b26fa8adc30543f,U9502736a4764d24e41ef3f9568e8f758,image,clicked,2025-12-22 16:43:29,https://example-saas.jp/survey
c579b0f4-1536-44d5-957e-3c5007164345,2026-03-06,msg_00055,U3bae1603803a839c0cb52f511d9cb8f6,U370eaae81ab569fe286611208c88456c,flex,delivered,2026-03-06 17:06:32,
4709ae35-dcd8-4aa2-bbc2-3bb63ea6152c,2026-01-02,msg_00035,U743849e63f8101ac616f8fd0ba84a167,Ub7e5b5725eb9114a66a4e62ec917f67e,text,deliverd,2026-01-02 16:58:42,
c6a2e63b-d5f4-49e1-b721-81268e82a87d,2026-02-14,msg_00098,U743849e63f8101ac616f8fd0ba84a167,U75ae91e110f16a99b3185227877cb00e,imagemap,delivered,2026-02-14 09:57:43,
2bf3edf0-3a81-4a63-855e-95ce66273179,2026-02-09,msg_00083,U3bae1603803a839c0cb52f511d9cb8f6,Ua3d6e127c5d7e0fd1a021b7d5d802bc1,flex,delivered,2026-02-09 07:09:03,
41d41e9b-57b1-45ac-b152-d0709526ebd7,2026-02-28,msg_00117,U743849e63f8101ac616f8fd0ba84a167,U2ab99073c22f5b0ea3c41d56a9beb567,video,delivered,2026-02-28 07:54:16,
e74aeaa6-83cc-45bf-8bd1-cdffab26e9e3,2025-11-17,msg_00034,U743849e63f8101ac616f8fd0ba84a167,U63fdf99fa6935ab8b44c3555a26e0d91,text,delivered,2025-11-17 20:05:49,
58649893-4d34-437c-94b2-f060f0e4869b,2026-04-12,msg_00005,Ub0341314a5534ea92b26fa8adc30543f,U7bc570323cb22b1cbe44cfc10ab7cc0d,imagemap,delivered,2026-04-12 23:56:56,https://example-saas.jp/coupon/500off
8d3f060e-a693-4131-af2e-824559ccf042,2025-11-22,msg_00047,Ue7310890b01058478be93761a56d0aa0,0e5235b43e0e98fcba9586fe2ee3be4c,video,delivered,2025-11-22 17:48:47,
bb5d1f40-4810-49c7-ae4b-f787ea388416,2026-01-26,msg_00115,U3bae1603803a839c0cb52f511d9cb8f6,U826fdfd5f66f482008b707f27605261e,imagemap,opened,2026-01-26 05:48:09,
b2d4d3b5-6fd3-4d15-aade-7574a713af0d,2025-11-16,msg_00020,U3bae1603803a839c0cb52f511d9cb8f6,Uf69a4f06bd7e4b5dfdaddb96af10db3a,text,delivered,2025-11-16 08:01:18,
75e2107e-d880-4d8b-a6f3-95d2a49a172d,2025-12-19,msg_00064,Ub0341314a5534ea92b26fa8adc30543f,Uaf6a2132c97f98e839375188ee7c1390,image,delivered,2025-12-19 09:13:03,
fe4daa35-6a34-4436-ac4c-da7b78dee86b,2026-03-16,msg_00002,U3bae1603803a839c0cb52f511d9cb8f6,U0d93128c6405d514467d5d9b7fbd40c1,text,failed,2026-03-16 08:32:08,
dee72363-f2ed-4129-bd6c-ff8790b10832,2026-02-14,msg_00042,U3bae1603803a839c0cb52f511d9cb8f6,U41f6e55aadc39227448a980b7a95938a,video,delivered,2026-02-14 11:43:21,
9119bfc8-c596-43fd-a22d-59ed3a67cd64,2025-11-23,msg_00053,U743849e63f8101ac616f8fd0ba84a167,U9b1730de077a5e8932eb04f789a98cff,video,opened,2025-11-23 14:29:54,
f626ab95-dcfa-4057-82ee-12d1ddc3b9b5,2026-03-23,msg_00071,U3bae1603803a839c0cb52f511d9cb8f6,Uc801331d99bd1e6eed4b30067cde140d,imagemap,opened,2026-03-23 09:27:57,
6854eb0d-044d-4b3b-a26d-086a48d25875,2026-04-12,msg_00105,Ud4a92c8c8050eed40ef171cc2784d638,Ucedc692d165e491732fdda3a9eb500fd,flex,opened,2026-04-12 20:33:12,
0cd0e8b0-a4c6-4942-9f73-6350b4e860d5,2026-02-07,msg_00090,U4784fc8a8e1e4eb2435ad84e0ad052f2,Ub0c541e5fb006e5f18ef69839eae91aa,imagemap,delivered,2026-02-07 10:17:51,
0ab334ba-5954-474d-b3b8-363430b78a30,2026-04-12,msg_00120,U227d1cd1a801c367de206ec4bbca7330,U2dbb00a50deec08056ba4169dbce7b71,text,delivered,2026-04-12 22:03:24,
c4b4f767-35cd-4d06-a31a-5bf4a27b1aa4,2026-03-05,msg_00014,U3bae1603803a839c0cb52f511d9cb8f6,U90787f61d6f110ae87c8db640bdd4ff0,flex,delivered,2026-03-05 22:26:25,
3f9e7300-f06e-4a5c-9cbf-757ff232813e,2026-01-10,msg_00044,U30ad60bba5da9837ca5dd0230ca8f531,U1a9fa2b68ba7d2465d8be82319093145,video,delivered,2026-01-10 11:44:18,
3a4c1461-fcc0-41aa-ad0c-e4f2211248d7,2026-03-20,msg_00092,U743849e63f8101ac616f8fd0ba84a167,Uf8af5e91f9853a866859855f721a89aa,video,opened,2026-03-20 11:04:35,
90bdace6-f095-4c69-9f21-2af9bb4ea7be,2026-03-21,msg_00023,U743849e63f8101ac616f8fd0ba84a167,U540a632709cb1c987cc097aa6d40b309,imagemap,delivered,2026-03-21 03:00:44,
921547ef-de99-420e-ad53-9b0b8b24da10,2026-02-20,msg_00048,Ue7310890b01058478be93761a56d0aa0,U14db5c00989516bd63e66e3f04e95f58,flex,delivered,2026-02-20 04:47:01,
faa1c0f2-925b-478d-9223-e2fc72766673,2025-12-19,msg_00064,Ub0341314a5534ea92b26fa8adc30543f,Ud90ebec6630e86e047be7a3fae1cfa94,image,opened,2025-12-19 14:14:56,
3e902c6f-1a23-4d5f-8e94-3dbbb04278da,2025-12-25,msg_00077,U743849e63f8101ac616f8fd0ba84a167,U0f8e032df451af0a32900d1976b17361,text,opened,2025-12-25 20:41:03,
78e26e3a-d4f9-4b97-ad79-e979e50c8c90,2025-12-07,msg_00003,U227d1cd1a801c367de206ec4bbca7330,U58a12b406f6873c461d4937045629ca5,image,delivered,2025-12-07 19:10:14,
74305732-3885-42ae-8179-bcf74e516781,2026-03-12,msg_00084,U3bae1603803a839c0cb52f511d9cb8f6,Uef28536f7f699b9e8dddc428f30bcd56,video,CLICK,2026-03-12 08:11:13,https://example-saas.jp/campaign/spring
de5b103d-ab4f-45fb-94ca-0335e266cffd,2026-03-20,msg_00106,U3bae1603803a839c0cb52f511d9cb8f6,U9cf865e5afeb6f5259466edbb9dcb032,video,opened,2026-03-20 12:37:22,
b4290f02-8aff-4873-8245-820f31a3ce7b,2026-03-21,msg_00023,U743849e63f8101ac616f8fd0ba84a167,U69e3bb40fc70ba239e557053bc0b582d,imagemap,delivered,2026-03-21 00:23:54,
663d6893-7faa-4092-8820-18e130b9ae99,2026-02-14,msg_00098,U743849e63f8101ac616f8fd0ba84a167,U7d8d6e0d8d09983f7ec7b6bc73703a59,imagemap,delivered,2026-02-14 05:20:55,
83e527a3-9ba6-4c2c-8e20-c3c2fcc91f31,2026-02-14,msg_00098,U743849e63f8101ac616f8fd0ba84a167,Ufa0b2bb47127815ad2650a5c0d6b4dfc,imagemap,delivered,2026-02-14 04:09:58,
a0f59eca-205a-425f-87e1-059103b5a195,2026-01-26,msg_00063,Ub0341314a5534ea92b26fa8adc30543f,Uf1d2a5f546e164aca54c99c9a7be2ae4,imagemap,delivered,2026-01-26 12:58:11,
37d1013c-c349-42f0-9789-5e7196c09e47,2025-11-16,msg_00020,U3bae1603803a839c0cb52f511d9cb8f6,U212327eb067f93b69ce9a00181eb666e,text,delivered,2025-11-16 22:09:17,
469dffca-dac2-48d0-b99a-8a322139a17f,2025-12-14,msg_00085,U743849e63f8101ac616f8fd0ba84a167,Ub94721ffb01850392c96a666b8288200,image,delivered,2025-12-14 16:05:42,
8631343b-069a-4045-97fc-f0abb52469ef,2026-01-10,msg_00044,U30ad60bba5da9837ca5dd0230ca8f531,Ua23352ebbbff2f2962709ea6766cd2be,video,delivered,2026-01-10 17:26:20,
a10f3758-9fe2-4714-b4f9-ec78106e1754,2026-02-10,msg_00058,Ue9a1e8a5b83a6b296d43c957a8cfba4a,U227ef4785dcddb62ece8a1bce62b84a7,video,delivered,2026-02-10 17:54:05,
10e1be98-57e3-4bf3-a231-f17d599ada34,2026-04-01,msg_00072,U4784fc8a8e1e4eb2435ad84e0ad052f2,Ucfe316587840441a176ffb4eb862edeb,image,delivered,2026-04-01 00:21:35,
dcf577b4-7436-42cb-ab7a-19be7b3d508d,2026-01-09,msg_00052,U743849e63f8101ac616f8fd0ba84a167,Uda48e2a06f020932cafebd567d080bdd,video,delivered,2026-01-09 10:53:10,
7066ebca-0348-4e78-8bd8-08cab4e5bf0c,2025-12-15,msg_00030,U3bae1603803a839c0cb52f511d9cb8f6,U7d77485255d9b42a0d43db453c2b8002,video,clicked,2025-12-15 17:56:11,https://example-saas.jp/survey
1eb0e8c9-9286-48bd-8618-9582b27fb52e,2026-01-07,msg_00110,Ub0341314a5534ea92b26fa8adc30543f,Ud314d322768f20c0ee1f7bf6405c5ed5,video,opened,2026-01-07 13:02:41,
821f0501-0a3e-434a-93aa-261d80a19b48,2026-02-28,msg_00117,U743849e63f8101ac616f8fd0ba84a167,U36c6045e18af386a670be399b37eb0f5,video,opened,2026-02-28 20:37:57,
b57c07b4-2dfd-4ff6-b084-c60e6d764065,2026-03-27,msg_00096,U476acbdef8e9a16d24575e4f6d7b0f31,cc47d34820b63e1b0a0955ab120e3f0e,imagemap,clicked,2026-03-27 16:34:54,https://example-saas.jp/coupon/500off
36b60fb7-0272-40e3-83ef-1ca06f499c24,2026-02-07,msg_00090,U4784fc8a8e1e4eb2435ad84e0ad052f2,Ubc891c3c1e253c352ccec2f185f866e9,imagemap,opened,2026-02-07 21:51:18,
da9bb5e5-e2b6-4c52-a3d3-5fb6a153983c,2026-03-20,msg_00092,U743849e63f8101ac616f8fd0ba84a167,U19e9250e69c343be28b9eedbb383f576,video,delivered,2026-03-20 22:21:45,
d0cf0e3a-6b47-4984-98e0-7624166fba12,2026-02-20,msg_00048,Ue7310890b01058478be93761a56d0aa0,U86c5bf48256f088cde942c6236675c48,flex,delivered,2026-02-20 11:19:12,
f7a11442-707c-4891-be8b-a52a6dde12a4,2025-12-19,msg_00118,U4784fc8a8e1e4eb2435ad84e0ad052f2,d5f3c69f845f832eb98bb7934daf7c82,image,opened,2025-12-19 08:07:33,
07512080-9e7f-4b77-b993-0770cf8e0e58,2026-01-20,msg_00108,Ub0341314a5534ea92b26fa8adc30543f,Uecb48994682a5c7cf4b3d50cf7ca65cf,flex,delivered,2026-01-20 23:17:15,
9a05f5f6-07e5-4138-a4e4-887800eb8766,2026-02-16,msg_00021,U743849e63f8101ac616f8fd0ba84a167,U21bc9fd782ea59b5347aa97b805b59d4,flex,delivered,2026-02-16 00:51:33,
7263bd03-800b-4bc9-bbd0-b17383980e3e,2025-11-19,msg_00019,U743849e63f8101ac616f8fd0ba84a167,U3a1ab42ac37d71ae6e86226f055cf413,flex,delivered,2025-11-19 00:53:24,
8bebe307-6694-4fc8-8523-1d8c09011042,2026-04-12,msg_00105,Ud4a92c8c8050eed40ef171cc2784d638,U9edee06512138a868605ae22f0b99788,flex,opened,2026-04-09 19:02:28,
ce587be9-7d57-4cc9-9fae-a3ff15c76fbe,2025-11-23,msg_00053,U743849e63f8101ac616f8fd0ba84a167,f85b0a44b6e960e7c9787017ae13f7bd,video,delivered,2025-11-23 06:56:22,
0e554c58-66c4-4ccd-a7ff-31f165420a67,2025-12-18,msg_00070,Ue9a1e8a5b83a6b296d43c957a8cfba4a,Ue3d14581b4a9dc0b116a8319231a7ada,imagemap,delivered,2025-12-18 04:54:34,
1006b97f-b3c2-4579-9742-215dbee9a880,2026-02-20,msg_00017,U22a93bc29b1df104af6b1ba1cd91fc56,Ub4ec7fd57b7117c50be3e82b81e2bc07,video,opened,2026-02-20 12:34:54,
ba63ec1d-4a58-4d56-b3ed-9df28823c3fd,2026-04-05,msg_00054,U3bae1603803a839c0cb52f511d9cb8f6,Uf7ee0b2c8228fb7f591d1f51076db033,image,delivered,2026-04-05 17:04:01,
099ec5e6-9990-4750-bfe6-48e51f1055f9,2026-01-26,msg_00115,U3bae1603803a839c0cb52f511d9cb8f6,Uaee8be70f4e14b4238e13fe8deb504b7,imagemap,delivered,2026-01-26 22:26:20,
3933dde9-61ee-4d96-9600-039190048d51,2026-03-27,msg_00096,U476acbdef8e9a16d24575e4f6d7b0f31,U8af5137cb8873a7d6ad55cac6f34ef13,imagemap,opened,2026-03-27 03:39:51,
8e2d9200-c89e-4016-8dbf-65b798262463,2026-03-12,msg_00084,U68d2301028fb66b51d9111f1af067e34,Ucecbe7ff9794ab06d087f269254c8616,video,delivered,2026-03-12 22:55:11,
ee75781f-d84e-4429-b744-5d4a9d29f4e1,2026-03-04,msg_00056,U1ca413826b7044d134c9c3132420c9de,U8fc9223ff25358727e5d5f0cd699e5dc,text,delivered,2026-03-04 07:37:02,
9c3cf31f-459c-4221-ab7c-5b0e77dac783,2026-04-08,msg_00078,Ud4a92c8c8050eed40ef171cc2784d638,Ue9294b5230c7c2e861b0bf297c1effb8,image,opened,2026-04-08 20:37:09,
111b1bbc-1166-4f60-951b-dbbe8a0aa9bb,2026-01-10,msg_00044,U30ad60bba5da9837ca5dd0230ca8f531,Ue8e7a13af2735b6e8b85fc39264751f6,video,delivered,2026-01-10 01:08:32,
a5fd97f3-46c0-4ab7-a2f7-c192b182b489,2026-01-07,msg_00110,Ub0341314a5534ea92b26fa8adc30543f,Uecb5cae7fe8a4c483846ea5d26b8a82c,video,delivered,2026-01-07 07:44:31,
d1a65750-8a22-4d22-8c34-62be2114297b,2026-02-08,msg_00051,U3bae1603803a839c0cb52f511d9cb8f6,Ua9fc5fffa43f47bd99bf3f4ec943446e,image,delivered,2026-02-08 23:18:15,
b5f975a0-50f0-4af7-8abd-7a7a0044c9ba,2025-12-19,msg_00118,U4784fc8a8e1e4eb2435ad84e0ad052f2,Udaca9bfd464d1f97f40dec7caff845cc,image,delivered,2025-12-19 15:01:16,
e5a804f1-99e2-4a8c-8724-28e8d1843691,2026-02-07,msg_00090,U4784fc8a8e1e4eb2435ad84e0ad052f2,U616d662a2256024ac8d1c1c7906aa7bd,imagemap,opened,2026-02-07 06:17:32,
bc227459-014e-4238-9514-94d4195ffb78,2025-12-24,msg_00062,Ub0341314a5534ea92b26fa8adc30543f,Ub48d3c2aaac59842b481ccf9723cbc58,video,delivered,2025-12-24 12:29:23,
dd51ff38-67a6-4b7a-af8b-4f0decbb8e79,2026-03-20,msg_00092,U743849e63f8101ac616f8fd0ba84a167,Uf01dfd0d2395e33c97aca2fe6248bd82,video,opened,2026-03-20 16:59:49,
675b237f-6d7c-4f9d-9fc2-e836e374cfd3,2026-04-05,msg_00054,U3bae1603803a839c0cb52f511d9cb8f6,U7f51ca1d6894e0dad896b6e581cb578f,image,delivered,2026-04-05 06:08:22,
8f5975c4-9808-42cd-be6f-7e2d54979af8,2026-01-17,msg_00037,U7e808d11d6f9901a954a542a7ee09918,U15764b2bba6a984f7c5cb0e09369da96,text,delivered,2026-01-17 14:36:41,
1961dcae-5cd9-4080-95ec-b3530b2af66b,2026-01-30,msg_00050,U3e5dd3a641c58ad50e49f095c6f1e306,U7d7c751901de8643fd4b696f0e56b300,image,failed,2026-01-30 15:39:37,
3cbe8787-4666-4154-af5d-5c78d8f03a90,2025-12-18,msg_00070,Ue9a1e8a5b83a6b296d43c957a8cfba4a,U647faf21d0f7e1dcb0556b9371fa2a4e,imagemap,opened,2025-12-18 00:28:52,
accf180b-7637-4ad7-b246-22a59c879f20,2026-02-20,msg_00036,U879eb903ad90cd9c2874f6df7651267a,Ud21e7900c596cec70eeb25e13612fea4,video,delivered,2026-02-20 14:06:52,
50de2e95-af34-4dc3-8e36-b3de7a5a6105,2025-12-09,msg_00094,U227d1cd1a801c367de206ec4bbca7330,ffe2eb69c1f6f92e63ba60baf88c3d01,flex,delivered,2025-12-09 13:50:51,
e9c5f774-b514-4012-b282-3ed0a8c86b9c,2026-02-25,msg_00008,Ub0341314a5534ea92b26fa8adc30543f,Uc20e829a4a1470df54bbd925be78e6f3,image,opened,2026-02-25 07:20:23,
40909888-b562-4a5f-a7de-fff8d6cde543,2026-03-12,msg_00084,U68d2301028fb66b51d9111f1af067e34,U70200235da8c2aa3985574031d8689be,video,opened,2026-03-12 15:25:35,
65a4e65d-d805-4f22-80f0-e729e01caf9a,2026-01-18,msg_00102,U227d1cd1a801c367de206ec4bbca7330,U2ee7fd21319fa8a0a6168d2f8cb26b4c,video,opened,2026-01-18 00:17:39,
a8f5ddbf-9c40-403e-8f4d-f6e22fa64eda,2026-04-12,msg_00105,Ud4a92c8c8050eed40ef171cc2784d638,U75cc82c27626b687c48f2f48b2257e76,flex,delivered,2026-04-12 13:52:36,
0843febf-a5a7-4018-aab2-58e2a61c3bb7,2025-11-22,msg_00047,Ue7310890b01058478be93761a56d0aa0,U0433e2370180cda84552974be63257e3,video,opened,2025-11-22 20:49:32,
bbffd46d-ee45-432d-ade9-1bd70ad82bf2,2026-03-06,msg_00068,Ub0341314a5534ea92b26fa8adc30543f,Ua740a4dbf7f833706ac121b0a6621a86,video,delivered,2026-03-06 16:14:53,
cdbf16d8-1ded-4358-a13c-d4017fed37f0,2026-03-29,msg_00097,Ub0341314a5534ea92b26fa8adc30543f,Uda86b1c8038135f616db4d38106931d0,text,delivered,2026-03-29 06:29:21,
9d21e957-dfce-4ee9-9be4-6427907973fe,2025-11-17,msg_00034,U743849e63f8101ac616f8fd0ba84a167,U3dc792071d57a520fdae65e5cf93518b,text,opened,2025-11-17 06:27:42,
f2fc36e5-52e4-4ca0-bafe-acccfb16eade,2026-02-14,msg_00098,U743849e63f8101ac616f8fd0ba84a167,Ub56748d8f976c3ae2996fbc6a7acc0dc,imagemap,delivered,2026-02-14 00:30:54,
a18ee695-69a4-49fe-b79b-362c0d3c3b1b,2026-02-07,msg_00090,U4784fc8a8e1e4eb2435ad84e0ad052f2,126d21f1b1f706e496d06dd90bdb34f2,imagemap,delivered,2026-02-07 09:08:55,
bb75c303-3fd1-4d0d-84b2-b2595fc70af8,2026-01-14,msg_00081,Ue7310890b01058478be93761a56d0aa0,cf1a903c58dc6dcaba13c9a5951a34f3,video,delivered,2026-01-14 21:40:50,
0005bbe6-8081-416c-b003-d8e470b8fd2e,2026-02-20,msg_00095,Ub0341314a5534ea92b26fa8adc30543f,U8ddf582d312348ff0984266ce16cb2d9,text,delivered,2026-02-20 10:04:56,
004e599d-78e7-4124-bf4d-6c86a9a9e34d,2026-03-23,msg_00071,U3bae1603803a839c0cb52f511d9cb8f6,Ue4314b954e0f1c96c03845437f7efa20,imagemap,clicked,2026-03-23 19:24:36,https://example-saas.jp/campaign/spring
c0391f43-e678-44e6-bf36-319e9d363888,2026-03-11,msg_00067,U7e808d11d6f9901a954a542a7ee09918,U3e12aa97e311e15229053c73f911178c,video,clicked,2026-03-11 12:40:36,https://example-saas.jp/campaign/spring
44dcd2c9-6954-4e83-80cd-389e6f054971,2025-11-16,msg_00011,U837b70463a585f85743b5bfb3b49c9fd,U5089f47d0b58627e3390de20e1b12fb4,flex,opened,2025-11-16 23:23:19,
d32216e7-effc-4173-ae95-35bb8db626e2,2026-01-01,msg_00027,U4784fc8a8e1e4eb2435ad84e0ad052f2,U47ab9bc199f2e6e497695d35bf2b03c7,image,opened,2026-01-01 15:03:12,
64948f45-c7ec-49e9-bd34-1092d61cd80a,2026-01-26,msg_00005,Ub0341314a5534ea92b26fa8adc30543f,U4c165a9dbcc84b3809f69b0a2a3e325c,image,delivered,2026-01-26 11:37:18,
0ec83e80-80e2-4fb4-a63d-e29cc319b89a,2025-12-12,msg_00004,Ub0341314a5534ea92b26fa8adc30543f,U53a799aaad3caf8e61432985f593c8ca,video,opened,2025-12-12 19:38:52,
accb2d19-20e9-46ca-aae9-cc2bc95ba8bb,2025-11-17,msg_00099,U3bae1603803a839c0cb52f511d9cb8f6,d1d45c2c8f977925d7d3d972ee87fc4b,text,delivered,2025-11-17 11:04:08,
9d2bbaf3-ef2c-46b9-b0cc-e2760ef6449a,2025-12-18,msg_00070,Ue9a1e8a5b83a6b296d43c957a8cfba4a,U4660f452973e3185ea20ffab0c06daea,imagemap,opened,2025-12-18 13:27:17,
d11e0472-e259-41c4-875a-6328d4b083d1,2026-03-14,msg_00009,U743849e63f8101ac616f8fd0ba84a167,2afbe6242c7fc6d07b7a7c8963c1e07e,imagemap,delivered,2026-03-14 02:45:48,
f9f8a45e-9cf1-41f3-b934-c1937a9e8b65,2026-01-26,msg_00005,Ub0341314a5534ea92b26fa8adc30543f,U34cb5b9cfd089193894a1062fc82b912,image,opened,2026-01-26 17:00:48,
cc25c0b6-6aee-469f-a63a-ee5aee9c3f73,2026-01-18,msg_00102,U227d1cd1a801c367de206ec4bbca7330,U82d3978f514ba38bd0d606674cbf2334,video,opened,2026-01-18 17:02:01,
412fcf38-4643-4ee9-8126-3aabee9a8de3,2025-12-19,msg_00064,Ub0341314a5534ea92b26fa8adc30543f,U422dddb394cdcc97a2584c54839f005f,image,delivered,2025-12-19 09:01:04,
4d460e14-0eae-4b51-89e9-992e4ba98e90,2025-11-25,msg_00043,U3e5dd3a641c58ad50e49f095c6f1e306,U916ac3fe65eb925a352776afbf979e2b,flex,opened,2025-11-25 19:18:44,
872ddbc8-4405-4ec0-9e47-91239ad68e48,2025-11-22,msg_00047,Ue7310890b01058478be93761a56d0aa0,Uc718195889b90a485dc20c9205468459,video,clicked,2025-11-22 23:36:23,https://example-saas.jp/lp/newmenu
a992d208-1c1f-463d-8934-62f65eda7919,2026-01-20,msg_00108,Ub0341314a5534ea92b26fa8adc30543f,U75072747e292833228a1a63bf77bfae8,flex,opened,2026-01-20 13:40:06,
0c3c4003-4210-43da-a3e0-d8dbf88cf419,2026-03-21,msg_00023,U743849e63f8101ac616f8fd0ba84a167,Uf255337b5c5d036467f29092398d0362,imagemap,delivered,2026-03-21 10:50:58,
7af0066f-74f6-447c-af9b-3076b644fb90,2026-03-27,msg_00096,U476acbdef8e9a16d24575e4f6d7b0f31,Ua529f396c1437e098c59f3f49d250d63,imagemap,clicked,2026-03-27 02:55:22,https://example-saas.jp/coupon/500off
92e63c4c-cdeb-4865-bc0e-78dbee0d891c,2026-02-15,msg_00006,U743849e63f8101ac616f8fd0ba84a167,U5803423468c9569252a47b97ede00099,flex,clicked,2026-02-15 03:24:30,https://example-saas.jp/lp/newmenu
e37de4ab-f980-4b01-9faf-aa9792b2cf65,2025-12-23,msg_00061,Ub0341314a5534ea92b26fa8adc30543f,U4c4dd4ec590318a7a7a32de480120ad4,imagemap,delivered,2025-12-23 13:28:29,
0cc56ecd-227d-4e58-b7ec-c62632f2e9a1,2025-11-30,msg_00025,Ub0341314a5534ea92b26fa8adc30543f,Ub4bd976535f380894725bddf2c9c9eaa,imagemap,opened,2025-11-30 01:51:42,
5e70728e-8387-48f4-80da-8b8d6c8e3f41,2026-02-25,msg_00008,Ub0341314a5534ea92b26fa8adc30543f,Ubb895fc054ec3934c2278fe6e8235f90,image,delivered,2026-02-25 21:32:06,
a3efb51a-11ce-4e60-b114-67527aea6cfc,2026-01-20,msg_00108,Ub0341314a5534ea92b26fa8adc30543f,U5a99b387f5e3fa38818be4135cee5d88,flex,delivered,2026-01-20 09:59:00,
dee18c03-6332-4fc6-92c2-bb39ba5ae322,2026-01-01,msg_00027,U4784fc8a8e1e4eb2435ad84e0ad052f2,U871aea226c527ed8cd2d60631f01e0f0,image,delivered,2025-12-31 08:50:27,
1a1bab4e-1453-4fff-a744-07e4fb8af370,2026-03-31,msg_00046,U4784fc8a8e1e4eb2435ad84e0ad052f2,U2b67cd4ee7dd4893f92a8e496e38a949,flex,delivered,2026-03-31 13:48:16,
cf18212d-8255-4e79-a3d1-c8844ce6f4cd,2026-03-03,msg_00093,U743849e63f8101ac616f8fd0ba84a167,U90215b035bd5196a47bebba98eefe050,imagemap,clicked,2026-03-03 16:11:22,https://example-saas.jp/lp/newmenu
64f05245-bbdb-490c-b014-3c3a1bcb2dc0,2026-04-01,msg_00072,U4784fc8a8e1e4eb2435ad84e0ad052f2,U34a6d6a3d2039cb3151ff6be65eb7ddd,image,delivered,2026-04-01 23:57:43,
7a0d2f18-125a-4455-b2ca-9ea398ab429e,2026-03-04,msg_00056,U1ca413826b7044d134c9c3132420c9de,U26c412444330ff13330a31f905b025a5,text,delivered,2026-03-04 02:03:46,
e9d6abbe-4014-4e3b-8fc8-859dbeece0e6,2026-01-10,msg_00044,U30ad60bba5da9837ca5dd0230ca8f531,Uaa168fa05210b4f776d1c234985cb165,video,opened,2026-01-10 08:02:48,
ffbd7776-9072-4036-8519-1b2371d84e45,2026-02-20,msg_00048,Ue7310890b01058478be93761a56d0aa0,Ub38e09d12f94fa50bcb2291ef8ca5ddb,flex,delivered,2026-02-20 08:15:46,
f3905390-42ea-4178-bf63-f5a4dfe9068e,2026-03-05,msg_00014,U3bae1603803a839c0cb52f511d9cb8f6,Ub36320aed8daeb7039ba6995ad2a3912,flex,opened,2026-03-05 12:36:53,
918b21c6-7d19-44ef-8961-e4caf1ecae83,2026-01-24,msg_00113,Ub0341314a5534ea92b26fa8adc30543f,U500f26ad24d11838538cab8a35ce6a2f,text,clicked,2026-01-24 15:27:20,
5181f0b5-252f-44b1-bc07-5db4c3c6e307,2025-11-23,msg_00053,U743849e63f8101ac616f8fd0ba84a167,Uf96d2480bcb5a91a244e7a50275a0f55,video,delivered,2025-11-23 20:38:00,
3be6b05e-ff88-4d9a-9c76-9142af2e9418,2026-01-20,msg_00108,Ub0341314a5534ea92b26fa8adc30543f,Ub77f44b1838f8a16aa3f4bce40760b99,flex,delivered,2026-01-20 21:10:49,
a5baae19-dc72-4386-9f48-fd2a1829a354,2025-12-17,msg_00032,U3bae1603803a839c0cb52f511d9cb8f6,U3d99cff413dd8c2b3196c381f91ba5c3,video,delivered,2025-12-17 15:08:16,
23842f67-bcb9-4d18-b59e-25ba075124f3,2025-12-17,msg_00032,U3bae1603803a839c0cb52f511d9cb8f6,U5f4483f74c8bfaad7dd4faf8678fd1d3,video,delivered,2025-12-17 07:05:36,
8f44a187-e522-4800-85e0-1548cb23388f,2026-01-26,msg_00063,Ub0341314a5534ea92b26fa8adc30543f,U77fbb44ef0d17badb1a741112de63c02,imagemap,clicked,2026-01-26 12:26:25,https://example-saas.jp/campaign/spring
dfc523bb-12c1-49f9-af13-4304b4f3d5d8,2026-03-21,msg_00023,U743849e63f8101ac616f8fd0ba84a167,U89c52cde7f58affc81f8a73b3752260f,imagemap,opened,2026-03-21 01:36:29,
8b7b6885-1a99-4bd0-86a8-30be001a63e9,2026-04-04,msg_00049,U476acbdef8e9a16d24575e4f6d7b0f31,Ud61c72cad783f574210d480fbff62e89,text,delivered,2026-04-04 19:05:27,
39fc3ef9-0a51-477b-a18a-f3e41e1b5409,2025-12-12,msg_00004,Ub0341314a5534ea92b26fa8adc30543f,Udb22fb861aa0c8bd00591cebcd411106,video,delivered,2025-12-12 05:17:07,
f8f89cda-7a33-41c4-b645-a6bf04f88367,2026-04-04,msg_00100,U743849e63f8101ac616f8fd0ba84a167,U412ae27d4b6ccf7ac16c4fe9ea548b6a,image,opened,2026-04-04 12:13:20,
dcc35727-9bea-4fd2-aec5-f812f9f15fdf,2026-01-26,msg_00103,U3bae1603803a839c0cb52f511d9cb8f6,Ue48f1fee269f9b561844dd7d691897cb,flex,opened,2026-01-26 02:43:22,
0f090723-c2c4-4590-a107-c6187dcf992e,2026-01-08,msg_00101,U3bae1603803a839c0cb52f511d9cb8f6,Uaec49c237a1701fd7b8f0709589ca8f5,text,CLICK,2026-01-08 07:44:37,https://example-saas.jp/coupon/500off
4efd096d-df15-4898-9ff3-4f1ccb6af364,2026-03-22,msg_00119,U3bae1603803a839c0cb52f511d9cb8f6,Uc04bdae555d9ac1e9beec31d2bf287b6,imagemap,delivered,2026-03-22 11:37:19,
61fe2615-ded4-445b-bea0-614637c709bc,2026-02-19,msg_00016,U837b70463a585f85743b5bfb3b49c9fd,U9192d993fc8f5ec80dfb6151eb136822,flex,delivered,2026-02-19 09:42:17,
3ea4040e-33d2-4c06-8a3b-cb965044304d,2026-03-21,msg_00023,U743849e63f8101ac616f8fd0ba84a167,Ud90360e5ae4001930042ff1e25dd1cea,imagemap,opened,2026-03-21 20:25:31,
70419eb0-8a9f-45f0-98a3-405f28109c21,2025-11-21,msg_00010,Ue7310890b01058478be93761a56d0aa0,U7f182ad0fe81b76ec8c3aeb03ec007f0,imagemap,delivered,2025-11-21 08:56:01,
5b2f74c5-7711-4733-a731-9fedc83e8f95,2025-12-08,msg_00015,Ub0341314a5534ea92b26fa8adc30543f,Ue578d85e1d54b40be51a52fcd07cad75,text,opened,2025-12-08 04:53:46,
8e9ca381-7038-4f4c-ac3c-07e85e007bf0,2026-02-20,msg_00048,Ue7310890b01058478be93761a56d0aa0,Uf86f1a338451d67405343b59ecc622a4,flex,opened,2026-02-20 09:48:12,
9fc8e140-1348-408b-89d4-b3d56030e75b,2026-01-20,msg_00026,Ud4a92c8c8050eed40ef171cc2784d638,4a750efca79bf8d7da039dda73119f26,imagemap,opened,2026-01-20 17:42:35,
6358b0ee-c41b-4733-8bc2-f00be7bc1068,2026-03-04,msg_00056,U1ca413826b7044d134c9c3132420c9de,U6f7750d5575766a372c949be571c43fa,text,delivered,2026-03-04 21:59:06,
cb261419-56dc-4f6f-9aad-561872af51eb,2025-11-30,msg_00025,Ub0341314a5534ea92b26fa8adc30543f,U3f1f04d8c22ead361a807e03b4730a0f,imagemap,delivered,2025-11-30 05:33:59,
fb67ed22-59b5-41ad-bec6-f04973587be1,2025-12-09,msg_00069,Uc20f9c7e9b662bedec3cb78e127885c7,58a6fda00fe5d06a078731439aa2ba81,imagemap,delivered,2025-12-09 21:41:45,
5fd52b8d-ce52-4693-ad41-326d0987be1d,2025-11-21,msg_00010,Ue7310890b01058478be93761a56d0aa0,Ude4045e606ba3f91db609c7090601830,imagemap,delivered,2025-11-21 07:17:55,
6fc3fb96-f520-4ad2-a98c-9f0f8a63dde4,2026-03-22,msg_00119,U3bae1603803a839c0cb52f511d9cb8f6,U68e86b9e12667b04caa6e6b42ed8e196,imagemap,delivered,2026-03-22 05:41:58,
9f7724e1-4244-4760-854b-cd82236b0822,2025-11-27,msg_00018,U3e5dd3a641c58ad50e49f095c6f1e306,U8ca2ba31ad63a3939caf1724fc899564,imagemap,delivered,2025-11-27 10:08:49,
ed25134b-51fd-4779-80ef-e61ef9ba1951,2026-01-14,msg_00081,Ue7310890b01058478be93761a56d0aa0,Ub012523060e59d0bd7a73fdd85924af0,video,opened,2026-01-14 04:11:03,
25de8e08-4d94-406c-8715-b03f28b91959,2026-01-29,msg_00031,U3bae1603803a839c0cb52f511d9cb8f6,Ufb0ba810b5959dcb861541d2e7a894bc,video,delivered,2026-01-29 16:12:52,
570f7284-6716-4afd-bb41-17aab7d04244,2025-12-19,msg_00064,Ub0341314a5534ea92b26fa8adc30543f,Ud2f79634432d61972bb23da4cb001931,image,delivered,2025-12-19 23:37:17,
228081ba-815e-4cb2-ba2e-11da88fe2d55,2026-03-20,msg_00092,U743849e63f8101ac616f8fd0ba84a167,Ubbf3ad08e9f179e65af1a6e2db99ea32,video,opened,2026-03-20 00:22:44,
bffc712b-d716-4d74-808c-768119675132,2026-04-05,msg_00054,U3bae1603803a839c0cb52f511d9cb8f6,U29fae62bf9c77a26bbab50abc5413621,image,delivered,2026-04-05 09:49:21,
31ea6021-caa6-4b02-9773-eb32612179bb,2025-12-18,msg_00114,Ub0341314a5534ea92b26fa8adc30543f,1c523bc954b327500741cf190c78bb52,flex,clicked,2025-12-18 02:37:31,https://example-saas.jp/survey
11d9f5b0-177d-4e9a-bf0e-3ec062c82137,2026-03-16,msg_00002,U3bae1603803a839c0cb52f511d9cb8f6,U338293b4b9a4605b36a1b1860e4d3ec3,text,delivered,2026-03-16 17:23:49,
f0fddf60-b3c8-489a-aff3-3ba59a6231b3,2025-11-19,msg_00019,U743849e63f8101ac616f8fd0ba84a167,Uedd34b134b81fd35d5dd235333244cc8,flex,opened,2025-11-19 11:03:58,
7d7e3930-8e2a-49a3-9953-77ae07d5a4df,2026-04-12,msg_00120,U227d1cd1a801c367de206ec4bbca7330,Uda32b2ab30ac4a3bdeae9aef4a1a6a5d,text,delivered,2026-04-12 12:10:38,
3ab378f7-e8d6-4331-9576-acb02e15ffcd,2025-11-30,msg_00025,Ub0341314a5534ea92b26fa8adc30543f,U1375016c56da32170553976ec24fe8ce,imagemap,delivered,2025-11-30 10:30:12,
85a42067-b676-45af-aaae-49391e732e89,2026-01-29,msg_00031,U3bae1603803a839c0cb52f511d9cb8f6,U89ca7c13a9cc60f48f99d80a42dbd740,video,clicked,2026-01-29 07:36:21,https://example-saas.jp/coupon/500off
6233526f-f552-4546-9576-9e2a996e5a92,2026-01-26,msg_00063,Ub0341314a5534ea92b26fa8adc30543f,U26b7ed059ecbbc61d0fa4c003d6d59ca,imagemap,clicked,2026-01-26 21:28:49,https://example-saas.jp/campaign/spring
61e5d0e2-5136-4223-ae01-e425330d0af1,2026-01-20,msg_00108,Ub0341314a5534ea92b26fa8adc30543f,3acdc708490669d55de02bde3bed9780,flex,delivered,2026-01-20 20:13:07,
6fd149a6-8c98-4cf4-ba18-2c4d3722db28,2026-03-16,msg_00002,U3bae1603803a839c0cb52f511d9cb8f6,U072d4a4625e349253957712fabdc9c4e,text,opened,2026-03-16 11:04:05,
47dd87b2-86a4-42fe-802d-35c5e91398f3,2025-11-17,msg_00034,U743849e63f8101ac616f8fd0ba84a167,Ud08462df8d605283bd7cf31b1728e51f,text,opened,2025-11-17 23:17:42,
63ae23e7-7cea-4f18-a824-71c22aafca0a,2025-12-22,msg_00013,Ub0341314a5534ea92b26fa8adc30543f,U1e8651e9e847daf780c773a025860b80,image,delivered,2025-12-22 14:03:06,
bbad91cd-a4d7-41c6-9903-9926c7189404,2026-04-10,msg_00101,U743849e63f8101ac616f8fd0ba84a167,U64bd62c5b3ff496b17c15f56c7691be5,imagemap,failed,2026-04-10 14:29:52,
bf45281a-d0ab-4f13-b695-05f29a5b487b,2025-12-19,msg_00064,Ub0341314a5534ea92b26fa8adc30543f,U909802ce922fa80920d591c891c70a84,image,delivered,2025-12-19 00:12:11,
fe461c6c-f773-4c53-87ce-066f24f05dbf,2025-12-07,msg_00003,U227d1cd1a801c367de206ec4bbca7330,U3328236c59fe209f941785fde6e2b874,image,delivered,2025-12-07 14:03:43,
aacac500-3f7b-4c26-97ba-05080ae1814b,2026-03-11,msg_00067,U7e808d11d6f9901a954a542a7ee09918,bb1d0489e8ef11dac689eae073c1607f,video,opened,2026-03-11 00:44:16,
66337b22-2f6f-4053-8c00-db5ed59af725,2025-12-23,msg_00109,Ue7310890b01058478be93761a56d0aa0,54ee9fc40c2622da58634937051e6b5b,text,delivered,2025-12-23 16:19:32,
3ea06be8-2a1f-4bbc-be96-5889a4f64e3f,2026-03-22,msg_00119,U3bae1603803a839c0cb52f511d9cb8f6,U22acf9bbebc40f0a0f7eab2b359826ab,imagemap,delivered,2026-03-22 03:35:28,
173a45e0-8231-4713-bb9b-4dc8e0479d64,2026-03-08,msg_00112,U3bae1603803a839c0cb52f511d9cb8f6,Ue1e4ab562dac388405507a97462854b6,image,opened,2026-03-08 02:40:45,
e8bdb116-662b-4481-89b6-c7160dd8f4af,2026-04-08,msg_00078,Ud4a92c8c8050eed40ef171cc2784d638,Udf5d8972e52e5e46cb9cc4c9d7804025,image,delivered,2026-04-08 23:29:15,
cc56370d-c9a8-40eb-9c40-f06c83a9dfb0,2026-02-15,msg_00087,U3bae1603803a839c0cb52f511d9cb8f6,U8211f2cd6a881b75700bfe1e95361fef,imagemap,delivered,2026-02-15 09:03:03,
473cf847-1a49-418e-93b7-926d357d8685,2025-12-09,msg_00059,U3bae1603803a839c0cb52f511d9cb8f6,Uff3a132342598890773d46afc609ec80,imagemap,delivered,2025-12-09 14:07:07,
a8303d8a-d2cf-41bc-a0a0-3e0c93730cf1,2025-12-24,msg_00062,Ub0341314a5534ea92b26fa8adc30543f,8c2583a270dcf692a43d63d8a75aa67c,video,delivered,2025-12-24 00:41:52,
55c7b9ef-143b-4457-8019-c360c705e667,2026-04-08,msg_00041,Ue7310890b01058478be93761a56d0aa0,Ud25600be477392777a022d6305360641,text,delivered,2026-04-08 07:54:49,
8772c9ff-8302-4b6f-95dd-37c2006cd883,2026-02-15,msg_00087,U3bae1603803a839c0cb52f511d9cb8f6,U4c7ff4efe57e2321249691b5164beae4,imagemap,delivered,2026-02-15 09:41:38,
cba2779a-86a7-4a2a-bfdb-0d21858f868e,2026-02-10,msg_00058,Ue9a1e8a5b83a6b296d43c957a8cfba4a,U7b1b865643cf7a2fa5cadd379c94322d,video,opened,2026-02-10 18:07:02,
8e0b7fd3-ffb1-4eab-96d4-b7e26ba54001,2026-01-24,msg_00066,U3bae1603803a839c0cb52f511d9cb8f6,d8dc2d3a6611d839f189fd80ddd839a5,image,delivered,2026-01-24 12:58:08,
1fb28bfd-77d7-4b9d-957e-a90109ebee64,2025-12-24,msg_00091,U3bae1603803a839c0cb52f511d9cb8f6,U4531a7c46ab6e519c58b7e02385f83f3,imagemap,delivered,2025-12-24 05:59:48,
3bce80c5-67c8-4970-8735-aff6d78716f6,2026-04-10,msg_00101,U743849e63f8101ac616f8fd0ba84a167,Ue306706d98ca8b36309c74e5ab5391e7,imagemap,delivered,2026-04-10 06:24:23,
4fb9a248-d65d-4a5f-ae13-878dddb7710b,2026-03-05,msg_00014,U3bae1603803a839c0cb52f511d9cb8f6,U8341766281b2f555718face59d4a2018,flex,clicked,2026-03-05 10:13:26,https://example-saas.jp/lp/newmenu
92e3f300-9f75-46d4-9a9f-d4f33cae5a27,2026-01-09,msg_00052,U743849e63f8101ac616f8fd0ba84a167,U877be98147e33c95950d04477710d0ae,video,delivered,2026-01-09 13:58:45,
976690b8-7696-4d78-a8d2-a0923f19336a,2025-12-14,msg_00085,U743849e63f8101ac616f8fd0ba84a167,Ub555287bc8b23fe1072fa837e06a652b,image,opened,2025-12-14 02:25:06,
b2917afc-9791-45ed-b233-60d805a4410c,2026-04-04,msg_00049,U476acbdef8e9a16d24575e4f6d7b0f31,Uf4d387e40e8fc00b40db5f66c18ead9a,text,delivered,2026-04-04 17:00:42,
008899fa-1cb8-4661-ac7a-485fa939275c,2026-04-01,msg_00072,U4784fc8a8e1e4eb2435ad84e0ad052f2,U3f67976edbcda95a8e74575344f40ea8,image,delivered,2026-04-01 16:00:02,
2ba205de-6997-4a56-8d2b-aa1f23456066,2025-12-17,msg_00032,U3bae1603803a839c0cb52f511d9cb8f6,Uacf632ad6ecde21af5475be2fab4e63c,video,opened,2025-12-17 05:04:39,
a82da3af-4ec2-47c9-8dcf-b2c670d7dd10,2026-02-20,msg_00036,U879eb903ad90cd9c2874f6df7651267a,Ufa6bd061a60126500179e81644978adf,video,delivered,2026-02-20 17:49:32,
b8990fdf-bc1f-4159-9060-9b0454ec42bd,2026-03-21,msg_00023,U743849e63f8101ac616f8fd0ba84a167,Uc5dc19d41d85ea17c8a7c1b33c1dbb89,imagemap,delivered,2026-03-21 23:11:24,
f2959e36-b43e-4628-b5d3-941768767e6b,2026-01-30,msg_00050,U3e5dd3a641c58ad50e49f095c6f1e306,Ud0434492f0d15b1b2484df553e8ad5e4,image,delivered,2026-01-30 00:34:03,
841aae55-cf76-416a-93d9-41705c62507c,2025-12-19,msg_00118,U4784fc8a8e1e4eb2435ad84e0ad052f2,66fdd82b798499de8a8c5e5754629a54,image,opened,2025-12-19 09:22:02,
ae223d04-dc41-4e02-88c2-1b514ec9c4b2,2026-02-08,msg_00051,U3bae1603803a839c0cb52f511d9cb8f6,U59ba78c5ef5ffb3700e4c6f2f1af38a2,image,delivered,2026-02-08 05:09:51,
cab00e3e-a9d1-404d-b9b8-55addc78ee04,2026-03-31,msg_00046,U4784fc8a8e1e4eb2435ad84e0ad052f2,Ubdd926f500a718c1b09c856f0383cbbb,flex,delivered,2026-03-31 16:07:23,
94f7332b-f8fb-4eeb-b75e-7d85d36457b0,2026-03-08,msg_00112,U3bae1603803a839c0cb52f511d9cb8f6,U4b3c03480387fc3bb44d1b586df85837,image,delivered,2026-03-08 07:32:28,
5e850dcb-accb-428b-89e0-a1549dc9f5d2,2026-01-26,msg_00086,U4784fc8a8e1e4eb2435ad84e0ad052f2,U12a1025c2022f9a3e08e10fef20d528c,text,opened,2026-01-26 11:38:17,
2375ba16-8270-42f1-a724-197267890f75,2025-12-19,msg_00118,U4784fc8a8e1e4eb2435ad84e0ad052f2,U6d4acb0d7d3481aeb9128e5dc4d76919,image,delivered,2025-12-19 00:32:36,
6013880f-8aaf-433c-a56e-9bfcc8beb67c,2026-02-20,msg_00036,U879eb903ad90cd9c2874f6df7651267a,U5123cc07cc92a4408af5104ac451f8f0,video,delivered,2026-02-20 18:34:08,
ec90722a-9b56-44d3-b66b-f69b68a170d6,2026-01-10,msg_00044,U30ad60bba5da9837ca5dd0230ca8f531,U36435df5a6d0396f9f22dfa26927b203,video,delivered,2026-01-10 15:26:58,
49c561a4-67e4-4486-a402-cd3d541aa449,2026-03-04,msg_00056,U1ca413826b7044d134c9c3132420c9de,U755e4a06ae681ecb8d49067d48c48b10,text,delivered,2026-03-04 08:24:38,
fc5253df-63b5-4e68-a33d-559895be9146,2025-12-22,msg_00013,Ub0341314a5534ea92b26fa8adc30543f,U4dc5b48c91a31c4f325c3f812b669e55,image,delivered,2025-12-22 07:49:12,
e0fb6d0a-469f-4dbd-b8ab-c34f81be83cf,2026-02-05,msg_00107,U3bae1603803a839c0cb52f511d9cb8f6,U4d483a1d58938ca459f0ac9355df0d01,text,opened,2026-02-05 23:22:38,
4e2f0607-22bd-40b5-9fa5-d1865881580c,2026-04-05,msg_00054,U3bae1603803a839c0cb52f511d9cb8f6,U7e252aa88ca3d1cfe6b1770e9b03d2e2,image,delivered,2026-04-05 13:05:11,
1baa25ef-5442-4641-9c7a-8d71b2c40973,2026-01-24,msg_00066,U3bae1603803a839c0cb52f511d9cb8f6,U2985db649138af94325b13f7239babce,image,delivered,2026-01-24 07:29:23,
6aee7f73-a239-4d43-a6df-d770078368bf,2026-03-05,msg_00014,U3bae1603803a839c0cb52f511d9cb8f6,U52f1894a6550a32744284dd9b7f98cd2,flex,delivered,2026-03-05 08:56:53,
a696e657-71f5-42dd-8dc9-a9c09a6bb14f,2026-03-22,msg_00119,U3bae1603803a839c0cb52f511d9cb8f6,Uf14de37ba05809111ba4e1601c3f2a5f,imagemap,opened,2026-03-22 19:22:51,
f2e07a77-2191-4503-b281-60bc3db2d26a,2025-12-15,msg_00030,U3bae1603803a839c0cb52f511d9cb8f6,U76c0335356d31c754146bc2cad266589,video,delivered,2025-12-15 19:19:30,
ef65d98e-a110-47e1-b560-5f9f01afcb8c,2026-03-16,msg_00002,U3bae1603803a839c0cb52f511d9cb8f6,ba015a9037902999ce9773dc3f0ac117,text,delivered,2026-03-16 14:28:23,
cc8ab9b1-df3d-449a-9317-263db0b0fa5d,2025-11-16,msg_00020,U3bae1603803a839c0cb52f511d9cb8f6,Ufeb89011bc2dfcbdc7cc81d199467ce5,text,delivered,2025-11-16 01:12:40,
ffca4fe2-6fab-4186-9c98-3d9081b9a0ea,2026-01-26,msg_00063,Ub0341314a5534ea92b26fa8adc30543f,Uac4d19e75caff1c7a32aa36a8bc86d17,imagemap,delivered,2026-01-26 23:34:44,
c91563a4-3298-4540-8589-5769e118512f,2026-03-11,msg_00104,Ub0341314a5534ea92b26fa8adc30543f,Ude35c1f33130da66cc2e45eede7a4b40,image,delivered,2026-03-11 13:40:24,
b6292ef7-ea4c-4b77-a4bf-af90c96c1a0f,2025-11-24,msg_00033,U3bae1603803a839c0cb52f511d9cb8f6,Ua05be323e111c0b5c1fe0805835d8a55,text,opened,2025-11-24 20:56:29,
dda7de4a-c831-4b60-a701-6a5a3a8162ee,2025-12-21,msg_00022,U3bae1603803a839c0cb52f511d9cb8f6,U2bab36158919f202723c4462b9f513c9,video,clicked,2025-12-21 08:14:59,https://example-saas.jp/campaign/spring
e29a1f85-14ac-41d2-880a-168f4d52eed0,2026-03-30,msg_00076,U743849e63f8101ac616f8fd0ba84a167,Ub928bdc0246b22aca0a2db17c6ab9a41,image,opened,2026-03-30 05:31:56,
1927f0c3-3290-4e61-be0f-aee4453444ab,2025-12-03,msg_00012,U743849e63f8101ac616f8fd0ba84a167,a380c1a04e75bc857e41f9d23ca9ea76,imagemap,delivered,2025-12-03 06:26:08,
9f9d8d97-8689-4134-a154-c6a42234e770,2026-03-22,msg_00119,U3bae1603803a839c0cb52f511d9cb8f6,Uecf4658c27bb9a9f553229a11e4cb225,imagemap,opened,2026-03-22 18:42:53,
9d0c45fc-46e9-4efd-aabe-31b398e87f1e,2026-02-14,msg_00098,U743849e63f8101ac616f8fd0ba84a167,U31b1f9a5314126997d84d53de3c477ac,imagemap,delivered,2026-02-14 15:43:16,
c6181198-ce25-4911-bb7d-e6d78f0c6ba7,2025-12-25,msg_00077,U743849e63f8101ac616f8fd0ba84a167,13d615f4d80e762c6314047c7712d6f0,text,delivered,2025-12-25 03:34:06,
eb6ba79c-46dd-45b6-befa-829d96d99839,2026-02-24,msg_00039,U743849e63f8101ac616f8fd0ba84a167,U4da9759f78a40a76aedb9c1bf2484bcd,flex,delivered,2026-02-24 21:59:45,
ad781dab-fbf3-4e94-b08b-b9f01e200f25,2026-01-09,msg_00052,U743849e63f8101ac616f8fd0ba84a167,125f8e279994c5b55e4a79cacbbda188,video,opened,2026-01-09 04:42:21,
5ba51fcb-8bbf-4a73-8bec-714f6766404b,2026-03-12,msg_00084,U68d2301028fb66b51d9111f1af067e34,Uad3d6ca6e10a3aea8b6c270c6b235fb9,video,opened,2026-03-12 15:42:05,
0ab5a119-c624-4acd-85d4-9cdaac569460,2026-02-28,msg_00117,U743849e63f8101ac616f8fd0ba84a167,Uadea106a352bbdd05794c875a276d144,video,delivered,2026-02-28 04:10:20,
46ddefd1-7455-4c4c-a476-24f7d44cbceb,2026-02-09,msg_00083,U3bae1603803a839c0cb52f511d9cb8f6,a203bff32f431887eee53d6898747715,flex,clicked,2026-02-09 23:33:22,https://example-saas.jp/coupon/500off
c8315c5b-6bcf-4bb6-8a20-26155745bb74,2026-02-14,msg_00098,U743849e63f8101ac616f8fd0ba84a167,Uc8b462a26d126823ab7939374bc9c3b8,imagemap,opened,2026-02-14 17:04:35,
000256d8-6a5e-4ee5-9aed-b678a7d857d5,2026-02-15,msg_00089,U3bae1603803a839c0cb52f511d9cb8f6,3091d8e623482c1c3d5052709ab455bf,text,failed,2026-02-15 07:50:09,
eb6586ab-23b9-4158-ac04-acb3ff80fa7a,2026-02-14,msg_00098,U743849e63f8101ac616f8fd0ba84a167,U4421e64d8cc28bbbef1f5b8a72ba0702,imagemap,delivered,2026-02-14 01:15:26,
89866c57-29c3-4608-b295-bdce5594dd4a,2025-11-27,msg_00018,U3e5dd3a641c58ad50e49f095c6f1e306,U5e29fef492161293c1773719f4f3bb82,imagemap,opened,2025-11-27 16:03:32,
fb56056a-7a58-4eb1-89ad-6c190128b771,2026-01-26,msg_00063,Ub0341314a5534ea92b26fa8adc30543f,c91054b2dd01eb50f30e515d7f8b86d6,imagemap,delivered,2026-01-26 23:26:53,
b8ab7c28-376f-4ecd-8b59-134563f6042a,2025-11-23,msg_00024,Ue8d9224ecde331ce692edfce0b5ecdc4,Ud772d7063dfffe5c112818f63df78553,text,opened,2025-11-23 13:41:17,
7ff86bc9-9a3a-4cfa-8d31-8e8e84fb2ea2,2026-01-26,msg_00086,U4784fc8a8e1e4eb2435ad84e0ad052f2,U607a4ad2e8530855f41874f24d21419e,text,delivered,2026-01-26 23:21:31,
6b2601d1-47c7-4e87-81be-ef6cf0a1268e,2026-02-08,msg_00051,U3bae1603803a839c0cb52f511d9cb8f6,U0c2686d1c52e07e2771d33898e349ec4,image,clicked,2026-02-08 13:23:20,https://example-saas.jp/coupon/500off
dae94346-804a-4798-abec-ce00c7be8b54,2026-02-05,msg_00107,U3bae1603803a839c0cb52f511d9cb8f6,Udf0a2bde726298b2edb73623e0564b11,text,opened,2026-02-05 10:04:36,
504f944e-9a4a-43ee-987f-5c1dc23bdc6e,2025-12-07,msg_00003,U227d1cd1a801c367de206ec4bbca7330,324d216dfc40b2c155c67ab498ab1b14,image,delivered,2025-12-07 14:19:36,
cc860a90-3532-42c7-b9e8-24f79a86c540,2026-02-15,msg_00089,U3bae1603803a839c0cb52f511d9cb8f6,U333cb3f97a18942c6e56c59a49965e43,text,opened,2026-02-15 09:00:11,
b79ec12e-1e5a-425e-bef3-ca52e1f55cb0,2026-01-18,msg_00102,U227d1cd1a801c367de206ec4bbca7330,Ua5d6f332bdbcb81baba783583822f112,video,opened,2026-01-18 07:38:32,
7a874bee-e4c7-46ef-ab70-ab892f798250,2026-01-31,msg_00035,U7e808d11d6f9901a954a542a7ee09918,Ufa88202bfb0033a988587a18bb5b0cd9,text,delivered,2026-01-31 01:31:27,
6ff79fd4-ca4f-4745-a0d8-fdb6705e9c57,2026-03-06,msg_00055,U3bae1603803a839c0cb52f511d9cb8f6,U0d929f3736a3df11c2b4bb0aa3df7e1a,flex,delivered,2026-03-02 11:45:53,
ee7b585b-0571-484c-9ee3-ede26b8ecfb7,2026-01-26,msg_00005,Ub0341314a5534ea92b26fa8adc30543f,U4f70cea89349cccebcda241ff1057195,image,clicked,2026-01-26 23:43:09,https://example-saas.jp/survey
abeee416-c6c2-4072-a1d3-dd99adf001bc,2026-02-20,msg_00036,U879eb903ad90cd9c2874f6df7651267a,U24ba8704135e00deaec5ec85b8550e3c,video,delivered,2026-02-20 14:47:33,
199025d6-f398-4f1d-9718-73575db71e8d,2026-01-17,msg_00037,U7e808d11d6f9901a954a542a7ee09918,U4e04f16c3825c5f088c8eb6eecb64a9b,text,opened,2026-01-17 22:25:11,
1df06a13-2b45-44e2-b3db-66e570d71501,2026-03-04,msg_00056,U1ca413826b7044d134c9c3132420c9de,Ud3e71036ab1cf3194f93af0aaa5a0406,text,clicked,2026-03-04 13:19:18,https://example-saas.jp/lp/newmenu
bec263d1-1f64-4102-8184-7d5947282319,2026-02-20,msg_00048,Ue7310890b01058478be93761a56d0aa0,Ua7d03f413d6b99412e5b3d6c3ebc19a8,flex,opened,2026-02-20 04:14:37,
1c73e112-556d-44b8-9983-7a79f17c4a76,2026-03-20,msg_00092,U743849e63f8101ac616f8fd0ba84a167,U20e98c78b6415b3c73df188bafc3cf49,video,delivered,2026-03-20 20:58:02,
ac1c450a-4471-40d4-868d-ca59c927e90b,2026-03-20,msg_00092,U743849e63f8101ac616f8fd0ba84a167,U6c42ff07abdfcbae92e33456b1afaafa,video,opened,2026-03-20 07:44:01,
29705d31-c854-4e86-bd5b-de1244228d1e,2026-02-14,msg_00098,U743849e63f8101ac616f8fd0ba84a167,Ucf9405057ef897ce4d4cd645f0611a06,imagemap,delivered,2026-02-14 05:03:50,
47dc312f-0198-4658-b4f1-22dbf3900285,2026-03-20,msg_00106,U3bae1603803a839c0cb52f511d9cb8f6,U91e45caa972db2549a87997c9aa176e3,video,clicked,2026-03-20 00:36:29,https://example-saas.jp/coupon/500off
c08be296-1a80-42d7-86f8-0c8aa5751292,2026-03-16,msg_00047,U3bae1603803a839c0cb52f511d9cb8f6,U34191ef7c165f38152c046d50e45a382,image,delivered,2026-03-16 02:58:42,https://example-saas.jp/campaign/spring
ca23a6d7-41f7-4ce3-a243-dc76f5141c93,2026-02-10,msg_00058,Ue9a1e8a5b83a6b296d43c957a8cfba4a,U111bd09154391380df38b592eaf4b60a,video,delivered,2026-02-10 11:46:22,
1d3b96e6-fc52-47f5-b67a-502726409fad,2026-02-15,msg_00089,U3bae1603803a839c0cb52f511d9cb8f6,U742da838cd474451b1b540ce795278ce,text,delivered,2026-02-15 18:49:52,
3782d889-a0b0-44b2-bb95-0bd88e73185d,2026-01-14,msg_00081,Ue7310890b01058478be93761a56d0aa0,U66ba97482cb344f20aca4f86347e3ebc,video,delivered,2026-01-14 09:33:12,
710ead69-9a44-4bdc-8501-13abce586473,2026-03-30,msg_00076,U743849e63f8101ac616f8fd0ba84a167,U17c6263eb2884d4984e3b3cca6400e57,image,delivered,2026-03-30 18:51:14,
57b15eaf-6608-4e0e-91b1-1914ff8be8ff,2025-12-25,msg_00045,Ue7310890b01058478be93761a56d0aa0,Ue410395faf8dca35e04aa443e7f18c33,video,clicked,2025-12-25 08:31:01,https://example-saas.jp/campaign/spring
42971559-ba59-479e-927c-3a148d13b46f,2026-02-15,msg_00087,U3bae1603803a839c0cb52f511d9cb8f6,e68af1f1812650d126ac6ba38b7f55aa,imagemap,delivered,2026-02-15 08:08:11,
f4e0ab47-9eda-4b35-b33b-94db15f4affc,2026-02-14,msg_00065,U743849e63f8101ac616f8fd0ba84a167,Uca09b69faf7c6c0076a7d53424d8cebc,image,delivered,2026-02-14 00:28:44,
fd17b0d7-b03a-49d4-acd9-26e1578ed136,2025-11-21,msg_00010,Ue7310890b01058478be93761a56d0aa0,Ubc8aeab1b6b244975010cf5793bf4a31,imagemap,delivered,2025-11-21 06:02:43,
4578c405-e096-49bb-8e42-21ecf780794f,2025-12-09,msg_00094,U227d1cd1a801c367de206ec4bbca7330,U50a95efe9122a4c664c44bcaafe20437,flex,opened,2025-12-09 22:36:30,
a2b23c80-ab87-49e6-bc13-ed72dc9556ef,2026-01-29,msg_00031,U3bae1603803a839c0cb52f511d9cb8f6,U69977261c37ac0f5a3645c04ea234f08,video,delivered,2026-01-29 19:46:03,
852c13a7-4806-4b5a-be4d-f7f646d774e4,2026-03-20,msg_00057,Ub0341314a5534ea92b26fa8adc30543f,Ue99d287c0289e27fdc8bf1fcac37df55,video,opened,2026-03-21 01:39:22,
39626a69-e9c8-42b3-a09f-9e60a779c709,2026-01-14,msg_00081,Ue7310890b01058478be93761a56d0aa0,Uc8f70c4913e61601147a0d3499a65456,video,delivered,2026-01-14 18:29:21,
83917b17-8804-4592-ae95-4df3bbeeb444,2026-04-12,msg_00120,U227d1cd1a801c367de206ec4bbca7330,U7049228a5a00175dba93e1196d131f65,text,opened,2026-04-12 09:34:39,
80c4c8af-85a8-421c-a320-4180c907a246,2026-04-05,msg_00054,U3bae1603803a839c0cb52f511d9cb8f6,d26c35199e6229b02002e1a7b878efbe,image,opened,2026-04-05 21:49:35,
2c9e7c75-d1db-45b7-aa2e-70cda6079043,2026-04-04,msg_00049,U476acbdef8e9a16d24575e4f6d7b0f31,Uaa7f5c9bd1ecac320aa4e0104a9cc394,text,clicked,2026-04-05 01:13:55,https://example-saas.jp/survey
9806f77a-80cc-4a61-bff2-e84fa97076af,2025-11-21,msg_00010,Ue7310890b01058478be93761a56d0aa0,Ua2564edc7a06c8962efbb4e79c90285f,imagemap,delivered,2025-11-21 01:45:49,
874aad9a-dfed-4c25-9e1c-26603e36338f,2025-12-17,msg_00032,U3bae1603803a839c0cb52f511d9cb8f6,dc9db5632910a84585e4254bd51fe718,video,delivered,2025-12-17 07:52:21,
70bd8757-6366-4366-b9dd-37456f15aa75,2025-12-12,msg_00004,Ub0341314a5534ea92b26fa8adc30543f,U06edcd42b1f96ca4147a3103ecdc0338,video,delivered,2025-12-12 03:11:45,
a36c44d2-186a-4593-a969-b089a856a4e6,2026-01-18,msg_00102,U227d1cd1a801c367de206ec4bbca7330,Uf293050e006b88d24d64acbc37f0c215,video,opened,2026-01-18 07:34:58,
64df754b-06f2-46b6-a9d6-3dd57f9cf47b,2026-03-21,msg_00023,U743849e63f8101ac616f8fd0ba84a167,Udcd9ebd7fb1fb5b5c58758900b59bff5,imagemap,opened,2026-03-21 03:44:25,
b22323d7-640b-4a1a-add8-74d1171722b1,2025-12-12,msg_00029,U743849e63f8101ac616f8fd0ba84a167,cf278e7da9e09b9c86498366111f0828,imagemap,opened,2025-12-12 20:16:41,
fbe6df16-2dff-42b8-bb99-3bd0ccb37710,2026-04-05,msg_00054,U3bae1603803a839c0cb52f511d9cb8f6,U1fb5dc070af58b3e0e704b7b0e56a2b5,image,opened,2026-04-05 03:19:16,
07b32493-610c-4aea-be2b-50d4a3cefeef,2026-01-26,msg_00115,U3bae1603803a839c0cb52f511d9cb8f6,0187918b41a047f65665a524e8347a04,imagemap,delivered,2026-01-26 22:34:10,
c47bb921-bf32-4307-a192-ef92cd8b3b34,2025-11-23,msg_00053,U743849e63f8101ac616f8fd0ba84a167,U86560d5b6edaaf70d86d39b304e37cc8,video,opened,2025-11-23 13:21:09,
a86a6515-8e3e-4fc1-8ed9-f96a8f0be190,2026-02-14,msg_00065,U743849e63f8101ac616f8fd0ba84a167,U704839461d041a01ae8b56053303f7c3,image,opened,2026-02-14 06:08:03,
7e2d2c0f-78a8-4ee7-8857-edada6ac83eb,2025-12-23,msg_00061,Ub0341314a5534ea92b26fa8adc30543f,U31cb88eb8f0c495b50df62f3d0125098,imagemap,delivered,2025-12-23 12:33:21,
a0ec66f5-650b-4718-94c4-82a8c21ba4b9,2026-01-26,msg_00115,U3bae1603803a839c0cb52f511d9cb8f6,U6425da8496309b840e09f2620cc7e878,imagemap,clicked,2026-01-26 00:22:09,https://example-saas.jp/campaign/spring
c9596925-dba4-4bea-93f8-acc47ebd4dbc,2026-01-20,msg_00108,Ub0341314a5534ea92b26fa8adc30543f,Ub134e5a618a1c4d4b7bd4bb2b61fb07c,flex,clicked,2026-01-20 10:49:51,https://example-saas.jp/survey
68ccd2b9-bbf0-49d4-a5ac-a56e83683c3f,2025-12-07,msg_00003,U227d1cd1a801c367de206ec4bbca7330,Ub181222574d61cee9e4757d108f5c8cb,image,opened,2025-12-07 01:28:41,
a89fc814-e0ba-4125-847e-2e6c7a70f4a5,2025-11-16,msg_00020,U3bae1603803a839c0cb52f511d9cb8f6,U4de6f533527228e7a9ea87c20936bcc3,text,opened,2025-11-16 14:52:54,
b3876e52-733c-4dc3-9e5f-963cd877e790,2026-03-31,msg_00046,U4784fc8a8e1e4eb2435ad84e0ad052f2,Ubbf4d2321d6461fcee3b307683191ff2,flex,delivered,2026-03-31 17:01:48,
5afa793d-0f9c-4745-a356-b9222366e969,2025-12-12,msg_00004,Ub0341314a5534ea92b26fa8adc30543f,U2d13c3dc54f24fdb25dfe1e08adfdd39,video,delivered,2025-12-12 02:49:07,
3301f91d-d112-495d-9407-5d59e4e2b863,2026-03-06,msg_00068,Ub0341314a5534ea92b26fa8adc30543f,U0cad0d3be7b1825e7db182e0917b8161,video,delivered,2026-03-06 14:23:25,
a8b389c0-5964-4ce3-afbe-975c5ce1c982,2026-03-30,msg_00076,U743849e63f8101ac616f8fd0ba84a167,U3f5696b1f04b8a38c87e51c1e9271f41,image,delivered,2026-03-30 21:03:43,
29cf93f6-5f2f-46ec-98b7-c9f3f67e32fb,2025-11-19,msg_00019,U743849e63f8101ac616f8fd0ba84a167,U8d6109490397572d4fc707e4675c2643,flex,clicked,2025-11-19 04:26:52,https://example-saas.jp/campaign/spring
ae1ddc09-e453-4b21-802f-dda34ca69837,2025-11-23,msg_00024,Ue8d9224ecde331ce692edfce0b5ecdc4,Uc396ad3adbd0cee1ec34cbea6be3eb04,text,delivered,2025-11-23 15:58:07,
d7a6dff7-b9c0-44af-a987-71e32d9272c4,2026-04-08,msg_00078,Ud4a92c8c8050eed40ef171cc2784d638,U68f1137e79604e1e088ebc45e353b264,image,delivered,2026-04-08 22:05:23,
77c9d50d-2868-4496-b95d-b138ea95ea88,2026-03-06,msg_00068,Ub0341314a5534ea92b26fa8adc30543f,Uefee66b986402d236e2fe0f5fd8e12e3,video,delivered,2026-03-06 09:10:44,
ba98d2ba-7295-4ded-a0b8-c02f3403bb75,2026-02-07,msg_00090,U4784fc8a8e1e4eb2435ad84e0ad052f2,U9c9ed10980aa72b0dde45b7baba248c7,imagemap,delivered,2026-02-07 16:50:19,
5861b55c-be16-4297-87e1-0d8aa53ca3d8,2026-03-26,msg_00040,U3bae1603803a839c0cb52f511d9cb8f6,U008157999f6723f5638391c74333b4e3,imagemap,delivered,2026-03-26 14:11:44,
97d8895a-178b-48f1-87b5-430162781543,2025-12-22,msg_00013,Ub0341314a5534ea92b26fa8adc30543f,U319bc3db8faa899f80a6cf439381dbf9,image,clicked,2025-12-22 20:31:38,https://example-saas.jp/campaign/spring
00041e9e-9627-45f0-a56c-9ec7d0c7751d,2025-12-25,msg_00045,Ue7310890b01058478be93761a56d0aa0,Ueb7b0e7fc7ce27979285922f98577331,video,delivered,2025-12-25 23:02:57,
0e404a4a-1e9e-4e10-8ed3-e57bdee9fad0,2025-12-25,msg_00045,Ue7310890b01058478be93761a56d0aa0,U57cbb4875051e706ccc66b1707304a51,video,delivered,2025-12-25 15:41:29,
d02a28e3-5eae-45ed-9bfc-b009d5bbd023,2026-04-10,msg_00101,U743849e63f8101ac616f8fd0ba84a167,U210575425828efb02d102d2dc65fcf82,imagemap,delivered,2026-04-10 19:11:41,
90619e50-0a36-4d71-b1a5-2136aaff5e8e,2026-01-20,msg_00026,Ud4a92c8c8050eed40ef171cc2784d638,Ue3145069076f37cea5a8ee0c2b0eaebd,imagemap,delivered,2026-01-20 10:21:03,
541d64f6-b9e8-446f-b74e-fb069dc07680,2025-12-25,msg_00077,U743849e63f8101ac616f8fd0ba84a167,U76c55ef0c7f833daf4bafbe410958637,text,delivered,2025-12-25 00:23:20,
0c25d3d9-e1ba-47fd-8245-6c22b2c32045,2026-01-24,msg_00066,U3bae1603803a839c0cb52f511d9cb8f6,U27d8de001fb514e9c4fc5cc98efdb587,image,blocked,2026-01-25 06:34:12,
6b8f2842-22ef-4542-9b5d-9d015446c11b,2026-03-31,msg_00046,U4784fc8a8e1e4eb2435ad84e0ad052f2,Uf18a984ef1f27ac1ee5a513289ccfe2a,flex,delivered,2026-03-31 07:55:57,
3c4548af-b9e7-492f-91af-322dc9bfcc93,2026-04-04,msg_00100,U743849e63f8101ac616f8fd0ba84a167,67f5369f665c939720d7e6fd34158f88,image,delivered,2026-04-04 01:37:40,
cd198745-29d1-4b60-b803-47286e9b577b,2026-02-10,msg_00058,Ue9a1e8a5b83a6b296d43c957a8cfba4a,Ub6fbc3108f1e2bfc0007a159cc1021fe,video,delivered,2026-02-10 23:15:53,
77b21042-cb31-45cc-bb1c-90ab529b1c10,2026-03-04,msg_00056,U1ca413826b7044d134c9c3132420c9de,Ub33ef701bbf8e4a3d9c1d33d744726d0,text,delivered,2026-03-04 16:05:02,
46a2a040-3ece-4134-b2a7-165a6994fbf6,2026-03-21,msg_00023,U743849e63f8101ac616f8fd0ba84a167,U6f674de1b6e0fb6db13a9d427e629900,imagemap,delivered,2026-03-21 18:48:22,
68bf6214-6516-437f-9d07-02d40fc78950,2026-03-08,msg_00112,U3bae1603803a839c0cb52f511d9cb8f6,U0acd2a2670d45be08bed77082fadff90,image,clicked,2026-03-08 20:42:19,https://example-saas.jp/coupon/500off
d4edf777-f944-4131-a986-b779a17484be,2026-01-18,msg_00102,U227d1cd1a801c367de206ec4bbca7330,3d225af5b592f3cb3989bfe7d01a76c3,video,clicked,2026-01-18 09:26:38,https://example-saas.jp/lp/newmenu
49c26fda-c80d-4dc1-b01f-bb90e0eb05cd,2025-12-09,msg_00059,U3bae1603803a839c0cb52f511d9cb8f6,U09b4ced2727b5af95277dcc585890cd6,imagemap,delivered,2025-12-09 03:34:36,
167650e0-ad78-43b9-8a60-ecb7adde8c7a,2026-03-14,msg_00009,U743849e63f8101ac616f8fd0ba84a167,U04aec39c795c4c6fbaba80a0a725b911,imagemap,delivered,2026-03-14 02:22:35,
5d0feaa5-0e39-4c13-87b4-1e6cee2b2852,2026-04-04,msg_00100,U743849e63f8101ac616f8fd0ba84a167,U9921d8a6c8309499bc5fe720764dff90,image,delivered,2026-04-04 17:10:22,
d250b0d4-80de-4e93-8e73-0dfd4c61f15c,2026-02-28,msg_00117,U743849e63f8101ac616f8fd0ba84a167,U96455643d0f29329fd564e9136df22c1,video,delivered,2026-02-28 02:23:52,
99778395-adf8-46e0-ae0f-b6dcbb96a2cf,2026-04-06,msg_00074,U3bae1603803a839c0cb52f511d9cb8f6,U76c7468ef15e001e3558ab9dc53d2f41,text,clicked,2026-04-06 01:15:53,https://example-saas.jp/campaign/spring
ef028dae-a01e-4b5c-8f1f-fcbbc3e1104b,2026-02-15,msg_00087,U3bae1603803a839c0cb52f511d9cb8f6,Ufa843df6099dc8039582e9af48498f7b,imagemap,opened,2026-02-15 02:13:59,
a6dfd259-e340-4ff2-a5f4-cf8da0ba03ac,2025-12-02,msg_00088,U3bae1603803a839c0cb52f511d9cb8f6,U7d8ae3c863a5998ddab75be653f88349,image,blocked,2025-12-03 00:51:21,
4befca1a-a186-4457-a864-9b64cfb6beea,2026-04-08,msg_00078,Ud4a92c8c8050eed40ef171cc2784d638,U64e12159a6d896d2ae8adef8c8bcff8d,image,delivered,2026-04-08 05:19:38,
63dd8a87-06ce-4c28-8006-f9487adf0789,2025-11-16,msg_00011,U837b70463a585f85743b5bfb3b49c9fd,U66752038c1e67e5f216678933630db8a,flex,delivered,2025-11-16 08:03:15,
dd24148c-f847-4f2c-a609-b2878caec1ba,2025-11-23,msg_00024,Ue8d9224ecde331ce692edfce0b5ecdc4,Uff1ec8679c106b71e7d2bfd1bf7d43da,text,delivered,2025-11-23 21:48:18,
fdd5424b-7730-406f-b2da-c08f03cb8504,2026-02-07,msg_00090,U4784fc8a8e1e4eb2435ad84e0ad052f2,U57c05e8af1a622ff57823c230caf661d,imagemap,delivered,2026-02-07 08:39:10,
31ce83ef-730b-4c9d-b95b-830d9432565d,2026-03-16,msg_00002,U3bae1603803a839c0cb52f511d9cb8f6,Ud28e1a1854ee912fdad85e202815d6a7,text,clicked,2026-03-16 15:32:09,https://example-saas.jp/coupon/500off
4be63e40-88b1-4baf-ae3a-645e198b91dd,2025-12-12,msg_00004,Ub0341314a5534ea92b26fa8adc30543f,Ua89122b6caeb47e5e2dce2e47a6a24cf,video,opened,2025-12-12 08:05:19,
a563329c-44a0-411e-ac86-e3c812ce2599,2025-12-09,msg_00094,U227d1cd1a801c367de206ec4bbca7330,U8c014122f223e10695281557259ee91b,flex,opened,2025-12-09 04:44:29,
2bd88740-662c-48c7-bada-213e578f0767,2026-03-11,msg_00067,U7e808d11d6f9901a954a542a7ee09918,U3cb9cb30b66da1315ac50b32e105e96d,video,delivered,2026-03-11 20:17:16,
dc193d32-d1c8-47c8-8292-ab21c46b81a6,2025-12-09,msg_00059,U3bae1603803a839c0cb52f511d9cb8f6,Uccc826f33b71b591503ceb8838bd98cb,imagemap,delivered,2025-12-09 18:51:43,
ea16a928-24d6-4e89-a60b-8076ae907d4d,2026-03-08,msg_00112,U3bae1603803a839c0cb52f511d9cb8f6,68b3fb605cd3663a40128401aa532ff0,image,delivered,2026-03-08 06:18:19,
dc2f54ff-9795-4003-a606-dceefcfdc721,2025-11-25,msg_00043,U3e5dd3a641c58ad50e49f095c6f1e306,U1f9fd56e548807f6449b79117ed3f703,flex,delivered,2025-11-25 12:50:12,
aa60ed08-18e2-47a1-b28b-f9c561e0f4c7,2026-02-14,msg_00042,U3bae1603803a839c0cb52f511d9cb8f6,U077874f4087345e4d0cb4d6e0d80081c,video,opened,2026-02-14 01:27:04,
4785dd69-547e-4129-ba7f-5d2a6bceedff,2025-12-09,msg_00059,U3bae1603803a839c0cb52f511d9cb8f6,Ub56ea0524a8a4ed8a760e11249ee5cb9,imagemap,delivered,2025-12-09 16:13:01,
b40df6c7-1446-43dc-92dd-53893ce80251,2026-02-01,msg_00075,Ub0341314a5534ea92b26fa8adc30543f,U6782c02571cad133b2122a851610cb6e,imagemap,opened,2026-02-01 06:50:36,
6f131788-0e89-47c2-89fe-baa20dd95e2e,2025-12-09,msg_00094,U227d1cd1a801c367de206ec4bbca7330,U4d2a3e62a028f49de8f8bd89f7c33abb,flex,delivered,2025-12-09 07:48:43,
2ffea769-75a3-42c2-bb11-6fef9edd5d1a,2025-11-25,msg_00043,U3e5dd3a641c58ad50e49f095c6f1e306,U2c19978b6c71d4508a0c721336768333,flex,clicked,2025-11-25 19:16:28,https://example-saas.jp/coupon/500off
d30d6aba-ff7e-4720-84d7-fe49a89bb7bb,2026-01-20,msg_00108,Ub0341314a5534ea92b26fa8adc30543f,Uba518f7742332a7d6617e2b7e6692436,flex,opened,2026-01-21 00:39:15,
b9e29e2d-d319-4998-845b-1af1c884b5a1,2025-12-09,msg_00069,Uc20f9c7e9b662bedec3cb78e127885c7,Uf34f36087e24ce58d60786c80e49288a,imagemap,delivered,2025-12-09 12:22:42,
144ad44e-7fe2-4d6f-b13a-2d6b9904bac9,2026-01-26,msg_00005,Ub0341314a5534ea92b26fa8adc30543f,Uf9898b65f82c7eb3ff2ce2d283aea98f,image,delivered,2026-01-26 21:25:12,
e16623d0-e3f6-4df1-986b-7b30ce6b7404,2025-12-21,msg_00022,U3bae1603803a839c0cb52f511d9cb8f6,Ued79c9f0b35e13abcf5e7e97c25c320d,video,opened,2025-12-21 18:01:39,
25ca57f6-3a52-4fdd-9080-f16d09262b0b,2025-12-24,msg_00091,U3bae1603803a839c0cb52f511d9cb8f6,Uf924345a6d5a3cb6a370bed257241576,imagemap,delivered,2025-12-24 06:10:53,
087bd024-3cce-4138-939f-5c5065e1f73a,2025-12-19,msg_00064,Ub0341314a5534ea92b26fa8adc30543f,U60b349d07139b1b0a5ee753941b27134,image,clicked,2025-12-19 07:02:59,https://example-saas.jp/campaign/spring
6f518839-86a4-4054-811d-3af22cf8d9ff,2025-12-24,msg_00091,U3bae1603803a839c0cb52f511d9cb8f6,U564c013dec41031fae3174dbb7249de3,imagemap,delivered,2025-12-24 03:14:16,
89f84921-bfe9-43d2-9605-5ba8b923d7fa,2026-03-08,msg_00112,U3bae1603803a839c0cb52f511d9cb8f6,Uad621f9f9e2fc6bdc0df1c5275d11031,image,delivered,2026-03-08 13:23:06,
06a8cb3d-6b6d-429f-bdfa-f611f4179f2a,2025-11-21,msg_00010,Ue7310890b01058478be93761a56d0aa0,5628bb97296b061c897f477792854b31,imagemap,delivered,2025-11-21 20:51:50,
ecd003e6-849c-479f-b122-3e33e29cc8c4,2026-03-20,msg_00092,U743849e63f8101ac616f8fd0ba84a167,Ub11d617f6b2ba6637e82eb56fd5091ff,video,opened,2026-03-20 23:07:48,
373a64c1-7f3c-4293-a27e-05f148037f09,2026-02-08,msg_00051,U3bae1603803a839c0cb52f511d9cb8f6,U3f9698857302b93134a04ecbc62c56c9,image,delivered,2026-02-08 11:08:54,
d323692f-078f-450b-a9a3-2883cac26279,2025-11-30,msg_00025,Ub0341314a5534ea92b26fa8adc30543f,5eef652a555fb93ed0cf1d8af13d3ad9,imagemap,delivered,2025-11-30 13:10:51,
defff51d-4e61-4199-9f00-82b8d4768cfc,2025-12-18,msg_00114,Ub0341314a5534ea92b26fa8adc30543f,U9573d4d8ab6bc7f4efa4635fdf336b2d,flex,delivered,2025-12-18 07:46:24,
29a453e3-6373-4368-ab2f-b3797fc70c39,2026-04-05,msg_00054,U3bae1603803a839c0cb52f511d9cb8f6,U009b086c9365c5cb919391ac181af401,image,delivered,2026-04-05 04:12:43,
552e81bf-5263-4bbf-8c6a-d4792a8ae4ed,2025-12-21,msg_00022,U3bae1603803a839c0cb52f511d9cb8f6,Uefb8cbc01ce9502dd2dc73592562b252,video,delivered,2025-12-21 19:41:59,
971cf976-a0d4-4b3c-8fa7-b5766d095214,2026-01-09,msg_00052,U743849e63f8101ac616f8fd0ba84a167,U3562c90f2d189390de663e084a54b163,video,opened,2026-01-09 06:59:52,
918f9e4c-17fa-4c17-a88a-6ec80bd05cab,2026-03-04,msg_00056,U1ca413826b7044d134c9c3132420c9de,U69aaed2a670588a4d1a6cf2652f9c40c,text,delivered,2026-03-04 03:59:46,
904b6651-c37d-43aa-8adc-6386b08a51ac,2025-12-23,msg_00109,Ue7310890b01058478be93761a56d0aa0,U31a8f882137903dc5c1ef703ec43cdae,text,delivered,2025-12-23 03:44:07,
0f05b060-859b-4079-8027-548fa183797b,2026-01-24,msg_00007,Ub0341314a5534ea92b26fa8adc30543f,U022771a82014d6bff8ec3168d430a45f,imagemap,delivered,2026-01-24 00:33:46,
f8fc763f-4036-47cb-9aa9-7b9135a32328,2025-12-09,msg_00094,U227d1cd1a801c367de206ec4bbca7330,U50a95efe9122a4c664c44bcaafe20437,flex,delivered,2025-12-09 21:55:49,
b73e0171-3dce-4fdf-ba3d-17b72ffe38e0,2025-11-25,msg_00043,U3e5dd3a641c58ad50e49f095c6f1e306,Uc9c1aed738123acd4418e3c250e057a6,flex,delivered,2025-11-25 03:52:15,
8aab514a-8c63-47cf-96c0-aad91a7a3359,2025-12-03,msg_00012,U743849e63f8101ac616f8fd0ba84a167,U4cd7a474e41d2919dab7f31cd25e8d84,imagemap,opened,2025-12-03 15:48:19,
b18dda6c-dedc-45ad-aade-6a33b4569d18,2026-01-26,msg_00063,Ub0341314a5534ea92b26fa8adc30543f,U2b8bc50d1caec5a2d08e345d9f483489,imagemap,delivered,2026-01-26 04:48:17,
1bd591e6-9853-4ad1-aadd-ad6d0c2274dc,2025-11-17,msg_00099,U3bae1603803a839c0cb52f511d9cb8f6,U6405c7d45a6eac7f95b84a1aac7a21fa,text,opened,2025-11-17 17:53:27,
7bd3beb7-ce86-4bb8-b5c2-87a9c5d7556f,2026-03-05,msg_00014,U3bae1603803a839c0cb52f511d9cb8f6,U27a03c753a525d087949683e1ebcd7c9,flex,delivered,2026-03-05 23:41:07,
10773c58-8964-4df4-8f09-0d2114b988bb,2026-04-01,msg_00072,U4784fc8a8e1e4eb2435ad84e0ad052f2,Uf07c3f7508e0acc79911dedbca409e1c,image,delivered,2026-04-01 03:09:43,
cd3dbb96-8bf8-4f03-aa79-5cdb76e56e2a,2026-04-04,msg_00100,U743849e63f8101ac616f8fd0ba84a167,Ud24ceed555fe80b943138a12fcab3f88,image,delivered,2026-04-04 04:48:52,
210a589b-7b61-424c-8335-393d1c2162d8,2026-03-08,msg_00112,U3bae1603803a839c0cb52f511d9cb8f6,Ue43ac097d57668ade0b81864b3edd087,image,delivered,2026-03-08 14:03:55,
6cdfac4b-620f-4918-ae4e-c59de76c6dac,2026-01-13,msg_00060,U3bae1603803a839c0cb52f511d9cb8f6,Ubdd5707b48e5e015ad8d4165608c9c3b,image,opened,2026-01-14 01:34:36,
5ec31ad8-ac19-43f0-a294-ca07bc047a0f,2026-01-26,msg_00086,U4784fc8a8e1e4eb2435ad84e0ad052f2,Uc93e5338734fbee68a24d4ac1c7da2c3,text,clicked,2026-01-26 07:40:03,https://example-saas.jp/campaign/spring
8e2e08a2-68d9-4c9d-a41f-a9f6cdd381d7,2026-03-18,msg_00080,U22a93bc29b1df104af6b1ba1cd91fc56,U80b3c9c4caa2042629de9df1753aa0c5,flex,delivered,2026-03-18 20:05:23,
5b680d32-604b-4eb2-98cd-dd1cf35fb171,2026-02-15,msg_00089,U3bae1603803a839c0cb52f511d9cb8f6,U900b2439ad0f161ec960a9398da0aaaf,text,delivered,2026-02-15 11:54:24,
ef9efd87-4015-4b0b-b84d-566bfcf8e8c0,2025-12-09,msg_00069,Uc20f9c7e9b662bedec3cb78e127885c7,Ua8f295b251620afe28a10ee7168249fb,imagemap,delivered,2025-12-09 09:58:04,
b03c05f9-7949-4654-a3f7-7d7c51de6119,2025-12-19,msg_00118,U4784fc8a8e1e4eb2435ad84e0ad052f2,U5ecf69880845d8fa1e7f3d8cb974f353,image,delivered,2025-12-19 09:12:49,
2e1d37f1-6490-4c7d-ae71-02d5c413ca4f,2026-03-08,msg_00112,U3bae1603803a839c0cb52f511d9cb8f6,U82fc1b1c325f4a5e5aacfd1c0292a2cf,image,delivered,2026-03-08 08:48:59,
7f24c384-f5ea-42fb-927a-2330e9cf5ddd,2026-03-20,msg_00092,U743849e63f8101ac616f8fd0ba84a167,Uaaaa467cce4951210edf92ae919efcc1,video,delivered,2026-03-20 14:04:49,
edb35723-561c-418d-9d0d-686be7a7dfc5,2025-12-12,msg_00004,Ub0341314a5534ea92b26fa8adc30543f,U08a5287ebe4813ee93292ef4af9a255c,video,delivered,2025-12-12 11:55:10,
70204fc9-5d3b-4e62-a1fb-7c6566568666,2025-12-08,msg_00015,Ub0341314a5534ea92b26fa8adc30543f,Ucf7e2aec62de62e69033079c13039962,text,clicked,2025-12-08 12:45:38,https://example-saas.jp/survey
9132ad8b-d371-41c8-9c5d-3bb012955cdb,2026-02-14,msg_00098,U743849e63f8101ac616f8fd0ba84a167,U14087aa5710e352bfa0a73e09b2b3442,imagemap,delivered,2026-02-14 08:22:24,
d27e8d04-3cbb-4ead-933b-ec3bc1f83c97,2026-03-27,msg_00096,U476acbdef8e9a16d24575e4f6d7b0f31,U0f5eededc77cd483aae62e8810b115f3,imagemap,failed,2026-03-27 18:20:07,
e012db99-f3c1-458b-8dff-0941ee86c2bc,2025-12-12,msg_00004,Ub0341314a5534ea92b26fa8adc30543f,U383c3b28815232b5c6b55465c2bef4cc,video,opened,2025-12-12 06:09:18,
d9702632-e91e-41ae-bbb7-0281a0eb3fa7,2025-11-17,msg_00099,U3bae1603803a839c0cb52f511d9cb8f6,bf17ee127dd12d74fee439c3ac2803fd,text,opened,2025-11-17 15:00:09,
681a6993-0b31-491e-b6ef-ff513d9e7470,2026-02-28,msg_00117,U743849e63f8101ac616f8fd0ba84a167,Uaef32cb46595db8b3fd497776f6ca42c,video,delivered,2026-02-28 07:20:54,
88b5ca63-d24d-463d-8ea3-2e07332dad3d,2025-11-17,msg_00099,U3bae1603803a839c0cb52f511d9cb8f6,U65f5772a5570bda446b4026effd4c870,text,opened,2025-11-17 08:48:42,
8a5c6a49-f2c4-4e86-a6bc-96fe9668753e,2026-01-07,msg_00110,Ub0341314a5534ea92b26fa8adc30543f,Ud065271a0c55af72b9b453788da10751,video,delivered,2026-01-07 17:13:03,
79c7e046-f5fc-4171-bbe3-26eff335ddc8,2026-03-26,msg_00040,U3bae1603803a839c0cb52f511d9cb8f6,Ue44239b730fc1418cd5d7ee0332ed2a5,imagemap,opened,2026-03-26 03:11:29,
b6353ae0-9a69-4980-b5c2-5f2c14a45055,2025-11-16,msg_00011,U837b70463a585f85743b5bfb3b49c9fd,U9d757eb6cdbc7ad93b6cd394fe3753c6,flex,delivered,2025-11-16 09:36:37,
1e0b7fb0-7165-4725-99e0-87471fdd7224,2026-04-08,msg_00041,Ue7310890b01058478be93761a56d0aa0,U39131851a985b2bbd54990ca5503bea4,text,delivered,2026-04-08 23:40:56,
d1fe00ac-2009-45c4-9896-b77dddf52f15,2026-04-04,msg_00049,U476acbdef8e9a16d24575e4f6d7b0f31,Ud830465cdad68d662a7b8c3c7874c336,text,opened,2026-04-04 17:25:56,
0d5e452a-92a2-46dd-95b7-cb17bd5b41ec,2025-12-25,msg_00077,U743849e63f8101ac616f8fd0ba84a167,U79bd089c8f465cbf86b798df2559dad3,text,delivered,2025-12-25 12:12:59,
a8ce4a1c-9c78-4d05-a594-845ec6dae57d,2025-11-24,msg_00033,U3bae1603803a839c0cb52f511d9cb8f6,U2c885de8807aeeb8d1334e0c114b958e,text,opened,2025-11-24 02:42:16,
1ed4cc6b-140c-479b-827b-1285c3aee35f,2026-03-26,msg_00040,U3bae1603803a839c0cb52f511d9cb8f6,Ub6a8875a1b22f3e4b2524d23b9c3fba0,imagemap,clicked,2026-03-26 22:53:49,https://example-saas.jp/coupon/500off
8164d754-79b3-4fec-a1b5-778688c6e326,2026-03-26,msg_00040,U3bae1603803a839c0cb52f511d9cb8f6,U262509284911f10b15a829ee08791086,imagemap,opened,2026-03-27 01:01:33,
8a472203-6efa-4d6e-b24a-b8efdfa56448,2025-11-21,msg_00010,Ue7310890b01058478be93761a56d0aa0,a7d95807cc8887637c74866a2335010f,imagemap,opened,2025-11-21 11:48:17,
d985914d-1f88-4576-9e81-a279020ddce7,2026-03-06,msg_00055,U3bae1603803a839c0cb52f511d9cb8f6,U19b84890e8888adf1e083ee9947c0809,flex,opened,2026-03-06 03:13:12,
2ce40b47-4083-4965-a997-e47cc9812bcd,2026-03-11,msg_00104,Ub0341314a5534ea92b26fa8adc30543f,U834f596f6b4cdfb79f25c648ccb56170,image,delivered,2026-03-10 14:39:14,
cbc64f7b-71ed-46cd-bfd6-4dd6908b7318,2026-02-08,msg_00051,U3bae1603803a839c0cb52f511d9cb8f6,a7081da70aeb1aa2935f1cba9e43d691,image,opened,2026-02-08 11:06:14,
097b17ef-dc17-4dff-8c99-73b79e83172f,2026-04-04,msg_00049,U476acbdef8e9a16d24575e4f6d7b0f31,Uc5c2dc2c18819117ce69f104a260ad5b,text,delivered,2026-04-04 11:34:27,
cdbc92e4-2d60-4cd7-9bc4-3fab5bbbb194,2026-03-05,msg_00014,U3bae1603803a839c0cb52f511d9cb8f6,Ue6a94537d2477ab9736911569c71e726,flex,delivered,2026-03-05 00:10:21,
700fa3e9-3b1f-4862-9589-3072fb7efcf3,2026-01-26,msg_00063,Ub0341314a5534ea92b26fa8adc30543f,U3610b1db8501ebde54c8c2873e2dec0d,imagemap,delivered,2026-01-26 14:45:44,
233638d9-27f3-46d5-a95a-8c41fa957ddb,2025-11-26,msg_00028,U3bae1603803a839c0cb52f511d9cb8f6,U315cc69f4297951cfd90d6ce510ab84e,image,opened,2025-11-26 08:52:49,
7482ed4f-2e55-4013-ad84-5eaa5ea52671,2026-04-04,msg_00049,U476acbdef8e9a16d24575e4f6d7b0f31,U97a3602e88d27dfc64717cce4bed9e3f,text,failed,2026-04-04 20:48:11,
09db055c-ebd3-40de-8e4b-d53cde9e3ec6,2026-02-10,msg_00058,Ue9a1e8a5b83a6b296d43c957a8cfba4a,Ubba2a6abafac94ef908fa99f52729f17,video,delivered,2026-02-10 08:13:23,
16197fd2-f512-4567-b298-5f00e2d68887,2025-12-21,msg_00022,U3bae1603803a839c0cb52f511d9cb8f6,U49afaa819d8a26d4761ad61834b12169,video,delivered,2025-12-21 17:35:21,
613bb021-efaf-4a53-8200-6a7aca8b446d,2026-03-27,msg_00096,U476acbdef8e9a16d24575e4f6d7b0f31,ba97b2826d056947ff3ceb66eae53f60,imagemap,delivered,2026-03-27 00:11:15,
8d39563e-0019-445b-b1f4-57a47c895265,2026-03-14,msg_00009,U743849e63f8101ac616f8fd0ba84a167,U47a92511f000292256c4a167364182f6,imagemap,delivered,2026-03-14 10:49:16,
02126f04-45b9-4490-98c9-39730da13506,2026-01-26,msg_00063,Ub0341314a5534ea92b26fa8adc30543f,U4d17cd010640225ac6529d1efc388782,imagemap,delivered,2026-01-26 10:58:17,
295c8306-292e-4143-af18-93fe364d3013,2026-01-18,msg_00102,U227d1cd1a801c367de206ec4bbca7330,Uab45ed931f91bf3614ef1abcb38edaba,video,opened,2026-01-18 11:09:47,
ca2b67f9-17a3-413f-bcb5-fc81a7da3b63,2026-03-08,msg_00112,U3bae1603803a839c0cb52f511d9cb8f6,U9542161559fadd1d368a5ddfb0a78211,image,delivered,2026-03-08 12:34:56,
50c34c11-3ded-4998-b26a-56cce9947982,2026-01-26,msg_00086,U4784fc8a8e1e4eb2435ad84e0ad052f2,Ufe5e0956b3b2d4691e44cb85d1425045,text,opened,2026-01-26 14:32:31,
948ead06-8d71-49f2-918b-40864d50bf6c,2025-12-08,msg_00015,Ub0341314a5534ea92b26fa8adc30543f,U79518f6285daab1612070359b8f400b8,text,delivered,2025-12-08 16:44:13,
31210515-0213-44b0-a0ae-b9b63ffa471a,2026-01-30,msg_00050,U3e5dd3a641c58ad50e49f095c6f1e306,U09f6514f08aa1e364c9bf1ee4d430508,image,delivered,2026-01-30 12:16:36,
d9631e75-7c54-40aa-ab37-9b0cb575d05f,2025-12-18,msg_00070,Ue9a1e8a5b83a6b296d43c957a8cfba4a,U0ed24db5d236cfd8c7bbd11e6eba7e34,imagemap,delivered,2025-12-18 20:54:24,
aa67c481-efa1-464d-bd8b-43ffc23a12a0,2026-03-31,msg_00046,U4784fc8a8e1e4eb2435ad84e0ad052f2,U0bafaf67bb4f16b40348d9988bd7d0b1,flex,delivered,2026-03-31 09:24:02,
7074c250-d3a6-4edd-9bed-bb069b3fcb0d,2026-02-14,msg_00042,U3bae1603803a839c0cb52f511d9cb8f6,Ue419d2b4e51188f1456484d660c8d126,video,delivered,2026-02-14 23:12:46,
961e3b25-e329-405a-bb0a-e5e817c56701,2025-12-18,msg_00114,Ub0341314a5534ea92b26fa8adc30543f,35bb4f7cc4a7a03125bf06ff2baca1df,flex,delivered,2025-12-18 04:34:12,
6b96a6c9-b874-4267-8d18-bde98a95148d,2026-03-27,msg_00096,U476acbdef8e9a16d24575e4f6d7b0f31,Ue1cdf7add52efe88cd69a0e666ff2d88,imagemap,delivered,2026-03-27 17:48:34,
f25c4894-879a-4cfc-864c-ddd796dc646d,2026-02-25,msg_00008,Ub0341314a5534ea92b26fa8adc30543f,b5c5abd038d183dcdf42bc3154420da3,image,delivered,2026-02-25 19:53:45,
3d209b55-bba4-4e2d-8b5e-ef5b2e7bdbbb,2026-02-07,msg_00090,U4784fc8a8e1e4eb2435ad84e0ad052f2,U02b083190f939f5a61fc15289917b2f0,imagemap,opened,2026-02-07 08:21:19,
7747cc32-3d42-4348-acaf-1fd14eeaa0ff,2026-02-07,msg_00090,U4784fc8a8e1e4eb2435ad84e0ad052f2,U9601db7fabf5581e6df738a5c6cbf4eb,imagemap,delivered,2026-02-07 17:58:28,
3f0ab572-9722-4da0-87c1-7a05b270e329,2025-12-22,msg_00013,Ub0341314a5534ea92b26fa8adc30543f,U817c6f2714bf8f3980410224a32c55e8,image,delivered,2025-12-22 10:41:38,
858ceccc-1b60-47b7-a0da-c4db477b1d1c,2025-12-22,msg_00013,Ub0341314a5534ea92b26fa8adc30543f,Uee2f47f8304109645a19b13ef6d2b8a4,image,clicked,2025-12-22 02:45:10,https://example-saas.jp/lp/newmenu
ba81317b-85b5-4e1b-b99d-ea2b1c234bcb,2026-02-10,msg_00058,Ue9a1e8a5b83a6b296d43c957a8cfba4a,a225acd3c06cfbd5e6cd7b6962037b66,video,delivered,2026-02-10 11:16:44,
9f9e1e5d-1c12-4170-8661-4589cf4b8195,2026-02-08,msg_00051,U3bae1603803a839c0cb52f511d9cb8f6,e022d9091a9392271eb93fdc0ea44b5e,image,opened,2026-02-08 01:39:36,
5e3d34c2-6abd-4778-9f8b-4529cce35e01,2026-01-20,msg_00108,Ub0341314a5534ea92b26fa8adc30543f,U504073399f37b0270591c156fd01ec40,flex,clicked,2026-01-20 07:02:27,https://example-saas.jp/lp/newmenu
4314dd09-3601-4240-9da8-d31a65642ec9,2026-03-18,msg_00080,U22a93bc29b1df104af6b1ba1cd91fc56,U70ec0d7dcefa8f9eb8a2c8b3d2a05d11,flex,delivered,2026-03-18 17:08:19,
5f55fc10-1d65-46e2-9258-464d66afc9ae,2026-01-09,msg_00052,U743849e63f8101ac616f8fd0ba84a167,2798fe0c7d293bb7125571428e0d197e,video,delivered,2026-01-09 07:58:03,
5d462325-32e7-467b-98fd-b82cf4af7292,2026-03-25,msg_00079,U743849e63f8101ac616f8fd0ba84a167,U9d1956036d8a578b5a26ed8ad966944f,text,delivered,2026-03-25 19:42:01,
0c585e37-39e1-4ac0-99da-b4d6097a0def,2026-01-10,msg_00044,U30ad60bba5da9837ca5dd0230ca8f531,Ufbfd82f493799417c5d0dccc044efd86,video,delivered,2026-01-10 21:26:49,
82bc4160-48dd-45a1-a371-2ddd2a36e066,2025-12-19,msg_00064,Ub0341314a5534ea92b26fa8adc30543f,U359caac61b5f14013db56c31da27769b,image,delivered,2025-12-19 16:45:51,
f264d329-0719-4e0b-bc05-cb71d2b0141a,2025-12-14,msg_00085,U743849e63f8101ac616f8fd0ba84a167,U9a03e48a626434f0fa77653c8077b3b2,image,delivered,2025-12-14 15:03:40,
198dc35b-164e-40b1-83eb-3581abb95619,2025-12-09,msg_00059,U3bae1603803a839c0cb52f511d9cb8f6,U3138d024504789ab92d563d323395902,imagemap,opened,2025-12-09 18:34:09,
62920090-deb4-4988-a0b9-d300b458dd10,2025-11-23,msg_00053,U743849e63f8101ac616f8fd0ba84a167,Ue83f51bd1423cf88a0771c6e1fa99823,video,delivered,2025-11-23 20:19:15,
06ce8ff0-ec26-41f2-b1f3-0f60c0830fd4,2026-01-10,msg_00044,U30ad60bba5da9837ca5dd0230ca8f531,b9809128b9b420bda06fa592803477d7,video,opened,2026-01-10 05:00:27,
44a042e0-1162-44eb-9b88-bcb9bc122149,2026-04-04,msg_00049,U476acbdef8e9a16d24575e4f6d7b0f31,U2fe3d65fb059e188fc51c9df512a53e5,text,delivered,2026-04-04 17:33:29,
c2117f16-c56a-4eaa-8e4d-3b840dd22886,2025-11-25,msg_00075,U879eb903ad90cd9c2874f6df7651267a,U08596a4dc3564eecbca1ac40263756f0,text,delivered,2025-11-25 22:00:09,https://example-saas.jp/campaign/spring
88f1f891-0ca0-4241-bb3c-7a2751d29d32,2026-03-31,msg_00046,U4784fc8a8e1e4eb2435ad84e0ad052f2,Uee80dd47258e00fc6074fe6d3eed9afc,flex,delivered,2026-03-31 06:01:46,
efce49f9-1439-4ec7-906c-a7fe705356eb,2025-12-12,msg_00004,Ub0341314a5534ea92b26fa8adc30543f,Uc77e9753dc870a8cedda6754fb34e3a7,video,delivered,2025-12-12 10:53:06,
722b7999-91c5-491d-9642-f865726173cd,2026-01-24,msg_00113,Ub0341314a5534ea92b26fa8adc30543f,U4b2f4463341cb86ccf39b550b72c739b,text,delivered,2026-01-24 09:30:22,
543cfcea-37b4-493f-ac4d-cf09f975e05e,2026-04-12,msg_00120,U227d1cd1a801c367de206ec4bbca7330,Uccd48b71ae494d6de89f0442b94fa243,text,delivered,2026-04-12 22:24:07,
10afc8e8-97bb-460b-a2ea-d822f1494605,2025-12-24,msg_00062,Ub0341314a5534ea92b26fa8adc30543f,Uedcd2b27abce21d1efbd97eff01da0f3,video,opened,2025-12-24 08:02:09,
309fb7d1-3827-4261-9581-3cb506367ad1,2026-04-10,msg_00101,U743849e63f8101ac616f8fd0ba84a167,U58659527f43a579d7a87d779105ee440,imagemap,clicked,2026-04-10 19:50:44,https://example-saas.jp/coupon/500off
f57653c4-1a61-45e1-9e0b-ea48519e3590,2025-12-14,msg_00085,U743849e63f8101ac616f8fd0ba84a167,U9351cb7feebcf0dc57099dd74a796f84,image,delivered,2025-12-14 09:09:43,
cefbdc43-71fd-4592-9529-0d9f183ab6c3,2025-12-18,msg_00114,Ub0341314a5534ea92b26fa8adc30543f,Ua370dff9c549a32de152f5ed1572c169,flex,delivered,2025-12-18 08:48:17,
857895d9-498d-425b-b896-61ccacfa23b1,2026-01-14,msg_00081,Ue7310890b01058478be93761a56d0aa0,U7e4bd9cb497d9745b525212bc23cafd2,video,opened,2026-01-14 05:56:46,
c878bb62-5ad3-4644-96c9-22b007de2ca7,2026-03-13,msg_00001,U4784fc8a8e1e4eb2435ad84e0ad052f2,Uca72eb0ae11628adf07fffcc5c1764e7,image,delivered,2026-03-13 01:44:44,
8ceae5ab-0453-4e3e-8ed6-3b4cda797cfb,2026-04-06,msg_00074,U3bae1603803a839c0cb52f511d9cb8f6,U3f445f557d6eb17e3b4e3e7234d6a92e,text,delivered,2026-04-06 08:05:30,
ab9a4289-2b80-425e-b7c5-f533af1da885,2026-02-15,msg_00006,U743849e63f8101ac616f8fd0ba84a167,U4488dc1f552e0aec3c3ab7ab24899352,flex,opened,2026-02-15 13:29:55,
5347fe1e-a67f-42f9-8358-9988cea2f14d,2026-03-20,msg_00092,U743849e63f8101ac616f8fd0ba84a167,U2cfdf44ad282be12bbeb0ea00258e59c,video,clicked,2026-03-20 23:06:07,https://example-saas.jp/lp/newmenu
0c12176e-0e53-4540-98ef-c0707db07c51,2026-03-16,msg_00002,U3bae1603803a839c0cb52f511d9cb8f6,U8d500af626104d6d3b2ad52dd8213abb,text,opened,2026-03-13 08:50:50,
f8789d88-1a04-42e4-b11c-8b75233d3879,2026-01-18,msg_00102,U227d1cd1a801c367de206ec4bbca7330,Uc59536ae8a49dd7857d41452a9abae7a,video,opened,2026-01-18 06:48:58,
d5513991-df64-47b1-87ae-f07858f71d49,2025-12-23,msg_00061,Ub0341314a5534ea92b26fa8adc30543f,U3b04f7d1106ed4f3b6a7a258fd226be0,imagemap,delivered,2025-12-23 18:12:58,
4bdd3cbe-5f44-423d-833f-d7bbc7312c9e,2025-12-22,msg_00013,Ub0341314a5534ea92b26fa8adc30543f,Ube3b2e007b2633561278c14d8bf7f7bd,image,delivered,2025-12-22 04:40:30,
b00d4edd-9678-40ae-843a-5c1839f70e2e,2026-03-31,msg_00046,U4784fc8a8e1e4eb2435ad84e0ad052f2,U0e4f316d51847ffe4f6b0e7e6b2c4eae,flex,opened,2026-03-31 19:50:35,
95758874-1371-4060-857a-a518980a24f2,2025-12-25,msg_00045,Ue7310890b01058478be93761a56d0aa0,U4d724b9d6c239cea45bd77fd48513df3,video,opened,2025-12-25 09:16:58,
b687cf4b-0319-48a2-a36f-f1a1b6e6831d,2026-03-22,msg_00119,U3bae1603803a839c0cb52f511d9cb8f6,Uf65d0ef90018f347a15301cdbb1b7656,imagemap,opened,2026-03-22 14:21:07,
dbf2bc5b-23d2-4ad7-97ed-2c443d420888,2025-12-02,msg_00088,U3bae1603803a839c0cb52f511d9cb8f6,U9d91028e04798a156ec7272cd1fbaec7,image,clicked,2025-12-02 05:21:02,https://example-saas.jp/coupon/500off
f2e95ab2-5104-4614-8d4b-3c66d1680cfa,2025-12-24,msg_00062,Ub0341314a5534ea92b26fa8adc30543f,Udd4794139b2ee4330f5e11d2fcb62be6,video,delivered,2025-12-24 21:19:52,
9078503f-18f5-4f27-9c7b-98744cd93f0f,2026-01-26,msg_00086,U4784fc8a8e1e4eb2435ad84e0ad052f2,ad7c0ced1934b95cdf477503e04372dc,text,clicked,2026-01-26 10:21:34,https://example-saas.jp/survey
b3b780a2-2d40-40c9-9d20-dd323ea5bf01,2026-01-17,msg_00037,U7e808d11d6f9901a954a542a7ee09918,U8621d3e3cbd6b89512bb797d8efbec28,text,delivered,2026-01-17 03:34:06,
2cc72343-bef2-4d38-af14-04061c8ee982,2026-03-20,msg_00057,Ub0341314a5534ea92b26fa8adc30543f,U3f161208c020cced8933d21ef03083cb,video,opened,2026-03-20 16:18:17,
e391b9a9-2a1f-43c9-bbe0-ace463a1a80e,2026-01-30,msg_00050,U3e5dd3a641c58ad50e49f095c6f1e306,Uc80a4290cb5fae071d35399250b58a6e,image,opened,2026-01-30 17:43:49,
b932e9ca-2e97-4606-b9b6-13e3730c7b37,2026-02-08,msg_00051,U3bae1603803a839c0cb52f511d9cb8f6,4273acb99ac7305d9058f5557c1ef73c,image,clicked,2026-02-08 01:39:41,https://example-saas.jp/lp/newmenu
8fadcb17-7501-438f-98b2-7d7e17eebb54,2025-12-03,msg_00012,U743849e63f8101ac616f8fd0ba84a167,U61aa89bcc393ac5f097172d26d036180,imagemap,opened,2025-12-03 21:44:03,
e9342502-926d-40c7-8d34-b5a10d520085,2025-11-25,msg_00043,U3e5dd3a641c58ad50e49f095c6f1e306,U2cc30775a71482fd228446b86e9ac8bf,flex,opened,2025-11-25 08:44:55,
321d3e34-374c-4f66-baa2-bcaadb2dd4b2,2026-04-05,msg_00054,U3bae1603803a839c0cb52f511d9cb8f6,8ed16ec1bca14126870ce4f5977e3d96,image,opened,2026-04-05 08:35:38,
35a2634b-fd8a-4533-b926-2bd40aab786e,2026-03-04,msg_00056,U1ca413826b7044d134c9c3132420c9de,Uc157e844e106815a562d4142ff0a0ef2,text,delivered,2026-03-04 20:26:24,
2d518ae5-2350-4e74-8823-3590ac2295dc,2026-01-20,msg_00108,Ub0341314a5534ea92b26fa8adc30543f,U752bd99d327e4dfa2d5fc2ed7fa324d5,flex,delivered,2026-01-20 23:03:12,
59029a99-4211-48fd-a602-3697efe3c4e0,2026-03-22,msg_00119,U3bae1603803a839c0cb52f511d9cb8f6,a8e2677ebec35888c44c57c5a4705178,imagemap,delivered,2026-03-22 22:30:39,
e4dbb24b-43d6-4a7b-bcef-bb63db8ed16d,2026-02-20,msg_00036,U879eb903ad90cd9c2874f6df7651267a,Ub2818517c501f557fef4e4267465ad39,video,delivered,2026-02-20 18:10:48,
325c72c0-0975-4a33-b13d-d97353ddc8d0,2025-12-22,msg_00038,Ub0341314a5534ea92b26fa8adc30543f,e7173fb338156e1d8ddbc332368d35a8,image,delivered,2025-12-22 07:51:13,
0bbd4590-ae7a-4058-a289-976bc309c903,2026-01-26,msg_00005,Ub0341314a5534ea92b26fa8adc30543f,Ua4947f4ee2b7fd894e17074a47c68daf,image,delivered,2026-01-26 13:05:36,
98eff538-f41c-4652-9bd5-fb6f248c30a9,2025-12-25,msg_00045,Ue7310890b01058478be93761a56d0aa0,U818408ec8f5b1b76a09e52b8f778a7b7,video,delivered,2025-12-25 05:43:58,
dbfc8fef-6fda-414e-a3dc-af5ad2c56b24,2026-01-09,msg_00052,U743849e63f8101ac616f8fd0ba84a167,U3c69e362f8b54b0493ca0168cbbb9514,video,delivered,2026-01-09 00:50:30,
4ade2b00-ed50-4add-9fec-c19c806b5819,2026-02-05,msg_00107,U3bae1603803a839c0cb52f511d9cb8f6,Ucf434a2af1ec19fd25e2f9f2d7d6e316,text,delivered,2026-02-05 01:18:38,
993b7a3c-435d-4934-8505-abe783110342,2026-04-07,msg_00081,Ub0341314a5534ea92b26fa8adc30543f,U96c5a7d5c18150dfd8da2aa55b1ce50f,video,unsubscribe,2026-04-07 23:07:46,https://example-saas.jp/survey
6f30f66b-60e1-4b31-b184-0e39fbded4d6,2025-11-23,msg_00024,Ue8d9224ecde331ce692edfce0b5ecdc4,Ufddf4810614adba44f585c64f80690d5,text,delivered,2025-11-23 22:47:16,
483fabaf-6340-40a1-a30d-88b60ce2dab8,2026-02-20,msg_00048,Ue7310890b01058478be93761a56d0aa0,U13d9f15606a5e085c8e571757ccc3af7,flex,clicked,2026-02-20 22:01:27,https://example-saas.jp/lp/newmenu
e7fdd58a-9bc0-4302-821c-633cd016370b,2025-11-19,msg_00019,U743849e63f8101ac616f8fd0ba84a167,U4783692f1649bb373d9684463e6fa398,flex,delivered,2025-11-19 11:00:54,
8514e256-0da9-48e2-967e-537939b52d03,2025-11-16,msg_00020,U3bae1603803a839c0cb52f511d9cb8f6,Ua0517ce27b66b5505028f8089e807fdd,text,delivered,2025-11-16 16:34:22,
132c1b34-256f-4756-9c63-220a5e1c4450,2026-01-20,msg_00108,Ub0341314a5534ea92b26fa8adc30543f,U75072747e292833228a1a63bf77bfae8,flex,delivered,2026-01-20 13:41:32,
edb0fe6f-b180-456c-9d9b-a2ff1ae9207c,2025-12-18,msg_00070,Ue9a1e8a5b83a6b296d43c957a8cfba4a,U8e479da0be9a262f1cd4f11dc05f36b8,imagemap,opened,2025-12-18 05:19:07,
dc8b2676-fc59-4479-a953-873305e107ee,2026-01-26,msg_00005,Ub0341314a5534ea92b26fa8adc30543f,U41e1f65aab6bf67e293a60277b3c9c5b,image,delivered,2026-01-26 18:41:28,
f3cd499f-feaf-48f8-88d1-83148ca5e02e,2025-12-12,msg_00004,Ub0341314a5534ea92b26fa8adc30543f,Ufa90b4f294154170fcee7afa7a680b88,video,delivered,2025-12-12 09:19:52,
5c8236b5-b910-443b-8442-5cdfdb203abd,2025-12-24,msg_00062,Ub0341314a5534ea92b26fa8adc30543f,Uff2e7806c1a0fde67d5f4a3ff0216cac,video,delivered,2025-12-24 06:57:44,
9ffbd34f-977f-40ca-8796-712424016ba3,2026-03-23,msg_00071,U3bae1603803a839c0cb52f511d9cb8f6,U50f9274bf0a182265615de7c1e6d63cd,imagemap,delivered,2026-03-23 15:01:12,
cb8f1404-7483-4e32-ae86-a9f8691f3035,2025-12-25,msg_00077,U743849e63f8101ac616f8fd0ba84a167,U0fdb5f7675489938ad1cd9e888ee3fbb,text,delivered,2025-12-25 12:17:33,
718e0c7a-9e31-4c71-b653-030eae3539a5,2026-03-16,msg_00002,U3bae1603803a839c0cb52f511d9cb8f6,U0d93128c6405d514467d5d9b7fbd40c1,text,clicked,2026-03-16 09:15:22,https://example-saas.jp/campaign/spring
6edd1cc4-c062-4e88-9d39-ebc72d8b8dee,2026-01-10,msg_00044,U30ad60bba5da9837ca5dd0230ca8f531,Ud86f5ef3230dd564ce089549bd161c8c,video,delivered,2026-01-10 17:46:38,
fe828153-38af-41e9-b51e-1279cceac159,2025-12-07,msg_00003,U227d1cd1a801c367de206ec4bbca7330,U458db71d3ec1b2a4086658ebc1803673,image,delivered,2025-12-07 14:48:09,
4b14b85a-6a72-40dc-bcdd-c04e92444d4e,2026-04-12,msg_00120,U227d1cd1a801c367de206ec4bbca7330,U6547ffdbcab42a94ae407e45c02f87c2,text,delivered,2026-04-12 23:12:29,
08636f0f-d14f-4950-ab60-4c82474be6a0,2025-11-24,msg_00033,U3bae1603803a839c0cb52f511d9cb8f6,Uf932a206cb1a520a69781043d68c0bdd,text,delivered,2025-11-24 10:07:36,
9ba2fb32-e1f8-42f0-b327-b5327fc296fa,2026-01-18,msg_00102,U227d1cd1a801c367de206ec4bbca7330,0b83209f63785f23d85726868261626d,video,delivered,2026-01-18 17:22:53,
8609dd04-c365-45d6-a83d-84237044dda0,2026-02-14,msg_00065,U743849e63f8101ac616f8fd0ba84a167,U6dfa8f3d42882142cfb50578f94c352f,image,opened,2026-02-14 04:58:02,
b04cde62-cfe4-4482-8aa8-4716965d3e68,2025-12-18,msg_00070,Ue9a1e8a5b83a6b296d43c957a8cfba4a,U8a10ec2cb3b3ee41c127739528e5e7e1,imagemap,delivered,2025-12-18 11:31:15,
63500c6e-aa7e-46cf-9db3-54a5a84b2581,2026-03-27,msg_00096,U476acbdef8e9a16d24575e4f6d7b0f31,U6abe982b26ab75e256abb353a4fa3b37,imagemap,opened,2026-03-27 13:00:02,
05907fcc-6d37-42a9-a5f1-669e032439cc,2026-03-21,msg_00023,U743849e63f8101ac616f8fd0ba84a167,4f57359fcb49a33c3be952f03d9787c2,imagemap,delivered,2026-03-21 07:37:38,
4536be85-c2f0-4164-8f89-969bf21ea62f,2025-12-24,msg_00091,U3bae1603803a839c0cb52f511d9cb8f6,U2b297a1a72c42cc306db0531009e8c19,imagemap,delivered,2025-12-24 11:34:08,
0ed720d5-a1b7-477b-b9f0-30f6cfbcb6fa,2026-01-20,msg_00026,Ud4a92c8c8050eed40ef171cc2784d638,U4e1c5b45fc2fdb172f93f9736f5166a0,imagemap,opened,2026-01-20 00:25:53,
bf0c4545-098a-46c4-8cdc-82f60d0ea2cb,2025-12-31,msg_00082,U227d1cd1a801c367de206ec4bbca7330,9a11e67bc75243a7b4c910ddaaeed33b,imagemap,clicked,2025-12-31 03:51:56,https://example-saas.jp/coupon/500off
0fe539b6-d585-4c90-b535-1a6c1f501999,2026-03-20,msg_00106,U3bae1603803a839c0cb52f511d9cb8f6,U0f233c595f540594c85f556959b4dd5f,video,clicked,2026-03-20 07:40:21,https://example-saas.jp/coupon/500off
6b85cbda-cbe8-4030-a889-eae7eebe812f,2025-11-23,msg_00053,U743849e63f8101ac616f8fd0ba84a167,U248574b3b197b301e8f687f5cd4afc00,video,delivered,2025-11-23 19:14:51,
eb589b34-7541-4a90-b768-5cae43a5fca3,2026-03-05,msg_00014,U3bae1603803a839c0cb52f511d9cb8f6,Ucad03ae2672eba902aa645853100bb0e,flex,opened,2026-03-05 08:50:51,
e3f3764a-2195-480e-935c-fa3fd0e11337,2025-11-27,msg_00018,U3e5dd3a641c58ad50e49f095c6f1e306,U2909a279d85c3c99f38484540566b1a0,imagemap,delivered,2025-11-27 07:11:18,
bb61b07a-c23d-425e-8345-1e297ee7968b,2025-12-22,msg_00013,Ub0341314a5534ea92b26fa8adc30543f,U5cd0e8e9e6fc27c7415c62bd7a78eff2,image,delivered,2025-12-22 19:15:07,
ee0e6eb2-ce07-4d87-b2da-315712191244,2025-12-03,msg_00012,U743849e63f8101ac616f8fd0ba84a167,U40cdb51ebd343e4451712e9ce9770f9a,imagemap,delivered,2025-12-03 02:39:07,
d4c0506b-8353-4e31-b841-c2dbaf9036ee,2025-11-27,msg_00018,U3e5dd3a641c58ad50e49f095c6f1e306,U2602e8e4084c6e9fac7e21f76945f969,imagemap,delivered,2025-11-23 14:46:33,
f40ae26f-6a24-4324-b6ba-17be61ff395e,2025-12-15,msg_00030,U3bae1603803a839c0cb52f511d9cb8f6,U2c26a853e5a8878cb9603a78bca7a678,video,delivered,2025-12-15 03:54:56,
2d4657e4-2e5b-4f8b-be08-4ff65b2b87b7,2026-03-08,msg_00112,U3bae1603803a839c0cb52f511d9cb8f6,U8c77f06263067f2534bdcad1d25beec3,image,opened,2026-03-08 19:35:13,
3afbd143-8551-4a57-942d-3be802718930,2026-02-07,msg_00090,U4784fc8a8e1e4eb2435ad84e0ad052f2,U33efaa72dd9af5aa13a164b7d646c762,imagemap,opened,2026-02-07 22:51:41,
0a61ff70-a4c7-4a90-b0cf-57e60ed59459,2025-11-26,msg_00028,U3bae1603803a839c0cb52f511d9cb8f6,Ud3564ccd177df40141cda42987c50218,image,blocked,2025-11-27 02:21:42,
033a7e50-9a5a-47e3-a8eb-6a3f99138963,2025-12-19,msg_00118,U4784fc8a8e1e4eb2435ad84e0ad052f2,Ua6cd91410082824d10c702ce1548abc9,image,delivered,2025-12-19 19:01:17,
aa1d1f85-e817-43bb-846e-d2f2ffa2a3f4,2026-04-01,msg_00072,U4784fc8a8e1e4eb2435ad84e0ad052f2,3c45ab76be707352aa33b06cacab1c36,image,opened,2026-04-01 10:55:00,
f17dd4cf-6f87-4454-8678-807ced1f2271,2026-01-17,msg_00037,U7e808d11d6f9901a954a542a7ee09918,Ud0504a07d027dc928cc37ddaa5332855,text,delivered,2026-01-17 07:19:13,
12ecaeff-ac68-42d4-aa90-4f4acafd8cb5,2025-12-03,msg_00012,U743849e63f8101ac616f8fd0ba84a167,U0399dac9f00ebcfb2206ccbb18632ac5,imagemap,delivered,2025-12-03 09:05:28,
7ac7fb64-b4ce-402c-9d9c-90bbc51a9415,2026-01-20,msg_00026,Ud4a92c8c8050eed40ef171cc2784d638,U1efece1413d3c3d2df7a0235510695b3,imagemap,delivered,2026-01-20 16:52:21,
a11acd32-7fc0-47fe-be36-dcf84f79e3ad,2026-03-08,msg_00112,U3bae1603803a839c0cb52f511d9cb8f6,U3ecb1d3693551489d5843c6fa73874d2,image,opened,2026-03-08 02:41:14,
87a5649c-eaa2-4309-b667-34eda9cd6df6,2026-01-17,msg_00037,U7e808d11d6f9901a954a542a7ee09918,U9a2170a6c6abe22baaf11fa260941fbf,text,opened,2026-01-17 02:29:41,
02df6b4e-46c8-4c2e-aaaf-20d10f37c1df,2026-03-05,msg_00014,U3bae1603803a839c0cb52f511d9cb8f6,U0a2c1291526a72bb3d54917e029770a5,flex,delivered,2026-03-05 06:18:04,
b05364a8-7ece-419c-89a1-b16ed9f9010b,2025-11-16,msg_00020,U3bae1603803a839c0cb52f511d9cb8f6,Uca921d12b570a889012426613b9da40e,text,opened,2025-11-16 20:55:15,
ccac3a2c-2b7a-4839-945a-00096ad82abf,2026-01-26,msg_00063,Ub0341314a5534ea92b26fa8adc30543f,Uc1e1466f86f85818191c6fab1690fad3,imagemap,delivered,2026-01-26 09:02:04,
454625e1-192e-4be0-879c-ff3cc8efc9bc,2025-12-19,msg_00118,U4784fc8a8e1e4eb2435ad84e0ad052f2,U94e9faeeee055bff21193361523bef98,image,delivered,2025-12-19 02:44:59,
7f846439-24ec-4cc9-90b6-376cfa78aae6,2026-02-07,msg_00090,U4784fc8a8e1e4eb2435ad84e0ad052f2,Ucf7d2c0815143206ebad90a1a0387d3f,imagemap,blocked,2026-02-07 05:32:02,
c7deccba-f318-405c-9ca7-f4f9e40e9a6a,2026-04-01,msg_00072,U4784fc8a8e1e4eb2435ad84e0ad052f2,U6c232bd987efb36e8b3e572c22e6aeba,image,delivered,2026-04-01 11:06:16,
b38757eb-5cb4-4881-9435-e57fbcf2b1e3,2025-11-22,msg_00047,Ue7310890b01058478be93761a56d0aa0,7660a063e2eaeb1c08ff0b7ce804d174,video,opened,2025-11-22 23:43:21,
982593e2-9bcf-4a3f-b38d-3a0debed750e,2026-01-07,msg_00110,Ub0341314a5534ea92b26fa8adc30543f,U1f542d44ecbb7c20a81a4a56d7d6e919,video,blocked,2026-01-07 23:10:03,
87762904-646f-4b24-affa-287928b3c9a6,2025-12-18,msg_00114,Ub0341314a5534ea92b26fa8adc30543f,U8036214f6de7792b128b252ed11f4c87,flex,clicked,2025-12-18 10:06:24,https://example-saas.jp/lp/newmenu
d6a2336f-402c-4df5-93d5-00bf203bc03d,2026-03-05,msg_00014,U3bae1603803a839c0cb52f511d9cb8f6,Ub36320aed8daeb7039ba6995ad2a3912,flex,delivered,2026-03-05 11:16:51,
3cd88036-b0ce-41ea-92ec-683d60be0f38,2025-12-18,msg_00114,Ub0341314a5534ea92b26fa8adc30543f,U038f710796a9e3f0adeb799efb8d7675,flex,opened,2025-12-18 08:26:34,
e9e9dfdd-9e1b-486b-a969-f973189adadb,2026-03-10,msg_00019,U743849e63f8101ac616f8fd0ba84a167,Ucfcaea196ea9e1d0e4d4f6686a9a82f0,image,CLICK,2026-03-10 10:09:17,https://example-saas.jp/lp/newmenu
2507e8ba-ec9f-4e4a-ad53-acf6bd5c2e59,2026-03-31,msg_00046,U4784fc8a8e1e4eb2435ad84e0ad052f2,U996a90d3e79b4a4ef9acdb3fec5e285f,flex,clicked,2026-03-31 16:01:54,https://example-saas.jp/campaign/spring
a34c33a7-11b5-4fe6-ae04-3182979c7981,2025-11-30,msg_00025,Ub0341314a5534ea92b26fa8adc30543f,U64765c94250b644787e6eca9d18b90da,imagemap,delivered,2025-11-30 01:41:48,
2a11a2b7-390e-41e9-92f4-be3a17d60c20,2026-04-04,msg_00049,U476acbdef8e9a16d24575e4f6d7b0f31,U3379fc429ad69a8d7f1d8419b3d5d539,text,delivered,2026-04-04 16:28:02,
cae4c1a5-1b54-4738-98da-14412c812668,2025-12-23,msg_00061,Ub0341314a5534ea92b26fa8adc30543f,fdc76242ea87c4fba161f665a44644e4,imagemap,delivered,2025-12-23 23:56:04,
2e1d7b6c-8fce-46ed-886f-ccb9192d3656,2025-11-19,msg_00019,U743849e63f8101ac616f8fd0ba84a167,U53a86e3de0c12e111a15c0b1431804aa,flex,opened,2025-11-19 21:52:26,
e94c987e-ccb0-45f9-b6ae-98d9c85d5eb9,2026-04-12,msg_00120,U227d1cd1a801c367de206ec4bbca7330,U80c1f75bd7503efcc769881f6c7f05c6,text,delivered,2026-04-12 01:25:53,
611e70a2-bc2d-4fff-a6b7-78cc97f10842,2026-01-17,msg_00037,U7e808d11d6f9901a954a542a7ee09918,Uee0bea44f8490ead5f0b66b9b8b63f49,text,delivered,2026-01-17 01:15:59,
a1c45e8a-fb14-4920-8229-93f9256f676e,2025-11-27,msg_00018,U3e5dd3a641c58ad50e49f095c6f1e306,U68ce46939ed7abf69d7d9d3a551c35cb,imagemap,delivered,2025-11-27 11:19:26,
965f7db3-cd7d-4957-8e94-7e9b66b9bc34,2025-12-18,msg_00114,Ub0341314a5534ea92b26fa8adc30543f,1c523bc954b327500741cf190c78bb52,flex,opened,2025-12-18 01:54:56,
69947db4-90cc-48b7-a28d-51c9e36e8cf4,2026-03-06,msg_00068,Ub0341314a5534ea92b26fa8adc30543f,Ud166e1bb0b9fbd516edbea95ce4381c7,video,clicked,2026-03-06 01:28:49,https://example-saas.jp/coupon/500off
0e7ffd4f-7d3a-4b7d-b290-3c33417a3aab,2026-03-21,msg_00023,U743849e63f8101ac616f8fd0ba84a167,U965c5301f3fc35fdf8a8cdde1dbd5c3d,imagemap,delivered,2026-03-21 15:00:56,
834391f2-bbe1-45ec-b067-13866dfae1d8,2026-03-08,msg_00112,U3bae1603803a839c0cb52f511d9cb8f6,Ue2e03e8203b3f97f3a1530f19f38df77,image,delivered,2026-03-08 23:07:16,
843cb8b1-fa66-4311-b508-aa80ed4a8fc8,2025-12-24,msg_00062,Ub0341314a5534ea92b26fa8adc30543f,U2f6ecd66f6a8377019e39abab4a99ff8,video,opened,2025-12-24 23:55:12,
e199f6b5-50b9-4054-a7f7-e741be2a1394,2026-02-14,msg_00098,U743849e63f8101ac616f8fd0ba84a167,Ub1aef0e3de2dbc98bee042c37504fca7,imagemap,delivered,2026-02-14 00:39:26,
cbd80272-2dd6-46ec-a259-b28fa294b95b,2026-03-05,msg_00014,U3bae1603803a839c0cb52f511d9cb8f6,Ub8bd50a3ef83a22e611821ff8e7ae921,flex,delivered,2026-03-05 07:34:14,
8ab9c044-5719-487c-9980-6b917eb549f6,2025-12-19,msg_00064,Ub0341314a5534ea92b26fa8adc30543f,Uee56a02801f7e099427c2482fc6de011,image,delivered,2025-12-19 02:29:52,
8a8136cf-1af1-4ef4-a03c-dcdf2c9aed03,2026-03-26,msg_00040,U3bae1603803a839c0cb52f511d9cb8f6,Uca6fe5bb1aa9349f9764077e20a20afc,imagemap,delivered,2026-03-26 11:35:36,
096eb0bc-b1a5-443f-aa57-aa5a01f8030e,2026-02-28,msg_00117,U743849e63f8101ac616f8fd0ba84a167,Udc3736a360195060bc546ec740c51b66,video,delivered,2026-02-28 23:44:09,
395490fb-1301-4c85-add9-082272681c3b,2026-01-26,msg_00086,U4784fc8a8e1e4eb2435ad84e0ad052f2,U4a4f9d3ce2e23e5437dcdeff55f383c5,text,clicked,2026-01-26 18:25:41,https://example-saas.jp/campaign/spring
c4e2307a-2aa9-4850-9d01-84b7ebc1e97c,2026-03-26,msg_00108,U743849e63f8101ac616f8fd0ba84a167,U750fa7bae9d861f5015cac417e4b7511,imagemap,open,2026-03-26 01:01:00,
d198b74c-a774-48b7-a969-2e28a1b9df4a,2026-01-31,msg_00035,U7e808d11d6f9901a954a542a7ee09918,U5e36b134b2749f58865715176998a7d0,text,opened,2026-01-31 19:57:26,
fd138754-965e-43fe-a8ba-4a012c444d21,2026-04-01,msg_00072,U4784fc8a8e1e4eb2435ad84e0ad052f2,U259579a2ebc9fb1c4a05f70ee17c5c9b,image,delivered,2026-04-01 09:04:23,
8a0efeed-6f5e-4a85-83b2-3f397e292998,2026-04-12,msg_00120,U227d1cd1a801c367de206ec4bbca7330,Ud564a5b16ffb62bbd58884bb52e53010,text,clicked,2026-04-12 17:56:37,https://example-saas.jp/survey
a3af2f50-b89b-4702-b2c6-e1a11c6bda6e,2025-11-30,msg_00025,Ub0341314a5534ea92b26fa8adc30543f,Ub7c7747b0583214bc19aa38c074dbd4f,imagemap,delivered,2025-11-30 19:49:23,
4289f859-117f-45f6-80f7-9dd9ee6e5ed6,2025-12-02,msg_00088,U3bae1603803a839c0cb52f511d9cb8f6,U4260ae043077edf75a57c65bfe7cfd25,image,delivered,2025-12-02 11:07:42,
84b077ba-0ac0-4b94-84e6-e225a0e9ff6a,2026-02-09,msg_00083,U3bae1603803a839c0cb52f511d9cb8f6,U3c642db2204d208c3d8221bbd96a3f3a,flex,delivered,2026-02-09 14:04:58,
ff3946ec-6a8f-46b3-8778-d4cf993d756b,2026-03-14,msg_00009,U743849e63f8101ac616f8fd0ba84a167,Uc57f0da4d640d7fa23d19e532ea384ab,imagemap,delivered,2026-03-14 01:04:57,
46e19935-817e-42ea-9eeb-91135e169ce4,2026-01-14,msg_00081,Ue7310890b01058478be93761a56d0aa0,U5045ba02ad53a5a69633dc36e90a49d3,video,delivered,2026-01-14 10:36:30,
d56f88cf-d4e9-42b0-b333-79c5789524aa,2026-03-23,msg_00073,Ud4a92c8c8050eed40ef171cc2784d638,Ua21199af2b39a58ce6560b2420b35ac4,imagemap,delivered,2026-03-23 20:27:42,
1b2e4066-253a-4168-a188-758286906c15,2025-12-24,msg_00062,Ub0341314a5534ea92b26fa8adc30543f,U3a8730cb8843a17dd1f4c58282e8d45d,video,delivered,2025-12-24 07:44:07,
68993fad-b66e-4b63-8a02-5ec2979d935c,2026-01-26,msg_00115,U3bae1603803a839c0cb52f511d9cb8f6,Ue2c69c330a68f5b9b4a1a8056e0f1e0d,imagemap,delivered,2026-01-26 09:44:54,
c5ff046c-d474-4da9-878f-51bb94bbe4df,2026-03-23,msg_00073,Ud4a92c8c8050eed40ef171cc2784d638,U4fc6ada9a799b555d9e12bbaf7ba51a6,imagemap,delivered,2026-03-23 21:01:33,
cbc4bd70-4d48-45a0-911a-ad279827c0bd,2026-02-14,msg_00065,U743849e63f8101ac616f8fd0ba84a167,U03e95df43e4c04920ba42a42388f1b62,image,opened,2026-02-14 10:02:33,
a327384a-5a2d-4c53-852a-8601d2c7ae82,2026-03-06,msg_00055,U3bae1603803a839c0cb52f511d9cb8f6,Uf1f9670d0e5b322f9d170bcd43ec530a,flex,opened,2026-03-06 05:21:26,
cf38bb61-4552-44a7-97ee-5de45032f34f,2026-03-23,msg_00071,U3bae1603803a839c0cb52f511d9cb8f6,e32dd8796138067462921120f1c4ee5c,imagemap,delivered,2026-03-23 10:07:24,
e4a25c2c-312e-464c-b4a1-25102fd00b6e,2025-12-17,msg_00032,U3bae1603803a839c0cb52f511d9cb8f6,U748af726d332372f20a396be8e8b210e,video,delivered,2025-12-17 10:18:18,
df6bfbbf-0904-4896-bbff-44bf88a2ff7f,2026-02-14,msg_00098,U743849e63f8101ac616f8fd0ba84a167,Ubfb8a582f24a93bb51abace702ae4116,imagemap,delivered,2026-02-14 06:21:06,
0fe32197-e447-4835-a6e2-3a457f782830,2026-01-30,msg_00050,U3e5dd3a641c58ad50e49f095c6f1e306,Uf80c91d0e23fe924cc50fe420bb73fdf,image,opened,2026-01-30 04:03:48,
9e471c99-e23c-4a4a-8a2e-886d37044ab1,2026-01-20,msg_00108,Ub0341314a5534ea92b26fa8adc30543f,Uecb48994682a5c7cf4b3d50cf7ca65cf,flex,opened,2026-01-21 00:45:21,
b5c855ed-367a-41af-846f-adcf2314f674,2026-01-24,msg_00066,U3bae1603803a839c0cb52f511d9cb8f6,Uf39320b8091ff124f2be9b77c73761bf,image,delivered,2026-01-22 00:47:39,
c4fc18b4-1088-4490-880f-831928ceafa6,2025-12-12,msg_00029,U743849e63f8101ac616f8fd0ba84a167,Uba74dfd91c30329cf3896438ee32bc91,imagemap,opened,2025-12-12 17:23:49,
2f203f12-6d8e-4c37-b439-3bcb6d73b45f,2026-02-10,msg_00058,Ue9a1e8a5b83a6b296d43c957a8cfba4a,U73bfae3582ad846f55e833f2dd906091,video,delivered,2026-02-10 16:27:54,
006f2046-2b9e-4e9c-adc9-c56203731263,2025-12-25,msg_00077,U743849e63f8101ac616f8fd0ba84a167,U29361f5a54da334ab7c06d21402d69fb,text,clicked,2025-12-25 09:56:45,https://example-saas.jp/survey
545d5441-891e-4c95-9012-4aea6ccd6af6,2026-01-10,msg_00044,U30ad60bba5da9837ca5dd0230ca8f531,U2275f8ca828b09e9cff9fcad2fb2d389,video,opened,2026-01-10 12:08:29,
9831f923-cc85-43dc-8075-d997c8d0a221,2025-12-16,msg_00085,U1ca413826b7044d134c9c3132420c9de,Uc5b6474311923450c5e4691a2f03d294,imagemap,deliverd,2025-12-16 07:56:03,https://example-saas.jp/lp/newmenu
d2be9fd9-ebb6-49d9-8425-fa0c0832b86f,2026-04-01,msg_00072,U4784fc8a8e1e4eb2435ad84e0ad052f2,U10f64c9853e1743e6067009ea0b204a4,image,opened,2026-04-01 21:35:18,
60d05dd7-010d-4c65-8a31-f9e6f33f4018,2026-01-07,msg_00110,Ub0341314a5534ea92b26fa8adc30543f,U9b2f2dc61fea8c5b89e91963da897fba,video,opened,2026-01-07 02:38:35,
c814ed43-c8a6-4acb-b1cb-c10ccc6da066,2025-11-22,msg_00047,Ue7310890b01058478be93761a56d0aa0,U0c6389efa5f592ee9e198c8ce29ff1d1,video,delivered,2025-11-22 15:01:44,
5be105d9-a8cc-45e7-8cf2-9c074f06ecff,2026-02-14,msg_00065,U743849e63f8101ac616f8fd0ba84a167,U3b20ae375c1bdac9abaa2df9174e0e26,image,delivered,2026-02-14 23:51:42,
1bb4a00f-28d3-47b8-a1e8-ac6ac6627415,2026-02-15,msg_00006,U743849e63f8101ac616f8fd0ba84a167,U1afbfdb5033b96df5cb143d657c8babf,flex,delivered,2026-02-15 05:39:32,
eefd8f68-a231-40a9-88df-597f5d07e8c4,2026-03-13,msg_00001,U4784fc8a8e1e4eb2435ad84e0ad052f2,Uc520805beedb22ce6a9da387f53a0f96,image,opened,2026-03-13 13:06:37,
da23cc51-f4e3-46f3-84c1-69f2b96906ec,2026-01-13,msg_00060,U3bae1603803a839c0cb52f511d9cb8f6,U02cdcab0ea58d6df8593b0f4270b2be4,image,delivered,2026-01-13 20:31:41,
de3d5ebe-0891-47a6-a430-42a72a852e99,2026-04-04,msg_00049,U476acbdef8e9a16d24575e4f6d7b0f31,Ua9c3f3d55f313e394e69663db1623e7a,text,opened,2026-04-04 10:40:11,
ac921912-06ec-4489-917d-98c84c989d13,2026-03-05,msg_00014,U3bae1603803a839c0cb52f511d9cb8f6,Uf5cf4f48cdc2f4818d2f5483a6e07055,flex,opened,2026-03-05 10:35:03,
379aafc5-9fe0-4094-8cff-cd5f20139b75,2025-12-25,msg_00045,Ue7310890b01058478be93761a56d0aa0,U4e30961c51d905d007611647d3d605a5,video,failed,2025-12-25 09:30:30,
a5b1662b-d3f2-440c-b59d-520c9dad500f,2026-03-27,msg_00096,U476acbdef8e9a16d24575e4f6d7b0f31,U2618fbe44d7aa6a5ba9a42c303789a91,imagemap,opened,2026-03-27 02:27:20,
1337af93-1cec-422a-bec2-ae7c70d54a1c,2026-01-14,msg_00081,Ue7310890b01058478be93761a56d0aa0,U6740d7742b1b375643a21fc95d8ce870,video,opened,2026-01-14 19:35:29,
4698ab96-58f5-4d9a-866e-1398abca7e7a,2025-12-18,msg_00070,Ue9a1e8a5b83a6b296d43c957a8cfba4a,Ubd85ee3df48075e8bea5b5259a18e3f7,imagemap,opened,2025-12-18 05:59:37,
1156fccc-17a4-4605-9c2a-85c329961b25,2026-04-08,msg_00078,Ud4a92c8c8050eed40ef171cc2784d638,Udefc5f6b31526f7765a6f8988138822c,image,clicked,2026-04-08 17:01:56,https://example-saas.jp/lp/newmenu
5bb235c2-d8ac-4d28-8384-3b4cf1ac1f72,2026-01-17,msg_00037,U7e808d11d6f9901a954a542a7ee09918,Udf8bcfcec1b9283221b53b34931d6159,text,delivered,2026-01-17 09:44:06,
e17dc1fa-b4b6-4aa4-8ec9-373d6ed55aaa,2026-03-23,msg_00116,Ud4a92c8c8050eed40ef171cc2784d638,7d6efa8010db6e5aca3de92178faa969,text,clicked,2026-03-23 07:52:10,https://example-saas.jp/campaign/spring
60ad3d12-28cc-49f3-ad4a-8f9dc52644c3,2026-04-04,msg_00049,U476acbdef8e9a16d24575e4f6d7b0f31,U69ee3bc0115da784d8dcc17644ad8740,text,delivered,2026-04-04 02:58:27,
4c3ae85d-f794-4ef5-ba96-d59a4e3c7e5d,2026-02-20,msg_00017,U22a93bc29b1df104af6b1ba1cd91fc56,U49c18e99630a82a29dbcf867ef2090d0,video,delivered,2026-02-20 16:44:53,
8bada3a8-d849-4e2f-bfc4-49dba09004a6,2026-02-07,msg_00090,U4784fc8a8e1e4eb2435ad84e0ad052f2,U03289202ed2bb860c8995f767954949d,imagemap,delivered,2026-02-07 08:26:59,
de4a1c3c-ac19-4cec-a19e-7ca0c4993123,2026-02-20,msg_00036,U879eb903ad90cd9c2874f6df7651267a,U653e88ad4276b36c0c4527a5e835bc15,video,opened,2026-02-20 03:05:30,
96f023a5-446c-4bba-96c0-e94d31d88b42,2026-03-04,msg_00056,U1ca413826b7044d134c9c3132420c9de,U7ffd6256228ed77939a7be9c945bdb6d,text,opened,2026-03-04 04:33:38,
2b6b0601-1d2b-48bb-9f5b-9fe4f0f4001f,2026-01-10,msg_00044,U30ad60bba5da9837ca5dd0230ca8f531,U4a68b40ec57109c87ba9189e7c16ed5c,video,delivered,2026-01-10 10:01:31,
37114849-ff36-40d4-b228-0e1f1cf37b13,2025-12-25,msg_00045,Ue7310890b01058478be93761a56d0aa0,U373a9a3937e31ed4110157500da4a063,video,delivered,2025-12-25 14:03:56,
23271b7c-ce95-4d4a-a771-7b4f9a67d886,2026-02-14,msg_00098,U743849e63f8101ac616f8fd0ba84a167,Uc8b462a26d126823ab7939374bc9c3b8,imagemap,delivered,2026-02-14 15:58:11,
c2c03672-e1e4-4b5b-ab14-97d70b171b48,2026-04-10,msg_00101,U743849e63f8101ac616f8fd0ba84a167,U9880add481caddae42838a39652d1796,imagemap,clicked,2026-04-11 01:08:06,https://example-saas.jp/campaign/spring
9b3639d0-24c8-4af7-b5e9-25434b32536a,2025-12-23,msg_00061,Ub0341314a5534ea92b26fa8adc30543f,Uf5d9be2780838c4401b3802d91588727,imagemap,delivered,2025-12-23 14:06:42,
4819d894-97f8-427f-aa31-11b6c7807a3c,2026-04-12,msg_00105,Ud4a92c8c8050eed40ef171cc2784d638,U0eadcab3074fced0f6b264af6ae4be63,flex,delivered,2026-04-12 03:18:21,
42e6afc2-c549-4cd7-9ee1-c779bbffb74e,2025-12-18,msg_00114,Ub0341314a5534ea92b26fa8adc30543f,U1ecd83db369e19407da0504891aee155,flex,opened,2025-12-18 12:00:21,
9416b7fb-c403-4f54-83ce-34229efeed5f,2025-12-18,msg_00114,Ub0341314a5534ea92b26fa8adc30543f,U3705436bff817a2121b8ec2af52b0404,flex,delivered,2025-12-18 20:43:55,
1f7fba0f-dfc7-4c86-b8b3-8c34c16a859a,2026-02-14,msg_00065,U743849e63f8101ac616f8fd0ba84a167,7a6ec8d24fcbe8e7d8cb75c727463bac,image,opened,2026-02-14 06:03:58,
801b656c-a55e-47b5-9385-956d77a31dad,2025-12-07,msg_00003,U227d1cd1a801c367de206ec4bbca7330,U9fb5d180cb0ba1a89a98d754d1117d09,image,opened,2025-12-07 20:40:35,
fdb237da-c50e-4a5d-9226-52e1c3ff224d,2026-03-31,msg_00046,U4784fc8a8e1e4eb2435ad84e0ad052f2,U4a22594e0308d43fcfbdf6b7e9e272a2,flex,delivered,2026-03-31 10:22:26,
cc49f644-306d-4219-9eeb-7a5a63b66239,2025-12-23,msg_00061,Ub0341314a5534ea92b26fa8adc30543f,U7a9f33a71daa16e2edcea0cb0f6956c4,imagemap,delivered,2025-12-23 08:14:18,
600e9431-4ab3-4a5e-a032-ccbd1346f0cb,2025-12-24,msg_00062,Ub0341314a5534ea92b26fa8adc30543f,U4f000d204c3709740f603ec8d31afe8c,video,delivered,2025-12-24 16:01:26,
77697b2f-7b9b-4545-ad8c-c32d7c3ff203,2025-12-09,msg_00094,U227d1cd1a801c367de206ec4bbca7330,Ud48b82bf66cd4125329e7bc948cc8c27,flex,delivered,2025-12-09 13:39:15,
6add242f-b546-4aa5-91a8-e7b060228018,2026-01-26,msg_00103,U3bae1603803a839c0cb52f511d9cb8f6,U479d0f67734f89795d4d3359d2114e26,flex,delivered,2026-01-26 16:07:02,
ffbf7c17-3267-4ca9-ada4-b3d3b49da321,2026-04-01,msg_00072,U4784fc8a8e1e4eb2435ad84e0ad052f2,U3384094364e8a257550c94abf237db07,image,opened,2026-04-01 23:36:58,
1b084f46-9711-4930-930a-efef30da7873,2026-02-24,msg_00039,U743849e63f8101ac616f8fd0ba84a167,U2424f3f74ae6660770cbd49dc66c3f76,flex,clicked,2026-02-24 20:11:23,https://example-saas.jp/survey
47e6b3e0-b7ff-4156-b46b-04513a977458,2026-02-08,msg_00051,U3bae1603803a839c0cb52f511d9cb8f6,Uee0b8ebdffe5157f02d7d9a9ddf45ff0,image,opened,2026-02-08 12:18:12,
a6cf9d93-f1d6-4b16-b9c2-135459cc01dd,2026-01-01,msg_00027,U4784fc8a8e1e4eb2435ad84e0ad052f2,U7e17b161a0978643a7b6db7ab464d517,image,delivered,2026-01-01 14:58:44,
91543b9f-2701-4862-8289-a81cdce90491,2026-01-26,msg_00086,U4784fc8a8e1e4eb2435ad84e0ad052f2,U34a25912f8c5186b3b96f81f73b6fcbe,text,delivered,2026-01-26 04:01:36,
d9838617-910c-42d2-81d0-3af860f1735a,2025-12-03,msg_00012,U743849e63f8101ac616f8fd0ba84a167,24884cd2faeccfdbcc013d3bbf1c4141,imagemap,opened,2025-12-03 04:56:29,
197a868d-ab76-48cf-9a01-7b20d262a2d5,2026-04-10,msg_00101,U743849e63f8101ac616f8fd0ba84a167,U16af5495733ecc2106f26166716cd8c8,imagemap,delivered,2026-04-10 05:19:57,
fe65d041-8436-4f9f-b828-783226ae2134,2025-12-25,msg_00077,U743849e63f8101ac616f8fd0ba84a167,U5fd3db3f99a2123925ea7f0b78668660,text,opened,2025-12-25 01:57:26,
16bfda89-8200-47d1-a6e2-18fa0bb80520,2026-03-30,msg_00076,U743849e63f8101ac616f8fd0ba84a167,U43ead1802ee81cc5ec0dcd89e90ab653,image,delivered,2026-03-30 22:58:46,
6f3b2d72-71ac-4739-b67c-b4484e8fe6cc,2026-02-15,msg_00087,U3bae1603803a839c0cb52f511d9cb8f6,U446cad11e811c44b854049537f7a1a1a,imagemap,delivered,2026-02-15 04:04:01,
cffe1397-229f-4214-847b-6b7d0106da15,2025-12-17,msg_00032,U3bae1603803a839c0cb52f511d9cb8f6,U1c930ec5ce4b4d4f6ee95a7376f5e59e,video,delivered,2025-12-17 22:50:00,
1e87ac5d-6a71-433f-9364-1f248fb965b1,2026-03-05,msg_00014,U3bae1603803a839c0cb52f511d9cb8f6,Ucc626e285833a614300325c3abec7b38,flex,delivered,2026-03-05 05:35:17,
d8a23c67-519f-4946-9677-8b390d41ba5f,2026-01-13,msg_00060,U3bae1603803a839c0cb52f511d9cb8f6,U999a7e10fea69d783fcfe34e16ece0e8,image,clicked,2026-01-13 08:54:07,https://example-saas.jp/lp/newmenu
39fc1700-47b3-49e4-b411-ad49d8405ff7,2025-12-21,msg_00022,U3bae1603803a839c0cb52f511d9cb8f6,Ue55d8267e1b1b780d9a787a366ded635,video,delivered,2025-12-21 12:40:12,
830859a7-fe3e-41ee-8b86-eceaed1480c1,2026-02-07,msg_00090,U4784fc8a8e1e4eb2435ad84e0ad052f2,U56f10a8a2d6156d9df18cffe159630b5,imagemap,opened,2026-02-07 15:16:04,
3ff67337-b84e-4e99-bba1-37b5a7825290,2026-01-14,msg_00081,Ue7310890b01058478be93761a56d0aa0,Ua8f33c518d02ca2845640082f7fd4b51,video,delivered,2026-01-14 22:22:55,
6e838dc5-7fc4-4a8d-9283-7c333a9a3a82,2025-12-21,msg_00022,U3bae1603803a839c0cb52f511d9cb8f6,U0f8afd68d1ef3550393edc064301b53e,video,blocked,2025-12-22 20:34:32,
d44f8a0d-0d78-4fd2-9adf-cac6954b53b4,2026-01-20,msg_00108,Ub0341314a5534ea92b26fa8adc30543f,U05bdebc7ca43c320cf92bb4715534fbf,flex,delivered,2026-01-20 09:58:28,
af24232d-446d-451a-bda6-bcd23560d785,2025-12-19,msg_00118,U4784fc8a8e1e4eb2435ad84e0ad052f2,U66ce53309b1b7468a2970397cda6dcab,image,delivered,2025-12-19 06:31:33,
bcdec05f-9227-4df7-882a-ba5cce502f37,2025-12-12,msg_00004,Ub0341314a5534ea92b26fa8adc30543f,U3c4e489836e541b6ba26ed8ddc95421a,video,delivered,2025-12-12 16:57:10,
1853e147-47d1-46c6-90f6-a2c888f4c48a,2026-02-20,msg_00048,Ue7310890b01058478be93761a56d0aa0,U4c9363f4af11d71f7120843b4801a6bf,flex,failed,2026-02-20 18:09:16,
92fa8c88-ec79-4e91-8bf0-1ce4f2fd9f73,2025-12-22,msg_00013,Ub0341314a5534ea92b26fa8adc30543f,U5d5c0d5e0ce71f19ea6bff724f2bc211,image,delivered,2025-12-22 21:14:08,
a3893469-a285-484a-a96e-ef78d033e278,2026-02-28,msg_00117,U743849e63f8101ac616f8fd0ba84a167,Ue418c38974aa9598aa11e34dcc803b6a,video,clicked,2026-02-28 22:04:40,https://example-saas.jp/survey
d6593084-d3a6-459c-9e02-6e1ae3e5e7b5,2026-02-07,msg_00090,U4784fc8a8e1e4eb2435ad84e0ad052f2,U6d7d9bf9c81c022a6f4848c247768693,imagemap,delivered,2026-02-07 12:49:44,
751e6b4c-ecd4-439b-bc21-e4b7170d803e,2025-11-25,msg_00043,U3e5dd3a641c58ad50e49f095c6f1e306,U0283361e67ab383fdc66a4a716b1f4f1,flex,delivered,2025-11-25 04:05:39,
726b5650-1857-4ebc-a480-80c61c12304a,2026-03-26,msg_00040,U3bae1603803a839c0cb52f511d9cb8f6,U9f4f035fa2d10cb550ddc026389d2399,imagemap,delivered,2026-03-26 16:05:00,
74717d3b-2e07-4549-8193-8a0b29b9efa3,2025-12-22,msg_00013,Ub0341314a5534ea92b26fa8adc30543f,U319bc3db8faa899f80a6cf439381dbf9,image,opened,2025-12-22 19:35:01,
e881689a-1fb2-497b-becd-c14132bb2f6b,2026-03-26,msg_00040,U3bae1603803a839c0cb52f511d9cb8f6,U67a0671d2bf077c62a0121a3cbcdd2d0,imagemap,opened,2026-03-26 03:37:58,
a67be1fc-ca3f-4670-9224-7dfb84e46b1a,2026-02-24,msg_00039,U743849e63f8101ac616f8fd0ba84a167,U49c9f8b52a0f7700e393315d03ebc584,flex,opened,2026-02-24 11:02:48,
19dd089b-5173-45c8-8964-6b3812b551b9,2026-02-20,msg_00017,U22a93bc29b1df104af6b1ba1cd91fc56,Uefd13df7ac310dc22f3567d014f8aaf5,video,delivered,2026-02-20 05:07:00,
7c27ce1c-2071-4e84-a346-6846fe9f52fd,2025-12-03,msg_00012,U743849e63f8101ac616f8fd0ba84a167,U070646d2dea2084caa3f0c8d31b82d43,imagemap,delivered,2025-12-03 07:22:39,
c6597112-a959-4aac-a8e6-abb71b6fd121,2026-02-10,msg_00058,Ue9a1e8a5b83a6b296d43c957a8cfba4a,Ueccf5d6369b96936f1d3ef9ca129dcb4,video,clicked,2026-02-10 13:28:00,https://example-saas.jp/lp/newmenu
42846dff-e363-41d6-b1de-34318acb3564,2026-01-24,msg_00066,U3bae1603803a839c0cb52f511d9cb8f6,U969002399135eb4fc4f6c4526583c31f,image,delivered,2026-01-24 17:47:01,
a53e88fe-9259-4d84-930a-147bf2fcddc6,2025-12-31,msg_00082,U227d1cd1a801c367de206ec4bbca7330,U37539c3a163083e3bea923f5cd4c7f03,imagemap,delivered,2025-12-31 12:22:34,
06198486-caf8-43df-97e2-dac94ff31e49,2026-04-08,msg_00041,Ue7310890b01058478be93761a56d0aa0,Uef88aa8028d373359997cd42d2bf4a58,text,delivered,2026-04-08 18:47:27,
88844349-3974-43d5-a625-0084b13c85a3,2025-12-03,msg_00012,U743849e63f8101ac616f8fd0ba84a167,Uf7ccacd0fca2b7be6e5d661d978fc2fd,imagemap,opened,2025-12-03 08:54:41,
125d2e59-9dec-4a6a-9357-c3dd0e1a6670,2025-11-23,msg_00053,U743849e63f8101ac616f8fd0ba84a167,U0e647ccd25fbc5388f454127fcc21fc4,video,delivered,2025-11-23 16:25:47,
45435ac8-b8e0-4c75-8382-a6a6afd261a0,2026-03-06,msg_00055,U3bae1603803a839c0cb52f511d9cb8f6,Ua09c06b21fea22b502c0a0b00932df11,flex,clicked,2026-03-06 02:24:58,https://example-saas.jp/coupon/500off
50f91216-ba0d-498d-9d1b-c1c18e644835,2026-03-12,msg_00084,U68d2301028fb66b51d9111f1af067e34,Ua3d20bf8212f65222772d96c1357f2ad,video,delivered,2026-03-12 07:21:55,
eb70568b-841a-44e9-9eea-ec25ed537b5b,2026-02-20,msg_00048,Ue7310890b01058478be93761a56d0aa0,U3829bca2f1453f6c9f4df472de64553a,flex,clicked,2026-02-20 12:01:36,https://example-saas.jp/coupon/500off
a7818825-8d6c-4d92-a10c-55e227b3d736,2026-01-09,msg_00052,U743849e63f8101ac616f8fd0ba84a167,U252012da460e1343677ae4d6ce7127fc,video,opened,2026-01-09 02:41:49,
68a6295e-f81f-4723-84bd-22616cb967b8,2025-11-19,msg_00019,U743849e63f8101ac616f8fd0ba84a167,U54d215dfddd456047b150afd6371d81a,flex,delivered,2025-11-19 01:01:57,
c1ec3ae7-0a87-48bd-ad0a-7b6525d2d8b4,2026-03-04,msg_00056,U1ca413826b7044d134c9c3132420c9de,U2f0021595e236ae01bfe6971f29739e9,text,delivered,2026-03-04 18:35:59,
a6d551e9-921e-434c-9fad-fc514cdebacc,2026-03-16,msg_00002,U3bae1603803a839c0cb52f511d9cb8f6,Ud5f463bbeb38cfc11041df1f4a13f702,text,delivered,2026-03-16 08:46:56,
2d43e808-5d35-408b-b165-b22469e88152,2026-01-09,msg_00052,U743849e63f8101ac616f8fd0ba84a167,Ubc763b2215ee82a77ba71e841e94ba1b,video,delivered,2026-01-09 02:44:17,
e9dbd478-1afd-4abe-93e0-a736baf7dbf9,2026-01-24,msg_00066,U3bae1603803a839c0cb52f511d9cb8f6,U88e6267f246ec94c8227e1e34628c468,image,delivered,2026-01-24 11:28:39,
671a1432-3e33-4fe0-9c07-0f3c30d2622a,2026-03-20,msg_00106,U3bae1603803a839c0cb52f511d9cb8f6,5b682dec1622c148d7a409225cf79890,video,clicked,2026-03-20 19:47:20,https://example-saas.jp/campaign/spring
c99db2a1-cb2a-40fa-862f-be264e3b8ddd,2026-04-10,msg_00101,U743849e63f8101ac616f8fd0ba84a167,Ub77ff975b17cd05db82fe0ddfbf26a47,imagemap,opened,2026-04-10 23:59:41,
74496ce3-7846-4408-a251-fa5e366dae8a,2026-01-13,msg_00060,U3bae1603803a839c0cb52f511d9cb8f6,U962f7d0d02053a5a712657b43467e4b1,image,opened,2026-01-13 14:50:11,
d88cc4fa-bd09-45fb-874f-22fef288771e,2026-01-09,msg_00039,U743849e63f8101ac616f8fd0ba84a167,U661eb79c87d73a089be2b46b17442173,flex,delivered,2026-01-09 03:07:50,https://example-saas.jp/campaign/spring
dc352ce0-499d-4a1d-91fc-e163c397d63a,2026-03-22,msg_00119,U3bae1603803a839c0cb52f511d9cb8f6,U79a9218c0a672bea927d0ea51b9c19f9,imagemap,failed,2026-03-22 05:07:49,
98d52cee-a86e-4031-b791-4883d7bc139c,2026-03-30,msg_00076,U743849e63f8101ac616f8fd0ba84a167,U349728aa2005d534e43e6aba680c1a87,image,delivered,2026-03-26 21:12:49,
8b66805b-756b-40c5-8673-48f6b4ff26b6,2025-12-21,msg_00022,U3bae1603803a839c0cb52f511d9cb8f6,U43d0bb93e4e6c89c7390f066136dffad,video,delivered,2025-12-21 19:32:12,
10f0b1fd-d506-4a3e-b380-754e2a2354e4,2026-02-24,msg_00039,U743849e63f8101ac616f8fd0ba84a167,Udc2419fb2eb8b7fe79465531b7447b21,flex,opened,2026-02-24 12:22:20,
81aeaf30-474a-48e3-98b0-66c39aaedd13,2025-12-18,msg_00114,Ub0341314a5534ea92b26fa8adc30543f,Ue79683637009236d3d5f3129a447bd2f,flex,delivered,2025-12-18 18:36:57,
ffee5051-90a8-4186-9e53-89d6344a3d10,2026-01-26,msg_00005,Ub0341314a5534ea92b26fa8adc30543f,U7ee50adc1be4c73c626ce875d2f682f4,image,delivered,2026-01-26 17:53:52,
02e6689f-900e-429a-b045-6367ea574379,2025-11-25,msg_00043,U3e5dd3a641c58ad50e49f095c6f1e306,U1931be2493379eb4769a479386016281,flex,delivered,2025-11-25 08:35:18,
695173b3-4ee6-4464-b5ff-6104bcad90fc,2025-11-23,msg_00053,U743849e63f8101ac616f8fd0ba84a167,c182cc5cf15e0a41f8622eeab86010d7,video,delivered,2025-11-23 20:28:50,
ffa6a867-4a3d-41a4-aac6-5de9cd0cd165,2025-12-23,msg_00109,Ue7310890b01058478be93761a56d0aa0,U975c6e5d27773670f0a7eadc6505e59b,text,opened,2025-12-23 04:36:52,
2227e3fd-6d4b-46c1-945e-b0027b09cdc9,2026-03-27,msg_00096,U476acbdef8e9a16d24575e4f6d7b0f31,U8af5137cb8873a7d6ad55cac6f34ef13,imagemap,delivered,2026-03-27 03:13:47,
b95751e3-ca13-4776-abd2-7af304b0d12f,2026-03-26,msg_00040,U3bae1603803a839c0cb52f511d9cb8f6,U51468a423e10c3b54bf9978915a4b917,imagemap,opened,2026-03-26 16:31:55,
2d77c580-d5f1-4d9f-8861-d6ac4196acf7,2026-02-15,msg_00089,U3bae1603803a839c0cb52f511d9cb8f6,8b4409e1911d0e026bde7f968a4a41fe,text,clicked,2026-02-15 08:00:41,https://example-saas.jp/coupon/500off
032895f2-171f-4599-9c4f-0b3d7e73dec9,2026-03-06,msg_00055,U3bae1603803a839c0cb52f511d9cb8f6,1bfff8c7fcdc3797f4b44381827d2983,flex,clicked,2026-03-06 09:44:42,https://example-saas.jp/coupon/500off
fdfa0927-e9e0-4a1e-95b4-0c372b9f95ff,2025-11-23,msg_00053,U743849e63f8101ac616f8fd0ba84a167,Ua4ba54fcd67cec2433677d684f49f63d,video,clicked,2025-11-23 13:16:47,https://example-saas.jp/campaign/spring
1637858d-6d17-496a-937d-4fc09b9a9867,2025-12-23,msg_00109,Ue7310890b01058478be93761a56d0aa0,Uac74e1b68dcf3356aaf8fe6ffa5d6aa9,text,opened,2025-12-23 13:36:18,
6477c8c5-3fc3-4d83-94f4-b734eab72135,2026-01-26,msg_00005,Ub0341314a5534ea92b26fa8adc30543f,U138547e8a7b2979476736952c619d3e9,image,opened,2026-01-26 05:42:25,
1315d2cf-696f-4886-bc90-dba8ef67e755,2026-02-20,msg_00048,Ue7310890b01058478be93761a56d0aa0,U38a1ebe21d24e5770b707c16a4558eac,flex,opened,2026-02-20 04:01:42,
8b957533-3a18-498e-9865-c2057fd186e2,2026-02-20,msg_00036,U879eb903ad90cd9c2874f6df7651267a,U5b08e56d6b70c78d93504634c8066fda,video,delivered,2026-02-20 04:31:44,
40eb27ac-de6d-4ff7-b9e1-081bf9cf96c4,2025-12-02,msg_00088,U3bae1603803a839c0cb52f511d9cb8f6,U2edd8b7d65752c1ba8860de883452e36,image,opened,2025-12-02 09:50:22,
041e9e69-6c9e-46b8-8dbd-fe02fd927aff,2026-02-05,msg_00107,U3bae1603803a839c0cb52f511d9cb8f6,Uf18ec6cd901ee1421e500e82541a2141,text,opened,2026-02-05 22:24:16,
5612a14a-992a-4d42-b6fe-94ce2d09f59e,2025-11-24,msg_00033,U3bae1603803a839c0cb52f511d9cb8f6,Ud0534c0c98817f42a4cf11f6cf600cb4,text,delivered,2025-11-24 20:12:14,
d0c0685d-f178-42cb-b698-c2795a753b58,2026-03-20,msg_00057,Ub0341314a5534ea92b26fa8adc30543f,U0daf6906dba01e1fb5b24753db341c9f,video,delivered,2026-03-20 04:42:44,
98aac0bd-f61c-4198-8c81-2f323c8830f7,2026-03-22,msg_00119,U3bae1603803a839c0cb52f511d9cb8f6,Uedde4359189c289d63d3e6fae055f1ad,imagemap,opened,2026-03-22 12:53:02,
e573c608-7c22-4ea7-9e3a-184fa8c55413,2025-12-24,msg_00062,Ub0341314a5534ea92b26fa8adc30543f,U72c0ef502fa1ee2a28a129ae587d1ec8,video,delivered,2025-12-24 16:53:42,
a2b12197-e5d7-4ddd-b2b3-d2804b79d9ec,2026-02-10,msg_00058,Ue9a1e8a5b83a6b296d43c957a8cfba4a,Uaba6e3238515e131a2a1b6e428fb1151,video,delivered,2026-02-10 23:20:19,
a153381e-78f2-405c-ac2c-73af6241115a,2026-04-05,msg_00054,U3bae1603803a839c0cb52f511d9cb8f6,Ufe014d42ca4dd94497f9271861d5b0ea,image,delivered,2026-04-05 19:25:15,
f79bcb85-c5ea-4001-8a09-46597a0849a4,2025-11-16,msg_00020,U3bae1603803a839c0cb52f511d9cb8f6,b38cd4acfc0059a34f57766182ad23d4,text,opened,2025-11-16 02:50:30,
4c128127-6bb2-49f0-abe6-d37ce1c5c69d,2026-03-26,msg_00040,U3bae1603803a839c0cb52f511d9cb8f6,U31330e33f38f302f3015409c31ed7d79,imagemap,delivered,2026-03-26 05:52:04,
8a64fb90-383c-42bb-95ad-46ea38ef6fbe,2026-03-23,msg_00073,Ud4a92c8c8050eed40ef171cc2784d638,Uaf5d581a5e5140eb1fc3a57a9c83177d,imagemap,delivered,2026-03-23 10:07:03,
a423ba43-d617-4e03-9b57-6a91d003d9dc,2026-03-29,msg_00097,Ub0341314a5534ea92b26fa8adc30543f,U9e2e881af24404d3bf154bc043734f2e,text,delivered,2026-03-29 04:04:49,
67dbe5b6-3b57-4e97-b2dc-7fb389164b55,2026-04-05,msg_00054,U3bae1603803a839c0cb52f511d9cb8f6,U569cfcfad65a6bf5eef863c8fb3b245b,image,delivered,2026-04-05 12:05:36,
a88c2598-03bd-4b8d-afeb-35010b5c6cd5,2026-01-24,msg_00113,Ub0341314a5534ea92b26fa8adc30543f,U62f23b7a5099f8ab01371a5707a71809,text,delivered,2026-01-24 08:37:13,
9772c0c3-b24d-4e93-bf15-de8b7dcd5ff5,2026-03-11,msg_00067,U7e808d11d6f9901a954a542a7ee09918,Uf5c02dc04006bd24ffe8ceb2c145b63a,video,delivered,2026-03-11 20:05:31,
b964ea09-5882-45be-8a2a-db83e4cd04f3,2026-03-31,msg_00046,U4784fc8a8e1e4eb2435ad84e0ad052f2,U827d2eaf39087fa0b54fb51b2147e7a4,flex,delivered,2026-03-31 22:20:21,
0fa854f8-789d-42c0-b1ba-521d7b892b06,2026-03-14,msg_00009,U743849e63f8101ac616f8fd0ba84a167,Uc53465311b12447df0b4b71276294008,imagemap,delivered,2026-03-14 13:30:48,
c7217078-1198-43b1-89db-84c082b0330e,2026-03-14,msg_00009,U743849e63f8101ac616f8fd0ba84a167,U6a01cf078a99b0767360c7fcf098cdf3,imagemap,delivered,2026-03-14 23:48:42,
ec13dce7-e615-42fd-af89-c55c2e5134dc,2026-01-01,msg_00027,U4784fc8a8e1e4eb2435ad84e0ad052f2,U47ab9bc199f2e6e497695d35bf2b03c7,image,clicked,2026-01-01 15:16:42,https://example-saas.jp/survey
8ecc7012-c5bd-484b-a6f9-16c1227db123,2026-03-04,msg_00056,U1ca413826b7044d134c9c3132420c9de,U5a253d2bf7122cfbb3813f3013c07377,text,delivered,2026-03-04 05:07:03,
ffb23ecd-9bd5-4212-8a6b-7b9c65037670,2025-12-08,msg_00015,Ub0341314a5534ea92b26fa8adc30543f,U7a1a7970af122a836fd383ba553ad0a6,text,delivered,2025-12-08 03:25:57,
0acd0fad-e020-47c3-9b6a-0a4e7978eed2,2026-02-20,msg_00048,Ue7310890b01058478be93761a56d0aa0,Ucf56a0ec84b7cb26e850f8f4d70ef60e,flex,delivered,2026-02-20 02:14:57,
2de89bcd-6fdd-4480-bd2e-5498143ba980,2026-01-09,msg_00052,U743849e63f8101ac616f8fd0ba84a167,U1806b10ee05d3f81269ec553f49f7e30,video,delivered,2026-01-09 16:19:03,
0e9221e5-c3e7-4440-bec6-25218bb0a0de,2026-04-08,msg_00041,Ue7310890b01058478be93761a56d0aa0,ca0a1b25ee1b995175fde1f3eaaafff3,text,delivered,2026-04-08 22:47:30,
d739c8a2-4843-40a4-8ddd-cf95ad0d5f9c,2026-03-27,msg_00096,U476acbdef8e9a16d24575e4f6d7b0f31,5b92bc3cf412431e52fafe7e5a750779,imagemap,clicked,2026-03-27 14:27:05,https://example-saas.jp/survey
f158c132-6d09-4e3c-95a0-5f85db85fc9c,2026-04-04,msg_00049,U476acbdef8e9a16d24575e4f6d7b0f31,U9748a79ad114cba8555134531d01e2a4,text,delivered,2026-04-04 07:12:33,
e6da96b5-6f18-4c3e-ab33-4c64bc02fd48,2026-01-24,msg_00007,Ub0341314a5534ea92b26fa8adc30543f,7fcb63f7b9af8ea9afe982e97f7c2306,imagemap,delivered,2026-01-24 02:08:07,
dd8ecc3a-9cd8-4ab4-a0d0-768dfecd0a20,2026-04-05,msg_00054,U3bae1603803a839c0cb52f511d9cb8f6,U74531578eb5711ecb72befd700f44134,image,opened,2026-04-05 19:46:17,
7dd31642-11dc-4003-9c85-ca5df9ab7164,2025-11-17,msg_00034,U743849e63f8101ac616f8fd0ba84a167,Ua21ed705037261d7d06c8fdeb6627c5c,text,delivered,2025-11-17 17:29:39,
c929e1dc-78e5-4e0c-8614-18b91e01c3f3,2026-01-10,msg_00044,U30ad60bba5da9837ca5dd0230ca8f531,Uf821ac13cf35f6f19db9a84dc6cd1a4a,video,delivered,2026-01-10 17:26:58,
96062b5d-482f-4ac9-b0ac-04b001a8c4d1,2025-12-18,msg_00114,Ub0341314a5534ea92b26fa8adc30543f,U15213e7b1f12ddb2dd4776a8b572a292,flex,delivered,2025-12-18 13:39:32,
67d4d3e5-b08b-48b3-b4fe-0b8bea2acda4,2026-03-27,msg_00096,U476acbdef8e9a16d24575e4f6d7b0f31,Ud3b8e58b138f2660fb32d63fae671ce1,imagemap,delivered,2026-03-27 16:57:27,
48215f08-36c2-47fd-be6e-6136a08bdb5c,2026-03-06,msg_00055,U3bae1603803a839c0cb52f511d9cb8f6,Ubdaf4d3d56f2bb7f2243330a7c7e3c66,flex,delivered,2026-03-06 07:36:28,
fa1a86ce-0fcd-4bae-b09a-3c0a1eecbff6,2025-11-30,msg_00025,Ub0341314a5534ea92b26fa8adc30543f,U94ed48a713195307428ae8495f54b937,imagemap,delivered,2025-11-30 14:24:30,
561203e2-544e-4580-ae56-2502f8f9f01a,2025-11-16,msg_00020,U3bae1603803a839c0cb52f511d9cb8f6,Ube178e9947a1a49458aa4f767664b0f3,text,delivered,2025-11-16 06:28:37,
09625862-530e-42b9-861c-f7e9bb64abf3,2025-11-24,msg_00033,U3bae1603803a839c0cb52f511d9cb8f6,Ue72d46ab74bd326487b2dc76c911318d,text,delivered,2025-11-24 01:07:13,
0f896ab1-9c85-4d35-ba6d-8b60c8e34d9d,2026-01-18,msg_00102,U227d1cd1a801c367de206ec4bbca7330,Uf639d2390d068bd7d01412b1f3f6291b,video,opened,2026-01-18 09:48:21,
871a90f7-f8ef-4ac1-9f49-c70ecd403f33,2025-12-09,msg_00069,Uc20f9c7e9b662bedec3cb78e127885c7,Ue235c189c6c33ee640e65732afd0d60a,imagemap,delivered,2025-12-09 09:34:32,
cf4e438d-b138-4358-a7fb-6e025978ebe8,2026-04-01,msg_00072,U4784fc8a8e1e4eb2435ad84e0ad052f2,Ufa2610985f3a458f5048b46a8b5b79db,image,delivered,2026-04-01 08:34:33,
f5442a39-288f-492e-8e4d-71a70fe5b780,2026-01-26,msg_00005,Ub0341314a5534ea92b26fa8adc30543f,Ucc436776d1b28ee7707e98a34d4013f7,image,clicked,2026-01-26 10:37:28,https://example-saas.jp/coupon/500off
92263b18-cd52-42a1-8e86-17ca94753041,2026-02-10,msg_00058,Ue9a1e8a5b83a6b296d43c957a8cfba4a,U2387d1da86be04ed35e98a889d307b04,video,opened,2026-02-10 22:59:11,
77500cac-10a0-43a5-9154-3e36b7a6816d,2025-11-25,msg_00043,U3e5dd3a641c58ad50e49f095c6f1e306,U44c9421e2d1cb3df1d13461a5950c2a0,flex,delivered,2025-11-25 00:56:48,
c7c1db41-568b-4ab9-acbc-ebe8454b4127,2025-12-22,msg_00038,Ub0341314a5534ea92b26fa8adc30543f,Uaedfcd19af9fb68e3c632d3f611563ab,image,delivered,2025-12-22 15:19:44,
20f7b718-4356-47c9-8f4a-eab0572148ac,2026-01-13,msg_00060,U3bae1603803a839c0cb52f511d9cb8f6,U60b9a9c7d6d9bb0aeb89f256d2182d66,image,delivered,2026-01-13 21:27:55,
16198c5f-b144-4ecf-91ef-5c98b1d0316d,2025-12-24,msg_00062,Ub0341314a5534ea92b26fa8adc30543f,Uf12eb35c71af2dbff416efe67bcabfd6,video,delivered,2025-12-24 22:08:58,
309c4693-efa0-41ba-8986-04333e8ee906,2026-02-15,msg_00089,U3bae1603803a839c0cb52f511d9cb8f6,Ua866e63dc46f94502db095f3f400a42a,text,opened,2026-02-16 00:03:16,
2f40c4f7-e87e-415d-8760-8afe1058c835,2025-12-19,msg_00064,Ub0341314a5534ea92b26fa8adc30543f,Ua9959dd8d2a0f4c04a1a4d9979a9cae0,image,opened,2025-12-19 22:26:03,
cfe8e0af-ca9d-4012-b162-4fba32cfe7b7,2026-02-20,msg_00048,Ue7310890b01058478be93761a56d0aa0,Uda9d4508e31d00bb096a36756e9d0932,flex,opened,2026-02-20 09:57:30,
20eb1aa5-0cc6-4afb-8022-ab1b394a9f7a,2026-02-08,msg_00051,U3bae1603803a839c0cb52f511d9cb8f6,U12bd4e49d11d595bf7a17e86a076156f,image,opened,2026-02-08 05:58:02,
833926b4-776c-4b11-abb4-77f34deeaf0b,2026-02-05,msg_00107,U3bae1603803a839c0cb52f511d9cb8f6,U82cc4d13f456594a9f085c6412e19817,text,opened,2026-02-05 21:00:48,
4286f1f3-8413-4140-843a-0c886363de01,2025-11-27,msg_00018,U3e5dd3a641c58ad50e49f095c6f1e306,U4f8ffc4a19431aca947cf4ab92b2ba83,imagemap,delivered,2025-11-27 11:50:13,
01216415-3450-4334-9421-3d2ef854bab4,2026-02-15,msg_00087,U3bae1603803a839c0cb52f511d9cb8f6,Ubb20f10e1bc2509649b34020f5b6f659,imagemap,delivered,2026-02-15 23:02:54,
db791bbc-7d1d-4a84-86f5-23304c2594d9,2025-12-17,msg_00032,U3bae1603803a839c0cb52f511d9cb8f6,Uaf9375f0414fff2c0142dfe676267935,video,delivered,2025-12-17 03:53:54,
b50d2b87-4bba-4bd0-92d4-83617ff524f7,2026-01-26,msg_00063,Ub0341314a5534ea92b26fa8adc30543f,U30dbe596757efb84a646ccdbb3b5643c,imagemap,delivered,2026-01-26 20:37:51,
235b6f09-c854-482a-b5a5-6d7646b39fc8,2026-03-23,msg_00073,Ud4a92c8c8050eed40ef171cc2784d638,Uc881568da1f16a8249306d4b5f4f1801,imagemap,failed,2026-03-23 08:01:24,
c4b7a4c9-2f39-4fee-9ec9-c33876bc5e05,2026-02-15,msg_00089,U3bae1603803a839c0cb52f511d9cb8f6,Ue24fef8c2d58a05ab652177beca75e97,text,delivered,2026-02-15 09:34:16,
4d067557-52e3-4644-8d28-f464c0a0dd64,2026-01-24,msg_00113,Ub0341314a5534ea92b26fa8adc30543f,Ud750fff890ddbcb3521fb034e2aa2aa0,text,opened,2026-01-24 07:12:25,
29c726e1-4d2f-409a-965f-b1fca86bd60e,2026-02-10,msg_00058,Ue9a1e8a5b83a6b296d43c957a8cfba4a,U9e1ab2307678275647581e777b0c68cb,video,delivered,2026-02-10 23:30:15,
56f627d4-ae1f-4495-8caa-83e5945ab1b4,2026-01-26,msg_00115,U3bae1603803a839c0cb52f511d9cb8f6,Uda07f9fffde95f1d7c62ac1b33b6b017,imagemap,delivered,2026-01-26 00:28:55,
eaf0f0c0-9a57-42c0-9f32-443f5184d8df,2025-12-22,msg_00038,Ub0341314a5534ea92b26fa8adc30543f,U7dfc2e0e7f38d2bcfa0ff086e73d031d,image,delivered,2025-12-22 20:08:46,
8b068689-206e-449b-b51a-3924ee959207,2026-02-07,msg_00090,U4784fc8a8e1e4eb2435ad84e0ad052f2,U5e1f8ff41deb124e06518d2290690c12,imagemap,opened,2026-02-07 08:18:52,
cdd8798f-03e1-47b3-af48-2a4e91aebd96,2026-03-22,msg_00119,U3bae1603803a839c0cb52f511d9cb8f6,U3f11c1d152511ec8c8debf4580fb9fb7,imagemap,clicked,2026-03-22 09:51:50,https://example-saas.jp/lp/newmenu
23dddf94-fcde-475f-b7dd-51ca25832b44,2026-03-23,msg_00073,Ud4a92c8c8050eed40ef171cc2784d638,U4eb57cffcb8fff12699437a68d1bb16a,imagemap,delivered,2026-03-23 07:45:32,
05fb2636-5925-4424-a90b-306429fb098f,2025-11-17,msg_00099,U3bae1603803a839c0cb52f511d9cb8f6,Uf7ebac6b0ba6a27a01f4daacb5ed0570,text,delivered,2025-11-17 11:06:31,
f910c6f3-f7fe-42ef-a8c5-1a36bde94526,2025-12-07,msg_00003,U227d1cd1a801c367de206ec4bbca7330,U3ee50234fef4363d32bd82b140ccb0ad,image,opened,2025-12-07 06:17:33,
89941683-ba60-4ddd-9d08-39b9db16cdfb,2025-11-23,msg_00024,Ue8d9224ecde331ce692edfce0b5ecdc4,U94cb3058919a6f4f67e2607f9e44da67,text,delivered,2025-11-23 04:23:13,
7f0063aa-72ca-4790-bad3-f057b0620000,2026-01-30,msg_00050,U3e5dd3a641c58ad50e49f095c6f1e306,U0871d52e6dac8d1a38d9e117d4e36787,image,delivered,2026-01-30 00:49:06,
7a3ddde4-5365-4d7d-b17f-f48ddedbf944,2026-01-10,msg_00044,U30ad60bba5da9837ca5dd0230ca8f531,U8fe60e50124d5812b73ba88ba01e7584,video,failed,2026-01-10 16:41:17,
c5ac6149-4cd6-4aa6-bccc-02c702c9c80d,2025-12-09,msg_00094,U227d1cd1a801c367de206ec4bbca7330,U0d3404dc6795168e37c5ef5c7fb7ee33,flex,delivered,2025-12-09 11:21:42,
fdd21fbb-0a1d-4f96-af7c-58330cbdbf9a,2026-01-14,msg_00081,Ue7310890b01058478be93761a56d0aa0,U2e0956be5c7f6fcc02fd4d7f648b4420,video,delivered,2026-01-14 23:48:26,
edddbf58-7214-4a56-a41c-714e3d077a37,2025-11-22,msg_00047,Ue7310890b01058478be93761a56d0aa0,U8f66aae549168c3718febbc01a992dda,video,delivered,2025-11-22 09:48:53,
ffe43fd3-3184-43a2-8af1-9bc760b6d9a0,2026-03-16,msg_00002,U3bae1603803a839c0cb52f511d9cb8f6,U3a0bbbea5c9da1f8f13c29a57d6aee3d,text,opened,2026-03-16 06:40:33,
cdf5321a-7580-452c-8a0a-2d368eb065e1,2025-12-24,msg_00062,Ub0341314a5534ea92b26fa8adc30543f,U63d6d1ee3a11df4db99b65a27eb2b5d0,video,delivered,2025-12-24 04:56:53,
0b4be32b-abc3-43bb-8d1b-03f2fb1247d4,2026-03-20,msg_00057,Ub0341314a5534ea92b26fa8adc30543f,U5c3e44177e5472ab75fe85744a2ca619,video,clicked,2026-03-20 22:10:25,https://example-saas.jp/lp/newmenu
3d92acb4-2024-4c82-a0c2-afba52cff9af,2025-12-17,msg_00032,U3bae1603803a839c0cb52f511d9cb8f6,Uef26c728916e3b47887459806d49d9fd,video,delivered,2025-12-17 07:41:37,
aca582e3-5536-4f5b-9d30-99cfe8d1b009,2025-11-26,msg_00028,U3bae1603803a839c0cb52f511d9cb8f6,Ud4bcfa3322284021484fb639d75db2f0,image,opened,2025-11-26 09:14:01,
c0af4cef-89b5-496d-9f2d-ec50882208f8,2026-03-05,msg_00014,U3bae1603803a839c0cb52f511d9cb8f6,d74f97eb2a5908359e47b2aac3a70de4,flex,opened,2026-03-05 05:33:33,
aa792b84-193f-4e5d-97f1-ee818b237301,2026-03-11,msg_00067,U7e808d11d6f9901a954a542a7ee09918,Ue6ed4c04183aa01224ca59fd413cd3d6,video,opened,2026-03-12 00:12:50,
f8edb889-2f23-4ea4-b9bd-f841c8e098db,2026-01-17,msg_00037,U7e808d11d6f9901a954a542a7ee09918,U5046c0174064d934ef7db0e68cd38e74,text,delivered,2026-01-17 06:15:18,
cd5505de-2e5e-4e41-8ead-9b1de1db04e1,2026-01-26,msg_00063,Ub0341314a5534ea92b26fa8adc30543f,Uc128e34d11c5582f6ecff24a84114b14,imagemap,opened,2026-01-27 00:06:11,
704d1207-8e89-497f-8ef0-ec1c10be5931,2025-12-03,msg_00012,U743849e63f8101ac616f8fd0ba84a167,U8b4e6fef2d9c623ec6d9b1af071faa89,imagemap,delivered,2025-12-03 15:52:55,
048caacc-dd46-4771-9cc7-4064693fcb6e,2026-02-28,msg_00117,U743849e63f8101ac616f8fd0ba84a167,U5c3140e0ec4b70f1ea11927ba647723e,video,opened,2026-02-28 08:22:34,
4be05b56-be7e-4ddb-8e29-c7efbb6f14f1,2025-11-27,msg_00018,U3e5dd3a641c58ad50e49f095c6f1e306,Ud2cc9c10ed1a1baa2184bc7d840d1804,imagemap,failed,2025-11-27 08:10:16,
5c348dfa-6ac2-48b6-9de7-17706428083d,2026-02-08,msg_00051,U3bae1603803a839c0cb52f511d9cb8f6,U591d2a0a5981b6a4d1f7dccdea8a62fe,image,clicked,2026-02-08 09:06:04,https://example-saas.jp/campaign/spring
fe8c64d4-4316-43b7-a4b4-97eb6ffc1a71,2025-12-09,msg_00059,U3bae1603803a839c0cb52f511d9cb8f6,U40e681df02aae05b435701336abca1d2,imagemap,delivered,2025-12-09 03:14:35,
dcbf416e-9a20-4a36-a6a9-9f4a4118024a,2026-03-14,msg_00009,U743849e63f8101ac616f8fd0ba84a167,Ua12a93864129652a3d318533d375fdba,imagemap,delivered,2026-03-14 14:47:48,
3b0f5af0-5f2b-4a36-a7fb-67af6b0c5358,2026-03-14,msg_00009,U743849e63f8101ac616f8fd0ba84a167,U5f4da4c8fddc1467b93cac55ed84754c,imagemap,delivered,2026-03-14 15:19:23,
47d008c8-65f7-4b96-8bdc-6fcabdd3fb98,2025-11-24,msg_00033,U3bae1603803a839c0cb52f511d9cb8f6,Ud88504f966f74a0d79f29ae39d8c6644,text,opened,2025-11-24 06:16:33,
b3b4a5c5-dd37-45af-9b0c-014d0363eccc,2026-01-24,msg_00113,Ub0341314a5534ea92b26fa8adc30543f,Ube4b105c262b9a7296eca5fa6ed5ef7f,text,delivered,2026-01-24 20:55:08,
c926ab77-5a2a-4731-84db-dfd9ea2d19df,2026-02-08,msg_00051,U3bae1603803a839c0cb52f511d9cb8f6,U42084c2f177e189f02e4575253d10033,image,delivered,2026-02-08 01:04:14,
5f2ac6c6-b437-42f0-85d8-9a8a49a8c9cb,2026-02-01,msg_00075,Ub0341314a5534ea92b26fa8adc30543f,Udfd30ccf34646bcd41236c484a7da43a,imagemap,delivered,2026-02-01 03:28:23,
40f367bd-941a-460b-b0ea-b4261647e3b7,2026-03-30,msg_00076,U743849e63f8101ac616f8fd0ba84a167,a3dc5326db3f6034d098ede7b16e6843,image,opened,2026-03-30 18:17:38,
9a732356-b652-4600-9042-86f2f698008a,2025-12-12,msg_00029,U743849e63f8101ac616f8fd0ba84a167,U9952b394ead2915d442dbf948fd75ed7,imagemap,opened,2025-12-12 21:56:41,
e88fc5f6-2afc-4d31-bed5-f3373da14988,2025-11-21,msg_00010,Ue7310890b01058478be93761a56d0aa0,Ua5a8d2ca0e4d11f3c47d74bd832aa9e5,imagemap,opened,2025-11-21 05:38:52,
93a66419-499a-458e-abf3-02efd0ce5004,2026-01-07,msg_00110,Ub0341314a5534ea92b26fa8adc30543f,U6c4b387be220cb03ee12b1e5c3230ce4,video,delivered,2026-01-07 12:04:41,
f09f91dc-10b1-48e6-ac66-3f56336b822d,2026-03-23,msg_00073,Ud4a92c8c8050eed40ef171cc2784d638,Ucfba87583982c918d56207e6c0501202,imagemap,delivered,2026-03-23 15:31:13,
255498eb-f146-4a3f-9770-ce9fe33b9012,2026-02-20,msg_00036,U879eb903ad90cd9c2874f6df7651267a,U370001984eba1985e63cea1ee948d5d4,video,delivered,2026-02-20 02:44:16,
c5068d25-b4e0-4d45-8e5b-779b6bf75a32,2026-02-14,msg_00098,U743849e63f8101ac616f8fd0ba84a167,U66e4cf3588aebbe0ef5bd3be5b5f8a11,imagemap,opened,2026-02-14 10:32:56,
f9677b7d-7ddc-4868-8ef1-3ea3a0f0a322,2025-11-21,msg_00010,Ue7310890b01058478be93761a56d0aa0,8bb8b6f78237a81604c07ea04c9290ec,imagemap,opened,2025-11-21 15:04:06,
929096a6-f579-4151-9ff0-410e915176c6,2026-02-14,msg_00098,U743849e63f8101ac616f8fd0ba84a167,Ud9f7bce496c925c496fa1006d421191e,imagemap,delivered,2026-02-14 14:59:41,
47d186af-fce2-42c0-9434-38e2218c0bf0,2026-02-24,msg_00039,U743849e63f8101ac616f8fd0ba84a167,U21492cd47f8878941f7077891bbc0dc8,flex,opened,2026-02-24 04:09:51,
e0b4634a-0ed0-4eb3-8ef1-c337f442d07e,2025-11-30,msg_00025,Ub0341314a5534ea92b26fa8adc30543f,10c8f0b36f81679e750e94bfcdb4081b,imagemap,delivered,2025-11-30 11:39:50,
84d1e22c-2a73-44c5-bbad-4cd626a97b0b,2026-03-27,msg_00096,U476acbdef8e9a16d24575e4f6d7b0f31,U4c294b12956e69b28f256725d38565c7,imagemap,delivered,2026-03-27 18:42:04,
13509ea1-e78e-44fc-a3e2-5bf76530186f,2026-01-24,msg_00007,Ub0341314a5534ea92b26fa8adc30543f,U96c6d5f4e0ed657a194bd0fca600ebcc,imagemap,delivered,2026-01-24 07:50:35,
c8194b87-9778-43cf-8254-e452b6ab89d0,2026-01-20,msg_00108,Ub0341314a5534ea92b26fa8adc30543f,U9496699ccf024734fa0462d3bc4698e4,flex,opened,2026-01-20 03:49:09,
8039f2e0-b72f-44ad-8cba-22245156f4e6,2026-03-21,msg_00023,U743849e63f8101ac616f8fd0ba84a167,6e70dc3e8f3b0df5c409310cd46aabdf,imagemap,delivered,2026-03-21 02:20:06,
b9f66e45-0b0a-4f40-afbd-3eea58af5267,2026-01-07,msg_00110,Ub0341314a5534ea92b26fa8adc30543f,U8f60474a16bddf3b5f937dffc85901ef,video,delivered,2026-01-07 07:48:35,
8a5f02d9-4cc3-420b-bc3c-1fff22f2d058,2025-12-08,msg_00015,Ub0341314a5534ea92b26fa8adc30543f,Uf0ee47d34042131f42ee3e643e070045,text,opened,2025-12-08 02:26:39,
dcdadb34-fe93-4879-a688-1f86a356c13d,2026-04-04,msg_00100,U743849e63f8101ac616f8fd0ba84a167,U3c158a0602d71dabee8c774cd0b91e57,image,delivered,2026-04-04 17:33:56,
5f070889-5e3b-423c-b4e4-ef742fab6b66,2025-12-22,msg_00038,Ub0341314a5534ea92b26fa8adc30543f,U9502736a4764d24e41ef3f9568e8f758,image,delivered,2025-12-22 15:02:45,
c1f67ebe-ad5e-415e-94f3-21bdef2e172c,2025-12-24,msg_00091,U3bae1603803a839c0cb52f511d9cb8f6,U078ed37384f54c562006d2d12a8ec10f,imagemap,delivered,2025-12-21 05:49:58,
f8f0212b-c2ab-4160-a5af-b0d1f5156aec,2026-02-20,msg_00095,Ub0341314a5534ea92b26fa8adc30543f,Ud4e9a46ddb055627fd09caa2ba8b5dbb,text,clicked,2026-02-20 09:00:17,https://example-saas.jp/survey
d4a03a7c-adf4-464f-a1ab-6b94dd00a7a2,2026-02-07,msg_00090,U4784fc8a8e1e4eb2435ad84e0ad052f2,U18034d436ec9ebf5b45dc4145d7cc7d0,imagemap,failed,2026-02-07 23:23:32,
c1c848d1-3ec8-4278-8079-c6275ad1f8ed,2026-02-10,msg_00058,Ue9a1e8a5b83a6b296d43c957a8cfba4a,U951e197c0ac7793acaa7a8ddf2449b54,video,delivered,2026-02-10 06:28:10,
80ad252c-d1ec-4ad6-98ad-29f7504776d4,2026-03-13,msg_00001,U4784fc8a8e1e4eb2435ad84e0ad052f2,U3221eceb4659f4cc2f74e74497f71b94,image,delivered,2026-03-13 01:50:37,
f1e1d487-5d21-452e-b913-dd3273d2ea75,2026-03-27,msg_00096,U476acbdef8e9a16d24575e4f6d7b0f31,U7e12d2086fcaf7ada299a213923750e9,imagemap,delivered,2026-03-27 19:41:05,
ee0e4980-ae14-4be3-9c00-a5ea49ec4702,2026-02-15,msg_00087,U3bae1603803a839c0cb52f511d9cb8f6,U80984c4fe5b9f9be4bcb83f2e72d4f20,imagemap,delivered,2026-02-15 06:35:19,
ecbe0c91-317c-4978-a460-614b2a2fcf46,2025-11-17,msg_00034,U743849e63f8101ac616f8fd0ba84a167,U13d7be9f53190d6ff4ba6fb13a82094c,text,delivered,2025-11-17 00:31:31,
d7660342-9878-41b7-97ca-945606ffcbc5,2025-12-03,msg_00012,U743849e63f8101ac616f8fd0ba84a167,Uf435b9941b4bd1305ec4c0e523b5ab32,imagemap,delivered,2025-12-03 03:26:46,
d17cd939-0886-4afd-87ae-de045319d2e5,2026-03-08,msg_00112,U3bae1603803a839c0cb52f511d9cb8f6,Ue40f652b9cc3ee8b7fd037a67c0e172c,image,opened,2026-03-08 04:52:42,
efc6f363-4a4e-42f4-998d-70c47fc8e9f1,2026-02-14,msg_00098,U743849e63f8101ac616f8fd0ba84a167,U945348888cfd7f7be3a81579bf3ea8b2,imagemap,delivered,2026-02-14 01:37:12,
b60137dd-d851-42ce-8881-53cceac947d9,2026-03-20,msg_00057,Ub0341314a5534ea92b26fa8adc30543f,U4f3cf59ee348fd1ca63cdfa505d0083a,video,delivered,2026-03-20 03:44:01,
45e8e439-a539-4485-a6b4-2f07190d7a48,2026-02-08,msg_00051,U3bae1603803a839c0cb52f511d9cb8f6,Ubfa9717bc9416c71bdd259a72c421bd8,image,delivered,2026-02-08 01:41:37,
819ee68e-2510-4f95-86be-809171daed1e,2026-03-20,msg_00092,U743849e63f8101ac616f8fd0ba84a167,U3b5fb24b8f46500319fd299cc864aa53,video,delivered,2026-03-20 21:48:25,
3389c09c-575b-4748-bf89-ff036845c501,2025-12-07,msg_00003,U227d1cd1a801c367de206ec4bbca7330,U52d80413aff30a0e47b4ebed52e7b98e,image,delivered,2025-12-07 10:33:47,
6e96f9a1-240f-4adc-9184-e787aea7f70d,2026-03-18,msg_00080,U22a93bc29b1df104af6b1ba1cd91fc56,U27a5e55a3284341602647e22d93fc2bb,flex,delivered,2026-03-18 04:13:22,
9402b015-61ce-48a1-a887-bb79b29e2992,2025-12-21,msg_00022,U3bae1603803a839c0cb52f511d9cb8f6,U55acf9c595e980dc17d8df6624c8d526,video,delivered,2025-12-21 12:36:52,
24dcb8e9-8006-4aa6-9eff-996d6d1a0b72,2026-03-22,msg_00119,U3bae1603803a839c0cb52f511d9cb8f6,Ue25ac48d22148b87373eec180b27737d,imagemap,delivered,2026-03-22 11:04:22,
e5505309-ad38-4c23-adf9-ca1261a872a6,2025-12-09,msg_00069,Uc20f9c7e9b662bedec3cb78e127885c7,U84a00939299a21d0c51942479e5902d1,imagemap,opened,2025-12-09 11:48:55,
5716b04c-bbac-4878-bdbd-af1f6a487261,2025-12-23,msg_00061,Ub0341314a5534ea92b26fa8adc30543f,U0e8ce3f19abc64f6e46b22e4e62e7aa6,imagemap,opened,2025-12-23 06:52:58,
a0f5f63c-42b0-48f5-a2d0-796e80557c07,2026-01-24,msg_00007,Ub0341314a5534ea92b26fa8adc30543f,U1a9ce8aa6c2e705dce542efb8a1e16fe,imagemap,delivered,2026-01-24 08:16:17,
06560ae4-70ec-4efc-a6d8-85a25ba82d34,2025-12-22,msg_00013,Ub0341314a5534ea92b26fa8adc30543f,fe9ceb36226db35e2b651ccc559cc14d,image,delivered,2025-12-22 21:56:45,
0611d7fc-ea11-404e-8d15-392f0a88c08c,2026-04-06,msg_00074,U3bae1603803a839c0cb52f511d9cb8f6,Ue8770bb5d5bf07face2c265a9e09428c,text,delivered,2026-04-06 20:43:35,
788434d8-f5ca-40aa-a8af-68577bd255c8,2025-12-22,msg_00038,Ub0341314a5534ea92b26fa8adc30543f,dd31feaecd6303969b1fe4c798605400,image,delivered,2025-12-22 07:34:20,
1a371c13-2ee2-4e90-8650-5e27903ff841,2026-03-20,msg_00092,U743849e63f8101ac616f8fd0ba84a167,Ufdfde78796484f28bdecf849723ccf6e,video,opened,2026-03-20 05:38:10,
a3c6549a-3f3e-4639-99a2-57164c1e7d56,2026-04-01,msg_00072,U4784fc8a8e1e4eb2435ad84e0ad052f2,Ud074aa51f53dadd6f197bc2bc844a898,image,delivered,2026-04-01 04:23:15,
e1d0a0e3-fa3c-4e4b-b5cb-be2e7114baaf,2026-03-06,msg_00055,U3bae1603803a839c0cb52f511d9cb8f6,Ud84032203a3ef102db2b8bed5b2bfa29,flex,failed,2026-03-06 15:40:07,
2c072fd8-629e-4e82-8aee-4cf5b7d8f082,2026-01-26,msg_00063,Ub0341314a5534ea92b26fa8adc30543f,Ub4d8eac358786d75ee795f7ded20d5a4,imagemap,delivered,2026-01-26 23:35:00,
9813a572-662d-44b6-a135-e653d153a647,2026-04-08,msg_00078,Ud4a92c8c8050eed40ef171cc2784d638,U0beb2f5475b96bc655b42a85851817da,image,delivered,2026-04-08 20:35:05,
cb630059-7736-4d5f-af2b-3f0690503a67,2026-02-25,msg_00008,Ub0341314a5534ea92b26fa8adc30543f,U9a1e1f9d66147677cfbfb51fc6c9fdfe,image,delivered,2026-02-25 08:36:32,
f0e784cf-d9f2-4a20-bcea-009f84ee0ac8,2026-03-08,msg_00112,U3bae1603803a839c0cb52f511d9cb8f6,Ufb8745a3e35fccc739f95f4a29d6ec4c,image,delivered,2026-03-08 08:26:30,
d6d5e4e8-41fb-44a5-b101-81630db6a2ff,2026-03-08,msg_00112,U3bae1603803a839c0cb52f511d9cb8f6,2b4ec4e3fc2c7e7bec1fe155438c27f8,image,opened,2026-03-08 09:52:31,
55e4c7c0-d81a-4f3d-8e9d-675063bbf45a,2026-01-26,msg_00086,U4784fc8a8e1e4eb2435ad84e0ad052f2,U34a25912f8c5186b3b96f81f73b6fcbe,text,opened,2026-01-23 04:37:21,
c3d390be-96ee-451a-8842-e1915283fdb7,2025-12-18,msg_00114,Ub0341314a5534ea92b26fa8adc30543f,Ud64e803e84532a74e3cfb235390abf2d,flex,opened,2025-12-18 21:35:48,
9122ee7d-a55b-4eb2-b45d-6a2580c593aa,2026-01-01,msg_00026,U3bae1603803a839c0cb52f511d9cb8f6,Ue5a37af0acd4bf1548996e241888aa64,text,open,2026-01-01 08:41:58,
339fb2bf-277a-4e37-8880-630fb9a52555,2026-03-08,msg_00112,U3bae1603803a839c0cb52f511d9cb8f6,3204096d06916e97207664b96bdc7e3a,image,delivered,2026-03-08 11:35:25,
5474d556-2e42-427d-8d34-a927a82c6ec0,2026-02-19,msg_00016,U837b70463a585f85743b5bfb3b49c9fd,U2542b4b51128c48c2d3a55f70d2ad142,flex,delivered,2026-02-19 12:56:34,
2a127e2f-4e62-4ae8-8516-ac229c279e47,2026-03-21,msg_00023,U743849e63f8101ac616f8fd0ba84a167,U46c941815ff80fe7515ac8c72e4cb644,imagemap,delivered,2026-03-21 09:22:36,
6e9d5577-ef79-4056-8a44-c7e1dbb68557,2025-11-24,msg_00033,U3bae1603803a839c0cb52f511d9cb8f6,U5acec3dea660d8bdab5fe6c79ba685b2,text,opened,2025-11-24 02:18:23,
1fcb3af6-b5ed-4251-93a7-9dea6d4ea7db,2026-04-08,msg_00078,Ud4a92c8c8050eed40ef171cc2784d638,U1893824225ba2861ad5800d2fd922687,image,delivered,2026-04-08 20:17:03,
d7680fd5-24e0-4563-bccc-9a67cbbf6a49,2026-03-21,msg_00023,U743849e63f8101ac616f8fd0ba84a167,Udd5504355ea2b1df376a6350cf0216bb,imagemap,delivered,2026-03-21 11:07:04,
36fd935e-3968-4e0a-8019-36cc88dd9ef2,2026-01-07,msg_00110,Ub0341314a5534ea92b26fa8adc30543f,Ud6e198462d21ea9a5f3f0f76d121a928,video,blocked,2026-01-08 11:22:16,
a33f8bd9-8c03-48ac-aa5c-c3e0dc25d258,2026-02-05,msg_00107,U3bae1603803a839c0cb52f511d9cb8f6,Ue895b95073f9632270eb94576b3b9638,text,delivered,2026-02-05 00:59:52,
91bb3d2c-4716-476b-b8b8-c1abc72111f2,2026-04-12,msg_00120,U227d1cd1a801c367de206ec4bbca7330,b7f07bbf12488c328dc377414a4349f0,text,delivered,2026-04-12 03:33:52,
fa945888-d5f2-491f-afbf-ef899b51b137,2026-02-07,msg_00090,U4784fc8a8e1e4eb2435ad84e0ad052f2,Ua99a801693fa572f841a7f5a18fdfba7,imagemap,delivered,2026-02-07 00:31:03,
fb96b614-7e93-40ea-be69-a5af952ba86f,2026-01-26,msg_00063,Ub0341314a5534ea92b26fa8adc30543f,Ua273a5cfc0f54ba4cb340b58e952c201,imagemap,clicked,2026-01-26 08:18:26,https://example-saas.jp/campaign/spring
92bbada2-de6e-4938-a5d4-1593ac5dad2a,2025-11-27,msg_00018,U3e5dd3a641c58ad50e49f095c6f1e306,U307d32c9dd20bf9d0e204002743bd9b2,imagemap,delivered,2025-11-27 14:16:44,
6d9ac4c4-9224-4b71-b9d0-322c27948419,2025-11-27,msg_00018,U3e5dd3a641c58ad50e49f095c6f1e306,Ue751bac66f9d41276f899a4c23dc054c,imagemap,opened,2025-11-27 21:58:26,
29bc1d72-c039-499d-a3b1-c3f19f049530,2025-12-19,msg_00118,U4784fc8a8e1e4eb2435ad84e0ad052f2,U2874b45c7019607662cbbf57c0d76e88,image,delivered,2025-12-19 19:09:06,
bdc74c0e-265d-4393-a474-a3161f0f17dd,2025-12-18,msg_00114,Ub0341314a5534ea92b26fa8adc30543f,Ueb31c0016ca9a1e57003c20ab444c866,flex,delivered,2025-12-18 06:17:54,
498f386b-63cc-4044-be94-249d358f7002,2026-01-09,msg_00052,U743849e63f8101ac616f8fd0ba84a167,Uaa6049accafc3013dd5ba39f79a36efb,video,opened,2026-01-09 19:40:52,
5fcaffc4-d745-45c5-9bc1-dae95e9f963f,2026-02-14,msg_00098,U743849e63f8101ac616f8fd0ba84a167,Ud836e5dff14fe6456dc7fe5797cdeb69,imagemap,delivered,2026-02-10 12:01:45,
b94cd05a-8be3-4fe3-add1-0529b4369e90,2025-12-24,msg_00091,U3bae1603803a839c0cb52f511d9cb8f6,U8602f5dc87ee0033c21d7a3478ce3466,imagemap,delivered,2025-12-24 20:58:02,
efba057b-597e-4113-8cc3-00dd02e95752,2025-11-25,msg_00043,U3e5dd3a641c58ad50e49f095c6f1e306,U6e3ae9ddf158293484e971316935cd68,flex,delivered,2025-11-25 12:39:28,
4684bec1-5212-4788-ae2d-09d6832003b7,2026-01-09,msg_00064,Ud4a92c8c8050eed40ef171cc2784d638,U2cb545e9e2660d1162a728fda98e7599,imagemap,delivered,2026-01-09 23:48:41,https://example-saas.jp/campaign/spring
a663a9dd-4654-4fe9-bd9a-5a0c32ebe3c6,2026-03-16,msg_00002,U3bae1603803a839c0cb52f511d9cb8f6,U1be794b16671f92df108240b4644b7b9,text,delivered,2026-03-16 12:09:24,
3ed5cf9e-a9a9-470b-bc36-d1bd58975e66,2026-03-08,msg_00112,U3bae1603803a839c0cb52f511d9cb8f6,Udc892c0e90b7b661bb9a88f2d15cb098,image,opened,2026-03-08 17:34:09,
da3a7524-f12a-4273-b709-59c8c28083c5,2026-03-16,msg_00002,U3bae1603803a839c0cb52f511d9cb8f6,Ue2326685e618427243ccb29fc4bb04cf,text,opened,2026-03-16 19:13:04,
6b463874-385b-4514-bf1a-136e936afc05,2025-12-23,msg_00109,Ue7310890b01058478be93761a56d0aa0,Ud568c3c3ab22b9d1f244e3d2d2ccf3db,text,clicked,2025-12-23 04:09:19,https://example-saas.jp/coupon/500off
2c04f03d-9140-472b-ae81-8579750a4a81,2026-01-20,msg_00026,Ud4a92c8c8050eed40ef171cc2784d638,Uc2b09842d445835f2c432980a8724e3c,imagemap,delivered,2026-01-20 01:30:24,
fdac03ff-47e9-42de-ad5b-847fd501c8a2,2026-03-11,msg_00067,U7e808d11d6f9901a954a542a7ee09918,U8bda24705319eeca19ea07a8262ad8d6,video,delivered,2026-03-11 22:44:11,
4bf18b7b-8e6e-4945-a185-d61524d7af0a,2025-12-31,msg_00082,U227d1cd1a801c367de206ec4bbca7330,68d055bc66c4d0cb9c865bef3e593810,imagemap,opened,2025-12-29 05:40:51,
ea9e16c4-6c60-4402-93e6-a44d07b47d8c,2025-11-17,msg_00034,U743849e63f8101ac616f8fd0ba84a167,Ub91b33f1e164776958cf1c079d0698c0,text,delivered,2025-11-16 18:12:41,
2f63b3e1-6b53-4874-8a2b-58cd17262a25,2026-01-10,msg_00044,U30ad60bba5da9837ca5dd0230ca8f531,U62070aec9a044eaf19ca6263210ab9bd,video,delivered,2026-01-10 13:31:48,
b69f82ea-0b54-405b-92dd-31c03f77f7a1,2025-12-21,msg_00022,U3bae1603803a839c0cb52f511d9cb8f6,294ca733f9a854ceef2876b8e21ac15c,video,opened,2025-12-21 10:06:38,
8f16bc93-c980-4133-a47c-d3437d29742d,2026-04-12,msg_00120,U227d1cd1a801c367de206ec4bbca7330,U6362b0255e31799bb6d3795d4c403869,text,delivered,2026-04-12 01:58:09,
d14af735-f88d-492d-8d7e-81bbd95f7422,2025-12-02,msg_00088,U3bae1603803a839c0cb52f511d9cb8f6,Uce2103c5580dfdc2037016eaa987d6b1,image,delivered,2025-12-02 11:23:13,
06fdf3d4-2ab8-44c7-b70f-a03dde215cdc,2026-03-25,msg_00079,U743849e63f8101ac616f8fd0ba84a167,U7cbad3906fdc0aef8ce600b4a22c0f30,text,opened,2026-03-25 19:37:20,
1ea14bae-37ea-4ded-8167-d8214bbecd9d,2026-02-09,msg_00083,U3bae1603803a839c0cb52f511d9cb8f6,U92345d27b457decd80b153e40eae7b0e,flex,delivered,2026-02-09 06:00:58,
53a6334d-0daf-4232-bd99-993c3888bd4f,2025-12-25,msg_00045,Ue7310890b01058478be93761a56d0aa0,Ue410395faf8dca35e04aa443e7f18c33,video,opened,2025-12-25 07:31:10,
afc99d59-0572-448e-848d-4a738a7a005f,2025-12-15,msg_00030,U3bae1603803a839c0cb52f511d9cb8f6,U7e3665dad9f528331c232570ca3cbf0b,video,delivered,2025-12-15 10:22:48,
177ee968-fbcb-45d3-a98e-db653ff58dc6,2025-11-17,msg_00034,U743849e63f8101ac616f8fd0ba84a167,U13d7be9f53190d6ff4ba6fb13a82094c,text,opened,2025-11-17 01:31:44,
9cd4b4df-eb72-48a1-b8c9-5399e5055726,2026-02-19,msg_00016,U837b70463a585f85743b5bfb3b49c9fd,Uc9cedf5f51f657d6a9cd05c5e3a031b2,flex,delivered,2026-02-19 04:02:40,
627f70c1-f152-4562-9ce1-5a83fd1d8e3c,2026-01-24,msg_00007,Ub0341314a5534ea92b26fa8adc30543f,U09deab8e22ffce5f524415a05f01c3c2,imagemap,opened,2026-01-24 15:45:58,
e2230aca-fa5f-4c14-9958-0110ddad06a5,2025-12-09,msg_00069,Uc20f9c7e9b662bedec3cb78e127885c7,0ea4da35a1a3725bd9aa407bbe6c771f,imagemap,opened,2025-12-10 01:05:42,
7e9f8234-a4f2-4233-9633-49d080d65b7e,2026-03-05,msg_00014,U3bae1603803a839c0cb52f511d9cb8f6,Uf6df95ea7500329dd6663dc965fad585,flex,delivered,2026-03-05 05:11:10,
4281fe9d-7e3b-47ee-ba55-816e6e063b96,2025-12-09,msg_00059,U3bae1603803a839c0cb52f511d9cb8f6,Ud5adfe38c97af5b35f20484a4bea3416,imagemap,delivered,2025-12-09 00:59:07,
cab06d87-0e85-4d11-bd32-5967c7f35e34,2026-03-23,msg_00071,U3bae1603803a839c0cb52f511d9cb8f6,U2f219dd877ba1cff1d6ea7ac7c1a86e4,imagemap,delivered,2026-03-23 14:47:47,
3053461f-4ee5-4469-8200-6b0ac255ce48,2026-04-01,msg_00072,U4784fc8a8e1e4eb2435ad84e0ad052f2,Uba6a0d80110c40603bbe0e0e59067be0,image,opened,2026-04-01 22:20:49,
ea5bebc5-7efd-4c80-9402-2ec113a9391c,2025-12-23,msg_00109,Ue7310890b01058478be93761a56d0aa0,Ub92a7eafcba4658f5705fec5ee0602d4,text,delivered,2025-12-22 03:29:30,
6bd66267-6679-4bff-a30f-c0962c2966ef,2026-03-18,msg_00080,U22a93bc29b1df104af6b1ba1cd91fc56,Ufcb4b73cd3c9c6f5275b9a206f1f538c,flex,delivered,2026-03-18 22:25:23,
4f61bf9d-532a-4e8c-ad56-9b96a7eab1fc,2026-03-27,msg_00096,U476acbdef8e9a16d24575e4f6d7b0f31,U3b7aed820e694d5d0903f1b49c1adedb,imagemap,opened,2026-03-27 11:13:20,
24359695-17cc-452c-8518-8aa864c1c20b,2026-02-20,msg_00048,Ue7310890b01058478be93761a56d0aa0,Ufdad5dd62d64407e712ec1b8c423326a,flex,delivered,2026-02-20 09:22:26,
51741a69-3dea-4140-b074-d3a390621ed6,2025-12-19,msg_00118,U4784fc8a8e1e4eb2435ad84e0ad052f2,U85c6d5ce41d4751bd7653e132fb47fba,image,delivered,2025-12-19 19:06:36,
c7aab0a5-66d6-4f88-82a2-812173264706,2026-01-31,msg_00035,U7e808d11d6f9901a954a542a7ee09918,Ue2d5865b45c22d0d4539fe17eecb38b9,text,clicked,2026-01-31 22:59:19,
9b4985ea-551d-41e7-8e92-005272746bf3,2026-02-16,msg_00021,U743849e63f8101ac616f8fd0ba84a167,U99ddba136152e27f987dfc5d16c0c837,flex,delivered,2026-02-16 17:13:11,
56a6458e-e763-4e82-af0d-e4b0a7e26912,2026-02-08,msg_00051,U3bae1603803a839c0cb52f511d9cb8f6,Ucb1f2527874d50bef5b764d963c83bd4,image,opened,2026-02-08 17:45:30,
ad9dd5e1-b91d-49e8-997c-fa808da32238,2026-04-08,msg_00078,Ud4a92c8c8050eed40ef171cc2784d638,U68f1137e79604e1e088ebc45e353b264,image,opened,2026-04-08 23:14:05,
c7f204f7-3aa7-48e6-becd-ee7582f759f5,2026-03-29,msg_00097,Ub0341314a5534ea92b26fa8adc30543f,U7545a1296585544f003d75a5287264f0,text,delivered,2026-03-29 10:14:06,
70f9a832-1269-43bb-8554-d6b4670f0151,2026-01-30,msg_00050,U3e5dd3a641c58ad50e49f095c6f1e306,47a1048f53005b359e25471cbd440b3b,image,clicked,2026-01-30 13:18:42,https://example-saas.jp/lp/newmenu
cc6248d1-4414-4c16-9d41-1ed210bac03b,2025-11-17,msg_00099,U3bae1603803a839c0cb52f511d9cb8f6,U48dd419b69603fc61322ed097b920161,text,opened,2025-11-17 07:33:08,
e2003612-ef1e-437e-a0ae-a1d004cc6b03,2026-01-10,msg_00044,U30ad60bba5da9837ca5dd0230ca8f531,U242d7d42b3fa2ce9ebc6f033ec81c7ff,video,opened,2026-01-10 03:47:20,
a307e605-4b5e-4e70-ab33-ac6d969dcf8e,2026-04-01,msg_00072,U4784fc8a8e1e4eb2435ad84e0ad052f2,Ubcc94ad7477254e68c787a244721e96e,image,delivered,2026-04-01 17:34:12,
5dfd2831-495c-4e3f-8592-21cb19e774f8,2026-01-13,msg_00060,U3bae1603803a839c0cb52f511d9cb8f6,U30320ba02f3d905496a8de5746715d03,image,delivered,2026-01-13 17:51:45,
22ee3ff0-f805-4984-9f06-b3968d6c4eaf,2026-03-20,msg_00092,U743849e63f8101ac616f8fd0ba84a167,Uce1c541f481b9a395aea39acd05828aa,video,opened,2026-03-20 17:29:03,
2fdba87b-1971-4934-824d-3b48c9e93e10,2026-04-04,msg_00100,U743849e63f8101ac616f8fd0ba84a167,Ufbcb0d4a24e2ad0193d05b2f0dd26244,image,delivered,2026-04-04 22:28:40,
fdda46d2-fe3e-4b1a-a0cb-1016bd98c4ff,2026-03-25,msg_00079,U743849e63f8101ac616f8fd0ba84a167,d65eca1a1230d313b62f43df660622fa,text,delivered,2026-03-25 19:58:00,
c2e1bbdd-4b64-4b77-aae3-3233fc61e441,2025-12-07,msg_00003,U227d1cd1a801c367de206ec4bbca7330,U1dd7ce3dca1f3573a8560865d631804d,image,delivered,2025-12-07 18:33:47,
81d71d64-62ac-44ff-893b-5a8c6b26e2c6,2026-04-08,msg_00078,Ud4a92c8c8050eed40ef171cc2784d638,U272f8537b918192f0ff17856fb4cf92b,image,delivered,2026-04-08 05:28:53,
3aed114e-5f80-4b3b-b213-19c3e2b55580,2025-11-16,msg_00011,U837b70463a585f85743b5bfb3b49c9fd,U99ea0a57d8935e6d08246cb2fe52b9d2,flex,delivered,2025-11-16 18:48:32,
4b57bbcd-2ee3-48e9-8039-c2d8a30ee871,2026-02-20,msg_00048,Ue7310890b01058478be93761a56d0aa0,Ua7d03f413d6b99412e5b3d6c3ebc19a8,flex,delivered,2026-02-20 02:55:50,
4ee96c2c-e1d3-4714-bc03-19c4e0e05401,2025-11-19,msg_00019,U743849e63f8101ac616f8fd0ba84a167,U341374fc1dfef711c1bd873fe2c03e0a,flex,delivered,2025-11-19 14:49:22,
808371e1-cfe0-46f2-b864-4fefcc011ef5,2025-12-23,msg_00061,Ub0341314a5534ea92b26fa8adc30543f,U588af6d15360e5d650094ca37268d69a,imagemap,delivered,2025-12-22 19:03:07,
01ee1cab-c7a3-45a1-abe6-d02391413bad,2026-03-06,msg_00055,U3bae1603803a839c0cb52f511d9cb8f6,U0d6f7639460e349a516d9d4024f58a8f,flex,delivered,2026-03-06 05:39:17,
3ce212d3-d180-4e5f-bcb6-49024986bba3,2026-03-27,msg_00096,U476acbdef8e9a16d24575e4f6d7b0f31,U4733017f7f6d581da787e6e776936cc6,imagemap,opened,2026-03-27 09:58:17,
1fc42c19-47f9-4c5f-a4ea-d0031f37d414,2025-11-17,msg_00099,U3bae1603803a839c0cb52f511d9cb8f6,U9d3c4fd92bbbced2e8b7c86148ad7e6c,text,clicked,2025-11-17 04:29:00,https://example-saas.jp/campaign/spring
03925e14-222e-4052-8518-7bd54cd8d095,2025-12-23,msg_00061,Ub0341314a5534ea92b26fa8adc30543f,U2664ebfaec5e5eb1f7993a5e6322d9c7,imagemap,delivered,2025-12-23 18:01:58,
dd602f54-f59c-4c59-85d3-85588824c5cc,2026-02-19,msg_00016,U837b70463a585f85743b5bfb3b49c9fd,Ud5826ec37266b7103cefac94bab17f26,flex,opened,2026-02-19 00:42:51,
c910119c-c1e8-4365-bf44-96a6ddef70a6,2026-01-26,msg_00103,U3bae1603803a839c0cb52f511d9cb8f6,U899fe2304e73c1f016ca6d0b43398ffc,flex,delivered,2026-01-25 16:41:00,
0b59041e-f998-4298-895e-5a2a5a312156,2026-03-05,msg_00014,U3bae1603803a839c0cb52f511d9cb8f6,U61b8cde3d539dee40d431f5a7e88de0f,flex,delivered,2026-03-05 16:05:33,
6638f52a-d607-41bb-87d7-5d873866f8b3,2026-03-23,msg_00073,Ud4a92c8c8050eed40ef171cc2784d638,U63a4a20bdff23cc13a79f72a6054a825,imagemap,opened,2026-03-23 12:56:17,
ce7da8f6-7df1-4874-9744-6315ea2327f8,2026-02-15,msg_00087,U3bae1603803a839c0cb52f511d9cb8f6,U6abfa8fe752ec683d6bbe078e8a6772d,imagemap,delivered,2026-02-15 23:17:32,
8ab5809e-3944-45e1-8ec4-ff45e6dba910,2026-02-25,msg_00008,Ub0341314a5534ea92b26fa8adc30543f,10d1673b41e0598e7223597a17ca2b47,image,delivered,2026-02-25 05:48:30,
2bc4af5a-8024-487b-a1e5-92d5079df6aa,2025-12-24,msg_00062,Ub0341314a5534ea92b26fa8adc30543f,U34204801bced8d6f4c1cede3fd2d9290,video,delivered,2025-12-24 11:01:14,
004214ec-3b65-490c-987f-581b73395a1e,2026-01-24,msg_00113,Ub0341314a5534ea92b26fa8adc30543f,U854332c41ca180b9bf09f343add891fc,text,delivered,2026-01-20 14:45:45,
c2f9add1-0292-491e-a3f2-9aa98de7d9b6,2026-01-26,msg_00115,U3bae1603803a839c0cb52f511d9cb8f6,U050f9946e0101c20ded634244d277a24,imagemap,delivered,2026-01-26 00:35:46,
28bef2b1-3a37-4098-b2a8-2996acbc96f8,2025-12-23,msg_00061,Ub0341314a5534ea92b26fa8adc30543f,Ufc96a8a5f0a52daaf30c5711fd9cbfbb,imagemap,delivered,2025-12-23 09:36:31,
17537bab-b2f0-42d1-9980-12caad7e15b9,2026-03-03,msg_00093,U743849e63f8101ac616f8fd0ba84a167,U127bfa00736a9d759406da8bd3fc6cc2,imagemap,delivered,2026-03-03 16:14:05,
90d91abf-7b37-405d-a900-97fb208a06f9,2026-04-05,msg_00054,U3bae1603803a839c0cb52f511d9cb8f6,U02458e5eb7374a6a842a3229217c548e,image,delivered,2026-04-05 09:48:09,
b71c6191-5cd4-4ac7-b292-56a2c3330449,2026-03-31,msg_00046,U4784fc8a8e1e4eb2435ad84e0ad052f2,Ud06b4df0634796185ea325d60d1a4b13,flex,delivered,2026-03-31 19:33:02,
d7df3e7a-2ef0-4e40-8fbe-90b37a0ea841,2026-04-04,msg_00049,U476acbdef8e9a16d24575e4f6d7b0f31,U511060775e891c1ecd2875befb1eb763,text,delivered,2026-04-04 10:11:10,
9027f1d1-9aaa-448b-9d35-2b20ae46e38d,2025-12-09,msg_00059,U3bae1603803a839c0cb52f511d9cb8f6,U0215dbd258838f11dcafe61cd45b2ddb,imagemap,delivered,2025-12-09 03:26:41,
d02dfb04-07e4-456e-9829-a6064241253d,2025-12-17,msg_00032,U3bae1603803a839c0cb52f511d9cb8f6,e54692fbd718ac8b3cea6fa53dbeeb05,video,delivered,2025-12-17 05:07:23,
89751db0-1408-478d-8b75-5d32c465219c,2026-02-10,msg_00058,Ue9a1e8a5b83a6b296d43c957a8cfba4a,U7b1b865643cf7a2fa5cadd379c94322d,video,delivered,2026-02-10 17:40:09,
0a6caf53-715b-462f-902d-40ba8d21521c,2025-12-08,msg_00015,Ub0341314a5534ea92b26fa8adc30543f,Ua1f0032a6df6894f8edf319089350c3c,text,clicked,2025-12-08 06:54:49,https://example-saas.jp/campaign/spring
51f37319-1b31-4a46-bf73-51acf41894a8,2026-02-14,msg_00065,U743849e63f8101ac616f8fd0ba84a167,6dd8d0897137037dd4cbe1d6fd395390,image,delivered,2026-02-14 13:01:45,
5198dc62-f075-4e09-b1b6-8250cc484db1,2026-03-05,msg_00014,U3bae1603803a839c0cb52f511d9cb8f6,044261e299ed63556e07bd65c171a3e1,flex,delivered,2026-03-05 03:05:26,
9eadfd4f-ebef-4162-8da0-f291131b6728,2025-12-25,msg_00045,Ue7310890b01058478be93761a56d0aa0,U36b0cb5f22cbe829e4d91b590cf2eb41,video,delivered,2025-12-25 01:25:22,
d2208764-9ca8-4bd3-92d5-ffa780c29ff0,2025-11-21,msg_00010,Ue7310890b01058478be93761a56d0aa0,U537a455406a82c5037d81fb9125af6d0,imagemap,clicked,2025-11-21 06:15:48,https://example-saas.jp/survey
11371781-7489-42eb-bd42-1cf3ac0045f8,2026-03-20,msg_00057,Ub0341314a5534ea92b26fa8adc30543f,U873eabfa9208ebb2a4f346003e24767d,video,delivered,2026-03-20 09:37:19,
bddae284-47f1-4919-b007-df423ab2b8f2,2026-03-08,msg_00112,U3bae1603803a839c0cb52f511d9cb8f6,Uc5c1ed56aec84b1fd734fa8bd68320c3,image,delivered,2026-03-08 04:17:45,
c6c6b4ec-0124-481f-ace5-8ad6831c7f40,2025-12-31,msg_00082,U227d1cd1a801c367de206ec4bbca7330,U8c527d11e7b0d687a58411ea5094ca38,imagemap,opened,2025-12-31 12:07:29,
d710e8a6-4db9-4ea9-8cd6-bfb5ddbe0d32,2026-02-20,msg_00095,Ub0341314a5534ea92b26fa8adc30543f,U0c73286370d247a5a689ff99a25e3bb6,text,delivered,2026-02-20 22:30:58,
f6c0302f-2b4f-4fee-9169-a10c80bbfc16,2025-11-17,msg_00099,U3bae1603803a839c0cb52f511d9cb8f6,U03ec857ede54a2df20b26c44ebcba44f,text,failed,2025-11-17 05:08:43,
da04b97b-a3f8-4de2-b8a3-d0dbe84c31ec,2025-12-24,msg_00062,Ub0341314a5534ea92b26fa8adc30543f,U3bd5ff1d1ba86b2f4a0f06c1b9894dbd,video,delivered,2025-12-24 20:02:56,
91ed11a9-bc5c-4d75-9314-c5ce19a3e0c8,2026-03-11,msg_00067,U7e808d11d6f9901a954a542a7ee09918,Ue438b55ea29ea3d80e707bc93c2d7d79,video,opened,2026-03-11 06:55:47,
a55ccb3d-ea63-47e3-b51b-554517777693,2025-12-14,msg_00085,U743849e63f8101ac616f8fd0ba84a167,U74245c32cd0fe19694c4bbe7869715a9,image,delivered,2025-12-14 14:50:12,
a4334e38-b18c-479d-ac63-6045416cb8da,2026-03-06,msg_00055,U3bae1603803a839c0cb52f511d9cb8f6,U41cdf0e6c0c45afc165719a01f9e9d22,flex,opened,2026-03-06 22:43:39,
e269353c-3def-4d5f-ae1e-3d8df592fb18,2026-02-28,msg_00117,U743849e63f8101ac616f8fd0ba84a167,Udbd461db69b01d114210b8c7a530428c,video,delivered,2026-02-28 11:28:28,
acc00aad-5745-44a2-a1cf-059106b1ac51,2026-03-08,msg_00112,U3bae1603803a839c0cb52f511d9cb8f6,Udc2c926c41b6d2f762beb7085a76170a,image,clicked,2026-03-08 14:37:59,https://example-saas.jp/coupon/500off
9711b0e5-25cb-43eb-9608-be9c7aa4c815,2026-04-04,msg_00049,U476acbdef8e9a16d24575e4f6d7b0f31,Ucd238e877e6cd3bb32638e8a492c11fa,text,delivered,2026-04-04 00:51:06,
7c2c05c7-ff2c-4b73-ad32-fb7bafc89517,2026-02-20,msg_00017,U22a93bc29b1df104af6b1ba1cd91fc56,Uaffa3a4a53fbd9f4f50added039de6a4,video,opened,2026-02-20 05:54:17,
2205bdff-9435-4032-a87b-0424a8500079,2026-02-16,msg_00021,U743849e63f8101ac616f8fd0ba84a167,U954dc007cc5f54121bf673c03933e56c,flex,delivered,2026-02-16 16:55:39,
53f34af3-2247-4fe1-9e39-403beb6593a7,2025-12-23,msg_00061,Ub0341314a5534ea92b26fa8adc30543f,U09fad465b60f01c26bf5f4ec198c143e,imagemap,opened,2025-12-23 13:59:07,
34db5c79-b539-463b-98f4-89fed2e9bf66,2026-02-15,msg_00089,U3bae1603803a839c0cb52f511d9cb8f6,907d7c61cbd7f6a48f61c69725ac562f,text,delivered,2026-02-15 02:16:56,
8e1d326f-75ad-4bb0-9a90-ce230e1e2fb3,2025-12-25,msg_00077,U743849e63f8101ac616f8fd0ba84a167,U4a219a2c6f4894c94179c4b49fe32d9b,text,opened,2025-12-25 08:51:09,
34ff704f-e583-42ef-9764-07c58732f219,2026-01-01,msg_00027,U4784fc8a8e1e4eb2435ad84e0ad052f2,Uf19a3843b540274e2741596742d780ef,image,delivered,2026-01-01 12:11:50,
358f4f81-dbe0-455d-900d-af6faf61be80,2025-12-07,msg_00003,U227d1cd1a801c367de206ec4bbca7330,U163c68334cd9a7a0f139e753f468869f,image,opened,2025-12-07 15:08:52,
7e5b02b0-8949-4d99-b117-1649df975141,2026-01-30,msg_00050,U3e5dd3a641c58ad50e49f095c6f1e306,Uee8f65550f4672ca8099953d8403956b,image,delivered,2026-01-30 13:08:49,
f831f519-c696-4f58-8760-eb83e590a649,2026-03-13,msg_00001,U4784fc8a8e1e4eb2435ad84e0ad052f2,U28ba88a73479dcea375f363c7642e607,image,clicked,2026-03-13 07:51:52,https://example-saas.jp/coupon/500off
72dde0ae-2e2c-4932-9859-a89e9d57a8e8,2026-02-09,msg_00083,U3bae1603803a839c0cb52f511d9cb8f6,U2d80de3947b8ce8c8123f37b98a77604,flex,delivered,2026-02-09 11:44:26,
ad26fbd3-66f8-4c07-8c49-f37ccb938908,2026-02-25,msg_00008,Ub0341314a5534ea92b26fa8adc30543f,Uf468fd8ea8a613b57535f9463125013a,image,delivered,2026-02-25 15:40:13,
fd061449-ba95-4708-94be-0c0e79882f30,2026-02-19,msg_00016,U837b70463a585f85743b5bfb3b49c9fd,Ue645154952575ff9d0155685f47c9baa,flex,opened,2026-02-19 02:08:38,
a1f6e588-3a0f-4992-97a6-3b7ac2962008,2026-02-20,msg_00036,U879eb903ad90cd9c2874f6df7651267a,c60345f374197e9c63929860f19f4d20,video,opened,2026-02-20 02:14:16,
02ebe92e-2d2e-48ff-baa5-df4a7e42646b,2025-12-14,msg_00085,U743849e63f8101ac616f8fd0ba84a167,aba1c61f8778e2f04bf263fd50dd5773,image,delivered,2025-12-14 07:06:22,
a6f93de8-257b-4b09-b3f6-3b71c79f2f7e,2025-12-24,msg_00062,Ub0341314a5534ea92b26fa8adc30543f,U4d1b3aaaa0dcf507c6e0c78f98cd96cb,video,opened,2025-12-24 08:29:16,
bca54123-98c1-4761-95ae-0d90c891ff58,2026-03-21,msg_00023,U743849e63f8101ac616f8fd0ba84a167,U86a657a8d8e3ac5b17ab54283f114ce6,imagemap,delivered,2026-03-21 23:17:10,
d038bfba-da2b-42c2-a6fb-72878c6a625f,2026-04-08,msg_00078,Ud4a92c8c8050eed40ef171cc2784d638,Ufc69b2fd315fe82c5784ee181198b957,image,delivered,2026-04-08 07:33:16,
21833325-21e9-476a-9ccd-03dc84a180b5,2026-02-14,msg_00042,U3bae1603803a839c0cb52f511d9cb8f6,Ud38c5dba12901e752015f24f3f767d8f,video,delivered,2026-02-14 12:29:47,
d5d8316e-4b45-409b-924b-f417eebb08d5,2025-11-23,msg_00053,U743849e63f8101ac616f8fd0ba84a167,U0e3119235111b9dae6ed2763bb1b5919,video,delivered,2025-11-23 15:23:04,
7be052cd-ada0-4a41-88b7-11057dca5bc6,2026-04-05,msg_00054,U3bae1603803a839c0cb52f511d9cb8f6,Uf15e1ee41a9b44de04b3cf2bcdda7ed3,image,delivered,2026-04-05 01:18:48,
18fb66bf-f25c-4142-a97a-d11689697854,2026-02-15,msg_00089,U3bae1603803a839c0cb52f511d9cb8f6,U08d0ba9892b32a7d128527d382e015e2,text,delivered,2026-02-15 06:04:38,
07e49f32-2281-49e6-a9e5-ff6d06b8805f,2025-12-21,msg_00022,U3bae1603803a839c0cb52f511d9cb8f6,Ue37abfc44050288aec955172419b3f36,video,opened,2025-12-21 14:09:58,
bd290f65-cecd-45fc-b3a1-d9d235a0b1dc,2025-11-17,msg_00034,U743849e63f8101ac616f8fd0ba84a167,U6fe34e81de9ecc5654c20615649cb0d6,text,delivered,2025-11-17 21:44:53,
01779e7f-9683-4ba7-84fb-4c83f6594011,2026-03-26,msg_00040,U3bae1603803a839c0cb52f511d9cb8f6,U60c6291e846be678405cc60fb4601b29,imagemap,clicked,2026-03-26 21:22:01,https://example-saas.jp/campaign/spring
4903dcd5-1471-4fd4-ad68-41448f7c00e7,2026-04-01,msg_00072,U4784fc8a8e1e4eb2435ad84e0ad052f2,Uba6a0d80110c40603bbe0e0e59067be0,image,delivered,2026-04-01 22:15:05,
4f6ef7b3-e418-4470-a9b4-4698446c51d6,2025-12-07,msg_00003,U227d1cd1a801c367de206ec4bbca7330,U85e4abd3072ed2cc9719f6dd2276253b,image,delivered,2025-12-07 13:00:36,
83802898-b379-4909-a6f8-644be41db894,2025-11-22,msg_00047,Ue7310890b01058478be93761a56d0aa0,U435d044a2c7f40c99f20fc3d222925fe,video,opened,2025-11-22 21:45:07,
9624d08a-d577-4037-84fc-3f6f5ef6bade,2025-12-24,msg_00091,U3bae1603803a839c0cb52f511d9cb8f6,U2b297a1a72c42cc306db0531009e8c19,imagemap,opened,2025-12-24 11:46:21,
ab2c37c2-ccf1-42c5-913c-52edb9d80e28,2026-01-01,msg_00027,U4784fc8a8e1e4eb2435ad84e0ad052f2,U27fe2950ce26dfcb661a4578d116c2c0,image,opened,2026-01-01 05:03:25,
91657b51-e4ad-48f5-abad-b1e032b493ae,2026-03-23,msg_00116,Ud4a92c8c8050eed40ef171cc2784d638,U9f57d5db01efdd21c74cee205ae66c1c,text,delivered,2026-03-23 23:30:14,
fce4f813-b0f1-46a5-86cc-a0fddc4af6f6,2026-01-14,msg_00081,Ue7310890b01058478be93761a56d0aa0,U273c5a405cbc85affff3c5cf8e489f1c,video,delivered,2026-01-14 10:18:21,
d139daf5-c315-4e83-9dc0-e8633a36f6c4,2025-11-23,msg_00024,Ue8d9224ecde331ce692edfce0b5ecdc4,U7032e0bf773e9d8c79d90967e3480186,text,delivered,2025-11-23 11:25:11,
b96829b4-5f43-4186-aa7f-da1f08a26cd6,2026-03-20,msg_00092,U743849e63f8101ac616f8fd0ba84a167,Uf01dfd0d2395e33c97aca2fe6248bd82,video,clicked,2026-03-20 17:03:28,https://example-saas.jp/survey
f1c58b1d-e450-42e7-9a3a-238653b012aa,2025-12-24,msg_00062,Ub0341314a5534ea92b26fa8adc30543f,Ub48d3c2aaac59842b481ccf9723cbc58,video,opened,2025-12-24 13:27:31,
94f9a82e-66ad-49f8-8cb4-99612c60b4a4,2026-01-13,msg_00060,U3bae1603803a839c0cb52f511d9cb8f6,U6b57b1740c5a5d7db97d02b93a9c8735,image,clicked,2026-01-13 04:09:25,https://example-saas.jp/lp/newmenu
18996ec3-7d64-46df-87bd-cf7bacf63e81,2025-12-21,msg_00022,U3bae1603803a839c0cb52f511d9cb8f6,d55f73cfbe02263eea04ba14520016de,video,delivered,2025-12-21 14:58:50,
68c8f796-98f0-4b1c-b8be-5e7bf3ce840c,2026-01-24,msg_00007,Ub0341314a5534ea92b26fa8adc30543f,U022771a82014d6bff8ec3168d430a45f,imagemap,opened,2026-01-24 00:57:30,
9c3cc75f-8c7a-4818-8a14-70be93746f76,2026-04-12,msg_00120,U227d1cd1a801c367de206ec4bbca7330,Ua510fd640ad2a53947fdf4a19a768289,text,delivered,2026-04-08 07:24:15,
b02b3200-c2b6-4f3d-8501-a122d7b4d776,2026-03-12,msg_00084,U68d2301028fb66b51d9111f1af067e34,U2fcb4ff5f77fa7e449d452d6fc919e67,video,opened,2026-03-12 09:40:26,
75f129ef-dbb7-4358-9bbe-82ea7d2f0853,2025-12-31,msg_00082,U227d1cd1a801c367de206ec4bbca7330,U2eac4952a80ad779a0d41d2ef177a0f4,imagemap,failed,2025-12-31 21:24:58,
44a34974-31b2-47c8-8239-44132d439fd7,2025-11-19,msg_00019,U743849e63f8101ac616f8fd0ba84a167,U4783692f1649bb373d9684463e6fa398,flex,opened,2025-11-19 11:47:06,
ee745f3c-03c0-4ce1-8e7d-42b76c6351b7,2025-12-24,msg_00062,Ub0341314a5534ea92b26fa8adc30543f,U8c7c06e1e2db28ad3182444a70ed163e,video,delivered,2025-12-24 09:58:16,
754942eb-34c8-42a8-b14a-918d1c83d865,2026-01-18,msg_00102,U227d1cd1a801c367de206ec4bbca7330,U2b8822b781e7f78b44c23fd8aebbe0cd,video,delivered,2026-01-18 04:13:50,
8d2c0d5e-cbb8-4e0d-96f2-326d0bedf0fa,2026-03-23,msg_00073,Ud4a92c8c8050eed40ef171cc2784d638,Ue1b2f1cbcaf829b479c61f100b38dc15,imagemap,opened,2026-03-23 18:32:16,
a0964590-dab9-4064-bec4-3511d8d2c6fa,2026-02-14,msg_00042,U3bae1603803a839c0cb52f511d9cb8f6,U5840599f4603a069b99145114fb936ba,video,delivered,2026-02-14 06:25:09,
9565ea91-0d8f-4928-888d-781f17a71a49,2026-02-15,msg_00006,U743849e63f8101ac616f8fd0ba84a167,U56524a70af6fe8194d0129f2c8d93817,flex,delivered,2026-02-15 05:40:41,
62d86398-e2f8-4bb6-829c-572fc85858f2,2026-02-20,msg_00036,U879eb903ad90cd9c2874f6df7651267a,U6e75fb75cde4fd40b564bb5e7c347b59,video,opened,2026-02-20 18:56:28,
93b65880-ef18-4541-943e-0f2d4408f604,2026-01-24,msg_00007,Ub0341314a5534ea92b26fa8adc30543f,U7447c44f445e4932dda6bffa1f8ed2a5,imagemap,delivered,2026-01-24 17:31:26,
a0862443-5a41-4f62-b127-4eeac26d4318,2026-04-12,msg_00105,Ud4a92c8c8050eed40ef171cc2784d638,U57c8653c6218154cf89a9c5ef4a167d2,flex,opened,2026-04-12 11:04:39,
9ad8d9f9-e79f-4977-8e43-1c9bd76d6037,2026-02-08,msg_00051,U3bae1603803a839c0cb52f511d9cb8f6,U2a0db4cb7b6aca27b253b7a7d507bc0c,image,delivered,2026-02-04 09:51:30,
089a40b1-456d-4383-9ef2-ee39490379e2,2025-11-17,msg_00099,U3bae1603803a839c0cb52f511d9cb8f6,U5fdd023698ab44270878ab13aa0a7f32,text,opened,2025-11-17 21:58:53,
200bf05f-1dd9-4f58-b411-6cbaf9487181,2025-12-24,msg_00062,Ub0341314a5534ea92b26fa8adc30543f,1c7cbbf8482cb489181f01473d82bcc7,video,delivered,2025-12-24 16:30:11,
cf263c64-ecbd-448b-9cc2-65605a45328c,2026-02-07,msg_00090,U4784fc8a8e1e4eb2435ad84e0ad052f2,Ud2d344cd5bd8d6758b7a82fb1e6c8179,imagemap,delivered,2026-02-07 17:07:18,
e40d0a1b-8d3f-4fac-a2f1-81ca8ea78466,2026-01-24,msg_00007,Ub0341314a5534ea92b26fa8adc30543f,U4c68e8f806f332d6d5392d708a3535fb,imagemap,blocked,2026-01-25 05:45:40,
1518fbb6-450e-4735-9a65-34d30d9fcc11,2026-02-24,msg_00039,U743849e63f8101ac616f8fd0ba84a167,U55087ec72490f0478b58c26add30c821,flex,opened,2026-02-24 03:38:27,
55db2ce5-3844-4f8f-973e-9b2a1264a8fa,2025-11-25,msg_00043,U3e5dd3a641c58ad50e49f095c6f1e306,U40b47e3c845ec3bcd55b64ba498aa1ce,flex,delivered,2025-11-25 20:49:34,
52e6e0ba-ca03-4ba9-9f29-3770fd9769cb,2026-03-22,msg_00119,U3bae1603803a839c0cb52f511d9cb8f6,U9b0cdebe30de7e5c26d695df076b8cbf,imagemap,opened,2026-03-22 01:13:22,
445686c5-f028-4c10-8e12-9fd6b0395289,2026-03-22,msg_00119,U3bae1603803a839c0cb52f511d9cb8f6,U057355b3ee1b66a272fccaa658290015,imagemap,delivered,2026-03-22 15:38:30,
96834b7d-d7a7-4083-96cd-f90e582cdbbf,2025-11-22,msg_00047,Ue7310890b01058478be93761a56d0aa0,U92609e67d9fcdde13bbf9a5e95a695e4,video,delivered,2025-11-22 09:36:26,
53050585-bf95-437e-9aa8-daf57e0e8bc8,2026-04-01,msg_00072,U4784fc8a8e1e4eb2435ad84e0ad052f2,U15b5e1cb1c651fe85d7d3c3738c7329d,image,delivered,2026-04-01 23:16:56,
1d4cd51d-cac8-46cd-b548-1b7b0e9a8b3c,2026-03-11,msg_00104,Ub0341314a5534ea92b26fa8adc30543f,U5518c8203c480952197e1141202c6345,image,delivered,2026-03-11 10:43:40,
b3b68f29-16a5-4c7b-aee1-7eaa671aa480,2025-11-30,msg_00025,Ub0341314a5534ea92b26fa8adc30543f,Ub4abd60f4379b5cb3c71e18fa9f282a7,imagemap,delivered,2025-11-30 09:49:17,
a8d010b6-a2d2-4124-85e2-090ed87bc32f,2026-03-29,msg_00097,Ub0341314a5534ea92b26fa8adc30543f,U8eab0d624c67b7b2a6140cba89152c86,text,delivered,2026-03-29 14:38:37,
21b93b80-4eea-46b8-a378-c882cfd024d3,2025-12-07,msg_00003,U227d1cd1a801c367de206ec4bbca7330,U6e6824885657f2b13aba306091bfed9f,image,opened,2025-12-07 01:53:27,
1d92a254-2830-498e-bec5-a5086fc83618,2026-03-04,msg_00056,U1ca413826b7044d134c9c3132420c9de,U3f5f15bc00c99f980f7f4a6c4d43a6b8,text,delivered,2026-03-04 07:17:40,
959ff2bf-9de4-4770-b208-30338276cb45,2025-11-19,msg_00019,U743849e63f8101ac616f8fd0ba84a167,U7ec809b01e06494e0811c7df850e54e2,flex,delivered,2025-11-19 12:58:50,
16e94a8e-1b39-4e11-a7f4-6d3c32a5df8b,2026-01-20,msg_00026,Ud4a92c8c8050eed40ef171cc2784d638,U3cecb3e029679e33cf1b1c7340e22761,imagemap,delivered,2026-01-20 02:12:08,
8bc54ca0-0f97-4c5d-8086-da64293bcb57,2025-12-09,msg_00069,Uc20f9c7e9b662bedec3cb78e127885c7,U683b68a2e093fd84243d0377f7612f39,imagemap,opened,2025-12-09 13:56:43,
6c892bfe-58d9-4cbe-94c2-dabbada9d361,2025-11-23,msg_00053,U743849e63f8101ac616f8fd0ba84a167,Uddfcf73ad176c5e27dd5cc97d73ba909,video,delivered,2025-11-23 23:45:55,
0cb5e377-4a14-48fd-b385-1b614fc80f54,2026-03-29,msg_00097,Ub0341314a5534ea92b26fa8adc30543f,Ue3b6eafddab096b97c94868c9ead5176,text,delivered,2026-03-29 16:50:28,
ea054d9d-f567-40b5-8e33-e7cfa0769b6d,2025-12-25,msg_00077,U743849e63f8101ac616f8fd0ba84a167,Udd37b98a055a99fee579be1c2b2e21bf,text,clicked,2025-12-25 11:52:52,https://example-saas.jp/coupon/500off
3acf8357-765d-4119-962b-d66a6f7100a4,2026-03-26,msg_00040,U3bae1603803a839c0cb52f511d9cb8f6,U85265fd44642fabcab42ecd668f50319,imagemap,delivered,2026-03-26 01:27:56,
b91cfdca-1cb7-4703-9820-f48a4ec5c8c9,2026-03-26,msg_00040,U3bae1603803a839c0cb52f511d9cb8f6,Ubee2da92ebeca26a87e5db6862997b2b,imagemap,delivered,2026-03-26 07:30:41,
29b407aa-cf04-4d9b-8a32-0714c3cf1f3a,2026-02-15,msg_00087,U3bae1603803a839c0cb52f511d9cb8f6,U4d5e84899600f05c8c16b8fe0b74656d,imagemap,delivered,2026-02-15 03:22:38,
86d06d26-23af-4d49-9857-a373392cb84a,2025-12-12,msg_00004,Ub0341314a5534ea92b26fa8adc30543f,U4ae1a0fd1c1a70a89f74fa6c97fa4774,video,delivered,2025-12-12 23:38:10,
e6e0deeb-d097-4fc5-9e5d-b906ef66fb07,2026-03-29,msg_00097,Ub0341314a5534ea92b26fa8adc30543f,Uc761540c5915c24070a0900577485ecf,text,delivered,2026-03-29 04:02:16,
c8215050-fbfc-4c60-bad7-9c5ecf659fc1,2026-04-10,msg_00101,U743849e63f8101ac616f8fd0ba84a167,Uf3ff0345ba0313cf092558d78af29577,imagemap,delivered,2026-04-10 23:20:09,
505eb5c6-2ac6-487a-acdf-c0d6df047546,2025-11-16,msg_00011,U837b70463a585f85743b5bfb3b49c9fd,U01bbf259d6d82a00a81b2598751e89eb,flex,clicked,2025-11-17 00:26:51,https://example-saas.jp/campaign/spring
29b689d4-1308-4336-8bb9-80c821d47c40,2026-01-26,msg_00103,U3bae1603803a839c0cb52f511d9cb8f6,U4be88d226470ac7bb585fab7d6881641,flex,opened,2026-01-26 12:33:01,
42c6a793-3f83-409a-b209-2405443b255a,2026-04-01,msg_00072,U4784fc8a8e1e4eb2435ad84e0ad052f2,3c45ab76be707352aa33b06cacab1c36,image,delivered,2026-04-01 09:52:50,
3e803441-c7c6-4d82-8d2a-aaff7e18c155,2026-03-06,msg_00055,U3bae1603803a839c0cb52f511d9cb8f6,U9f240e8d5b3964460282e3be67630f50,flex,opened,2026-03-06 00:51:38,
326e8c5a-ca44-4bc9-9de7-b1e94473ad08,2026-02-01,msg_00075,Ub0341314a5534ea92b26fa8adc30543f,Ued5f5be746b92c4ff0a6ef2b117d699f,imagemap,opened,2026-02-01 13:53:55,
879e3803-b25d-4a2b-9ec5-67c6e9c543f5,2025-12-24,msg_00062,Ub0341314a5534ea92b26fa8adc30543f,U4d1b3aaaa0dcf507c6e0c78f98cd96cb,video,clicked,2025-12-24 09:14:11,https://example-saas.jp/survey
5a03aa91-347c-4ebd-8316-f3a3da22ef59,2025-12-12,msg_00004,Ub0341314a5534ea92b26fa8adc30543f,U99d7b67a2bb685c81185419c7a195006,video,clicked,2025-12-12 08:19:48,https://example-saas.jp/coupon/500off
02bb88c4-67e7-4914-8621-99602f5f337b,2025-11-26,msg_00028,U3bae1603803a839c0cb52f511d9cb8f6,U9422d4edd7409efa74f12351833fd071,image,delivered,2025-11-26 15:57:57,
5768f57a-0622-4078-8512-3886ab79771f,2026-02-16,msg_00021,U743849e63f8101ac616f8fd0ba84a167,U6c945c9539d1c772461c0b4acfe13e9c,flex,delivered,2026-02-16 22:30:28,
704e28e5-d73f-4417-8926-185aad5586bc,2026-04-05,msg_00054,U3bae1603803a839c0cb52f511d9cb8f6,U41fb86f41682e2c4b8b9344fb0c1f720,image,delivered,2026-04-05 11:28:26,
630d7ce3-ccfa-4ebe-9d78-19f711c3db06,2026-03-22,msg_00119,U3bae1603803a839c0cb52f511d9cb8f6,U9849c66a9f766f52992c42640478b04f,imagemap,delivered,2026-03-22 17:55:16,
55ec9f27-d443-404a-b9c8-f55aabc0440d,2026-01-01,msg_00027,U4784fc8a8e1e4eb2435ad84e0ad052f2,U47ab9bc199f2e6e497695d35bf2b03c7,image,delivered,2026-01-01 14:34:01,
45c5f2ee-cba4-4adf-8944-6070771aec7d,2025-11-23,msg_00053,U743849e63f8101ac616f8fd0ba84a167,U89f50bdc336685181a2a0f7754d015b9,video,delivered,2025-11-23 13:36:32,
192f1808-9b08-40ba-9a32-92b023eddaf1,2026-01-18,msg_00102,U227d1cd1a801c367de206ec4bbca7330,U85e3ef6c049d5d23016e838b82e61743,video,delivered,2026-01-18 17:52:45,
701388d4-99f8-42c2-8acb-179c38767b93,2026-01-20,msg_00026,Ud4a92c8c8050eed40ef171cc2784d638,U385b93de4d07ad003bb63fcc909397e8,imagemap,delivered,2026-01-20 07:49:29,
5fe1dfb4-81df-411d-a84f-ca7ee2080caf,2026-03-23,msg_00071,U3bae1603803a839c0cb52f511d9cb8f6,Ud7c37974ebc3eb56d1e4ce5417fa8a7a,imagemap,clicked,2026-03-23 18:45:01,https://example-saas.jp/coupon/500off
8fe09d2b-73de-4512-9a5c-2e96b659b6e7,2026-03-26,msg_00040,U3bae1603803a839c0cb52f511d9cb8f6,Ue5faffabc485c6df09abc88744bb3711,imagemap,opened,2026-03-26 09:55:38,
efc8b64e-b1c2-4026-a2c3-b87733acd952,2026-02-05,msg_00107,U3bae1603803a839c0cb52f511d9cb8f6,U07f83b004fea09215170f3bca2a6440d,text,clicked,2026-02-05 01:55:03,https://example-saas.jp/survey
a40431a4-8f05-4948-8c88-4a7764d0d917,2026-03-20,msg_00057,Ub0341314a5534ea92b26fa8adc30543f,U0dca479c4493e3cdac827d05caab98eb,video,opened,2026-03-20 22:30:47,
1946962f-a005-4ac4-bd8c-cb507240093c,2025-12-09,msg_00069,Uc20f9c7e9b662bedec3cb78e127885c7,U4d754497544968b431c93205a76027c0,imagemap,delivered,2025-12-09 19:02:36,
f1be5a14-0123-400b-85f0-5314063c7a36,2025-11-30,msg_00025,Ub0341314a5534ea92b26fa8adc30543f,U714f06843c005b88700963c766f84268,imagemap,delivered,2025-11-30 03:11:32,
89129005-0be4-4ba2-9368-3d9920780b62,2026-02-20,msg_00095,Ub0341314a5534ea92b26fa8adc30543f,Ua72d971372bf9d51ed40c99fd69f52bf,text,clicked,2026-02-20 19:10:32,https://example-saas.jp/survey
f8898c84-ac5b-4e05-a03a-b4be67f1112c,2026-04-01,msg_00072,U4784fc8a8e1e4eb2435ad84e0ad052f2,U5a78d7bb8c06fa1498c7e61923b65ea7,image,delivered,2026-04-01 02:50:54,
6dbb4761-a66f-494a-9b1c-b85d65dd04c6,2026-02-15,msg_00087,U3bae1603803a839c0cb52f511d9cb8f6,U4d240d1d2e69852bde605728f849a625,imagemap,delivered,2026-02-15 21:30:40,
5dd4f131-3524-4f86-a026-2b828762e097,2026-03-21,msg_00023,U743849e63f8101ac616f8fd0ba84a167,Uf255337b5c5d036467f29092398d0362,imagemap,opened,2026-03-21 12:46:30,
f4f9892f-213b-4715-9e86-5bbb6ee8a239,2026-01-13,msg_00060,U3bae1603803a839c0cb52f511d9cb8f6,U7dcc3f74c02224f88106f561d098722e,image,clicked,2026-01-13 18:48:01,https://example-saas.jp/lp/newmenu
deb7d63b-95b3-4bfb-b0d1-a3c8a6640b22,2026-02-18,msg_00028,U7e808d11d6f9901a954a542a7ee09918,U45c7740a9ff7f91f14c96091ba433277,video,,2026-02-18 07:28:34,
63abb5f5-1cfd-4d93-ba21-1e9f3bdda78c,2025-12-21,msg_00022,U3bae1603803a839c0cb52f511d9cb8f6,U72f49380b8c66097af68cfc643c93a4b,video,opened,2025-12-21 01:07:00,
7494fb21-4498-40f0-92b3-58928173d1d6,2026-01-26,msg_00086,U4784fc8a8e1e4eb2435ad84e0ad052f2,U8f5c022b39b58273ba90203c2718a2cd,text,delivered,2026-01-26 02:10:40,
44ce218f-485b-426f-99d8-ced7afd32168,2026-03-22,msg_00119,U3bae1603803a839c0cb52f511d9cb8f6,Ufc05b0bf067b665ca83011a26e9d61bb,imagemap,opened,2026-03-22 21:00:59,
f8c49172-8370-465d-be1e-9baf01ebc0b4,2025-12-23,msg_00109,Ue7310890b01058478be93761a56d0aa0,U21c4aedf0807724b7804553b72013897,text,delivered,2025-12-23 20:51:33,
d917b62d-9a76-4cf8-a0bc-541f053ab97f,2025-12-18,msg_00114,Ub0341314a5534ea92b26fa8adc30543f,U3e902c3f417842d353f8fb52dd7a0ae6,flex,opened,2025-12-18 19:35:04,
505071dd-c36b-4c15-909e-659c5283a90b,2026-01-30,msg_00050,U3e5dd3a641c58ad50e49f095c6f1e306,Uea8a5c02dc8fd094a6a3a1b5d2b1805d,image,opened,2026-01-30 10:51:42,
f284a51b-8928-4c46-bbc1-cce51ff0d57a,2025-12-23,msg_00109,Ue7310890b01058478be93761a56d0aa0,U988b2ae896a790fb79166ff3149e1cdc,text,opened,2025-12-23 09:26:49,
167b8f72-7c17-4fed-b647-b96606704da0,2026-01-10,msg_00044,U30ad60bba5da9837ca5dd0230ca8f531,U0eba8f069e3da13528cd58a8ff2829f6,video,delivered,2026-01-10 11:42:27,
6a3032e6-b607-49b1-ae38-a1db6786b697,2026-01-20,msg_00108,Ub0341314a5534ea92b26fa8adc30543f,U46f4c80302a23a342223654774799a99,flex,failed,2026-01-20 13:27:34,
a946f20a-16c5-4a6b-9c72-d350d6261703,2025-12-22,msg_00038,Ub0341314a5534ea92b26fa8adc30543f,U5bd2074b5d33d06345984e1d8ed61336,image,clicked,2025-12-22 03:38:12,https://example-saas.jp/survey
400c6001-1761-436b-a22b-cb64d4438ad9,2026-04-08,msg_00041,Ue7310890b01058478be93761a56d0aa0,Ud25600be477392777a022d6305360641,text,clicked,2026-04-08 10:14:21,
d48ae5ab-7761-4967-a5f2-bd6f00845bd7,2026-01-26,msg_00115,U3bae1603803a839c0cb52f511d9cb8f6,0187918b41a047f65665a524e8347a04,imagemap,opened,2026-01-26 23:04:35,
7900e1d5-0624-4b56-a123-71306ba0c736,2026-04-12,msg_00120,U227d1cd1a801c367de206ec4bbca7330,U6cae11cb0d3b82b54819b326170b13a0,text,delivered,2026-04-12 21:34:23,
4e0b771f-b3eb-4362-9f55-78e846051db6,2025-12-23,msg_00061,Ub0341314a5534ea92b26fa8adc30543f,Ube0ebefbd196cb85a8b3c4a05d50c154,imagemap,delivered,2025-12-23 04:11:29,
d5c30cb7-ebd2-4404-9089-651bff33b309,2026-01-26,msg_00103,U3bae1603803a839c0cb52f511d9cb8f6,Ud3d19a5a68737c2687799339e51baa18,flex,clicked,2026-01-26 10:02:53,https://example-saas.jp/campaign/spring
71add1b5-de13-48c8-ad78-96b0f000f684,2026-01-09,msg_00055,Ue9a1e8a5b83a6b296d43c957a8cfba4a,U491359dc9ed4da368983148958a4c056,video,CLICK,2026-01-09 10:09:57,
45a35a55-8c96-4d4e-884e-96e6938a9cae,2025-11-16,msg_00011,U837b70463a585f85743b5bfb3b49c9fd,Uf72c6d3155ec1ff229eaad1b16be6c46,flex,delivered,2025-11-16 09:01:49,
dda96cf1-1b99-4e64-918c-0c22bfbc611e,2025-11-21,msg_00010,Ue7310890b01058478be93761a56d0aa0,U504fd872e27c78f45e13dd24d0ac9a1e,imagemap,delivered,2025-11-21 14:42:22,
f7922778-b06a-43c8-9058-96ee9686d794,2026-03-06,msg_00055,U3bae1603803a839c0cb52f511d9cb8f6,U39aeb730a0fec083a39bd4d0b889b01d,flex,delivered,2026-03-06 03:24:49,
0e01dc00-140a-4c20-be74-cb27e8ca126b,2025-12-25,msg_00077,U743849e63f8101ac616f8fd0ba84a167,U4a219a2c6f4894c94179c4b49fe32d9b,text,clicked,2025-12-25 09:33:10,https://example-saas.jp/coupon/500off
f4d3e06e-734c-42af-a02a-55fd0f72ad5c,2025-11-17,msg_00099,U3bae1603803a839c0cb52f511d9cb8f6,U28f9be48408f9d4ab5829098049aeb00,text,blocked,2025-11-18 05:10:50,
22e60768-78ac-4501-bc9a-842ef7d2c6ab,2026-03-27,msg_00096,U476acbdef8e9a16d24575e4f6d7b0f31,U6abe982b26ab75e256abb353a4fa3b37,imagemap,delivered,2026-03-27 11:29:22,
15c09d58-6856-4c7a-8304-3926ea21d92c,2025-12-15,msg_00030,U3bae1603803a839c0cb52f511d9cb8f6,U3995aad39cb689b1daab51b573ddfd1f,video,delivered,2025-12-15 00:16:02,
71037243-7291-488b-8098-56b13261037b,2026-01-19,msg_00087,U227d1cd1a801c367de206ec4bbca7330,Uf9ffaadafad66c634b55ec8566def762,flex,,2026-01-19 19:56:18,
8ebe886f-7c22-426e-8960-8dbf80bf6ab9,2026-02-20,msg_00036,U879eb903ad90cd9c2874f6df7651267a,U859861d8bce9cccf19e479009c565388,video,delivered,2026-02-20 08:10:38,
9f207e58-f2b5-4ae9-9076-28e4c585cf4a,2026-04-01,msg_00072,U4784fc8a8e1e4eb2435ad84e0ad052f2,U10f64c9853e1743e6067009ea0b204a4,image,clicked,2026-04-01 22:14:50,https://example-saas.jp/coupon/500off
e07a1bfd-7d3b-4b1e-8f25-75f1b98fa703,2026-02-28,msg_00117,U743849e63f8101ac616f8fd0ba84a167,d601e3cb8aa27e46e9daeea2c4812c39,video,opened,2026-03-01 00:28:11,
72e77896-53fb-4f46-8dfa-6ced8e923c15,2025-11-16,msg_00020,U3bae1603803a839c0cb52f511d9cb8f6,U7b78bff893da162a35c3a8bf94a49ab6,text,opened,2025-11-16 19:09:11,
69d9517c-2cdf-486a-ab9d-1c0f2a5d352b,2026-03-31,msg_00046,U4784fc8a8e1e4eb2435ad84e0ad052f2,Ue1cb5466cf652505e79c1bc353dc795f,flex,opened,2026-03-31 14:15:39,
07bd048d-22eb-4535-be51-dda46cfe5332,2026-04-04,msg_00049,U476acbdef8e9a16d24575e4f6d7b0f31,U6fbaca42bdf8e1cb3ae81484f782ccf3,text,opened,2026-04-04 05:01:54,
ba537df6-8a8e-4b82-8d08-e1bb6723c7fb,2025-12-31,msg_00082,U227d1cd1a801c367de206ec4bbca7330,U61f7244e4b48545c6af68ba76b637489,imagemap,delivered,2025-12-31 20:49:09,
7cdf5eb0-3928-40d5-af76-628402eb8f53,2025-12-09,msg_00069,Uc20f9c7e9b662bedec3cb78e127885c7,Ue7656ef52d704fd93b11373529b4d9e1,imagemap,delivered,2025-12-06 15:36:24,
64fee803-f101-4a4e-95dd-90b217b7c20b,2026-02-19,msg_00016,U837b70463a585f85743b5bfb3b49c9fd,U71d441b6dea6839923e77a65be3d4320,flex,opened,2026-02-19 12:22:01,
c94d251c-09a5-487a-bb7f-9160f1f7cd0b,2025-12-09,msg_00069,Uc20f9c7e9b662bedec3cb78e127885c7,U337206d51682554d0ae42d6383d28803,imagemap,delivered,2025-12-09 08:41:23,
c9b3bb9e-da03-4eda-8251-d6b95d87c683,2026-02-09,msg_00083,U3bae1603803a839c0cb52f511d9cb8f6,cf3e57f80e2f9a9ed51133e8117ae0d4,flex,opened,2026-02-09 20:35:58,
67b62cfa-8b5f-4dbd-95ca-d780cbe912d8,2025-12-23,msg_00061,Ub0341314a5534ea92b26fa8adc30543f,Ub9a8282ad65dc27a15fca004e3413eeb,imagemap,opened,2025-12-23 09:16:11,
9835c452-ecb8-419f-8ce4-91aa3417e412,2026-02-14,msg_00098,U743849e63f8101ac616f8fd0ba84a167,U2eda422859afee51e0f4ac8bf6088e44,imagemap,delivered,2026-02-14 18:37:25,
4dd557b4-0876-471b-aad7-44faa8643d01,2026-03-22,msg_00119,U3bae1603803a839c0cb52f511d9cb8f6,U9b0cdebe30de7e5c26d695df076b8cbf,imagemap,delivered,2026-03-22 00:37:32,
4e504e52-9b5a-408f-90a4-844e0f9484f8,2026-02-05,msg_00107,U3bae1603803a839c0cb52f511d9cb8f6,Uc9d5a0d9563409b716fd1de86ba966db,text,opened,2026-02-05 21:05:48,
29acd533-4f0b-4eb4-a857-0a24d9a37608,2026-01-30,msg_00050,U3e5dd3a641c58ad50e49f095c6f1e306,Ue4e141c83151c310fa3ca1726dae335f,image,delivered,2026-01-30 17:26:27,
4cc274a9-b678-44aa-91c5-caa35fb57f11,2026-01-26,msg_00063,Ub0341314a5534ea92b26fa8adc30543f,Ude62b0f9fdef5c2192ab86393b03c256,imagemap,delivered,2026-01-26 06:28:35,
17748d5f-3038-4d83-9ebd-983c09b6b419,2026-04-04,msg_00049,U476acbdef8e9a16d24575e4f6d7b0f31,690d9329e1dfe653a57a81a8ce5e45bc,text,delivered,2026-04-04 18:12:15,
f312f85e-0e95-493c-a432-b786be2b3d17,2026-03-04,msg_00056,U1ca413826b7044d134c9c3132420c9de,Ubbf5c468284ed838c52ccd8e5c4dd8de,text,delivered,2026-03-04 23:34:27,
20b8b239-42cd-475b-8e44-eafdbe2f49e0,2025-11-16,msg_00020,U3bae1603803a839c0cb52f511d9cb8f6,U2cdf5d921d75ea25f8f79ea72452431e,text,delivered,2025-11-16 23:16:01,
e3edc2a3-b6b3-4f46-bd81-415e46604ee9,2026-03-23,msg_00073,Ud4a92c8c8050eed40ef171cc2784d638,U618350d9143e0b1c75c32c439d2c2b40,imagemap,delivered,2026-03-23 20:24:18,
20d7dc52-5895-45c7-a44a-28fc8f22c82a,2026-02-14,msg_00042,U3bae1603803a839c0cb52f511d9cb8f6,U35f4b84e8faa5a8d33772b0f24703fe0,video,delivered,2026-02-14 18:47:14,
6330b65d-8045-4eac-852d-aa17014a1ed5,2026-01-13,msg_00060,U3bae1603803a839c0cb52f511d9cb8f6,U46d71b75d0bf81232f7fcd12b174e80e,image,delivered,2026-01-13 09:44:17,
a704a238-5953-4ce5-a085-5360436ad66e,2026-04-12,msg_00105,Ud4a92c8c8050eed40ef171cc2784d638,U7a8946b0315e00a37c68de0cc3baec10,flex,opened,2026-04-12 07:35:33,
39e0aec7-d2d2-48c8-bbf3-9c1b1fbbd2fb,2025-12-12,msg_00004,Ub0341314a5534ea92b26fa8adc30543f,Uef966c815b16de7f81d916c3f0b5916c,video,opened,2025-12-12 08:18:26,
20f8e64f-aa8c-4fb2-8b72-95babe2c0b96,2026-03-21,msg_00023,U743849e63f8101ac616f8fd0ba84a167,U22fe698ef1710bd68ef9b666bcef46b0,imagemap,delivered,2026-03-21 17:48:56,
d185611b-2044-4664-8fe3-de101e461c37,2026-01-10,msg_00044,U30ad60bba5da9837ca5dd0230ca8f531,Ud4411a188024c1d1254c163cd33b856d,video,delivered,2026-01-10 04:26:47,
bda19dad-a557-4205-9005-f7870911574d,2026-01-14,msg_00081,Ue7310890b01058478be93761a56d0aa0,U8bcd099293cec9e8fb06ed992b1e90da,video,delivered,2026-01-14 23:11:04,
c3acbab6-8e71-429a-aef0-0ed9e315ec0e,2026-03-20,msg_00106,U3bae1603803a839c0cb52f511d9cb8f6,U7c0570e18da8aad61aee73af01dbe34e,video,opened,2026-03-20 11:04:02,
e9803460-4a84-4340-a69f-b1a3f914360e,2025-11-25,msg_00043,U3e5dd3a641c58ad50e49f095c6f1e306,Ufb7d3e60aa1050a2b7074994cf9c08ad,flex,delivered,2025-11-25 05:08:53,
2e1f6733-40d6-4958-8106-df3f2d741682,2026-03-22,msg_00119,U3bae1603803a839c0cb52f511d9cb8f6,Uca74d5c702f117ac8b92950faa342296,imagemap,delivered,2026-03-22 23:22:23,
ddb3a592-455d-4479-8a2a-a8785c085f7e,2025-11-23,msg_00053,U743849e63f8101ac616f8fd0ba84a167,U38f43847e9ebea08312d30c838bbfb65,video,opened,2025-11-23 23:04:46,
b0649693-7d59-4d7a-a7cd-dd0376d04145,2026-01-13,msg_00060,U3bae1603803a839c0cb52f511d9cb8f6,Uad9740ad4d276e87ff8b129342b172b3,image,delivered,2026-01-13 01:31:20,
9e507b31-86d6-435e-b39c-aae8d5c492ac,2026-01-31,msg_00035,U7e808d11d6f9901a954a542a7ee09918,U81cb8ad83112ed7b32a7938769ba829f,text,blocked,2026-01-31 21:51:52,
59ca4a60-cfa0-42b0-9dbb-ffc9da73501b,2026-02-20,msg_00017,U22a93bc29b1df104af6b1ba1cd91fc56,9f0f0c322763933872c49e6783d184d9,video,opened,2026-02-20 06:28:29,
3371e6b6-965e-427a-ba46-402064ec7a3b,2025-12-23,msg_00061,Ub0341314a5534ea92b26fa8adc30543f,fdc76242ea87c4fba161f665a44644e4,imagemap,delivered,2025-12-23 23:56:04,
b68d271b-c1f5-4bbe-bead-f2f696672af3,2026-03-13,msg_00001,U4784fc8a8e1e4eb2435ad84e0ad052f2,Ua75b77c358994ff95319b97ae3ec7b8a,image,delivered,2026-03-12 13:39:01,
f7423081-a4f2-423f-bfb8-671c12873a22,2025-11-23,msg_00024,Ue8d9224ecde331ce692edfce0b5ecdc4,U902ad750c35fa4728430db5a431775b9,text,delivered,2025-11-23 06:59:40,
4e255588-412a-465a-a31d-b17bcc1b782f,2025-12-19,msg_00118,U4784fc8a8e1e4eb2435ad84e0ad052f2,U863e6abc40ec661ea473a4b6e2acd9f2,image,delivered,2025-12-15 09:57:59,
d38895c0-947d-45d0-b25f-04df8c606b91,2026-01-26,msg_00086,U4784fc8a8e1e4eb2435ad84e0ad052f2,U69553e81da36dccfd8a7a00ffadb3db7,text,opened,2026-01-26 22:12:39,
e93144cd-2337-4a78-a33e-fc0314c435d8,2026-03-21,msg_00023,U743849e63f8101ac616f8fd0ba84a167,U10f0c04a76aa5c31bb12849ae6ee29ce,imagemap,delivered,2026-03-21 21:51:14,
d3f70b5f-c616-44bb-9f8e-1efc2eb50de0,2025-12-24,msg_00091,U3bae1603803a839c0cb52f511d9cb8f6,U101cab444ed2c3474020c79e05803292,imagemap,opened,2025-12-25 00:17:02,
e50071d2-4cab-4429-ac08-05efa45d788d,2026-02-14,msg_00098,U743849e63f8101ac616f8fd0ba84a167,U31b1f9a5314126997d84d53de3c477ac,imagemap,opened,2026-02-14 17:40:58,
0e3f8a8e-146f-4d24-a7be-46f07d23d713,2026-01-26,msg_00086,U4784fc8a8e1e4eb2435ad84e0ad052f2,Ub94fd9147802977f6267239a490b8f66,text,delivered,2026-01-26 01:25:23,
9ebbd055-3318-4c95-9f00-f86fe0566021,2025-11-19,msg_00019,U743849e63f8101ac616f8fd0ba84a167,Uff587d788de6e380e2da890ac91e531f,flex,delivered,2025-11-19 14:18:22,
cb0f1187-82e5-4acd-b87e-750460a8c7e3,2026-01-09,msg_00052,U743849e63f8101ac616f8fd0ba84a167,Ub98e6664b061f5ceb18859fdfaed56e7,video,delivered,2026-01-09 07:11:15,
70bc1cfa-045d-48f3-8b3c-bbf8ceb1e887,2026-03-31,msg_00050,U743849e63f8101ac616f8fd0ba84a167,U64c773738e49eb424b91a9c6c71212a5,flex,deliverd,2026-03-31 07:20:21,
fd071070-afa8-41fb-9db4-a0c24286f9fa,2026-01-18,msg_00102,U227d1cd1a801c367de206ec4bbca7330,U6e84ee8a4107dd935b0c052d7aa8e91e,video,opened,2026-01-18 14:46:26,
930d043e-3b66-4f31-92bf-8f6982c43446,2025-12-03,msg_00012,U743849e63f8101ac616f8fd0ba84a167,U5e4f4e67c0324d907c0198840c1e27ca,imagemap,delivered,2025-12-03 19:20:02,
fd6c0ab9-71a7-4eff-be87-939c39ff872b,2026-03-31,msg_00046,U4784fc8a8e1e4eb2435ad84e0ad052f2,Ued99c62c1a62124cad55d352399044a5,flex,delivered,2026-03-31 03:21:46,
bb2bb07d-bca7-495d-bc07-778f2e13571e,2026-03-29,msg_00097,Ub0341314a5534ea92b26fa8adc30543f,U5c06ce8036b25e33ada728fcd7808f7f,text,opened,2026-03-29 02:01:39,
30876e0d-56cf-4bfc-8f72-a56e37376ba0,2026-01-30,msg_00050,U3e5dd3a641c58ad50e49f095c6f1e306,U399f860feab7ee528e1cdd610abe9ce2,image,delivered,2026-01-30 15:21:57,
e690417d-b692-4519-91b5-a0c7fb965d53,2026-01-30,msg_00050,U3e5dd3a641c58ad50e49f095c6f1e306,U78dd01b93c174f1c16011ad897853a14,image,opened,2026-01-30 06:57:23,
8cb8a6cb-321f-46ff-ae2c-28a0eb67a672,2025-11-26,msg_00028,U3bae1603803a839c0cb52f511d9cb8f6,U693dbbfe0582e8a313603e9ae5c540b4,image,delivered,2025-11-26 14:04:11,
07daa041-45ad-434a-94c4-49823e2bcfe9,2026-04-04,msg_00100,U743849e63f8101ac616f8fd0ba84a167,Ue4d9cc95937aeb89fba185b75f1118fe,image,clicked,2026-04-04 13:22:33,https://example-saas.jp/survey
a1522a93-8620-4e01-9142-cd599f77f715,2026-02-14,msg_00065,U743849e63f8101ac616f8fd0ba84a167,U7bc6946c2fd5d705b8ca4b7a0e20dbf6,image,clicked,2026-02-14 01:50:59,https://example-saas.jp/lp/newmenu
eced344f-1985-43e6-a663-8660ea496b0f,2026-03-23,msg_00071,U3bae1603803a839c0cb52f511d9cb8f6,Ucc3da245104fca49f4423dc641ea0358,imagemap,delivered,2026-03-23 21:43:06,
692e3b11-b541-4545-997f-ba86c8afeaca,2026-03-21,msg_00023,U743849e63f8101ac616f8fd0ba84a167,6df16dd6cf05346ef97ef7cf9c62c3a9,imagemap,opened,2026-03-21 08:28:12,
d506e261-f503-4caa-a12b-ff67ab660578,2026-04-12,msg_00120,U227d1cd1a801c367de206ec4bbca7330,Ua69f90cfffc09c9dbed24e238434a39c,text,opened,2026-04-12 14:32:33,
5197599e-6f04-4b72-a880-c355aaa83b81,2025-11-17,msg_00099,U3bae1603803a839c0cb52f511d9cb8f6,U500516ed541f2624243309841b8f7096,text,opened,2025-11-17 04:46:53,
b9ab1709-3a3a-48ae-ab0c-6208979b822c,2026-01-29,msg_00031,U3bae1603803a839c0cb52f511d9cb8f6,Ua0d95d05405648e37b1c5bbd63594cba,video,delivered,2026-01-29 13:24:32,
9164e0e7-1597-458a-bb25-b55b298ab76d,2026-01-14,msg_00081,Ue7310890b01058478be93761a56d0aa0,Ub9de599a754a822c463617da54da23fc,video,opened,2026-01-14 01:42:27,
38b5ab96-57db-4f71-9b14-ed0d854e5ff3,2026-02-20,msg_00017,U22a93bc29b1df104af6b1ba1cd91fc56,320406bc0c8ff93ee1c069953da4629b,video,opened,2026-02-20 21:26:04,
a2f6241d-4b86-4473-9085-a509ab8d6214,2026-01-18,msg_00102,U227d1cd1a801c367de206ec4bbca7330,Ua3a2a0dbb38357c16d631fdd78dfffbf,video,opened,2026-01-18 21:52:45,
627f846b-ee2a-4554-bfb6-2eee8f398e0d,2026-03-27,msg_00096,U476acbdef8e9a16d24575e4f6d7b0f31,U2331eabdbcd8b49871d0bf1e205e1766,imagemap,delivered,2026-03-27 22:09:42,
5db06c5d-e24a-4d09-a89d-b07e22d72c01,2026-01-26,msg_00103,U3bae1603803a839c0cb52f511d9cb8f6,Ua008e1a5f4fb057df2dfb9778d6dfa18,flex,delivered,2026-01-26 12:54:29,
2f5d381e-4178-4b87-adf0-84214003acf8,2026-02-02,msg_00052,Ub0341314a5534ea92b26fa8adc30543f,Udaeb1f08b93aec8e5432994b687f8e77,flex,unsubscribe,2026-02-02 06:09:23,
8e35e34c-6cb6-4239-8052-1355bfbae65a,2025-12-12,msg_00004,Ub0341314a5534ea92b26fa8adc30543f,Ubfd35f37737922e402d0b2d789652aa9,video,delivered,2025-12-12 01:30:01,
07d09703-b5de-421c-a746-553fa906a274,2025-12-18,msg_00070,Ue9a1e8a5b83a6b296d43c957a8cfba4a,Ua7af7d69228efb9373575d1d84e5860e,imagemap,delivered,2025-12-18 09:43:58,
31ce325d-8b1f-40b5-9dce-ca377b4fa0d5,2026-02-01,msg_00075,Ub0341314a5534ea92b26fa8adc30543f,U2bddf69e6d9498b82906f67299bcc382,imagemap,opened,2026-02-01 07:01:28,
12517ace-fcd4-4259-a46e-1f0cf6a103f3,2025-11-22,msg_00047,Ue7310890b01058478be93761a56d0aa0,U673f70184a6e892e76addfb970da2258,video,delivered,2025-11-22 08:22:02,
0ccab804-5e5a-435d-aede-eab537e6aad1,2026-03-03,msg_00093,U743849e63f8101ac616f8fd0ba84a167,U8286d430f83aeaaf09ff01a90a6933a0,imagemap,delivered,2026-03-03 15:26:35,
d1f728ec-366a-4c36-b6d8-af2ad33b70b5,2026-01-20,msg_00108,Ub0341314a5534ea92b26fa8adc30543f,U8fcb586b4b91d049c4ef46f271a00043,flex,delivered,2026-01-20 14:54:37,
23aa3824-86ce-45fa-a426-1b0936830ff6,2025-12-24,msg_00091,U3bae1603803a839c0cb52f511d9cb8f6,Udd98930e2ae1253113489681a31608ee,imagemap,delivered,2025-12-24 19:43:21,
1ffe4678-bdd5-4bf9-9591-91c4d3f17120,2026-01-29,msg_00031,U3bae1603803a839c0cb52f511d9cb8f6,U169c6a913bc0225ff3896a2ccc18c049,video,opened,2026-01-29 01:54:19,
a3e2fdc9-e161-4c09-a6b1-eed4f42afc14,2026-01-07,msg_00110,Ub0341314a5534ea92b26fa8adc30543f,U316cd691afce8733416a97fe0387968b,video,delivered,2026-01-07 17:44:41,
9cc31471-c787-425a-a069-684e14ca953e,2025-12-18,msg_00114,Ub0341314a5534ea92b26fa8adc30543f,Ua6c71d68bf664e30c5aef5858a5aa693,flex,delivered,2025-12-18 01:49:35,
30abd799-e21b-42af-acb6-41d7ab3a87da,2026-04-06,msg_00074,U3bae1603803a839c0cb52f511d9cb8f6,U95e3c8023e7c18e3473b3ea16069c716,text,delivered,2026-04-06 14:40:26,
4a4e5248-588d-444a-a48d-0603a96c6679,2026-03-23,msg_00071,U3bae1603803a839c0cb52f511d9cb8f6,Uf32f18e7b7e9a4431554aa4dd41564f0,imagemap,delivered,2026-03-23 06:59:58,
07d1d7a1-c2bb-4676-85a1-3a89b6cfbf4b,2026-03-12,msg_00084,U68d2301028fb66b51d9111f1af067e34,Uce18e0fbd2095a447d18f28511912fcd,video,delivered,2026-03-12 04:12:21,
70169a20-96f7-4a37-bebe-8788ce30711c,2026-02-14,msg_00065,U743849e63f8101ac616f8fd0ba84a167,Ud94a457b6f2ec1f5d34cfb3fad7b59d1,image,clicked,2026-02-14 10:20:49,https://example-saas.jp/survey
cfb5a14b-7c4b-4ff5-950b-75a85f8213aa,2026-01-13,msg_00060,U3bae1603803a839c0cb52f511d9cb8f6,U999a7e10fea69d783fcfe34e16ece0e8,image,opened,2026-01-13 08:53:50,
43a4b40d-4629-438c-8812-71ec2c6c3b5a,2026-02-08,msg_00051,U3bae1603803a839c0cb52f511d9cb8f6,U698a9df6f9d5d3916ca38e71242c45ba,image,delivered,2026-02-08 04:25:06,
74904e41-d2e3-4373-93bc-ebbb0da15cbb,2026-03-27,msg_00096,U476acbdef8e9a16d24575e4f6d7b0f31,U02338e9030917b90ca946b1e86c74ea7,imagemap,opened,2026-03-27 10:31:05,
c92f7e56-a075-400b-93e1-35052fa4b604,2025-11-21,msg_00010,Ue7310890b01058478be93761a56d0aa0,U3eec23aae63c32d28b687dc81edf9264,imagemap,delivered,2025-11-21 18:58:20,
ba54773e-7622-4828-9e9f-c44703be1bf8,2026-02-28,msg_00117,U743849e63f8101ac616f8fd0ba84a167,Uef994a9cf47e13e0123049dc086a1ac6,video,delivered,2026-02-28 17:40:31,
ccf11a83-a0ee-4e9b-80de-c2abc6c07977,2026-03-20,msg_00092,U743849e63f8101ac616f8fd0ba84a167,U76bd22579c971daf49a847fa2ef94d7b,video,delivered,2026-03-20 10:32:43,
f432b2a0-a116-41cc-b7eb-be585d0143dc,2025-12-18,msg_00114,Ub0341314a5534ea92b26fa8adc30543f,Ue47513aecb5647889b9074e85cd9a17c,flex,delivered,2025-12-18 08:09:01,
dae5183b-5fc0-4a6e-9668-1c3ffd131c4a,2025-11-17,msg_00034,U743849e63f8101ac616f8fd0ba84a167,U10f5aef0c36ef036801019dda00c93f6,text,clicked,2025-11-17 12:21:28,https://example-saas.jp/campaign/spring
0acf30be-e77b-4078-8f29-ee2708392556,2026-02-14,msg_00098,U743849e63f8101ac616f8fd0ba84a167,U4ad498d10abc8c87097292af8e306ec1,imagemap,delivered,2026-02-14 21:30:18,
9e68ec15-1ea7-409f-80a4-336983e43c86,2026-02-05,msg_00107,U3bae1603803a839c0cb52f511d9cb8f6,Uf0ab866cd8f3fe0a47b2f06b5882530b,text,delivered,2026-02-05 16:29:26,
1b1b89a6-514a-4efe-b2a4-e6b8d8ba9366,2026-04-06,msg_00074,U3bae1603803a839c0cb52f511d9cb8f6,U9c2489b31ff13c59f7c2577382430f16,text,failed,2026-04-06 22:01:20,
20198002-41cf-421a-9235-a4e28efaef75,2026-04-01,msg_00072,U4784fc8a8e1e4eb2435ad84e0ad052f2,U944ff50b609be3eed18ecdc452850d1d,image,opened,2026-04-01 08:41:45,
81c886c6-4a5d-4731-a6d6-49436604de94,2025-12-25,msg_00077,U743849e63f8101ac616f8fd0ba84a167,1a22dfed128e1d6c6e5fe3335e9e4dfb,text,opened,2025-12-25 11:08:49,
53ae9cd9-95b8-4fc9-82c8-0773307196f6,2026-01-14,msg_00081,Ue7310890b01058478be93761a56d0aa0,37e5fe8b4b2c797074beb5b60ca13f35,video,delivered,2026-01-14 19:07:10,
1c1aceb3-3b8d-40fc-926a-1d72d363e18c,2025-11-17,msg_00099,U3bae1603803a839c0cb52f511d9cb8f6,Ufe74ac8fde955ea515acdc38d3c7cfc2,text,delivered,2025-11-17 04:07:28,
f7159c0c-0a3f-4ffc-81ea-81eca8a51f95,2026-04-01,msg_00072,U4784fc8a8e1e4eb2435ad84e0ad052f2,U76573417e796e7f663d7296cfdd08574,image,delivered,2026-04-01 05:09:32,
280b8739-1584-4b9d-bed5-179f7d599710,2025-12-31,msg_00082,U227d1cd1a801c367de206ec4bbca7330,U0307289f4df14a28f56b345e719a4baa,imagemap,delivered,2025-12-31 14:50:33,
261b6ae0-b31a-45eb-b931-6051f0f8c9fa,2026-02-10,msg_00058,Ue9a1e8a5b83a6b296d43c957a8cfba4a,U6d2d0f514fb85da7331d251c699cab8b,video,delivered,2026-02-10 03:07:18,
c864161b-f364-4205-9f21-eb9e2396537f,2025-11-23,msg_00024,Ue8d9224ecde331ce692edfce0b5ecdc4,U7ea22f4ed775084b0595c238f7406bbe,text,delivered,2025-11-23 05:54:54,
c948623d-a7dd-4646-91db-804f06569d50,2026-03-25,msg_00079,U743849e63f8101ac616f8fd0ba84a167,c739f6dbbcdc3a301425fe9cc72b1979,text,delivered,2026-03-25 12:01:43,
bd3ba4fe-e75b-45eb-9685-3e45e9e1920f,2026-02-05,msg_00107,U3bae1603803a839c0cb52f511d9cb8f6,U619bb2db292fdebb6de8c8f687c8b4e6,text,delivered,2026-02-05 13:33:06,
a9165bb3-506e-45ec-a5d0-c75bf700a5d8,2026-03-20,msg_00057,Ub0341314a5534ea92b26fa8adc30543f,U839d82814bb4081290a8a5a0d031d4b6,video,delivered,2026-03-20 16:36:13,
6a1ea1a6-db19-49ba-8630-165de0fc2ad3,2026-01-24,msg_00113,Ub0341314a5534ea92b26fa8adc30543f,U8001f86d4aaa2b19b401ed0be4994d82,text,delivered,2026-01-24 00:50:14,
281dda3c-03d1-412b-bd4f-5f5f2bee73bf,2026-03-14,msg_00009,U743849e63f8101ac616f8fd0ba84a167,U3d29ee6b42a6f9911e5b6ef86c1006bb,imagemap,opened,2026-03-14 15:21:46,
a1ddf773-a951-462e-9009-8c79617c7c7e,2026-02-10,msg_00058,Ue9a1e8a5b83a6b296d43c957a8cfba4a,U8b49c740fbe9a718816df6d50206e8fc,video,opened,2026-02-10 15:57:18,
a2d28dea-dc4c-4cf3-ad12-584a8ddc752e,2026-02-16,msg_00021,U743849e63f8101ac616f8fd0ba84a167,Ue8802c3161a90e23cd92ef326f89a31a,flex,delivered,2026-02-16 11:24:57,
0475c2d3-a768-426f-82fc-bd2aae587dd5,2026-02-05,msg_00107,U3bae1603803a839c0cb52f511d9cb8f6,Uea206d5b98068622c36cbbfc8ed59e0e,text,clicked,2026-02-06 00:25:25,https://example-saas.jp/lp/newmenu
2171ff06-fe27-4db0-9132-1658a82523f0,2026-02-08,msg_00051,U3bae1603803a839c0cb52f511d9cb8f6,ff9587234bd126ae4d6c5e68e4544824,image,opened,2026-02-08 08:50:51,
b60f1708-b4dc-424a-a0f5-7e225581cf73,2026-02-09,msg_00083,U3bae1603803a839c0cb52f511d9cb8f6,a203bff32f431887eee53d6898747715,flex,opened,2026-02-09 22:46:56,
5fbfb822-123d-469d-b256-b0c577e22ddc,2026-02-28,msg_00117,U743849e63f8101ac616f8fd0ba84a167,0eac83191ee07d9c3441a991cf46af27,video,delivered,2026-02-28 01:17:18,
acc8f55e-b272-450a-8ffc-32e252cf2457,2025-11-22,msg_00047,Ue7310890b01058478be93761a56d0aa0,Ub0514978bd86ccf33d706ef36a00d0c5,video,delivered,2025-11-22 01:36:31,
8292e449-685a-4a6d-bbc2-5a64d65e9af1,2025-11-21,msg_00010,Ue7310890b01058478be93761a56d0aa0,U139c227f4fb3a23a8d081ccae173b074,imagemap,delivered,2025-11-21 17:18:19,
ba5229df-c765-4e3b-82a1-aca6a284c4c4,2025-11-23,msg_00053,U743849e63f8101ac616f8fd0ba84a167,U2f221dd80217e807d9ed01f8b716e52a,video,delivered,2025-11-23 07:22:59,
6622446f-d81e-42e8-a096-ac464c32fe77,2026-04-12,msg_00120,U227d1cd1a801c367de206ec4bbca7330,U013fa9e87b4e63721fae81e0a43932fd,text,delivered,2026-04-12 14:17:13,
ef7d9435-3e77-4859-bda8-182aa4d9c7d0,2026-01-20,msg_00108,Ub0341314a5534ea92b26fa8adc30543f,U27b01cba25f9c0fa34c85f41292dcf7a,flex,opened,2026-01-20 05:22:23,
cf4d6c49-83ed-4b70-aeeb-c769e6170028,2025-11-21,msg_00010,Ue7310890b01058478be93761a56d0aa0,Ue6c52f118167ae9c51ab4171de7d2aed,imagemap,delivered,2025-11-19 01:54:27,
3cb6f180-030d-4c44-af20-10ed2f815386,2025-11-17,msg_00099,U3bae1603803a839c0cb52f511d9cb8f6,U6f16ccd1f59ad45da2908085bfe9bee1,text,failed,2025-11-17 15:02:08,
27130bba-2971-4c8a-b3c8-978e666704f9,2026-01-24,msg_00066,U3bae1603803a839c0cb52f511d9cb8f6,U5e7b5930249da24b36b98ac0040f1fd0,image,opened,2026-01-24 15:51:39,
2b91b8b9-0309-4089-93e4-9054e242ba45,2026-01-26,msg_00005,Ub0341314a5534ea92b26fa8adc30543f,U4f70cea89349cccebcda241ff1057195,image,opened,2026-01-26 23:14:23,
ae418595-88f0-41c8-b048-c693ffd138f3,2026-02-05,msg_00107,U3bae1603803a839c0cb52f511d9cb8f6,U7271df7d13b258efd34cdb60b3f3581b,text,clicked,2026-02-05 14:56:17,https://example-saas.jp/coupon/500off
488ccffa-ee8c-45b4-85c6-58e16fe95585,2026-03-26,msg_00040,U3bae1603803a839c0cb52f511d9cb8f6,U3e22195c7d779e24e6fa8bf6b8aac336,imagemap,opened,2026-03-26 09:22:34,
38041a38-3c26-4481-854b-6c7b727131fb,2026-04-08,msg_00041,Ue7310890b01058478be93761a56d0aa0,Ue42dd13de7d92a46eedc68c58c61f309,text,delivered,2026-04-08 01:23:05,
5ce7b518-5932-4730-8996-0d6e01841198,2025-11-17,msg_00034,U743849e63f8101ac616f8fd0ba84a167,Uc936145714164d2554ae1d2d7574d257,text,delivered,2025-11-17 22:50:42,
44289261-35f0-4857-9ec4-ad4032266d68,2026-02-08,msg_00051,U3bae1603803a839c0cb52f511d9cb8f6,U6cc1010a8847cdc8e9a74d1206ea0818,image,opened,2026-02-08 09:09:53,
32e4bc63-37ce-40e0-bc69-e5678c354fbc,2026-03-27,msg_00096,U476acbdef8e9a16d24575e4f6d7b0f31,Ub4ed34521197ea2831ddfebf88c3a4e1,imagemap,delivered,2026-03-27 02:56:48,
e092bdfe-1da1-4f75-9bdb-e50d88fad154,2025-12-18,msg_00070,Ue9a1e8a5b83a6b296d43c957a8cfba4a,U7cab42265799e5c52cae75a57907093d,imagemap,delivered,2025-12-18 02:09:11,
623bc4a5-61bc-4b19-8196-69b9491dc450,2026-01-24,msg_00007,Ub0341314a5534ea92b26fa8adc30543f,U853976a1934c0516b46ed37c6edb211c,imagemap,opened,2026-01-24 12:24:33,
35faeafe-85c9-456e-b05d-c3ab57ec3d64,2026-04-12,msg_00120,U227d1cd1a801c367de206ec4bbca7330,c58aeedf84fb31ab181f1facad171577,text,clicked,2026-04-12 10:25:15,https://example-saas.jp/lp/newmenu
7d0ff4ff-6824-41d7-9f59-5e9cd82bc867,2026-01-26,msg_00063,Ub0341314a5534ea92b26fa8adc30543f,U77fbb44ef0d17badb1a741112de63c02,imagemap,delivered,2026-01-26 12:07:01,
223129b5-db82-44ff-bdc5-df2fa161f923,2026-04-04,msg_00049,U476acbdef8e9a16d24575e4f6d7b0f31,Uf5ab00de85fd3b86ec272461af608d19,text,delivered,2026-04-04 04:36:26,
bc4bf698-611f-4559-bf7f-925f69a17a24,2026-02-20,msg_00095,Ub0341314a5534ea92b26fa8adc30543f,Ud7dea2614618dc3fed431258c4317daf,text,opened,2026-02-20 02:35:02,
3a05922c-e2dd-4d3e-b1d7-9ae34c48f344,2025-11-24,msg_00033,U3bae1603803a839c0cb52f511d9cb8f6,U0ffa30a968bbb58141d9e591ff6bf571,text,opened,2025-11-24 22:26:10,
227b2c89-9a85-48eb-aa8e-cd5fa3849b7e,2025-11-24,msg_00033,U3bae1603803a839c0cb52f511d9cb8f6,U5acec3dea660d8bdab5fe6c79ba685b2,text,clicked,2025-11-24 02:45:30,https://example-saas.jp/campaign/spring
cd3140a9-de20-44a7-9540-c71361ae5bc4,2026-03-22,msg_00119,U3bae1603803a839c0cb52f511d9cb8f6,Uf7fd4617ef24a82b92c434433b70de0d,imagemap,failed,2026-03-22 17:15:49,
367ca804-edc6-48c3-ab8c-dc7137bdc18e,2026-01-09,msg_00052,U743849e63f8101ac616f8fd0ba84a167,2798fe0c7d293bb7125571428e0d197e,video,blocked,2026-01-10 07:17:57,
247a5734-b68a-4254-8e4b-b14fc03670d1,2026-03-20,msg_00092,U743849e63f8101ac616f8fd0ba84a167,U4ce303030b60f90e7db98ec81d69c8c7,video,delivered,2026-03-20 00:23:58,
7bb994c7-2ccb-4c8e-91e8-3ef4b7633f34,2025-12-03,msg_00012,U743849e63f8101ac616f8fd0ba84a167,017168ead51b948a0a5555359f3827a0,imagemap,delivered,2025-12-03 17:55:39,
92a802ba-309e-440b-b6cd-44be4106aec3,2025-11-22,msg_00047,Ue7310890b01058478be93761a56d0aa0,Ubc51ee524dce7e7e3d2bcf7a4d65f5e1,video,delivered,2025-11-22 01:19:51,
4b6e41fc-e4c5-4b4d-b2c0-22199406abb4,2026-01-31,msg_00035,U7e808d11d6f9901a954a542a7ee09918,U65dc3dbe6d8cdb6048b3d16282f3d739,text,delivered,2026-01-31 01:05:06,
796f1417-a6ae-4d31-8403-49866a7d6a61,2026-03-27,msg_00096,U476acbdef8e9a16d24575e4f6d7b0f31,U69e81dbfbae1c6eee5cd041189597937,imagemap,delivered,2026-03-27 11:26:22,
d4e15a71-69ea-4dde-905c-26b70e5c5d71,2026-01-07,msg_00110,Ub0341314a5534ea92b26fa8adc30543f,U1f542d44ecbb7c20a81a4a56d7d6e919,video,opened,2026-01-07 03:43:26,
0b0180fd-68ec-4dce-902f-45ce769b164c,2026-04-12,msg_00120,U227d1cd1a801c367de206ec4bbca7330,Ufd7d2ac7b7a455f2cc391b211d304b88,text,delivered,2026-04-12 05:04:20,
1b0232ce-a719-46f7-80d1-d59bc4f961ac,2026-03-16,msg_00002,U3bae1603803a839c0cb52f511d9cb8f6,Ub0b7005bfb046b781a866c5da0435e86,text,clicked,2026-03-16 03:07:02,https://example-saas.jp/survey
2939c03d-cea0-4ef1-bdb8-bbb895cd18c1,2026-04-04,msg_00049,U476acbdef8e9a16d24575e4f6d7b0f31,690d9329e1dfe653a57a81a8ce5e45bc,text,clicked,2026-04-04 20:15:47,https://example-saas.jp/survey
b5da26c6-019f-4107-8224-7bc516772c1c,2026-04-12,msg_00120,U227d1cd1a801c367de206ec4bbca7330,a298f2273e387d0d5ab811d25a814e2e,text,delivered,2026-04-12 05:53:50,
c7c4f990-279b-4c5b-ab14-4d2683d46dad,2025-11-25,msg_00043,U3e5dd3a641c58ad50e49f095c6f1e306,U36f92ba0182752aca8cbd18c2cb22e0d,flex,delivered,2025-11-25 21:02:57,
8eff3d00-5409-4a61-b169-0ae7e8139a85,2026-02-25,msg_00008,Ub0341314a5534ea92b26fa8adc30543f,b5c5abd038d183dcdf42bc3154420da3,image,opened,2026-02-25 19:44:14,
89394ae2-1c3d-4371-bace-4bcd2fff59ec,2026-02-05,msg_00107,U3bae1603803a839c0cb52f511d9cb8f6,Ua437291c5d13f07a20d0e58e5db7de1b,text,delivered,2026-02-05 17:59:19,
f2dd343e-50d0-4d6a-bff0-f7683312338a,2025-12-24,msg_00091,U3bae1603803a839c0cb52f511d9cb8f6,U5deb9e1729bda423aacc24d918020042,imagemap,delivered,2025-12-24 00:05:28,
d0a6b9ce-01d5-4fc3-aed4-31f55201ef66,2026-03-20,msg_00092,U743849e63f8101ac616f8fd0ba84a167,Ubbf3ad08e9f179e65af1a6e2db99ea32,video,delivered,2026-03-20 00:32:42,
ca9d94a6-0be4-4af4-b65f-af5535342383,2026-02-08,msg_00051,U3bae1603803a839c0cb52f511d9cb8f6,U1b261a93931d90caf69b9f4d68944b3e,image,delivered,2026-02-08 10:27:16,
20192647-5856-4492-bc1d-a593678e17cb,2026-02-14,msg_00065,U743849e63f8101ac616f8fd0ba84a167,Uc76a006bc26a5d0d57cd6615ddd9efa2,image,delivered,2026-02-10 15:32:59,
c6a173bd-d15e-4b1e-b070-cd2153ae75d2,2026-01-01,msg_00027,U4784fc8a8e1e4eb2435ad84e0ad052f2,Ub41c580aace20f97046efdbc60458e49,image,clicked,2026-01-01 16:59:21,https://example-saas.jp/coupon/500off
fca5437c-3e55-48b3-a667-ab3a54e7e43c,2026-03-08,msg_00112,U3bae1603803a839c0cb52f511d9cb8f6,U80102be78ffcccca2ee53a3ff867d994,image,delivered,2026-03-05 21:31:32,
49876153-0b87-48ed-bf2c-9558e3e04b36,2026-03-21,msg_00023,U743849e63f8101ac616f8fd0ba84a167,U699ee6ca46634b8bf14c83f73d8f7f6b,imagemap,opened,2026-03-21 11:38:52,
b679a54d-7b0d-41c2-99cb-f6ec1c6e6483,2026-01-13,msg_00060,U3bae1603803a839c0cb52f511d9cb8f6,Uc917243c3f663b0b857ac6ad1b830e59,image,clicked,2026-01-13 01:06:23,https://example-saas.jp/coupon/500off
9f61e7b7-b62f-4a9f-badb-2212c5142528,2025-11-22,msg_00047,Ue7310890b01058478be93761a56d0aa0,U37ebc2e4787a07fd2aad963ca4bde72c,video,delivered,2025-11-22 01:14:02,
5ec2a041-7555-40c2-9749-0b2b81cefc3e,2025-12-02,msg_00088,U3bae1603803a839c0cb52f511d9cb8f6,U36387c8f0abdf36e83b0919587e6f33b,image,delivered,2025-12-02 09:08:14,
5463639c-1060-4ff2-bad7-1981837da243,2026-02-15,msg_00087,U3bae1603803a839c0cb52f511d9cb8f6,U1408fda56dfc573bc2a0f14ed34c705d,imagemap,delivered,2026-02-15 14:48:06,
11f35cf4-96e9-4d9a-a4e2-e82fac663617,2026-03-20,msg_00106,U3bae1603803a839c0cb52f511d9cb8f6,U49084f38d6913073fb96f30a7d5d820e,video,opened,2026-03-20 16:36:13,
4a75b6cb-5b5e-4325-8666-37e79a53bed5,2025-12-25,msg_00077,U743849e63f8101ac616f8fd0ba84a167,U126e4ccaf7ae19f2e32de34f896ef87f,text,opened,2025-12-25 05:54:13,
ad8b7739-6a81-482e-8724-8c545bc260a3,2026-03-11,msg_00067,U7e808d11d6f9901a954a542a7ee09918,9e4701fad8699f7c9b19f311cd1dae58,video,delivered,2026-03-11 20:17:32,
05741b7a-b935-4c2f-824e-a9bc1b3d4275,2026-01-17,msg_00037,U7e808d11d6f9901a954a542a7ee09918,U5492c7740882f1a2f76522e39b05d70e,text,clicked,2026-01-17 11:49:09,https://example-saas.jp/coupon/500off
0acb8ce5-e995-43d1-b7ab-a416aa18a155,2025-12-24,msg_00062,Ub0341314a5534ea92b26fa8adc30543f,U2fc8562e5cf222055d971201ffd3d7fc,video,delivered,2025-12-24 03:05:26,
8dc30fb4-1c28-4d5f-a165-0273ac7d8266,2026-02-20,msg_00048,Ue7310890b01058478be93761a56d0aa0,U153f60286330a9e34ec128b7a2d71221,flex,delivered,2026-02-20 06:03:20,
b479872c-cd5c-46f0-9cb3-eed77fbeeca4,2026-02-01,msg_00075,Ub0341314a5534ea92b26fa8adc30543f,U899bdc473a9764303eaf087882baaff2,imagemap,delivered,2026-02-01 15:47:14,
290f09db-0717-4bc2-aacf-c77d2b9276a2,2026-02-07,msg_00090,U4784fc8a8e1e4eb2435ad84e0ad052f2,U90ce49712b1de4f22920aa89b9012438,imagemap,delivered,2026-02-07 19:33:29,
7a53ce88-857c-4a05-a4a0-6ff09fd51583,2025-12-23,msg_00109,Ue7310890b01058478be93761a56d0aa0,U1aa740c6c8fc4a37b041852a75d5445f,text,clicked,2025-12-23 18:41:01,https://example-saas.jp/lp/newmenu
ec62cf9c-0cc7-4a96-9f9a-24ced7b73b5e,2026-02-07,msg_00060,U3bae1603803a839c0cb52f511d9cb8f6,Ua573446d090d4e633d7cac43b7ae03c6,flex,deliverd,2026-02-07 07:14:09,
9eeb45ea-17d3-4473-a6c5-bf1c52a53464,2026-03-23,msg_00071,U3bae1603803a839c0cb52f511d9cb8f6,U6f69a94038f5aace825751505495fc15,imagemap,delivered,2026-03-23 14:41:16,
72b27d20-b64a-4bfd-adf7-e4a763b95a8f,2026-03-23,msg_00116,Ud4a92c8c8050eed40ef171cc2784d638,949952b52896890ee94b7cd7a2f31331,text,opened,2026-03-23 08:05:11,
50e33914-ba82-4e6f-9ce3-398151feb535,2026-02-20,msg_00048,Ue7310890b01058478be93761a56d0aa0,U13716a1313b118e98d5b0b9658f78513,flex,delivered,2026-02-17 19:56:19,
6f4e8d26-e31a-4c2e-93f8-92421be6515d,2026-03-08,msg_00112,U3bae1603803a839c0cb52f511d9cb8f6,U4189bb4d30e904e1b036c3d5ab435347,image,opened,2026-03-06 01:20:14,
456792fe-b2fa-4582-8de0-798b40b1f794,2026-01-26,msg_00063,Ub0341314a5534ea92b26fa8adc30543f,U6075a0d01c0c0c545d08eddedf956e39,imagemap,failed,2026-01-26 11:39:38,
46766c8c-9e52-42db-b57d-5c376d9d2943,2026-01-07,msg_00110,Ub0341314a5534ea92b26fa8adc30543f,U0ac4f7e84a3cbd0dc8efe99245ac02a2,video,delivered,2026-01-07 14:17:50,
2033aa66-c19d-40d9-b562-8a53a0f0b125,2025-12-23,msg_00061,Ub0341314a5534ea92b26fa8adc30543f,U65367848309c6770ca4943a0c2dcf135,imagemap,delivered,2025-12-23 20:50:42,
d1aaca57-5086-4de8-9733-2f543c656d57,2026-01-20,msg_00108,Ub0341314a5534ea92b26fa8adc30543f,Uee6ebad82848aadebcaf157e8f562d5d,flex,delivered,2026-01-20 05:58:53,
9d8feba4-6bb7-4a1b-9cb8-60b4c0ce228c,2026-02-20,msg_00036,U879eb903ad90cd9c2874f6df7651267a,U0a8321015ed11634f1766ff490192517,video,delivered,2026-02-20 16:33:26,
be20ce28-b9d6-4d51-adb2-313dc5c02b5d,2026-02-20,msg_00095,Ub0341314a5534ea92b26fa8adc30543f,ceed0c9acadf3508349a8d13b2f4d703,text,opened,2026-02-20 09:06:11,
c94c2f56-97bd-40a7-b22c-8a9c74acd8ad,2026-01-24,msg_00113,Ub0341314a5534ea92b26fa8adc30543f,Uecfedade2af1b61da201101708fb35ef,text,delivered,2026-01-24 02:08:56,
eb33252e-028f-4689-9a43-b7696a9d395d,2026-02-27,msg_00038,U227d1cd1a801c367de206ec4bbca7330,U63ca7292b0c7503a8d292954d71e7394,text,CLICK,2026-02-27 22:55:15,
142ac906-2b77-4e2b-a7cf-19c20571aaa2,2026-04-01,msg_00072,U4784fc8a8e1e4eb2435ad84e0ad052f2,U868bee778460cf69a97b56a2adb73c85,image,opened,2026-04-01 18:53:24,
7a717ff0-9bd1-4e61-b85a-31333fce2d09,2026-02-09,msg_00083,U3bae1603803a839c0cb52f511d9cb8f6,U00a79f05f99d02fe85acbecc3f640595,flex,delivered,2026-02-09 20:43:31,
ccb0a638-6e67-4502-9b99-1d34a4cb71a5,2026-03-26,msg_00040,U3bae1603803a839c0cb52f511d9cb8f6,Ud478b241fe6795752da344815c4cb9ef,imagemap,delivered,2026-03-26 14:10:02,
ae44983b-27c2-47d0-a62b-eabceb8e0e8e,2025-12-31,msg_00082,U227d1cd1a801c367de206ec4bbca7330,Ud14b8ef9f3e028064e9587635bec2471,imagemap,opened,2025-12-31 06:07:12,
fc61019a-248f-41df-aa40-3df4bb17c7cd,2026-01-07,msg_00110,Ub0341314a5534ea92b26fa8adc30543f,U494c7f1756b21f24bfe8f6997da4fd2c,video,delivered,2026-01-07 09:12:21,
37c67268-017f-4ecc-a528-9514a5b6d280,2026-03-20,msg_00106,U3bae1603803a839c0cb52f511d9cb8f6,U7560a40b5e2f316cf59b9a036fc887f3,video,delivered,2026-03-20 04:28:31,
840c48ac-efc0-4997-876f-a764b22311ea,2026-03-18,msg_00080,U22a93bc29b1df104af6b1ba1cd91fc56,Ub3841459f21e1c95c26e45cde49406b5,flex,delivered,2026-03-18 06:50:37,
dab5d936-834a-498f-9622-dd80d25450c8,2026-02-08,msg_00051,U3bae1603803a839c0cb52f511d9cb8f6,757a3918e54469ce43bb939cf2a037cf,image,delivered,2026-02-08 21:41:34,
51b37d8c-c772-48f4-a763-248ac0bd774a,2025-12-24,msg_00091,U3bae1603803a839c0cb52f511d9cb8f6,Ud6408a4e607d364d1f546c2f26dd0176,imagemap,delivered,2025-12-24 05:11:50,
8dc59462-483e-414d-bd50-b1bc5456a1d5,2026-02-10,msg_00058,Ue9a1e8a5b83a6b296d43c957a8cfba4a,U568ea2e2455b4daf3572a7bca9de7e02,video,delivered,2026-02-10 17:51:13,
493ffdbc-afe7-481c-84d2-05bc1581a751,2025-11-22,msg_00047,Ue7310890b01058478be93761a56d0aa0,333711ed4135bd36c64d1cbb587d7a2a,video,opened,2025-11-22 00:38:35,
6673f690-cb9e-4420-8817-e661ea6bf6d0,2025-11-17,msg_00099,U3bae1603803a839c0cb52f511d9cb8f6,U9d3c4fd92bbbced2e8b7c86148ad7e6c,text,opened,2025-11-17 04:14:55,
7c649a78-098b-4e49-9b1d-f126e106a930,2025-11-30,msg_00025,Ub0341314a5534ea92b26fa8adc30543f,Ub85f16e3620c49545d334bd91044320c,imagemap,opened,2025-11-30 12:06:35,
aec4168d-4365-4139-9add-bf3d2f333b46,2026-02-14,msg_00042,U3bae1603803a839c0cb52f511d9cb8f6,U6e86c30a6c52ce7fcba3371b6f91cf43,video,opened,2026-02-14 22:54:42,
a02915b6-5af8-4cd8-87b2-75fe1e795bd1,2026-01-30,msg_00050,U3e5dd3a641c58ad50e49f095c6f1e306,U54bdab4f682b9fe10629c58ac383bfab,image,opened,2026-01-30 02:41:13,
71d591cf-9e9d-4742-b36f-cbcf1659f893,2025-11-24,msg_00033,U3bae1603803a839c0cb52f511d9cb8f6,U8d9a15e414106209da0cdef57057a5ad,text,delivered,2025-11-24 09:03:36,
a725c3da-1743-4163-881b-392a4a6bf1e6,2026-01-26,msg_00115,U3bae1603803a839c0cb52f511d9cb8f6,U23cf025773f3a9650a31b957560fa0eb,imagemap,delivered,2026-01-26 11:46:54,
573a01ed-fef0-437c-8898-0b67e78623b3,2026-02-20,msg_00036,U879eb903ad90cd9c2874f6df7651267a,Ua70d49dbd29ad60138d8d4d4ef67d67a,video,opened,2026-02-20 14:46:20,
761c9763-b50b-4e65-a155-88b702cd5e37,2026-02-15,msg_00087,U3bae1603803a839c0cb52f511d9cb8f6,Uf1ed42a0a42d7b2b11d85427cfe93fec,imagemap,failed,2026-02-15 23:54:26,
2f1020aa-53ed-40a5-b055-f3f46cca8bbe,2025-12-17,msg_00032,U3bae1603803a839c0cb52f511d9cb8f6,U78ebf7fe0e0c35a72fd8073f9082c12a,video,delivered,2025-12-17 00:51:05,
095b8d6c-07e7-44a7-a4ac-4c1e98314cf3,2026-01-24,msg_00113,Ub0341314a5534ea92b26fa8adc30543f,Uba3bd9159e46878867ae4c13884cf754,text,delivered,2026-01-24 23:16:09,
1d584bec-bd9e-46ad-90b5-278750a140ce,2026-01-07,msg_00110,Ub0341314a5534ea92b26fa8adc30543f,d8827e5fa86c2999300700668de2c800,video,delivered,2026-01-07 05:28:44,
0b5a2fa6-dae2-46f2-ae85-fae33de4ef8d,2025-12-18,msg_00070,Ue9a1e8a5b83a6b296d43c957a8cfba4a,36384638eeedcbda30bfbb85d7e2bdbb,imagemap,delivered,2025-12-18 14:40:14,
3e45a5fc-0245-4eab-911f-99dc701ca561,2026-02-15,msg_00087,U3bae1603803a839c0cb52f511d9cb8f6,Ub3ebaedbe6f1aa5c733c054f2ee93ad6,imagemap,opened,2026-02-15 23:49:31,
16fc85ad-551a-4d00-8bf4-a32d29a04cc8,2026-03-04,msg_00056,U1ca413826b7044d134c9c3132420c9de,Ubbf5c468284ed838c52ccd8e5c4dd8de,text,opened,2026-03-05 01:29:35,
9cb17f10-e047-4212-8a1e-f65f82ff57fd,2026-04-08,msg_00041,Ue7310890b01058478be93761a56d0aa0,U1fad48fb6b83abf3057cd09f5983b333,text,delivered,2026-04-08 21:38:01,
f215f824-adfb-420f-afff-42a1e701843f,2026-02-09,msg_00083,U3bae1603803a839c0cb52f511d9cb8f6,U051be4d8e57c53e67d1f3b92c8946c45,flex,clicked,2026-02-09 19:52:18,https://example-saas.jp/campaign/spring
dad1ac53-709a-4a6e-8712-dec1d781ef74,2026-03-08,msg_00112,U3bae1603803a839c0cb52f511d9cb8f6,U6274f9c7e1781dfc51a902b0641b9521,image,delivered,2026-03-08 13:05:17,
ccccd300-b051-41e9-8372-17809ccd4d47,2025-12-24,msg_00062,Ub0341314a5534ea92b26fa8adc30543f,U9714e011680a5eef07445b6b71a5c9c2,video,opened,2025-12-23 20:56:09,
17d36a3c-568a-42cb-94a1-9a89289ffa84,2026-02-15,msg_00087,U3bae1603803a839c0cb52f511d9cb8f6,U951516e4ef57808e69940a58b3589ef5,imagemap,delivered,2026-02-15 20:47:15,
859f1b19-7559-466b-94ca-4a24377f2216,2026-03-06,msg_00068,Ub0341314a5534ea92b26fa8adc30543f,U8f7ccb506d3f288f446e65f93a6d2a63,video,delivered,2026-03-06 14:05:57,
f3e354e7-6f03-4a9d-a52b-891ecb6402ed,2026-01-14,msg_00081,Ue7310890b01058478be93761a56d0aa0,U2c9dc877e35dd5e5a5b47ff833a974b9,video,opened,2026-01-14 07:09:31,
e88b1673-f791-4610-b15b-cb2305d67142,2025-12-22,msg_00038,Ub0341314a5534ea92b26fa8adc30543f,U8833c24f337bc8e4117a8fa52e139d9e,image,delivered,2025-12-22 08:38:58,
7b3c0f10-7630-40a2-b2d2-37c730c09e0d,2025-12-24,msg_00062,Ub0341314a5534ea92b26fa8adc30543f,U562f9d8ca42013f6db7364f0457652be,video,delivered,2025-12-24 19:29:58,
ead1afc2-faba-4585-ad69-f735af0e06be,2025-12-21,msg_00022,U3bae1603803a839c0cb52f511d9cb8f6,Uf7183d96cd28def7c3a6ae47233259a1,video,delivered,2025-12-21 23:31:36,
2efe4779-b2c9-42f9-938a-6d0481239113,2026-01-30,msg_00050,U3e5dd3a641c58ad50e49f095c6f1e306,Ucf8036d61dae41c72f1569efd5b6e1e3,image,delivered,2026-01-30 04:34:29,
3b100385-dbe5-4409-b375-60dcfed8aa28,2025-12-23,msg_00109,Ue7310890b01058478be93761a56d0aa0,Ubd6648e5c5bd6ae2ca893fa943e55e96,text,opened,2025-12-23 18:55:11,
cbbd3b52-aabf-405d-a299-136a0a16db78,2026-03-14,msg_00009,U743849e63f8101ac616f8fd0ba84a167,U8f81d56304e03914259c130b9a8ba47a,imagemap,opened,2026-03-14 11:22:48,
254a5e76-7f9d-477a-ba83-481b8e86b4f9,2026-03-05,msg_00014,U3bae1603803a839c0cb52f511d9cb8f6,Uc6074531a5aa6778fb0a2106e0ff9605,flex,delivered,2026-03-05 10:21:59,
fd24d85e-46ae-496e-addc-91589723d61a,2026-01-24,msg_00007,Ub0341314a5534ea92b26fa8adc30543f,Ub562309f43433c0185afacf5d299dc4f,imagemap,clicked,2026-01-24 03:27:31,https://example-saas.jp/campaign/spring
1c210201-2abd-41c9-a412-1e349e25669d,2025-12-21,msg_00022,U3bae1603803a839c0cb52f511d9cb8f6,6a8bda7ade75e557913ec70dbe2ed293,video,opened,2025-12-21 13:24:47,
2bd90f0e-bb4d-4134-b171-b3da364840c9,2026-01-07,msg_00110,Ub0341314a5534ea92b26fa8adc30543f,Uf547054c73039b81aaa305ea89cde5e2,video,delivered,2026-01-07 12:50:49,
83b650dd-fe70-445b-a17f-f8c515fccb33,2025-11-16,msg_00020,U3bae1603803a839c0cb52f511d9cb8f6,Uc449e4cb8dd31155a126a5d28353dab5,text,opened,2025-11-16 12:53:06,
aaefff17-183a-4556-85e8-e9ca92cecca6,2026-04-05,msg_00054,U3bae1603803a839c0cb52f511d9cb8f6,Ubc0d89fe4bfeaf8be1f37eee0cbc79a0,image,opened,2026-04-05 11:21:34,
6d88a5d0-b85b-4856-9a7b-05e0db15612e,2025-11-23,msg_00053,U743849e63f8101ac616f8fd0ba84a167,Ub879d7299f30aee5f061020e25bcb1f4,video,opened,2025-11-23 05:19:50,
fd19bf22-35fd-4d1b-bd16-b1ea768d0180,2026-04-12,msg_00105,Ud4a92c8c8050eed40ef171cc2784d638,Ucedc692d165e491732fdda3a9eb500fd,flex,delivered,2026-04-12 19:09:23,
7b7af7cc-9337-4d5a-9bbb-d21712a0e396,2025-11-30,msg_00025,Ub0341314a5534ea92b26fa8adc30543f,U1b882f356052a0d85aad777b475c86d5,imagemap,delivered,2025-11-30 17:37:27,
374573f4-93dc-4ce5-b81b-e6281cf27cad,2025-11-27,msg_00018,U3e5dd3a641c58ad50e49f095c6f1e306,Ue7f8fceba28c19b0cdf6dccb05f7e805,imagemap,delivered,2025-11-27 23:45:03,
37aba972-93c3-4a78-a92b-ec8fc374b7f4,2026-02-20,msg_00048,Ue7310890b01058478be93761a56d0aa0,Ufb78afee0e8bd9ca44065436fb7b3cb8,flex,delivered,2026-02-20 07:18:36,
3fac551b-8766-4980-9e3f-6ca473dc1ffb,2026-01-26,msg_00103,U3bae1603803a839c0cb52f511d9cb8f6,1be005c1d8ef694e27319cf165fed707,flex,opened,2026-01-26 16:49:21,
08266cdf-facd-4788-8516-3857f8e0703a,2025-12-18,msg_00070,Ue9a1e8a5b83a6b296d43c957a8cfba4a,U7d3e25482bdf553e1ec9dc4e4689ac6e,imagemap,delivered,2025-12-18 17:28:31,
71e7a1f3-0548-4a58-aea3-dad9bbfc978b,2026-01-20,msg_00026,Ud4a92c8c8050eed40ef171cc2784d638,U56b176eccc93950f607dad0712e19f23,imagemap,delivered,2026-01-20 17:08:34,
7e5ce08e-2f9f-4224-83fb-f42db6da0ed9,2026-03-22,msg_00119,U3bae1603803a839c0cb52f511d9cb8f6,Ueaac90e5c5fcab8e6172a4a550086e21,imagemap,delivered,2026-03-22 11:52:03,
d9c6365c-1f1c-42ac-ae8b-8092112e680a,2026-02-28,msg_00117,U743849e63f8101ac616f8fd0ba84a167,Uf41f3ec09f86e903bb2ca09b33ab16cb,video,clicked,2026-02-28 05:27:02,https://example-saas.jp/lp/newmenu
4f3a7bcc-4b49-49bd-9afe-14f0f01d07ae,2026-03-21,msg_00023,U743849e63f8101ac616f8fd0ba84a167,Ua21f6adaf1f01a9da377dc0dc0fb537c,imagemap,clicked,2026-03-21 04:05:29,https://example-saas.jp/survey
d4733e3d-47d1-4d9e-a434-3eba42d1cb6d,2025-12-23,msg_00109,Ue7310890b01058478be93761a56d0aa0,U40c0e1c106253756c1b708dfc0d3f191,text,delivered,2025-12-23 14:57:17,
791589b4-033a-4326-a4fa-f030d1a904ca,2025-11-17,msg_00099,U3bae1603803a839c0cb52f511d9cb8f6,Uca945e5ec0d96e438fcb0b63a57be1af,text,opened,2025-11-17 15:05:53,
8c6de593-6202-4cb4-aa72-425dc5af1e2a,2026-03-20,msg_00057,Ub0341314a5534ea92b26fa8adc30543f,Ub6200e926d323f4ac482789451f84943,video,opened,2026-03-20 21:13:39,
4c315249-70bf-480e-b5bd-f25eda588e14,2025-12-22,msg_00038,Ub0341314a5534ea92b26fa8adc30543f,U74581301606368d84be92ae7fbe67b84,image,delivered,2025-12-22 17:48:33,
39d0fc55-ed89-4e83-a8ab-5b1d0d91eab1,2026-01-26,msg_00115,U3bae1603803a839c0cb52f511d9cb8f6,a7cdd2782a2b437b4d54febccbb61f2f,imagemap,opened,2026-01-26 18:53:33,
3c4451e7-ff44-414a-9ee9-787a1764e408,2026-02-14,msg_00098,U743849e63f8101ac616f8fd0ba84a167,U5bf9e336de763499d9c25b1b551020d5,imagemap,opened,2026-02-14 05:52:35,
5d08d270-ad3e-4f32-9d74-90209a18a856,2025-12-18,msg_00070,Ue9a1e8a5b83a6b296d43c957a8cfba4a,U75660b4e11f1ef4459c0b3a48a895537,imagemap,clicked,2025-12-18 18:54:23,
29cd25cb-c9df-42a9-9ebe-d175ecabccd3,2026-02-10,msg_00058,Ue9a1e8a5b83a6b296d43c957a8cfba4a,U25d32c6e0df2dfbeef04ab51d9e8c0c6,video,delivered,2026-02-10 15:46:52,
cdf2397b-43e2-43c0-b8f4-1319bb1ceeaf,2026-02-28,msg_00117,U743849e63f8101ac616f8fd0ba84a167,Udc3736a360195060bc546ec740c51b66,video,opened,2026-03-01 00:43:02,
d2b9c550-918a-4585-9abd-1925bf28e7bf,2026-02-20,msg_00017,U22a93bc29b1df104af6b1ba1cd91fc56,Ubb30344caf3f69330db9c7406741ed62,video,opened,2026-02-20 01:31:12,
4fe2d1e5-9d04-42d9-b3f9-b95c78d1e0e8,2026-03-21,msg_00023,U743849e63f8101ac616f8fd0ba84a167,Ud8e922ebb5990a228345d6162d807f75,imagemap,delivered,2026-03-21 03:37:41,
dcd8be82-e1c3-4651-a6f1-d02fb1e101e9,2025-12-15,msg_00030,U3bae1603803a839c0cb52f511d9cb8f6,U561477f841beba27972ac2decfaf099f,video,opened,2025-12-15 11:11:04,
d25033b0-aa24-45bf-a9b1-078219d4b364,2025-12-24,msg_00062,Ub0341314a5534ea92b26fa8adc30543f,Ub8dd11f2e0eea456f7a1781a7c4da609,video,delivered,2025-12-24 18:12:40,
2891fea2-a164-454b-beec-001a230e6a1c,2026-03-11,msg_00067,U7e808d11d6f9901a954a542a7ee09918,U4a4e4f06f1b713ebaf46e20ebbbe47da,video,delivered,2026-03-11 05:46:56,
444bf0de-b134-4334-80e0-2d2927d98698,2026-02-08,msg_00051,U3bae1603803a839c0cb52f511d9cb8f6,22de8bd3432fa7e8bb0d1e37bb440920,image,opened,2026-02-08 19:54:07,
fedddbba-b809-44b1-b58f-d1a026cc8c1b,2026-01-14,msg_00081,Ue7310890b01058478be93761a56d0aa0,U4488e399b9cdd6278d1bfa36842a4f08,video,delivered,2026-01-14 06:21:00,
b6f22fc6-6338-4304-9594-1e862c049266,2025-11-16,msg_00020,U3bae1603803a839c0cb52f511d9cb8f6,Uca921d12b570a889012426613b9da40e,text,delivered,2025-11-16 19:29:59,
386ae68a-88ac-4560-928d-a7855bc52433,2025-12-07,msg_00003,U227d1cd1a801c367de206ec4bbca7330,U3e68fc6201ce1f60999afe19e4339369,image,delivered,2025-12-07 11:43:45,
66d063e8-b007-4800-8ebb-da051ff3b087,2025-12-07,msg_00003,U227d1cd1a801c367de206ec4bbca7330,U86f52833c48846ae2019904f4195b696,image,delivered,2025-12-07 19:33:53,
c00ee228-4c43-439e-832c-74ddda7dfc6b,2026-01-10,msg_00044,U30ad60bba5da9837ca5dd0230ca8f531,U191cf3ffe6d04da988a14386bb1b8543,video,opened,2026-01-10 07:09:55,
6349bd0c-b40b-4fa5-b6ba-517ff5629673,2025-11-21,msg_00010,Ue7310890b01058478be93761a56d0aa0,Ub0583843fd77c25ea0600c5963f3d87e,imagemap,opened,2025-11-21 01:53:30,
33c04de0-82bb-45fa-af4b-800a7d9ff328,2026-02-15,msg_00087,U3bae1603803a839c0cb52f511d9cb8f6,U745ef294d5d7d715c0bb1834d4bbcd32,imagemap,clicked,2026-02-15 08:52:06,https://example-saas.jp/coupon/500off
c1adb32b-76e0-49be-a5e4-f3d42c4c5486,2026-03-20,msg_00092,U743849e63f8101ac616f8fd0ba84a167,66552a124d92bd2a46979688311f90c6,video,opened,2026-03-20 15:32:00,
ddb6c57d-7c61-4842-a0aa-50f5d741c4d8,2025-12-23,msg_00109,Ue7310890b01058478be93761a56d0aa0,U40c0e1c106253756c1b708dfc0d3f191,text,opened,2025-12-23 14:59:07,
a793d214-3bf6-44f8-b6a7-ed0ea4d0dd84,2026-02-20,msg_00036,U879eb903ad90cd9c2874f6df7651267a,8f0d72c411864f2899d93ca7505055ab,video,delivered,2026-02-20 07:07:04,
3e514bdd-1c02-4ff3-96ee-869f23213799,2026-03-06,msg_00055,U3bae1603803a839c0cb52f511d9cb8f6,1bfff8c7fcdc3797f4b44381827d2983,flex,delivered,2026-03-06 09:40:06,
9f72eb04-a489-4f90-a418-3706da4c6431,2026-01-26,msg_00005,Ub0341314a5534ea92b26fa8adc30543f,U1c34f31b2dada294decc4d4660f28dcf,image,delivered,2026-01-26 14:48:14,
328eb4c9-e614-4c9d-bd43-d190f148b48f,2025-11-25,msg_00043,U3e5dd3a641c58ad50e49f095c6f1e306,U2c19978b6c71d4508a0c721336768333,flex,opened,2025-11-25 19:00:32,
4b5ec61e-6a7f-4ae6-ba2c-3637e705c50b,2026-03-21,msg_00023,U743849e63f8101ac616f8fd0ba84a167,U150765b49710027eaddd2eb6fd604417,imagemap,opened,2026-03-21 11:40:12,
800b60b8-ec15-4b55-bb4c-1d19a23f8a14,2026-04-12,msg_00120,U227d1cd1a801c367de206ec4bbca7330,U06d022a9ac98d6993c873e3c58f4b0db,text,clicked,2026-04-13 01:25:40,https://example-saas.jp/survey
01294b3a-7e1f-4526-82c2-8ab19e9a7ff5,2026-02-15,msg_00087,U3bae1603803a839c0cb52f511d9cb8f6,U1eefd07633dcce3d5f08a4c0e2f0d65b,imagemap,delivered,2026-02-15 20:33:20,
2dcce381-b8c0-402d-a4d4-19d5a69bf378,2025-12-17,msg_00032,U3bae1603803a839c0cb52f511d9cb8f6,Uc2ceed3e85355c5dfb58a876cd24c05b,video,opened,2025-12-17 03:43:14,
3aae685b-e8ad-4c56-bbe8-efd35f1eb700,2025-12-12,msg_00029,U743849e63f8101ac616f8fd0ba84a167,Ue1663049e00fc8da08a75e6daf201fc8,imagemap,delivered,2025-12-12 15:31:59,
ea5fac1c-1656-41c4-990b-205d94d2e0e2,2026-04-10,msg_00101,U743849e63f8101ac616f8fd0ba84a167,U64f5148ffea0a9032e695fb704a2a260,imagemap,opened,2026-04-10 06:32:52,
67951018-f1df-4b5d-861a-2abd832936a1,2026-04-12,msg_00120,U227d1cd1a801c367de206ec4bbca7330,U9c0cc7d74c22c6f578e9b77618b48590,text,delivered,2026-04-12 16:35:34,
ca359cb2-cb9d-460a-8fae-46c0f436577c,2026-01-24,msg_00113,Ub0341314a5534ea92b26fa8adc30543f,U462b8098186b1c6866371800042674f8,text,opened,2026-01-24 17:33:21,
a3f7397e-f953-4100-82de-be8a836edd28,2025-12-21,msg_00022,U3bae1603803a839c0cb52f511d9cb8f6,U97f041c96513966dbc920667f4155d03,video,delivered,2025-12-21 13:01:49,
c42876c7-5af8-495f-b922-9f9ab76d3377,2025-12-17,msg_00032,U3bae1603803a839c0cb52f511d9cb8f6,U955268d214dc5705dc9166001fd91778,video,delivered,2025-12-17 13:02:28,
2a478983-698d-4b9a-b398-ee6d831f6440,2026-01-26,msg_00005,Ub0341314a5534ea92b26fa8adc30543f,Uabaa10edcc746a850fdfadd1f197a78c,image,opened,2026-01-26 17:31:33,
a3485682-30bb-47a5-ba0f-2c3d72ed10b9,2026-02-15,msg_00089,U3bae1603803a839c0cb52f511d9cb8f6,Uac1cb10cd07d1301fe1af5c34338763e,text,delivered,2026-02-15 06:45:05,
a5416cff-fa9c-4fc6-8c12-356404904f1f,2026-03-20,msg_00092,U743849e63f8101ac616f8fd0ba84a167,U6b5e0978e66f8cd77c7c2743b346a059,video,opened,2026-03-20 12:33:09,
7dabc1ab-db38-4773-bb77-e27a9d797258,2025-12-18,msg_00070,Ue9a1e8a5b83a6b296d43c957a8cfba4a,U6ac912b05ce974a65ae8a8cf4a4fe630,imagemap,delivered,2025-12-18 16:12:31,
22d379ee-07e6-4e7c-a6ba-b10c365b7bec,2026-02-01,msg_00075,Ub0341314a5534ea92b26fa8adc30543f,U98c5c502ac25843dbccdc0b378603035,imagemap,delivered,2026-02-01 05:57:30,
e11143c4-6172-472e-9441-8d2a3fa4ad63,2026-03-26,msg_00040,U3bae1603803a839c0cb52f511d9cb8f6,U67a0671d2bf077c62a0121a3cbcdd2d0,imagemap,delivered,2026-03-26 03:46:41,
f8f8e542-fc33-4143-8c9f-5472d4858ca9,2025-12-19,msg_00064,Ub0341314a5534ea92b26fa8adc30543f,U1f6aa70a83ea34e32b56f45a12e71da1,image,opened,2025-12-19 03:28:22,
e55965f4-0adc-41ac-8cab-0c45585236bd,2025-12-12,msg_00004,Ub0341314a5534ea92b26fa8adc30543f,U3a464d19a4840fcd20ae08909aeba4b8,video,delivered,2025-12-12 09:36:56,
bc85b366-67cb-41e4-844c-69579eb62fc2,2026-01-14,msg_00081,Ue7310890b01058478be93761a56d0aa0,U40689e70bb972bc528ad49189a2a50b2,video,opened,2026-01-14 04:49:17,
b42d6ccc-6497-44c6-9f7f-f2a7e5ce3889,2026-03-21,msg_00023,U743849e63f8101ac616f8fd0ba84a167,U965c5301f3fc35fdf8a8cdde1dbd5c3d,imagemap,opened,2026-03-21 16:45:44,
fdb3115e-d257-45ca-8f37-a013f49460e6,2026-02-28,msg_00117,U743849e63f8101ac616f8fd0ba84a167,Uf0981a16d4ad71afe8cef753021255de,video,delivered,2026-02-28 02:42:26,
255a572c-2144-4b46-87c5-9ba30a83aab9,2026-02-07,msg_00090,U4784fc8a8e1e4eb2435ad84e0ad052f2,Udccd0c69fc8a11e57678a630b32f8e16,imagemap,delivered,2026-02-07 11:20:31,
add4ab68-40d6-4097-aba7-566f685d4b80,2026-03-08,msg_00112,U3bae1603803a839c0cb52f511d9cb8f6,U0a6a1ec829cf0b8f83e7fd0078e57dfd,image,delivered,2026-03-08 09:51:28,
5dcd0ef1-4083-4821-8a40-9e4140c854a8,2025-12-25,msg_00045,Ue7310890b01058478be93761a56d0aa0,U5bab47690a4a990112119c91001854ea,video,delivered,2025-12-25 16:18:32,
dae592f4-b4d3-41a0-8939-591f289f0f54,2026-02-24,msg_00039,U743849e63f8101ac616f8fd0ba84a167,Ud893c7e4732a3bd9cce960b22a296597,flex,clicked,2026-02-25 00:35:52,https://example-saas.jp/coupon/500off
de3ce3bf-c531-450f-9f79-6277daf3e27c,2025-11-21,msg_00010,Ue7310890b01058478be93761a56d0aa0,U6da5ad95f57e520ad08b933f22edbc32,imagemap,opened,2025-11-21 08:22:18,
c5f213b1-6025-4cb2-a396-7780ab2738bc,2026-03-06,msg_00068,Ub0341314a5534ea92b26fa8adc30543f,U6c33db76e5af1deff19112735d10b277,video,delivered,2026-03-06 19:00:37,
98c5c106-09ed-4417-bc43-8c3f496058dc,2026-01-20,msg_00108,Ub0341314a5534ea92b26fa8adc30543f,U8fcb586b4b91d049c4ef46f271a00043,flex,opened,2026-01-20 14:46:42,
b9766856-a707-4694-af46-053e326ac3d2,2026-04-01,msg_00072,U4784fc8a8e1e4eb2435ad84e0ad052f2,Ue2f96b66d3024572d91ba975c6ffbb62,image,delivered,2026-04-01 07:00:26,
87bdaed2-02d4-489d-b028-3bdeadb94f2f,2026-02-07,msg_00090,U4784fc8a8e1e4eb2435ad84e0ad052f2,Ub21d531529b9d7de40f488fff5e8b45a,imagemap,opened,2026-02-07 02:24:53,
4ff98da8-79ad-4f35-b122-cf3b2a49cb89,2026-02-14,msg_00042,U3bae1603803a839c0cb52f511d9cb8f6,U9802c144007943df888261f5fdb71b6f,video,delivered,2026-02-14 09:15:28,
af0b2ea1-dc36-413b-a515-c49bec48a4a8,2025-12-21,msg_00022,U3bae1603803a839c0cb52f511d9cb8f6,Ue5490cf2be984cf1fa5d83d62443cb8b,video,delivered,2025-12-21 07:17:10,
4091e57f-29f5-4570-92d8-924d479b6788,2026-03-11,msg_00104,Ub0341314a5534ea92b26fa8adc30543f,U2868d9e8e5e67735dcd001e3eb77de45,image,delivered,2026-03-11 22:33:17,
6402ad41-1f5f-44c1-9ba3-b4be15281094,2025-12-24,msg_00091,U3bae1603803a839c0cb52f511d9cb8f6,c9a7f8b421006d440969b091a128efb2,imagemap,delivered,2025-12-24 01:42:13,
1be9abf5-4483-4f08-a5cc-1af0c61ffc3b,2026-03-26,msg_00040,U3bae1603803a839c0cb52f511d9cb8f6,U3e22195c7d779e24e6fa8bf6b8aac336,imagemap,delivered,2026-03-26 08:32:05,
a294d391-2fe5-4046-8b05-99d1476033e1,2026-02-15,msg_00089,U3bae1603803a839c0cb52f511d9cb8f6,U9660a6198a916ca8b6f34be707742e00,text,opened,2026-02-15 19:53:05,
2b14c2af-e52e-48c5-ac3b-441936240331,2026-01-24,msg_00113,Ub0341314a5534ea92b26fa8adc30543f,Udfd14dcd7fea59e621f8e4c8ab112aea,text,delivered,2026-01-24 15:31:00,
f10be958-11e9-416c-a9e3-1a1423da378a,2026-02-08,msg_00051,U3bae1603803a839c0cb52f511d9cb8f6,Uecfd4cda30c107b07d1aa14354fddc07,image,delivered,2026-02-08 15:57:54,
58ca8c0d-5a05-4459-a6d4-9108a9d081ee,2026-02-05,msg_00107,U3bae1603803a839c0cb52f511d9cb8f6,U5c2d8ab9083cdbac360131d2f31eec8c,text,delivered,2026-02-05 17:31:18,
a291358e-80fd-4a54-923a-3187536ce5a6,2026-02-24,msg_00039,U743849e63f8101ac616f8fd0ba84a167,U569c6c2f4ef34a500651cd6e2716fa1a,flex,delivered,2026-02-24 12:25:39,
c0b844b0-26e1-47c3-b461-ba0be16fc8fa,2026-04-04,msg_00100,U743849e63f8101ac616f8fd0ba84a167,U3b1995ee3b3b65f6352b1b1928ba68b3,image,opened,2026-04-04 01:54:32,
90c58dd3-d01d-4ee7-981c-4a5639cacf72,2026-01-18,msg_00102,U227d1cd1a801c367de206ec4bbca7330,Ua3a2a0dbb38357c16d631fdd78dfffbf,video,delivered,2026-01-18 21:32:05,
53e06d6e-5ede-4245-b216-99a65503d606,2025-12-21,msg_00022,U3bae1603803a839c0cb52f511d9cb8f6,Ucaae128f541a5b4e693aad999fc10150,video,clicked,2025-12-21 08:37:22,https://example-saas.jp/coupon/500off
ffeb5642-4216-457e-9fe8-40fb68101ee2,2025-11-19,msg_00019,U743849e63f8101ac616f8fd0ba84a167,U8044cff4d4984fc826cd3396308a3950,flex,delivered,2025-11-19 20:41:52,
5d42c6bd-777e-42fb-8829-ea4188b07fe9,2025-12-17,msg_00032,U3bae1603803a839c0cb52f511d9cb8f6,b9a7f479456d80db60bc5d09992d4686,video,delivered,2025-12-17 02:39:47,
6c94a3e8-9e38-4f7e-b20e-8b3eaac1da21,2026-01-13,msg_00060,U3bae1603803a839c0cb52f511d9cb8f6,U58fefe4c0195160f4568c52477480c52,image,delivered,2026-01-13 21:18:23,
592ccedf-4669-404f-87d8-05483157c8bf,2025-11-30,msg_00025,Ub0341314a5534ea92b26fa8adc30543f,Udd65a94610511818df7ba2bee2f21bc3,imagemap,delivered,2025-11-30 13:49:22,
fcd760c7-620d-4020-bfc2-9e8fd670b6a5,2026-01-30,msg_00050,U3e5dd3a641c58ad50e49f095c6f1e306,U0871d52e6dac8d1a38d9e117d4e36787,image,opened,2026-01-30 02:36:15,
5877e29a-abe5-43f5-bdb4-118f25fede60,2026-01-26,msg_00063,Ub0341314a5534ea92b26fa8adc30543f,Ubb5d47872e12db21b7c0e232dd316847,imagemap,delivered,2026-01-26 15:17:28,
987d5781-2e63-40f4-b1aa-82b78b2fdba6,2025-12-12,msg_00004,Ub0341314a5534ea92b26fa8adc30543f,U383c3b28815232b5c6b55465c2bef4cc,video,delivered,2025-12-12 04:12:10,
37488e4b-b4d2-49de-9cfe-11c5dca8aa1f,2025-12-15,msg_00030,U3bae1603803a839c0cb52f511d9cb8f6,Ucf1a36ab178f69647388d52710cbb57a,video,opened,2025-12-15 19:04:47,
e86bbd11-ce33-423e-9c0d-1709b7e9799d,2026-04-05,msg_00054,U3bae1603803a839c0cb52f511d9cb8f6,U85f99e78021ec3b558b2a623ccae3401,image,blocked,2026-04-05 06:46:09,
ca383b50-9d6f-450c-a53b-6df5b821d959,2026-01-01,msg_00027,U4784fc8a8e1e4eb2435ad84e0ad052f2,U41c26925b8a084a515f0d43bd2ae9fbc,image,delivered,2026-01-01 16:48:38,
8006eda0-58bf-4226-ac85-4a7b48a6bf02,2025-12-09,msg_00094,U227d1cd1a801c367de206ec4bbca7330,U81122138f819d5ba4a3fcb8d57193f23,flex,delivered,2025-12-09 18:29:34,
baf7a269-3f82-4ba2-ba82-c184cbab82e3,2026-03-21,msg_00023,U743849e63f8101ac616f8fd0ba84a167,U734f13966eb5995257cd0c048f6dfe7e,imagemap,delivered,2026-03-21 16:33:06,
5d2739ae-ab47-4b3e-aa1f-006fc5f1989b,2026-02-01,msg_00075,Ub0341314a5534ea92b26fa8adc30543f,U4ac5e93f844ba794edd694960a13006b,imagemap,delivered,2026-02-01 19:24:44,
05b897a1-61d4-438e-9c2b-29478092408e,2025-11-25,msg_00043,U3e5dd3a641c58ad50e49f095c6f1e306,U36f92ba0182752aca8cbd18c2cb22e0d,flex,opened,2025-11-25 22:11:11,
0cf403f4-2ecf-426d-9a0f-f4f656dafc41,2026-03-27,msg_00096,U476acbdef8e9a16d24575e4f6d7b0f31,a2ed3fb8e250d629272e4f70a6da77a9,imagemap,clicked,2026-03-27 01:02:33,https://example-saas.jp/campaign/spring
2fc15f2e-429e-4b52-9147-e067c8f3fbab,2026-02-24,msg_00111,Ub0341314a5534ea92b26fa8adc30543f,U239c9f43fd471a1d100f1947695fbac8,flex,delivered,2026-02-24 03:06:46,
643f6e39-08dd-45d0-9976-d47629ec8cd7,2025-12-07,msg_00003,U227d1cd1a801c367de206ec4bbca7330,U6e6824885657f2b13aba306091bfed9f,image,delivered,2025-12-07 01:21:18,
c5081702-e269-446c-89dc-2badd2f01230,2026-01-09,msg_00052,U743849e63f8101ac616f8fd0ba84a167,U4dd22b0d7a5b4df0fa71af69a46ca31c,video,opened,2026-01-09 23:53:10,
997a5790-7e05-475c-bb1b-1f1cb9cd2f1c,2026-03-25,msg_00079,U743849e63f8101ac616f8fd0ba84a167,Uddb531657d970713854326b6858becd4,text,opened,2026-03-25 04:12:26,
e9a38ff3-2c12-4a72-bcc4-461fdcb15d99,2026-01-26,msg_00103,U3bae1603803a839c0cb52f511d9cb8f6,U69a5f89b28f56186657c6607165dfb55,flex,opened,2026-01-26 12:15:10,
42b83a32-c4ca-413e-8574-84e5f7ceb60c,2026-01-24,msg_00007,Ub0341314a5534ea92b26fa8adc30543f,U3a5dcffad2a5d755431d89219266e886,imagemap,delivered,2026-01-24 19:34:46,
681b5aaa-0ba0-4593-ba50-213f3f02e884,2026-01-20,msg_00108,Ub0341314a5534ea92b26fa8adc30543f,99ffe015465466cbfd8eea33d1fcd0de,flex,delivered,2026-01-20 23:23:20,
0682053c-fd6e-4173-9047-2a131d47183a,2026-01-24,msg_00066,U3bae1603803a839c0cb52f511d9cb8f6,U15f905f8c29121ab9923a28e19bcca9d,image,delivered,2026-01-24 07:51:57,
c5921b26-6d21-422d-beae-5b74077ca5db,2025-12-23,msg_00061,Ub0341314a5534ea92b26fa8adc30543f,Ub9a8282ad65dc27a15fca004e3413eeb,imagemap,delivered,2025-12-23 07:22:52,
0ee87ad0-f984-4355-b79d-ecdfc655484e,2026-01-26,msg_00063,Ub0341314a5534ea92b26fa8adc30543f,Uf4f0b674ca9262aa1cbc15b35c44dcc3,imagemap,delivered,2026-01-26 03:36:25,
7bfd3a63-bb23-43de-8e7c-05b9e4a2b732,2025-12-23,msg_00110,Ub0341314a5534ea92b26fa8adc30543f,Ub75aa0b6efdbca532b61afa72295ede8,video,CLICK,2025-12-23 09:03:41,
e9d0fdd3-c058-47d6-aca8-2cd4de87c473,2026-02-14,msg_00065,U743849e63f8101ac616f8fd0ba84a167,4b7ecbe92b24d48af34c687cec394ed5,image,clicked,2026-02-14 19:53:11,https://example-saas.jp/campaign/spring
f6a2ada8-38f3-494d-a47a-66c2c8c0a71e,2025-11-23,msg_00053,U743849e63f8101ac616f8fd0ba84a167,U02c17d24dbb6b67436f723dc4ef005b8,video,opened,2025-11-23 08:36:54,
5143b135-acf5-499f-89cd-3ded8d29fdc1,2026-04-12,msg_00120,U227d1cd1a801c367de206ec4bbca7330,U45898d7aa6b5a3e97775a2c7093e2a02,text,opened,2026-04-12 09:46:06,
3b970931-9482-423e-8f6c-aa68257f0991,2025-12-18,msg_00070,Ue9a1e8a5b83a6b296d43c957a8cfba4a,c46ccea2b2d82abe40253c3225fda9c7,imagemap,delivered,2025-12-18 04:08:29,
be16814d-6394-4c64-a45a-a791c60c50dd,2026-02-24,msg_00111,Ub0341314a5534ea92b26fa8adc30543f,U9ba512c15058832afa468514ea20a4ab,flex,delivered,2026-02-24 05:12:40,
8b4fb3b4-bcc8-4009-8a70-8a9fb009c53b,2026-03-20,msg_00057,Ub0341314a5534ea92b26fa8adc30543f,U5c3e44177e5472ab75fe85744a2ca619,video,delivered,2026-03-20 21:46:19,
16379c0f-c090-4292-a5fc-bf8a97db8056,2025-11-30,msg_00025,Ub0341314a5534ea92b26fa8adc30543f,Ua91b1d28d1d98733d8305748f49ac8a9,imagemap,clicked,2025-11-30 16:05:12,https://example-saas.jp/campaign/spring
91d999c8-e125-46a1-951d-2ee95f495516,2026-03-23,msg_00073,Ud4a92c8c8050eed40ef171cc2784d638,Ud01b00dfe5516d19bdc6f78e74af25eb,imagemap,delivered,2026-03-23 13:49:51,
07d12fc9-f2c8-4c74-bf8a-fc2a32a3dd6e,2026-01-30,msg_00050,U3e5dd3a641c58ad50e49f095c6f1e306,Ued24fc2920cdae9f43449ee9766ecce8,image,delivered,2026-01-30 15:37:41,
f311d21c-2f37-40db-81f2-79a2d23b7cef,2026-03-25,msg_00079,U743849e63f8101ac616f8fd0ba84a167,U7cbad3906fdc0aef8ce600b4a22c0f30,text,delivered,2026-03-25 18:33:57,
59876f73-0da9-4e69-9067-608c676f0b64,2025-12-18,msg_00114,Ub0341314a5534ea92b26fa8adc30543f,Ub8709b285a4b94edcf70f828b6eee218,flex,opened,2025-12-18 02:31:37,
6f0a31eb-bb22-4c90-9631-258ef8a720a0,2026-02-19,msg_00016,U837b70463a585f85743b5bfb3b49c9fd,Ud564f47b88280c3626b088b6995e7a54,flex,opened,2026-02-19 04:15:18,
c69371b9-dd6b-4756-8d99-a07874ce6acf,2026-03-03,msg_00093,U743849e63f8101ac616f8fd0ba84a167,ed7a0bb088bbf1aac56eaca366b15e9e,imagemap,opened,2026-03-03 15:59:45,
4ad3f48c-5039-45be-9279-1cc6c09f1fe9,2025-12-23,msg_00061,Ub0341314a5534ea92b26fa8adc30543f,Ub74c1720bcc1f02ed903c110c5c373b2,imagemap,delivered,2025-12-23 18:52:01,
af648693-07ff-4acb-a240-e0e32adeb0f6,2025-12-25,msg_00077,U743849e63f8101ac616f8fd0ba84a167,U4f37997c5e8a8a2834845fee03d9bb6c,text,delivered,2025-12-25 05:22:51,
3542647e-4ba0-465a-a5d6-5640062e652d,2026-02-07,msg_00090,U4784fc8a8e1e4eb2435ad84e0ad052f2,Uadad30ade7f6661a71be87d573023301,imagemap,opened,2026-02-07 18:07:41,
8ff725d3-7ac4-4143-b37a-495631ddb3dd,2026-04-08,msg_00078,Ud4a92c8c8050eed40ef171cc2784d638,d2e4f5417eedd697210c098b7339669f,image,opened,2026-04-08 06:36:25,
4c8ad014-cb4b-4259-8f1e-37afcf1f9898,2025-12-23,msg_00109,Ue7310890b01058478be93761a56d0aa0,U1aa740c6c8fc4a37b041852a75d5445f,text,opened,2025-12-23 17:51:56,
ee3ae8b9-8eae-4874-80f4-bf41f4d7f200,2026-02-24,msg_00039,U743849e63f8101ac616f8fd0ba84a167,Uec9420d0847534c9073da18015fd0202,flex,delivered,2026-02-24 07:58:57,
ee806ada-0af7-4b19-a58c-82aa5bd30e73,2026-02-28,msg_00117,U743849e63f8101ac616f8fd0ba84a167,4b11606c98eb383e5c44363e3a1c1fb4,video,delivered,2026-02-28 06:24:35,
301b3cd6-c963-4732-a248-01d74ae68527,2026-03-29,msg_00097,Ub0341314a5534ea92b26fa8adc30543f,U8eab0d624c67b7b2a6140cba89152c86,text,opened,2026-03-29 16:00:00,
31d10251-99d6-4786-af18-60cd7bf812cb,2026-01-18,msg_00102,U227d1cd1a801c367de206ec4bbca7330,Uab45ed931f91bf3614ef1abcb38edaba,video,delivered,2026-01-18 09:48:50,
1092270b-9b7f-43e1-9961-331b13329fa7,2026-03-14,msg_00009,U743849e63f8101ac616f8fd0ba84a167,Uc090404a5e04019f2efab62bee794eb8,imagemap,delivered,2026-03-14 22:02:28,
13c98b52-018f-4fc7-a251-095e4fff4269,2026-02-14,msg_00098,U743849e63f8101ac616f8fd0ba84a167,Uf1cb5b110480acc4e26a5a83294e87be,imagemap,delivered,2026-02-14 22:25:18,
4f85e38a-5eb9-4971-adad-2b972fb1ae55,2025-11-21,msg_00010,Ue7310890b01058478be93761a56d0aa0,9fb0f0c13cdc56e70d240c6778fab52a,imagemap,opened,2025-11-21 23:23:52,
48c7480d-7c5e-46aa-8e2b-252019c5e9d4,2026-04-06,msg_00074,U3bae1603803a839c0cb52f511d9cb8f6,U76c7468ef15e001e3558ab9dc53d2f41,text,delivered,2026-04-06 01:04:29,
2960ebe6-90d8-49a9-be0b-9bfcbb7cffbf,2026-03-23,msg_00071,U3bae1603803a839c0cb52f511d9cb8f6,Ue4314b954e0f1c96c03845437f7efa20,imagemap,delivered,2026-03-23 18:27:41,
bd7c1539-0c6f-4a91-ab78-ab413118b9a6,2026-04-04,msg_00049,U476acbdef8e9a16d24575e4f6d7b0f31,Uf4d387e40e8fc00b40db5f66c18ead9a,text,blocked,2026-04-04 20:02:39,
219b1a1c-88d7-4e75-952a-314078dff234,2026-02-05,msg_00107,U3bae1603803a839c0cb52f511d9cb8f6,Ub36e0fee423e38b88e8920f1214bf619,text,opened,2026-02-05 17:16:38,
d8e1ce6b-2edf-451c-8cab-9e711fd179ba,2026-03-11,msg_00067,U7e808d11d6f9901a954a542a7ee09918,U7be5e7b1afc30d12ba117ed5405f7224,video,delivered,2026-03-11 16:47:30,
34c1c77b-6734-4236-b19e-95f4dbb947ad,2025-12-24,msg_00062,Ub0341314a5534ea92b26fa8adc30543f,Uc9e34c4696ce8fb6df579e4e160e0c6f,video,delivered,2025-12-24 13:48:50,
4da0337d-a0ca-42f2-960e-1071618a14e0,2025-12-24,msg_00091,U3bae1603803a839c0cb52f511d9cb8f6,43c771b5ebce799caeef6a5bdb30c87a,imagemap,delivered,2025-12-24 17:00:37,
fb61b5c8-d8b5-4ac0-b6dc-c2ee61b1cf41,2026-02-20,msg_00048,Ue7310890b01058478be93761a56d0aa0,U8d23f2b61609cb4139c82556882c751d,flex,delivered,2026-02-20 04:56:12,
902ce0d2-6654-4a87-9536-f97520ce5738,2025-12-17,msg_00032,U3bae1603803a839c0cb52f511d9cb8f6,Ub3b010b05c0a8f174ef07bb8f386260c,video,delivered,2025-12-17 07:00:39,
06287337-410a-44d5-990d-a762fb9c8a34,2026-03-06,msg_00055,U3bae1603803a839c0cb52f511d9cb8f6,U1907247af5a34375ae478b839fdb7467,flex,delivered,2026-03-06 11:38:47,
945d5d26-48c4-423d-bf5e-a39f783e2301,2025-12-31,msg_00082,U227d1cd1a801c367de206ec4bbca7330,U78dcb83975765c181022e3457558976a,imagemap,opened,2025-12-31 11:16:26,
72ffb1bc-21e1-4e24-b8f6-dea51a9c399f,2025-11-23,msg_00053,U743849e63f8101ac616f8fd0ba84a167,U49295514e36eb16729c6f149b100b24c,video,opened,2025-11-23 23:46:33,
9a33f87a-7fbb-4c0b-b63f-3b879037eddb,2025-11-17,msg_00099,U3bae1603803a839c0cb52f511d9cb8f6,Uea7f51b04adb7696d80a96b5baa8c8ae,text,delivered,2025-11-17 03:40:18,
3259a27d-08b0-452a-aede-9fd3ea3507c9,2025-12-19,msg_00118,U4784fc8a8e1e4eb2435ad84e0ad052f2,U14e3c26c866d76d0b22938c8dd30b86b,image,failed,2025-12-19 15:52:55,
d0605fae-02d9-4c94-982d-13f73576d70f,2026-01-26,msg_00086,U4784fc8a8e1e4eb2435ad84e0ad052f2,U69553e81da36dccfd8a7a00ffadb3db7,text,delivered,2026-01-26 21:11:26,
06fbc0e1-af2e-47d3-9595-05adacaf670f,2025-12-07,msg_00003,U227d1cd1a801c367de206ec4bbca7330,Ud782c2733625c8d28fec2971e532615c,image,opened,2025-12-07 05:24:24,
5e630f9f-abc4-40ae-b771-d9abf086cfec,2026-02-10,msg_00058,Ue9a1e8a5b83a6b296d43c957a8cfba4a,U39231305629ae3e7c8a9dbff117cb8f5,video,delivered,2026-02-10 19:12:15,
0e303272-1977-4a06-a8c5-0f1a3906c3ed,2026-01-26,msg_00103,U3bae1603803a839c0cb52f511d9cb8f6,U65ddacaae1ab7abeae265e3912e0fe5d,flex,delivered,2026-01-26 23:01:43,
7cf39892-ea2d-4f29-977c-1030cd2a269d,2026-04-04,msg_00049,U476acbdef8e9a16d24575e4f6d7b0f31,Ub4d9bdeb493b783af83d93f773e24812,text,delivered,2026-04-04 00:10:32,
9554f310-4d4f-435d-bbf3-a53a2223dc19,2025-11-23,msg_00053,U743849e63f8101ac616f8fd0ba84a167,U81bceb203845e537327869f024b24de5,video,delivered,2025-11-23 15:00:49,
988b5138-62a8-4df0-a07f-525919849e81,2025-12-24,msg_00091,U3bae1603803a839c0cb52f511d9cb8f6,U3b889df7645ed63b70fea00b7943d263,imagemap,clicked,2025-12-24 04:33:53,https://example-saas.jp/survey
5d4f4934-74c7-4c43-9991-c4f591c97c8b,2025-12-09,msg_00094,U227d1cd1a801c367de206ec4bbca7330,U601d1cf7e855852d8a2f74a31102f526,flex,delivered,2025-12-09 13:25:28,
ce349bfc-ec8f-442c-bc53-ce28ea9cbe1d,2026-03-26,msg_00040,U3bae1603803a839c0cb52f511d9cb8f6,Ucea59597fa475d45b9b949fe0d9a00f6,imagemap,delivered,2026-03-26 02:08:19,
62c075f4-df48-467c-a0d9-df66e1a96fdf,2026-02-20,msg_00017,U22a93bc29b1df104af6b1ba1cd91fc56,U6cd83e11a65a5e65e0d368700b76a765,video,delivered,2026-02-20 05:16:05,
39cbdcb7-aaf9-4e1f-a0c4-0367f9323ca7,2026-03-11,msg_00067,U7e808d11d6f9901a954a542a7ee09918,U89e3a744704e2fdc27ea83e8e9afb546,video,opened,2026-03-11 10:28:17,
4d46a4df-4c07-4f62-86f3-79a0c57aea55,2025-11-22,msg_00047,Ue7310890b01058478be93761a56d0aa0,Ubefdedf01185eb06aa6a952f288aa118,video,delivered,2025-11-22 08:01:33,
eb7099b4-3d31-40f8-b32e-59f43768ad73,2026-03-05,msg_00014,U3bae1603803a839c0cb52f511d9cb8f6,Ucad03ae2672eba902aa645853100bb0e,flex,clicked,2026-03-05 09:32:51,https://example-saas.jp/survey
4ee70d6a-d385-4bd7-9468-2c38b68f2c54,2026-01-18,msg_00102,U227d1cd1a801c367de206ec4bbca7330,Uf639d2390d068bd7d01412b1f3f6291b,video,delivered,2026-01-18 08:41:23,
81094ffd-e9f9-461d-a115-bb29b877e1ea,2025-11-16,msg_00011,U837b70463a585f85743b5bfb3b49c9fd,Uf4dc6bb8040dbd48dcae79d9ca21f434,flex,delivered,2025-11-16 14:20:35,
7c7d4e4e-2c7a-4e43-9db2-a006d7a60872,2026-01-24,msg_00007,Ub0341314a5534ea92b26fa8adc30543f,U4c68e8f806f332d6d5392d708a3535fb,imagemap,delivered,2026-01-24 15:40:21,
70f84b2a-0d02-480d-a919-9459689c33c0,2026-02-20,msg_00095,Ub0341314a5534ea92b26fa8adc30543f,Ub74af4b0def0872be480b5c29531d0d5,text,delivered,2026-02-20 16:16:11,
7eeca352-ab7c-43cc-9684-726818cd1aa2,2025-12-25,msg_00045,Ue7310890b01058478be93761a56d0aa0,fcdf0e796518de29cdfc215c4a4ab5ba,video,delivered,2025-12-25 01:17:36,
61b0f0d4-50a1-40b7-9b0d-0b6134482f77,2026-04-08,msg_00078,Ud4a92c8c8050eed40ef171cc2784d638,U24d402abf95a884d3b0a15a5a13ac5d2,image,delivered,2026-04-08 13:54:02,
da77f478-e22d-44c6-a2ac-ffd9af85a124,2026-02-08,msg_00051,U3bae1603803a839c0cb52f511d9cb8f6,U7cb9022a85c6f44c21a8fc477be3cd98,image,opened,2026-02-08 02:27:57,
8acd6831-3e84-4a9c-92c3-39f1c8881200,2025-12-18,msg_00114,Ub0341314a5534ea92b26fa8adc30543f,U6175fe7b699bf4f3e17daadd6d8866d6,flex,delivered,2025-12-18 18:03:46,
6e9230ed-9b5e-4f80-9ea8-84f2fe9e1376,2026-01-31,msg_00035,U7e808d11d6f9901a954a542a7ee09918,Ua2823c8ac9e04ac915f515dba815d446,text,delivered,2026-01-31 04:04:24,
b1fd634f-4fff-4b4e-83fa-96b287a6851b,2026-03-06,msg_00055,U3bae1603803a839c0cb52f511d9cb8f6,Ub93aeb38c84b9bfe6a0fbab29b2dd446,flex,delivered,2026-03-06 14:20:25,
d6419f49-87bf-47b8-ac6a-b1504c48466b,2026-02-14,msg_00042,U3bae1603803a839c0cb52f511d9cb8f6,U1101757dc5562730ef5f03f4df15c5a0,video,delivered,2026-02-14 08:53:54,
85baf7d8-07fc-4f75-9f1d-fc433366deeb,2026-01-26,msg_00005,Ub0341314a5534ea92b26fa8adc30543f,8246d4981eadb3b5df2bcd055c1524bb,image,delivered,2026-01-26 05:24:18,
b62f0c01-114a-44d0-893c-847af599eb3e,2026-03-22,msg_00119,U3bae1603803a839c0cb52f511d9cb8f6,U83c5bdd5689b36e13f86da42bfe9d261,imagemap,opened,2026-03-22 18:55:54,
85d2a426-1e4c-4cb1-8a2c-da7d5e13e8bd,2025-12-25,msg_00077,U743849e63f8101ac616f8fd0ba84a167,U7eb42fb56650eb47293e895a2f944ced,text,delivered,2025-12-25 05:18:50,
706a3859-020e-406c-b05a-7d684d1157b7,2025-11-17,msg_00099,U3bae1603803a839c0cb52f511d9cb8f6,U1751ce31928d5ddb6b738ead5e6d9ca6,text,delivered,2025-11-17 09:42:08,
b7d22f9f-2e7d-4162-b1bf-497797198cd0,2026-03-21,msg_00023,U743849e63f8101ac616f8fd0ba84a167,U59f27063c8ee33108d0afa22e0917f1a,imagemap,delivered,2026-03-21 05:30:50,
10861dbc-7ed5-4c60-ad25-6834167129a6,2026-02-15,msg_00089,U3bae1603803a839c0cb52f511d9cb8f6,Uc88bf001a907cf895099ebe78883e124,text,delivered,2026-02-15 10:41:48,
ff9535db-23a5-4784-9eff-1f76d45e1591,2026-04-01,msg_00072,U4784fc8a8e1e4eb2435ad84e0ad052f2,Ua9ee2b9248f3a13801b0f7717d7029ad,image,delivered,2026-04-01 09:53:30,
796d949a-6506-4922-8abb-4e38d4c7dbab,2026-03-26,msg_00040,U3bae1603803a839c0cb52f511d9cb8f6,U6296819963f30f8dd261f4492ca47786,imagemap,clicked,2026-03-26 15:30:06,https://example-saas.jp/lp/newmenu
735401a9-8ca7-444c-abce-998efa381769,2026-03-05,msg_00014,U3bae1603803a839c0cb52f511d9cb8f6,U9dc42a5dbbdce5d7debeefac4be52fc1,flex,delivered,2026-03-05 08:37:46,
7e569843-6c0b-4561-8f0c-1f950998156c,2026-02-20,msg_00036,U879eb903ad90cd9c2874f6df7651267a,U55a9b1f17bc2dc5026822b8cb3e58a20,video,delivered,2026-02-20 00:40:39,
23ce99b2-54e9-4682-8a0e-e8d8610c70e4,2026-02-20,msg_00036,U879eb903ad90cd9c2874f6df7651267a,Ub84b43c62f583cc17221700635ad1780,video,delivered,2026-02-20 20:43:16,
edafee85-8981-4ea4-b6db-99360081b8dd,2025-11-17,msg_00034,U743849e63f8101ac616f8fd0ba84a167,62af0149dff2d17f0c72a24bbbf065d2,text,opened,2025-11-17 13:31:01,
9d71268a-9a26-4f6e-8071-ec309220b737,2026-03-11,msg_00104,Ub0341314a5534ea92b26fa8adc30543f,U79ab01b36e06d9743d65423a89449141,image,delivered,2026-03-11 15:43:06,
a2752389-8fed-4f41-b0ab-c090fea8ba1d,2026-04-08,msg_00041,Ue7310890b01058478be93761a56d0aa0,U16a0ffd947933cf4d8362111d69e8b4c,text,opened,2026-04-08 13:10:56,
88d63b8c-4b94-4795-af16-543492f09b6f,2025-12-30,msg_00005,U4f8b2d7d97720f7d61a0294f1c9c3877,Ue1570f226eff33fa49a72e7db73c40f2,text,delivered,2025-12-30 02:10:15,https://example-saas.jp/survey
34a6a78f-9854-4690-b4d5-5dab3076dd47,2025-11-23,msg_00053,U743849e63f8101ac616f8fd0ba84a167,Uf510dc5fb2e82686c4ad5fc90b45051d,video,opened,2025-11-23 11:42:28,
8a3c3c6b-78cc-4024-904e-78987f8845c0,2025-11-23,msg_00053,U743849e63f8101ac616f8fd0ba84a167,Ue3794d6b17e12a9ec2c47a1515a47cda,video,opened,2025-11-23 23:15:01,
44913376-1916-440a-af3a-5f88183672c7,2026-04-05,msg_00054,U3bae1603803a839c0cb52f511d9cb8f6,U54e439b23a3faf0be02ab2ea5e785d67,image,clicked,2026-04-05 16:46:45,https://example-saas.jp/lp/newmenu
c73ebd05-2b8e-485d-b225-7bdef4bee6ef,2025-12-24,msg_00091,U3bae1603803a839c0cb52f511d9cb8f6,U3ab56be0fb791916102ba62931eb95b7,imagemap,opened,2025-12-24 11:34:26,
cbd3c47b-4154-4120-9e2c-199014d6c5dc,2025-12-22,msg_00013,Ub0341314a5534ea92b26fa8adc30543f,63ffd099550da2b454af664c2f9f144e,image,opened,2025-12-22 06:30:27,
80abeae4-2bae-4555-b70b-329b11fbeb8e,2026-01-18,msg_00102,U227d1cd1a801c367de206ec4bbca7330,U7fa34f3e4adba9208c313463763bad75,video,delivered,2026-01-18 13:41:43,
2b72c4c8-c6ab-452e-949f-0c0e07e82232,2026-02-09,msg_00083,U3bae1603803a839c0cb52f511d9cb8f6,U132a8eeea231f5d6e1dcde9b62311128,flex,delivered,2026-02-09 22:49:59,
e4c72d7d-a53d-4893-ba3e-7c3928a335b3,2025-12-02,msg_00008,U743849e63f8101ac616f8fd0ba84a167,U4e664334df4e0aad9ddc2a298e599a64,text,open,2025-12-02 09:36:27,
81c64b3f-8ecd-4643-8a4b-b393a5fbbabc,2026-03-31,msg_00046,U4784fc8a8e1e4eb2435ad84e0ad052f2,Ub1d17073706e7baa316fa11e66f10c1c,flex,delivered,2026-03-31 07:59:07,
61f86761-461e-4f33-9659-fc362b2d9364,2026-01-26,msg_00005,Ub0341314a5534ea92b26fa8adc30543f,U2b6e74ebf9b9ac844b5c890f9112e5a3,image,delivered,2026-01-26 00:38:47,
0252b514-abb7-486d-a525-68ed3dbafae6,2026-03-04,msg_00056,U1ca413826b7044d134c9c3132420c9de,Uba7895bf7db2440e8c02c8278f94d883,text,clicked,2026-03-04 14:28:33,https://example-saas.jp/survey
15dd3500-1d4c-4208-9c6c-dec7defe2468,2026-04-05,msg_00054,U3bae1603803a839c0cb52f511d9cb8f6,U8da728aab105ad9f2c8b025c7a0570f8,image,delivered,2026-04-05 18:16:16,
393a218a-80cd-4b1e-a034-ad7c6b9f82f3,2025-11-19,msg_00019,U743849e63f8101ac616f8fd0ba84a167,6cd47e0ca4ab3cbb4017a2e32add8987,flex,delivered,2025-11-19 09:05:36,
14db3848-6632-416e-ae4c-7b17fd0b368e,2025-11-22,msg_00047,Ue7310890b01058478be93761a56d0aa0,333711ed4135bd36c64d1cbb587d7a2a,video,clicked,2025-11-22 00:46:57,https://example-saas.jp/survey
73a673d6-15db-4abc-bf48-9c7324dc8565,2026-04-12,msg_00120,U227d1cd1a801c367de206ec4bbca7330,Ua69f90cfffc09c9dbed24e238434a39c,text,delivered,2026-04-12 13:46:06,
45f8398f-e468-4e22-aedc-c9390a7fd667,2026-01-26,msg_00005,Ub0341314a5534ea92b26fa8adc30543f,U9eb3fa1ff99f5b7d76a77eac7a5396a1,image,delivered,2026-01-26 03:15:54,
1615c9f2-421d-4ba7-ad89-32516e937105,2026-03-25,msg_00079,U743849e63f8101ac616f8fd0ba84a167,U4bcc15251f069feba2d78abd036c3f5d,text,delivered,2026-03-25 09:54:18,
c40928c4-dc7e-41a7-b70c-42469d4f0f3f,2025-12-24,msg_00091,U3bae1603803a839c0cb52f511d9cb8f6,Ud4608b6789dba24ee5bbdaaa2351a89b,imagemap,delivered,2025-12-24 05:44:13,
be91c4ee-01ac-4559-8c8a-e4d468a7ee17,2026-03-04,msg_00056,U1ca413826b7044d134c9c3132420c9de,cc39452baaadbd1c7cd91d5dad1e7ac9,text,opened,2026-03-04 01:44:27,
5347c610-4f46-467c-9c9a-0f03fec2b3b6,2025-12-24,msg_00091,U3bae1603803a839c0cb52f511d9cb8f6,Uef8b5e94e69ac4f7017dd25ba987adfb,imagemap,delivered,2025-12-24 01:39:35,
c11a4e1e-cda5-48d0-86f7-ed0ccd9ba3c9,2026-03-04,msg_00056,U1ca413826b7044d134c9c3132420c9de,560ea01520aed3a4cef87cec645926fc,text,delivered,2026-03-04 20:31:14,
97bb7da9-ec93-409d-bc37-d54a98f1f254,2026-02-05,msg_00107,U3bae1603803a839c0cb52f511d9cb8f6,U91096445521f01aaaa37655b83c8a608,text,delivered,2026-02-05 17:56:07,
410d3104-0ade-4547-92f6-e19d0df7ab39,2026-01-09,msg_00052,U743849e63f8101ac616f8fd0ba84a167,Uee77b54d6953bc43efc0430d4b1eabb7,video,failed,2026-01-09 06:18:53,
10860ce8-0fc7-4d64-a655-c3811bb2dc67,2026-02-20,msg_00048,Ue7310890b01058478be93761a56d0aa0,70dfea86cfcf8402f896f5718d23e50e,flex,delivered,2026-02-20 19:29:25,
b1c399b6-f161-4979-9bda-2c3cc50d15ec,2026-03-27,msg_00096,U476acbdef8e9a16d24575e4f6d7b0f31,U9d9f5da2e9b356d9c6ae7fc0626cb540,imagemap,delivered,2026-03-27 16:28:42,
09ae5939-a84e-4f20-b701-020bebf9d88f,2026-02-15,msg_00087,U3bae1603803a839c0cb52f511d9cb8f6,Ud8a6ca1f9d3539392d55c1e15977877d,imagemap,opened,2026-02-15 06:34:38,
9af152cf-a548-4473-a02d-0f9b2602f846,2025-12-17,msg_00032,U3bae1603803a839c0cb52f511d9cb8f6,Ufd1ff89623f1f9686d8005565e342915,video,opened,2025-12-17 05:26:11,
3bb48a13-13a5-4a75-806d-80277d25be4d,2026-01-26,msg_00086,U4784fc8a8e1e4eb2435ad84e0ad052f2,U60914c6d6f7a86c35fc0859d49434b76,text,delivered,2026-01-26 08:37:03,
99124370-e4a7-4fa6-87d7-6f25f7917cae,2026-03-23,msg_00071,U3bae1603803a839c0cb52f511d9cb8f6,Uff999f617a9836af34eb08b66573d763,imagemap,clicked,2026-03-23 01:26:48,https://example-saas.jp/lp/newmenu
69459ad6-a067-4363-8ea7-8198a480ed06,2026-03-11,msg_00104,Ub0341314a5534ea92b26fa8adc30543f,U64f4c9dfc8610f2645f7ff598fcfd0f8,image,delivered,2026-03-11 23:19:48,
f95f2dd6-e7c2-4637-9850-7524f593c97f,2025-11-16,msg_00011,U837b70463a585f85743b5bfb3b49c9fd,7f91f4ce70ac011e7ba8f06c734acf00,flex,failed,2025-11-16 15:28:08,
309445ba-e557-4ab8-b2df-05a31f69077b,2026-02-20,msg_00036,U879eb903ad90cd9c2874f6df7651267a,Uce443be7a018ca5e4af8734a9cca674e,video,opened,2026-02-20 05:32:47,
5bc78ed2-c3c7-4daf-9f2e-b35561ed242a,2026-02-20,msg_00048,Ue7310890b01058478be93761a56d0aa0,U66d37157bc5d452ac05095cf72414b4d,flex,delivered,2026-02-20 06:59:35,
6f8924eb-67fe-4cb1-a16f-0a67f10fd57e,2026-03-11,msg_00104,Ub0341314a5534ea92b26fa8adc30543f,U0c8111a85c24fa3f6721a6c05b30dc53,image,delivered,2026-03-11 19:25:49,
3b7dd5b8-6c8e-4690-90aa-ee92d680a25f,2025-12-24,msg_00091,U3bae1603803a839c0cb52f511d9cb8f6,Uf7b3aecfed89d75ae3ecd76b6355ec31,imagemap,opened,2025-12-24 20:14:33,
aa82ca1a-2452-40c4-8842-ed0d5c635ab3,2025-12-17,msg_00032,U3bae1603803a839c0cb52f511d9cb8f6,Udd9332aea10df9ea8e13667169ad9897,video,delivered,2025-12-17 20:42:28,
911a3d8b-1fe2-421c-bbf0-55b778d4f38e,2025-11-25,msg_00043,U3e5dd3a641c58ad50e49f095c6f1e306,U30716023618a520bc6274e90f3c6716d,flex,delivered,2025-11-25 22:05:27,
4889c487-4433-422a-b303-eb4409bd02fd,2026-04-05,msg_00054,U3bae1603803a839c0cb52f511d9cb8f6,Ufe014d42ca4dd94497f9271861d5b0ea,image,opened,2026-04-05 20:04:24,
29e0584a-89c3-4f6e-a758-001794e407d8,2025-12-19,msg_00118,U4784fc8a8e1e4eb2435ad84e0ad052f2,U48b62196d104cef7093841a130582254,image,delivered,2025-12-19 03:56:23,
8b74de86-7b4e-4716-818e-c426e8dd5db7,2025-12-08,msg_00015,Ub0341314a5534ea92b26fa8adc30543f,Ucbec823771b8c83d5f71754f12f11e81,text,opened,2025-12-08 12:19:23,
a53e8366-49aa-4943-9285-cb2dbb0e8795,2026-03-27,msg_00096,U476acbdef8e9a16d24575e4f6d7b0f31,cc47d34820b63e1b0a0955ab120e3f0e,imagemap,delivered,2026-03-27 15:36:02,
afdc63c4-0a4f-402a-b1d1-f794fb02251d,2026-01-18,msg_00102,U227d1cd1a801c367de206ec4bbca7330,Ubaa4fed3389d5137696fa6262292da62,video,delivered,2026-01-18 22:22:36,
9b9a3e4a-4ca5-439c-bcdb-8f1471455683,2026-01-26,msg_00103,U3bae1603803a839c0cb52f511d9cb8f6,U1ca0be19d94d9fc7352918d56c48df07,flex,opened,2026-01-26 21:11:42,
683d7ed1-8439-4e32-9b01-0b87dacb70bd,2026-03-16,msg_00002,U3bae1603803a839c0cb52f511d9cb8f6,U0d93128c6405d514467d5d9b7fbd40c1,text,opened,2026-03-16 09:10:26,
2ad702ec-9c90-43ce-8207-520dbcb2a87a,2025-12-18,msg_00070,Ue9a1e8a5b83a6b296d43c957a8cfba4a,U11497e0bc435883db53948951fe1618c,imagemap,delivered,2025-12-18 17:00:34,
45217257-1fe3-464f-b61f-ece22475b97f,2025-12-25,msg_00077,U743849e63f8101ac616f8fd0ba84a167,U43d0fdf097a772ff2361f4389a4cc0ee,text,delivered,2025-12-25 10:38:11,
467a8456-d4d8-4052-8396-0fec45cdb227,2026-02-14,msg_00042,U3bae1603803a839c0cb52f511d9cb8f6,b6da94449f07e02a7f9c0ce00076aab8,video,opened,2026-02-14 10:02:34,
8bb080f3-b9b7-444a-befa-14435be76f91,2025-12-07,msg_00003,U227d1cd1a801c367de206ec4bbca7330,U3328236c59fe209f941785fde6e2b874,image,blocked,2025-12-08 02:58:43,
d6865b72-187e-4cf9-b7aa-4c4e51ea9497,2026-02-07,msg_00090,U4784fc8a8e1e4eb2435ad84e0ad052f2,65149e73cd7b74ea1ce2193e115f5740,imagemap,opened,2026-02-07 11:16:10,
fe8fa224-a9f1-483d-9a20-3bbc8db2f27e,2026-01-10,msg_00044,U30ad60bba5da9837ca5dd0230ca8f531,U6694092a4ba5686673b1087f9b9a6883,video,delivered,2026-01-10 02:27:50,
0c67a52a-8bfb-4d99-919d-b1cbe96eac58,2026-03-25,msg_00079,U743849e63f8101ac616f8fd0ba84a167,U0e3c99897543e91dceb7d21705d48734,text,opened,2026-03-25 22:48:42,
3891aea7-f6dd-47e3-b8ab-a9d8a4b36335,2026-04-10,msg_00101,U743849e63f8101ac616f8fd0ba84a167,U36bf9e3d641895f151e6f5698ac23302,imagemap,delivered,2026-04-10 11:59:51,
3b19ac3a-5005-4765-ac52-57a71ba68b63,2026-03-03,msg_00093,U743849e63f8101ac616f8fd0ba84a167,U1b4e2255b5f0e07bd6e1b743ddaae27a,imagemap,delivered,2026-03-03 22:59:46,
a9dd170d-df23-4f27-bd9b-9bc0ebe4084b,2026-02-16,msg_00021,U743849e63f8101ac616f8fd0ba84a167,2ce5c058e1fe9ae298b1160a3b44a6c5,flex,delivered,2026-02-16 10:32:23,
af772453-c794-4ea6-aec8-bdff023ac21c,2026-01-10,msg_00044,U30ad60bba5da9837ca5dd0230ca8f531,Ub4f6739b524c8a8c1c1abf17d8a150c5,video,delivered,2026-01-10 14:05:08,
7b190246-7b91-45d6-a995-8d257f27bfc0,2025-11-30,msg_00025,Ub0341314a5534ea92b26fa8adc30543f,U3f1f04d8c22ead361a807e03b4730a0f,imagemap,opened,2025-11-30 07:00:23,
ca57084d-daea-4d45-baf4-ddb7501a598c,2026-02-07,msg_00090,U4784fc8a8e1e4eb2435ad84e0ad052f2,U0b4e441fc743d8febf3d641c42b3df57,imagemap,delivered,2026-02-07 02:51:44,
c2be4247-ce6a-4a13-8332-25a0913026f6,2026-02-14,msg_00042,U3bae1603803a839c0cb52f511d9cb8f6,U80492364af671c481ad0e3ba6f0d1b55,video,delivered,2026-02-14 19:18:24,
3216bd9a-e706-4c46-94bc-a6c680d6bfd0,2026-04-06,msg_00074,U3bae1603803a839c0cb52f511d9cb8f6,U34004d14f16a0a6235e650be08643995,text,delivered,2026-04-04 08:47:10,
4859d24a-b430-4b44-9ec2-5a7727b6fc2d,2025-12-16,msg_00049,U3bae1603803a839c0cb52f511d9cb8f6,U1d5790534a7c90db3f368e824e226752,image,delivered,2025-12-16 16:03:09,https://example-saas.jp/lp/newmenu
d0a4155d-78da-405e-affe-719a882dd244,2025-12-09,msg_00069,Uc20f9c7e9b662bedec3cb78e127885c7,U942b99ade8164c73227b9944ce6e6f31,imagemap,delivered,2025-12-09 04:55:12,
ca86669d-40c8-424c-a0ee-e595f2ab9f2e,2026-03-27,msg_00096,U476acbdef8e9a16d24575e4f6d7b0f31,Uc899e470fb572692783edfceb9e4e282,imagemap,delivered,2026-03-27 05:49:30,
3da474e5-2752-480d-82b2-1cd8940ed809,2025-12-23,msg_00109,Ue7310890b01058478be93761a56d0aa0,Ub6453c6356423c72b83a109a1e487594,text,delivered,2025-12-23 20:14:31,
b8b58142-71f3-467d-acfc-0ad1ad6c36ac,2026-04-10,msg_00101,U743849e63f8101ac616f8fd0ba84a167,U17d68609c1fe29675f3b81765e4bc25c,imagemap,delivered,2026-04-10 19:43:21,
1b4df7b1-51b5-40fd-b51b-5a826c3519cc,2026-03-23,msg_00071,U3bae1603803a839c0cb52f511d9cb8f6,Ucfad5418a21184b9d563adcbd6d22200,imagemap,delivered,2026-03-23 01:30:32,
8bd26ca6-8ff6-40aa-b7eb-99bb5e6c618b,2026-03-25,msg_00079,U743849e63f8101ac616f8fd0ba84a167,U67dcf78f5e268358c0867f8f37372be7,text,delivered,2026-03-25 00:04:44,
7384edf7-f6f9-4882-bc18-736a1cd6c620,2026-02-15,msg_00006,U743849e63f8101ac616f8fd0ba84a167,Uf35fee34adec1a46aba90e692f3c7c54,flex,delivered,2026-02-15 22:42:55,
2149325e-75b7-4fe5-a25b-2a59178514b4,2025-12-18,msg_00070,Ue9a1e8a5b83a6b296d43c957a8cfba4a,Uf4cc65dbbcb96edfcf4fd8b8dd4d9519,imagemap,delivered,2025-12-18 14:08:23,
211182aa-be2b-4b97-98f5-d1553911a203,2025-12-19,msg_00064,Ub0341314a5534ea92b26fa8adc30543f,U6c69c046963d2905750d461dcf97810f,image,delivered,2025-12-19 14:07:12,
62f3a8af-2c99-474e-a046-61165725dded,2026-04-05,msg_00054,U3bae1603803a839c0cb52f511d9cb8f6,U84e581f9e14870a5dc15e43e648b44a4,image,opened,2026-04-05 15:57:35,
6570a305-c4fd-400f-a603-3f522b2bcb54,2025-11-23,msg_00024,Ue8d9224ecde331ce692edfce0b5ecdc4,Uf727a75b7c94dbb21ff5bf521041aa76,text,delivered,2025-11-23 09:14:36,
ca38490a-e79f-4d51-a73d-c713aabcb088,2025-11-16,msg_00011,U837b70463a585f85743b5bfb3b49c9fd,Udcbe692a83cb7c6f92ac5969706df136,flex,clicked,2025-11-16 15:57:27,https://example-saas.jp/survey
90d75412-75dc-43e0-bb10-1546fd6e995b,2026-03-06,msg_00055,U3bae1603803a839c0cb52f511d9cb8f6,Uc6925ce55fe8365cdafa3247b09cf7d5,flex,delivered,2026-03-06 01:17:22,
3a3eb76a-cb5d-4088-8d66-d2043b5c43b7,2026-01-24,msg_00113,Ub0341314a5534ea92b26fa8adc30543f,Ua545d6e929515a3130f6288c546ad5fa,text,opened,2026-01-24 17:04:33,
a9b5cac3-869a-41c7-88eb-a592e1b7cf56,2026-03-22,msg_00119,U3bae1603803a839c0cb52f511d9cb8f6,Uf65d0ef90018f347a15301cdbb1b7656,imagemap,delivered,2026-03-22 13:59:25,
1c2461d3-ff88-477a-a6dd-09e9f57c1d3b,2026-03-05,msg_00014,U3bae1603803a839c0cb52f511d9cb8f6,U5b41816cefd9319662812a6cb4eec81b,flex,delivered,2026-03-05 21:23:10,
cec183f8-71c5-4b57-a571-99e1c8ae35c1,2026-02-07,msg_00090,U4784fc8a8e1e4eb2435ad84e0ad052f2,Uadad30ade7f6661a71be87d573023301,imagemap,delivered,2026-02-07 17:22:55,
a9756944-32c1-4dae-b7bc-d065269c1953,2026-02-20,msg_00036,U879eb903ad90cd9c2874f6df7651267a,Uce443be7a018ca5e4af8734a9cca674e,video,delivered,2026-02-20 05:13:51,
fa794c16-bba1-4731-b351-5442969b3c26,2025-11-22,msg_00047,Ue7310890b01058478be93761a56d0aa0,0e5235b43e0e98fcba9586fe2ee3be4c,video,opened,2025-11-22 18:18:16,
94d78470-3819-48a9-9d33-9cb7b16add90,2025-11-19,msg_00019,U743849e63f8101ac616f8fd0ba84a167,U755fe7bb21059fcfcb09023ec690a08f,flex,opened,2025-11-19 15:42:19,
31656a3f-3256-426a-89c5-826fdd3efbcc,2026-03-26,msg_00040,U3bae1603803a839c0cb52f511d9cb8f6,U7e3a49c2e321668d9e3bab41302ab017,imagemap,delivered,2026-03-26 21:28:04,
dfafc8d5-5e07-4561-9e01-1722a7a690fe,2026-02-28,msg_00117,U743849e63f8101ac616f8fd0ba84a167,Uef774cde719aca1a81e4103af6db7605,video,opened,2026-02-28 03:36:06,
2bf590bd-42ba-4622-a765-37c29d846908,2026-04-10,msg_00101,U743849e63f8101ac616f8fd0ba84a167,U9880add481caddae42838a39652d1796,imagemap,delivered,2026-04-10 23:03:58,
7ff1bbf6-904c-411f-a32e-923bbb70fc8c,2026-02-20,msg_00048,Ue7310890b01058478be93761a56d0aa0,U88d217d47be92bd5dd4259256f983158,flex,delivered,2026-02-20 08:29:51,
f103bd57-ab14-4ee4-aff4-c8463ced4a32,2025-11-17,msg_00099,U3bae1603803a839c0cb52f511d9cb8f6,U1b3e283035bdd1cda99378ee48f170fc,text,opened,2025-11-17 11:10:09,
d0804eca-9afd-4cf6-9e59-0d182202a9bc,2025-12-09,msg_00059,U3bae1603803a839c0cb52f511d9cb8f6,U934e04431c0d68c4115268df44b63d64,imagemap,delivered,2025-12-09 05:55:35,
87fe7fd3-d86c-4e84-a741-1aa0cc439460,2026-03-23,msg_00116,Ud4a92c8c8050eed40ef171cc2784d638,U6fb6b01787ff00a59fb0e38e118d7c4f,text,delivered,2026-03-23 02:35:11,
97df425d-b956-401b-b0f3-3e9234a306d0,2025-11-21,msg_00010,Ue7310890b01058478be93761a56d0aa0,U8cc81fc6bd245e72b051130336dfd3e8,imagemap,opened,2025-11-21 08:46:41,
787adfa7-b95d-46e0-a30d-1941042fa644,2025-12-12,msg_00004,Ub0341314a5534ea92b26fa8adc30543f,c7d417e99faab89a7ccd6c282e1ae1e5,video,delivered,2025-12-12 00:45:08,
7a6b2d6b-5786-4f55-8f98-fe6ebbe723a9,2026-03-04,msg_00056,U1ca413826b7044d134c9c3132420c9de,U2e190ada0e765d5202b7a51926eb5d79,text,delivered,2026-03-04 13:48:16,
8dcbaefc-d539-40a0-884d-247820aeae34,2026-02-15,msg_00087,U3bae1603803a839c0cb52f511d9cb8f6,U8381073347fcafa80c3e80e1018d3aa9,imagemap,delivered,2026-02-15 21:21:14,
2f71e5ba-6884-4a71-91c1-baabab80e0ed,2026-03-08,msg_00112,U3bae1603803a839c0cb52f511d9cb8f6,U34a5050a3d50c2717a24598a96bd4b77,image,delivered,2026-03-08 22:27:58,
e372591a-384d-4cc6-ac06-eb54eb83b43b,2026-04-08,msg_00078,Ud4a92c8c8050eed40ef171cc2784d638,U40abf33aa8879d33c3e6496533c6a9c4,image,delivered,2026-04-08 14:13:48,
9bbdcf61-de52-4d88-b8b9-3fb22301110b,2026-02-20,msg_00017,U22a93bc29b1df104af6b1ba1cd91fc56,Uad1b205d5eb72542a06a2ca458931300,video,clicked,2026-02-20 08:51:46,https://example-saas.jp/lp/newmenu
458cc503-966e-4a25-bbbb-396a96a0b099,2026-01-13,msg_00060,U3bae1603803a839c0cb52f511d9cb8f6,Uff7558dedfeafb29ed7544968094b5a9,image,delivered,2026-01-13 09:52:30,
59ded189-d528-4866-9d3b-dc54c6e3e3a0,2026-02-08,msg_00051,U3bae1603803a839c0cb52f511d9cb8f6,Uf9118740950b8d7605da4800239687a7,image,delivered,2026-02-08 15:42:32,
5b4acc62-4060-4b7d-8328-c63bf8ef861d,2026-02-20,msg_00048,Ue7310890b01058478be93761a56d0aa0,Ucf56a0ec84b7cb26e850f8f4d70ef60e,flex,opened,2026-02-20 02:59:15,
9e448f27-5d3e-433d-8eec-6d6d46732d4b,2026-04-01,msg_00072,U4784fc8a8e1e4eb2435ad84e0ad052f2,516874fc85749c49262277a363124249,image,delivered,2026-04-01 03:46:57,
e342ce10-d10e-44fb-8a64-20208da57b4e,2026-02-24,msg_00039,U743849e63f8101ac616f8fd0ba84a167,U55087ec72490f0478b58c26add30c821,flex,delivered,2026-02-24 02:33:08,
f9244ae5-bb88-49d9-9ebc-223e76e253f9,2026-01-20,msg_00108,Ub0341314a5534ea92b26fa8adc30543f,U7f150238f326bc98fdf65ab295d6d136,flex,delivered,2026-01-20 01:48:26,
b30d5508-9c46-440c-b865-c5889a9fec05,2025-11-24,msg_00033,U3bae1603803a839c0cb52f511d9cb8f6,Udc6b2cd2676b083e543cf36d269bda9e,text,opened,2025-11-24 02:08:36,
d3a6cc14-b906-454a-8231-c5ede655a891,2026-02-08,msg_00051,U3bae1603803a839c0cb52f511d9cb8f6,Uf90a7e9670ccbad42f782a800352837e,image,delivered,2026-02-08 19:10:06,
566fbd3d-0b11-474c-bdca-5d93b15d559f,2026-03-21,msg_00023,U743849e63f8101ac616f8fd0ba84a167,Ud90360e5ae4001930042ff1e25dd1cea,imagemap,clicked,2026-03-21 21:01:13,https://example-saas.jp/lp/newmenu
00a6968b-f2c9-4fe1-b274-ef563012158e,2026-04-04,msg_00049,U476acbdef8e9a16d24575e4f6d7b0f31,U511060775e891c1ecd2875befb1eb763,text,opened,2026-04-04 10:47:51,
af5f7119-71ec-4f83-9f50-21caf668f146,2026-01-26,msg_00063,Ub0341314a5534ea92b26fa8adc30543f,Ub13406b9fdc8ef837b8cd16e553c87b6,imagemap,clicked,2026-01-26 19:40:06,https://example-saas.jp/lp/newmenu
59842f06-c9b0-4fc9-8df6-46a1798239af,2025-12-24,msg_00091,U3bae1603803a839c0cb52f511d9cb8f6,U60770f3edb6231d68cb9c18a3a9f7889,imagemap,delivered,2025-12-24 22:18:06,
a3983cc9-a559-4ab1-952f-734cb7f1f2b8,2026-04-06,msg_00074,U3bae1603803a839c0cb52f511d9cb8f6,Ue7f82af9dc7bb5a2571c5a98f4d8bb6d,text,delivered,2026-04-06 07:21:10,
8f8c4102-aa8a-4156-baa1-6010fed8be95,2025-12-25,msg_00045,Ue7310890b01058478be93761a56d0aa0,U592eb10b63efc2af3b258e8041d759a9,video,delivered,2025-12-25 00:14:22,
b4086b42-7ee4-4dfa-80ca-420acb4ff6f9,2026-01-09,msg_00052,U743849e63f8101ac616f8fd0ba84a167,U6c611d8b1dc20f9ab746bb75e21d0a6b,video,clicked,2026-01-09 22:04:48,https://example-saas.jp/coupon/500off
b7876163-c466-4b91-bb94-ffd41fe3ea9e,2026-02-24,msg_00039,U743849e63f8101ac616f8fd0ba84a167,Ud893c7e4732a3bd9cce960b22a296597,flex,delivered,2026-02-24 22:12:18,
fc4c41c7-b365-4a92-8eea-bf9a35b185a6,2026-01-24,msg_00066,U3bae1603803a839c0cb52f511d9cb8f6,U9e417697b030cdd6a103281ea3356886,image,delivered,2026-01-24 15:38:10,
31d699b3-4275-4aec-bde1-e04d0c5e5deb,2025-12-02,msg_00088,U3bae1603803a839c0cb52f511d9cb8f6,U6cffaa6a5293b8be47ee9d4ad2d2271c,image,delivered,2025-12-02 10:39:55,
00189059-4f88-4888-8d5c-3c99e388b4c2,2025-11-30,msg_00025,Ub0341314a5534ea92b26fa8adc30543f,Ub4bd976535f380894725bddf2c9c9eaa,imagemap,delivered,2025-11-30 00:32:28,
d8730fb2-df10-492f-8fbe-c75ca145841b,2026-01-09,msg_00052,U743849e63f8101ac616f8fd0ba84a167,U5edbef6d4e34c77c9d2631bd4db75cf1,video,opened,2026-01-09 18:35:44,
d28f0ecb-1a33-4eba-9a4d-bebc2b05cbdb,2025-11-17,msg_00099,U3bae1603803a839c0cb52f511d9cb8f6,U9d3c4fd92bbbced2e8b7c86148ad7e6c,text,delivered,2025-11-17 02:48:01,
f9319485-8ac1-4826-b33c-a5beed00d8d8,2026-03-26,msg_00040,U3bae1603803a839c0cb52f511d9cb8f6,U4a5309981a87ce8b4faf148126e8fe94,imagemap,opened,2026-03-26 04:22:46,
9a1b8de5-32a1-404f-98a5-0127b961585e,2026-03-22,msg_00119,U3bae1603803a839c0cb52f511d9cb8f6,Ua44176426347cbf8f8ad274013048055,imagemap,blocked,2026-03-22 11:59:42,
074bfb13-ecbc-45b5-bdf2-8d42d6a2a959,2025-12-23,msg_00109,Ue7310890b01058478be93761a56d0aa0,Uc1739064a542de544c4ec12f1692b5b7,text,delivered,2025-12-23 15:49:35,
e7f0ee7b-d330-4b02-853c-bf9e372d3d93,2025-12-18,msg_00114,Ub0341314a5534ea92b26fa8adc30543f,U88fc4b7330569ef959eb32f877874436,flex,delivered,2025-12-18 15:05:17,
bcce5744-de64-4bc7-8e76-389822d2f2ed,2025-12-18,msg_00070,Ue9a1e8a5b83a6b296d43c957a8cfba4a,c46ccea2b2d82abe40253c3225fda9c7,imagemap,opened,2025-12-18 04:23:47,
b436ec01-f3f2-4dfc-86c0-f2cf1bc40071,2026-03-22,msg_00119,U3bae1603803a839c0cb52f511d9cb8f6,Ua0d5dfc042d739bcc1f32ecd0c684f72,imagemap,delivered,2026-03-22 07:30:34,
22d3557d-6f94-4213-8f24-84fd4e771ef6,2026-03-11,msg_00067,U7e808d11d6f9901a954a542a7ee09918,Ue016b13cb37e9480963fc0383dd7b01f,video,delivered,2026-03-11 21:26:52,
e5e3dd25-34b8-4423-be9e-a22806edba99,2026-03-22,msg_00119,U3bae1603803a839c0cb52f511d9cb8f6,U36e98e825a733e327866e634ae1d1f55,imagemap,clicked,2026-03-22 17:07:39,https://example-saas.jp/survey
f4405039-513f-4759-a719-33efb007830b,2026-02-16,msg_00021,U743849e63f8101ac616f8fd0ba84a167,Ua43866fae9f31b60bb44805d802347ea,flex,delivered,2026-02-16 08:52:19,
84d45afd-d900-422a-ac8d-642bedaf5252,2026-03-05,msg_00014,U3bae1603803a839c0cb52f511d9cb8f6,Ucef926748270cb2eb5c6fb03f2377e63,flex,delivered,2026-03-02 10:50:00,
d9384480-7de2-44f0-b19f-eec33150cceb,2026-03-23,msg_00073,Ud4a92c8c8050eed40ef171cc2784d638,Ue1b2f1cbcaf829b479c61f100b38dc15,imagemap,delivered,2026-03-23 17:17:45,
995f925a-bd01-4cad-b92c-845a3cfd1ad0,2026-02-28,msg_00117,U743849e63f8101ac616f8fd0ba84a167,f330cf3e5ef4589bac742259264ffdf2,video,delivered,2026-02-28 16:34:43,
a59bdab5-c57f-4823-9685-8c8574ae38e3,2026-03-26,msg_00040,U3bae1603803a839c0cb52f511d9cb8f6,U2dcca571d4c65543d30465782085d152,imagemap,delivered,2026-03-26 15:15:00,
7e89141b-5721-41c6-9ec0-e737ea2f1310,2025-12-31,msg_00082,U227d1cd1a801c367de206ec4bbca7330,U97c533ab427c7a8936e4aaf6e8852166,imagemap,delivered,2025-12-31 18:25:53,
fcea2a37-bc5c-4b7f-9e60-a3d0c172a92f,2026-02-20,msg_00048,Ue7310890b01058478be93761a56d0aa0,U13d9f15606a5e085c8e571757ccc3af7,flex,opened,2026-02-20 21:03:23,
b1e67fb7-62bc-4b61-bef3-553edeca8c87,2025-12-24,msg_00091,U3bae1603803a839c0cb52f511d9cb8f6,U8f53cb3863b5a28d2dac76d599b6f78f,imagemap,opened,2025-12-24 07:59:55,
4cfc38c5-7fab-4aef-ae8e-590ad074afa4,2026-02-20,msg_00048,Ue7310890b01058478be93761a56d0aa0,U0452c300aaba7d99ea63a8a281801c70,flex,opened,2026-02-20 10:03:55,
2072943a-fb32-485e-b112-57e3cc63aa4a,2026-03-20,msg_00092,U743849e63f8101ac616f8fd0ba84a167,Ufdfde78796484f28bdecf849723ccf6e,video,delivered,2026-03-20 04:03:58,
75b059cd-f4a0-44fd-83fd-19c721658411,2025-12-12,msg_00029,U743849e63f8101ac616f8fd0ba84a167,Udcc8e0dbc9855ed0fa2e4c86533c8afa,imagemap,failed,2025-12-12 16:33:13,
b6dbc07f-a939-44f3-95d6-9d880eba6d4a,2025-12-09,msg_00059,U3bae1603803a839c0cb52f511d9cb8f6,U0b2da4d05c63f9aa81d9bed543b52eea,imagemap,delivered,2025-12-09 06:54:02,
08f77c4f-cf56-4334-946d-d60af80b40d4,2026-04-12,msg_00120,U227d1cd1a801c367de206ec4bbca7330,U1cd5fe51335c65308153dc5a60ecc2fb,text,delivered,2026-04-12 14:57:54,
82d5575b-0dab-4f9d-98e6-d608b8bfe9ff,2025-11-24,msg_00033,U3bae1603803a839c0cb52f511d9cb8f6,U5f7a0db21667d7e6a07940980353e262,text,delivered,2025-11-24 01:39:27,
980e1d84-86e9-4a93-b36a-e2f1337039b9,2025-12-12,msg_00029,U743849e63f8101ac616f8fd0ba84a167,Uba74dfd91c30329cf3896438ee32bc91,imagemap,delivered,2025-12-12 16:06:53,
9dd4c634-3597-45ec-ac0b-8cdce0a0b1dc,2026-03-08,msg_00112,U3bae1603803a839c0cb52f511d9cb8f6,U77c27d5bcba886d17f26b0d2f2a25347,image,opened,2026-03-08 02:56:31,
45ae1d33-3ce5-41bf-9eb7-b63f7ccd7c56,2025-11-26,msg_00028,U3bae1603803a839c0cb52f511d9cb8f6,U5c55f61e4bf77799b20a2eb23ba511d2,image,delivered,2025-11-22 10:58:03,
184b7533-eb12-41e9-a185-1230648a48d1,2026-02-20,msg_00048,Ue7310890b01058478be93761a56d0aa0,U92858a4d864721c42c891f3ddee350e9,flex,opened,2026-02-20 20:22:01,
889305c4-a55a-437c-87b1-d267984fb556,2026-02-24,msg_00039,U743849e63f8101ac616f8fd0ba84a167,U4fad0a3e9ba5b02226e97d512b55db12,flex,delivered,2026-02-24 06:06:42,
a958e998-f34f-4d45-b3ef-0092d1fdec85,2026-02-14,msg_00042,U3bae1603803a839c0cb52f511d9cb8f6,U0a58b98c5e72683c3e5718edf927ea53,video,delivered,2026-02-14 04:38:01,
a99e87c4-514b-4bc8-b940-868fd351f8b5,2025-12-07,msg_00003,U227d1cd1a801c367de206ec4bbca7330,Ufaaa3462e4c3d4171bba6beaacaeeaa8,image,opened,2025-12-07 10:26:58,
61888e3e-a164-4ddd-bdce-2265fd416efa,2025-11-17,msg_00099,U3bae1603803a839c0cb52f511d9cb8f6,U994dbcc3c3378cc6604c27cc72fcfc7a,text,delivered,2025-11-17 00:00:10,
9c683510-6f18-4b80-b9b5-993d505824c2,2026-03-21,msg_00023,U743849e63f8101ac616f8fd0ba84a167,U373ac4d8d4b1ecdda2f31e5f5df7b52f,imagemap,opened,2026-03-21 16:54:07,
52952af9-cc50-4e6f-9890-9bed9a65a750,2026-02-09,msg_00083,U3bae1603803a839c0cb52f511d9cb8f6,U0c2dff0389dff183431400f954273959,flex,opened,2026-02-09 02:50:39,
1f9d9297-2224-47ad-98b6-5390a117c3e6,2026-03-04,msg_00056,U1ca413826b7044d134c9c3132420c9de,U6f7750d5575766a372c949be571c43fa,text,delivered,2026-03-04 21:59:06,
41b82c67-ef9b-4aa8-a749-31d156cfb3d5,2025-12-09,msg_00069,Uc20f9c7e9b662bedec3cb78e127885c7,U1bc43918efe952dd6966d9909909a73d,imagemap,clicked,2025-12-09 12:20:27,https://example-saas.jp/lp/newmenu
f1ac034c-1178-42e9-af2b-6e71824f0620,2026-03-27,msg_00096,U476acbdef8e9a16d24575e4f6d7b0f31,Ubfc5c91799466c1fe81c7950b8341bfb,imagemap,delivered,2026-03-27 16:30:45,
32b617be-ada6-42ec-abd9-384a408ca235,2026-04-04,msg_00049,U476acbdef8e9a16d24575e4f6d7b0f31,Ud830465cdad68d662a7b8c3c7874c336,text,delivered,2026-04-04 16:30:59,
5b21fc60-b333-4b72-8303-0715385a5739,2025-12-12,msg_00029,U743849e63f8101ac616f8fd0ba84a167,U636c90cd195b6a579147218666ff5524,imagemap,opened,2025-12-12 16:08:10,
96faee51-95a7-4721-bb5e-a6ac70676cc6,2025-12-23,msg_00061,Ub0341314a5534ea92b26fa8adc30543f,Uc9f5260fb444c9da954df95e3397f645,imagemap,delivered,2025-12-23 02:42:54,
859324bc-ac99-49b5-a6cf-bea85fdce749,2025-12-24,msg_00091,U3bae1603803a839c0cb52f511d9cb8f6,U2859acc170fdf8f664b49317fc67469b,imagemap,delivered,2025-12-24 15:33:14,
27c52616-4053-4218-8499-60b7ef658331,2026-04-08,msg_00041,Ue7310890b01058478be93761a56d0aa0,U39131851a985b2bbd54990ca5503bea4,text,opened,2026-04-08 23:38:15,
e588f0b7-63c8-4af6-9fbd-cb103a40544a,2025-12-03,msg_00012,U743849e63f8101ac616f8fd0ba84a167,U4cd7a474e41d2919dab7f31cd25e8d84,imagemap,clicked,2025-12-03 16:02:08,https://example-saas.jp/survey
347ec55b-6475-4af5-be63-c68a27b5f9a7,2025-12-07,msg_00003,U227d1cd1a801c367de206ec4bbca7330,U3a0166b4d201d34e1e44557c78ca8eb4,image,delivered,2025-12-07 10:28:30,
36027998-9feb-4dc5-b925-9c4fddbec338,2026-01-24,msg_00113,Ub0341314a5534ea92b26fa8adc30543f,U412df1464a37a99104324734452a8c89,text,opened,2026-01-24 19:04:56,
c6505981-29a5-4a3e-a059-b87fb0fde5e2,2026-04-04,msg_00049,U476acbdef8e9a16d24575e4f6d7b0f31,Uf3d3f83a2addd301b0fe8680ea8f814c,text,delivered,2026-04-04 23:07:18,
f05cc529-74e7-4a24-a837-f78013f35739,2025-12-18,msg_00114,Ub0341314a5534ea92b26fa8adc30543f,Ucc895c7878e34d89edae8fa73ce70f12,flex,delivered,2025-12-18 15:02:52,
9f62d21a-de23-4271-8b15-9321f1e2026b,2026-01-24,msg_00007,Ub0341314a5534ea92b26fa8adc30543f,Uca6aa0c322c67e9700f09246216bdee5,imagemap,opened,2026-01-24 07:44:15,
66f99190-5ab3-445f-8de2-7f15ca3d7292,2026-02-07,msg_00090,U4784fc8a8e1e4eb2435ad84e0ad052f2,U1ee51e2006796f93671f63d17db64fb0,imagemap,delivered,2026-02-07 12:45:09,
1a9d71bc-7ba7-44be-b0a7-67579d0b948b,2025-12-15,msg_00030,U3bae1603803a839c0cb52f511d9cb8f6,U6c62c3c78bedd1da45e9462ba1a0f1c6,video,delivered,2025-12-15 13:42:33,
a0879424-3ef2-47fc-b456-874c0c8576d5,2026-02-20,msg_00048,Ue7310890b01058478be93761a56d0aa0,U756f49682b6e54a841125bd33d08587e,flex,opened,2026-02-20 17:10:09,
7f20dfb6-eb80-48b2-8e1f-3067b7e058fa,2026-01-29,msg_00031,U3bae1603803a839c0cb52f511d9cb8f6,Uc1142fc0837a958dce4f5785338b0bd9,video,opened,2026-01-29 12:52:37,
57e3c2e8-bf91-4dfd-9460-050c4ec053aa,2025-12-08,msg_00015,Ub0341314a5534ea92b26fa8adc30543f,U3117216dad4252e2b5a44ddc3b1776f4,text,opened,2025-12-08 08:50:02,
0828bed5-93e1-42bc-a5b4-deadfd2292dc,2026-01-18,msg_00102,U227d1cd1a801c367de206ec4bbca7330,U5b6ea0fd1bebedba069c9beaae39bb69,video,delivered,2026-01-18 17:05:35,
285a3aca-b18c-41ae-9089-29178e1fbf58,2025-11-23,msg_00053,U743849e63f8101ac616f8fd0ba84a167,U02f8282152637abf1608e05c5a8c6fab,video,delivered,2025-11-23 15:20:54,
71eba57b-eaf9-458e-b041-e39860cebceb,2025-11-17,msg_00099,U3bae1603803a839c0cb52f511d9cb8f6,U8cfd99b632248daf5d82541698d95670,text,delivered,2025-11-17 08:41:03,
8608350d-03de-48f5-8954-68f16f89cdd0,2026-02-15,msg_00089,U3bae1603803a839c0cb52f511d9cb8f6,Ue24fef8c2d58a05ab652177beca75e97,text,opened,2026-02-15 10:49:30,
4b351a6c-2ca6-4d43-b0b9-4daf0deea007,2025-11-30,msg_00025,Ub0341314a5534ea92b26fa8adc30543f,Ua42fe2223d5e46ddc24653c75509497f,imagemap,opened,2025-11-30 05:27:48,
d7b37508-e1ac-4b71-b884-5a8df2310035,2026-02-05,msg_00107,U3bae1603803a839c0cb52f511d9cb8f6,Ubace48122eeaeb6369554b8777bbafcf,text,opened,2026-02-05 02:00:38,
1949ffd1-d2d9-4935-8287-ca4ceeed6d65,2025-11-22,msg_00047,Ue7310890b01058478be93761a56d0aa0,U482b6ff122075b15ddf9a7a9b4ebff31,video,delivered,2025-11-22 23:18:53,
2875be1a-2540-442e-a10d-3e888a6fb0cb,2025-12-31,msg_00082,U227d1cd1a801c367de206ec4bbca7330,U2e2d642bb8334a11e757e21e4d8079f1,imagemap,delivered,2025-12-31 11:41:26,
332ce606-b4a4-4234-bf71-0dc2fdc4fd82,2026-04-04,msg_00049,U476acbdef8e9a16d24575e4f6d7b0f31,Ud8633c55e695baac07be0ea5755db7c5,text,delivered,2026-04-04 18:45:19,
c259c4b8-22b4-47d5-b6df-e2dfcee28f09,2026-02-24,msg_00102,U743849e63f8101ac616f8fd0ba84a167,U6a00c5e9f90124bcf4c258deb11639b9,video,unsubscribe,2026-02-24 22:06:53,
7cc0071e-9417-4706-bfa3-a0c8405ce3e3,2025-11-23,msg_00053,U743849e63f8101ac616f8fd0ba84a167,Uf6736e723228efc4f7997a71595c7e4e,video,clicked,2025-11-23 14:45:24,https://example-saas.jp/lp/newmenu
393661c9-b3cc-40e6-9113-4f5484045664,2026-04-10,msg_00101,U743849e63f8101ac616f8fd0ba84a167,Uc1e9f4384c9a3aa455eebff09e3ce985,imagemap,delivered,2026-04-10 05:58:58,
d2831888-d307-4d12-a6a9-bcdede23fea5,2025-12-09,msg_00094,U227d1cd1a801c367de206ec4bbca7330,e1debdb30b37ab008aff9edcb9d0d273,flex,delivered,2025-12-09 00:43:02,
e27c3cca-a364-41f8-a079-b4e4d949f68a,2026-02-01,msg_00075,Ub0341314a5534ea92b26fa8adc30543f,Ub71175c1720cefe8265436d73b028afd,imagemap,clicked,2026-02-01 21:55:04,https://example-saas.jp/lp/newmenu
82169501-1381-44e2-adac-eaad7161697f,2026-03-04,msg_00056,U1ca413826b7044d134c9c3132420c9de,U69aaed2a670588a4d1a6cf2652f9c40c,text,clicked,2026-03-04 04:27:12,https://example-saas.jp/campaign/spring
0ccfab5f-50b9-43af-88d2-bb075bbb9854,2026-01-24,msg_00066,U3bae1603803a839c0cb52f511d9cb8f6,Uc7a10840549ae5f508131cc61799485d,image,delivered,2026-01-24 18:03:51,
ce87cc23-7686-4c8e-9735-8dc06d577c3a,2026-01-07,msg_00110,Ub0341314a5534ea92b26fa8adc30543f,U0ac4f7e84a3cbd0dc8efe99245ac02a2,video,opened,2026-01-07 14:47:03,
63d506dd-1fce-4121-945e-cdc828ced344,2026-01-26,msg_00086,U4784fc8a8e1e4eb2435ad84e0ad052f2,U60914c6d6f7a86c35fc0859d49434b76,text,opened,2026-01-26 09:55:24,
9fb30545-161e-4c57-b62b-3218f293c422,2026-02-20,msg_00036,U879eb903ad90cd9c2874f6df7651267a,U9a67d07b1f004b3b7c87850c7bcaf65f,video,delivered,2026-02-20 14:21:58,
dc54077a-a66b-4520-b9e2-5e48c96efc9e,2025-12-24,msg_00091,U3bae1603803a839c0cb52f511d9cb8f6,U8602f5dc87ee0033c21d7a3478ce3466,imagemap,opened,2025-12-24 22:38:18,
52794dad-fa34-43fd-86e4-93f2326abf4a,2026-02-19,msg_00016,U837b70463a585f85743b5bfb3b49c9fd,U30efba511dc1c9e1cb965a44524b5dba,flex,opened,2026-02-19 16:30:35,
9eb5a458-a579-4c81-be97-a788467dab4d,2025-12-08,msg_00015,Ub0341314a5534ea92b26fa8adc30543f,U75d7d032be6f23a07bc69542aeff6645,text,delivered,2025-12-08 02:37:59,
531571cf-5cec-45d9-90d9-87fa1ac579b6,2026-02-07,msg_00090,U4784fc8a8e1e4eb2435ad84e0ad052f2,8ff9af4a499a4aa8557e2c7e321a0079,imagemap,opened,2026-02-07 05:04:10,
203cab49-17ee-4d55-b545-e0a25d96a935,2025-12-03,msg_00012,U743849e63f8101ac616f8fd0ba84a167,U0399dac9f00ebcfb2206ccbb18632ac5,imagemap,opened,2025-12-03 10:43:25,
abee3dcb-22aa-4d39-ab1a-5597ec53c30a,2025-12-18,msg_00115,Ub0341314a5534ea92b26fa8adc30543f,U6b72f43d579073ce59e9bde09b0d5cb1,flex,unsubscribe,2025-12-18 10:11:07,
8630e41f-880e-4afa-aa99-3a8dc1482bc6,2025-12-02,msg_00088,U3bae1603803a839c0cb52f511d9cb8f6,U2e34243a620ebf2489d4062a49f895da,image,clicked,2025-12-02 14:27:45,https://example-saas.jp/survey
7e8f744b-200e-4dbc-8f71-9f10a57371c5,2026-01-18,msg_00102,U227d1cd1a801c367de206ec4bbca7330,Ua3f88ef56b4f35cf34a0f17605145c99,video,opened,2026-01-18 15:28:46,
368519d0-4320-4774-9bb8-9858ec43dd87,2025-12-25,msg_00077,U743849e63f8101ac616f8fd0ba84a167,U2da419f2d90b9bdb25caec23ddb5def3,text,opened,2025-12-25 07:52:08,
d824cd14-6a94-4f25-9405-406bacfb430c,2026-04-05,msg_00054,U3bae1603803a839c0cb52f511d9cb8f6,U528dcc6b3769db2eb61083d8b336be8d,image,delivered,2026-04-05 21:17:15,
4d218a8c-e219-4142-8520-38829c67bbdc,2025-11-27,msg_00018,U3e5dd3a641c58ad50e49f095c6f1e306,U2768147666ed9d24c2ed6c580de8e309,imagemap,delivered,2025-11-27 03:57:30,
5cb9d523-fe12-4b4c-b1b2-5ca50b269c90,2025-12-25,msg_00045,Ue7310890b01058478be93761a56d0aa0,U3e4f41d4461478a6cde09c2bd83652a2,video,opened,2025-12-25 09:10:26,
7fbb02c4-024c-460f-97c8-1212cd08238d,2025-12-03,msg_00012,U743849e63f8101ac616f8fd0ba84a167,U094c87bccc27ef6e94cee2b3584b2514,imagemap,delivered,2025-12-03 16:38:15,
c7b75524-4ad5-49f5-8b81-523c2e967eaf,2026-03-27,msg_00096,U476acbdef8e9a16d24575e4f6d7b0f31,U02338e9030917b90ca946b1e86c74ea7,imagemap,delivered,2026-03-27 08:38:29,
74e706c3-a1f6-4385-875c-918ba4e69b39,2026-03-22,msg_00119,U3bae1603803a839c0cb52f511d9cb8f6,U86a450ced8792c3da198330e346eb9a7,imagemap,opened,2026-03-22 16:51:04,
69303548-c6d8-41ad-9559-56fe1343586d,2025-11-23,msg_00053,U743849e63f8101ac616f8fd0ba84a167,U407ae8aa7bd5f663fe426ab5259b5662,video,opened,2025-11-23 16:39:12,
9c901244-6c2a-46fb-a385-e031c5abc306,2026-01-30,msg_00050,U3e5dd3a641c58ad50e49f095c6f1e306,Uea8a5c02dc8fd094a6a3a1b5d2b1805d,image,delivered,2026-01-30 09:00:21,
091ff7e1-4a69-4a72-8433-df9b1c0c8633,2026-04-01,msg_00072,U4784fc8a8e1e4eb2435ad84e0ad052f2,U7acc98a57cb2da23ab10f9f662dfcadd,image,delivered,2026-04-01 07:52:01,
d594842a-b54a-409f-a8d8-4c71323438a1,2026-02-28,msg_00117,U743849e63f8101ac616f8fd0ba84a167,Uf47846cf780f7af63f585842fc667cd5,video,delivered,2026-02-28 11:13:23,
4fab4221-b57f-401a-855e-97c2e8c5335f,2026-01-26,msg_00063,Ub0341314a5534ea92b26fa8adc30543f,Ude62b0f9fdef5c2192ab86393b03c256,imagemap,opened,2026-01-26 07:33:04,
ff059e4f-fee8-4bf3-bbe0-a446d0058fe3,2026-02-14,msg_00098,U743849e63f8101ac616f8fd0ba84a167,df9362aa95220dc4c8aeaaedf0d5f7f6,imagemap,opened,2026-02-14 21:01:29,
9538538c-a23d-4a9b-b483-186ee128a36c,2026-04-04,msg_00049,U476acbdef8e9a16d24575e4f6d7b0f31,U1de318d70e3af5947f16553656ea6911,text,delivered,2026-04-04 06:04:45,
7df36b75-c37b-4e40-b307-8159bfa12457,2026-02-09,msg_00083,U3bae1603803a839c0cb52f511d9cb8f6,Ua6dfe584d65cfdb612e20ea38cdf103b,flex,blocked,2026-02-10 01:52:12,
2a65a222-90f5-45b2-b4fd-0269386876a8,2026-03-06,msg_00055,U3bae1603803a839c0cb52f511d9cb8f6,Ud1fb2e1c24e254d413079465f6ffc6a1,flex,delivered,2026-03-06 07:02:47,
48785f34-191b-4e4c-aa52-fb88c100d9aa,2025-11-24,msg_00033,U3bae1603803a839c0cb52f511d9cb8f6,Ua3ba4753b9ca65171ee2abbfd336a352,text,opened,2025-11-24 16:07:44,
64085f8c-5d8d-43f7-8e7e-76995d18c00e,2026-04-01,msg_00072,U4784fc8a8e1e4eb2435ad84e0ad052f2,U04c0ad1737f0acdfea1f6faacffaffa8,image,opened,2026-04-01 21:00:25,
8263d1e7-e137-4462-886a-739713af3f6c,2026-01-24,msg_00066,U3bae1603803a839c0cb52f511d9cb8f6,U1c2f246f5cfe73f19b601b67f279ec9e,image,delivered,2026-01-24 14:39:37,
41ad7d98-7847-45be-81e7-f5b1b15afcf3,2025-12-18,msg_00114,Ub0341314a5534ea92b26fa8adc30543f,Ud16b60a6975c244534709c8b9c62b85a,flex,delivered,2025-12-18 19:52:45,
3be06bfc-9291-4777-a733-3014d1e79f5f,2026-04-08,msg_00078,Ud4a92c8c8050eed40ef171cc2784d638,Uaf6b74a211e51d5a1668b530451cb18d,image,delivered,2026-04-08 08:08:27,
981a6bd4-a288-4527-aef3-90091d62c5fa,2026-01-24,msg_00066,U3bae1603803a839c0cb52f511d9cb8f6,Udb16a7b0398b73c9112e6bb0d59bc026,image,delivered,2026-01-24 16:02:12,
ba7ed204-0734-4de3-84f0-0b74c80605c2,2025-12-12,msg_00004,Ub0341314a5534ea92b26fa8adc30543f,U36cb93cd0dc7001498a40ba42cc9c1ee,video,opened,2025-12-12 09:33:12,
52d66495-3330-4bc8-ad0b-1800eb0772aa,2025-12-25,msg_00077,U743849e63f8101ac616f8fd0ba84a167,1a22dfed128e1d6c6e5fe3335e9e4dfb,text,delivered,2025-12-25 10:29:35,
6370daea-d3f7-445b-a89e-de58586f9536,2026-01-24,msg_00113,Ub0341314a5534ea92b26fa8adc30543f,U04de002c12f9bc2cab1fba57950e107b,text,delivered,2026-01-24 17:14:35,
671c8c4d-e056-442d-996f-d053b1bfe0db,2026-04-10,msg_00101,U743849e63f8101ac616f8fd0ba84a167,Uddc8c29c0f6722904789eb201f7e08c6,imagemap,delivered,2026-04-10 14:54:06,
b098675b-4c24-4ada-a0df-7d0c93453695,2025-12-18,msg_00070,Ue9a1e8a5b83a6b296d43c957a8cfba4a,Ua0e9c8c1c15826f7bb3a945bbe2a22bc,imagemap,delivered,2025-12-18 01:09:36,
16aebf7a-f39a-4303-afae-4360642127ea,2026-02-14,msg_00098,U743849e63f8101ac616f8fd0ba84a167,Uc993efe193849d5598d575caa1faeb8b,imagemap,opened,2026-02-14 08:50:16,
e2df455d-5910-4805-8b0f-0dd8f0181102,2026-02-20,msg_00048,Ue7310890b01058478be93761a56d0aa0,U76d0a8ccba503c0dbc09cb824a59277d,flex,delivered,2026-02-20 13:21:25,
e71a7c46-7034-4162-ba48-33174111b3ee,2026-04-12,msg_00120,U227d1cd1a801c367de206ec4bbca7330,Ue41b8957bfaaca39fcd239fca4d810a8,text,opened,2026-04-12 05:31:53,
28e8c1ae-b25c-4bc5-bd5c-01de46648458,2026-04-04,msg_00049,U476acbdef8e9a16d24575e4f6d7b0f31,U9fa1f79b38b4db07c63e5c96351415c6,text,delivered,2026-04-04 17:02:08,
021e821e-a1a9-4ccd-8a28-0b1750bf1600,2026-03-27,msg_00096,U476acbdef8e9a16d24575e4f6d7b0f31,5b92bc3cf412431e52fafe7e5a750779,imagemap,delivered,2026-03-27 12:18:14,
472496b2-68e6-4e1d-bfd0-51e28d872339,2026-03-20,msg_00092,U743849e63f8101ac616f8fd0ba84a167,Ub5f1252ba809e2de5861912739170321,video,opened,2026-03-21 00:48:17,
61b3169e-1e27-42c1-8d77-4b648d22ce80,2026-03-31,msg_00046,U4784fc8a8e1e4eb2435ad84e0ad052f2,Ue357a66a7dfce2f91f9f8a27df50d77f,flex,opened,2026-03-31 04:01:44,
c5caf436-bdb3-43c4-9760-2cf0c20e37e7,2026-03-13,msg_00001,U4784fc8a8e1e4eb2435ad84e0ad052f2,90aedbb30df6df3eadeac42a2ab3c9cb,image,delivered,2026-03-13 00:09:17,
a4c37af8-e2fd-456d-8467-ec5bfbe3c861,2025-11-27,msg_00018,U3e5dd3a641c58ad50e49f095c6f1e306,b3633c20ae5d00e4f956e4045432b5d5,imagemap,delivered,2025-11-27 19:56:02,
6600683d-3679-4bd9-89fe-33199dfee7ac,2026-01-13,msg_00060,U3bae1603803a839c0cb52f511d9cb8f6,U47e9fe1528147496c178a0e998fad6aa,image,delivered,2026-01-13 03:58:02,
daee09d0-d3a2-4400-822d-909c7c3d8e92,2025-11-17,msg_00099,U3bae1603803a839c0cb52f511d9cb8f6,U2a4a723703fc4b1b0d6e488965de888a,text,opened,2025-11-17 22:00:09,
224b89fb-3cbe-4fa4-9bd2-33e321babafa,2026-01-24,msg_00007,Ub0341314a5534ea92b26fa8adc30543f,U0627150b2f9eea8808b89636e8222f70,imagemap,delivered,2026-01-24 04:32:28,
ca1a86c4-f66b-40e9-ba24-7d68d2351576,2025-12-12,msg_00004,Ub0341314a5534ea92b26fa8adc30543f,U8610d5cca32ac6be4024f14fef9d25c2,video,opened,2025-12-12 23:01:46,
56c5ab44-777f-472a-ac47-c34b805dce70,2025-12-09,msg_00069,Uc20f9c7e9b662bedec3cb78e127885c7,U6a6210cd11688219846bb4adb2845b7c,imagemap,delivered,2025-12-09 22:23:52,
aec2384b-761c-4f96-b116-0767a54cf9cf,2026-03-11,msg_00104,Ub0341314a5534ea92b26fa8adc30543f,U9b4220c558cd850f2904df4c7df1fae3,image,delivered,2026-03-11 04:22:01,
afa34aac-c793-4c47-8c74-a60bf07fb6c7,2025-12-24,msg_00091,U3bae1603803a839c0cb52f511d9cb8f6,U7cd0d8d1a57ac7fd7c9b62b78c4ea816,imagemap,opened,2025-12-24 16:04:47,
2af6a12d-1e85-48d0-99ce-392ba5bdaea8,2025-12-24,msg_00091,U3bae1603803a839c0cb52f511d9cb8f6,U3991db1a9a335a330b848b45de7471a7,imagemap,opened,2025-12-24 08:05:03,
4cd5b0c5-cc28-40b9-909b-9423b2432b2d,2026-03-08,msg_00112,U3bae1603803a839c0cb52f511d9cb8f6,U8393055c5e52ea977fa1a49e449465d2,image,blocked,2026-03-08 18:32:41,
6bf4bf0c-8e1f-4ecf-9928-d28af63ac997,2026-02-09,msg_00083,U3bae1603803a839c0cb52f511d9cb8f6,Ud1ace43146d5abd3bd8d5ee012013d22,flex,delivered,2026-02-09 20:20:56,
ec90187a-739c-49f9-bd62-480c7601dbf0,2026-02-09,msg_00083,U3bae1603803a839c0cb52f511d9cb8f6,Ua6dfe584d65cfdb612e20ea38cdf103b,flex,clicked,2026-02-09 22:46:48,https://example-saas.jp/campaign/spring
0d59f24e-3a10-4f4b-91e9-77125bec3893,2026-03-20,msg_00106,U3bae1603803a839c0cb52f511d9cb8f6,U331541e5e68e92fbc82b2f33a356dce2,video,delivered,2026-03-20 15:26:03,
ff3bd498-983f-4312-a0ad-c6d6f4ba689c,2026-04-12,msg_00120,U227d1cd1a801c367de206ec4bbca7330,U289926d1f43d53326c9c6cb21ce4c776,text,delivered,2026-04-12 19:15:48,
324529c0-64e2-418b-b10e-3e87850f86a3,2026-02-28,msg_00117,U743849e63f8101ac616f8fd0ba84a167,U9b849872022fb302cf09e14c0e57a1dd,video,failed,2026-02-28 09:01:18,
1edbc183-186f-47ef-841c-004ccc4d4bae,2026-03-22,msg_00119,U3bae1603803a839c0cb52f511d9cb8f6,U978cc2b187055b2d730b2f22759ba0bb,imagemap,delivered,2026-03-22 18:19:20,
d784070b-3327-4b50-921d-9b3063b614ea,2025-12-22,msg_00038,Ub0341314a5534ea92b26fa8adc30543f,Uef63ec63b96778a4435b9404779c2b67,image,opened,2025-12-22 02:05:58,
adc432d8-6e03-4784-b9da-779fe153bbb0,2026-04-06,msg_00074,U3bae1603803a839c0cb52f511d9cb8f6,U5de94a96529f24444e37e933db79b527,text,blocked,2026-04-07 01:15:20,
be4cebbf-4169-44fe-913e-191c4909e4ad,2026-02-20,msg_00095,Ub0341314a5534ea92b26fa8adc30543f,Ud7dea2614618dc3fed431258c4317daf,text,delivered,2026-02-18 00:39:17,
e823a3e0-c2ac-48e3-a072-cdeffe901493,2025-12-12,msg_00004,Ub0341314a5534ea92b26fa8adc30543f,14fb42347472439ce5a1d88d0f89d084,video,delivered,2025-12-12 18:54:16,
b177a7fe-5a26-4933-b18c-2f9112281d9b,2026-03-06,msg_00055,U3bae1603803a839c0cb52f511d9cb8f6,Ufe53150a4a977873222ffe9752c01199,flex,opened,2026-03-06 04:08:44,
45301118-4b0e-4622-b8a0-a57cb050b093,2025-12-03,msg_00012,U743849e63f8101ac616f8fd0ba84a167,Uc1d05e3ff985a2fa64fa22b9eeafcbcd,imagemap,delivered,2025-12-03 00:30:16,
1613b277-cc20-450a-a494-9b13b26181b1,2025-11-19,msg_00019,U743849e63f8101ac616f8fd0ba84a167,Ubd0bba60c8b3b6d0b1d8ee34cea49071,flex,delivered,2025-11-19 21:33:08,
c52530a6-6004-483d-ac87-a4c5bc4360a8,2026-04-05,msg_00054,U3bae1603803a839c0cb52f511d9cb8f6,U29fae62bf9c77a26bbab50abc5413621,image,blocked,2026-04-05 21:21:05,
89b20136-0705-4cd7-b066-4fd4ecd37964,2026-02-08,msg_00051,U3bae1603803a839c0cb52f511d9cb8f6,Uc437ae15ec0691cf193bcc46812b9bf2,image,delivered,2026-02-08 08:00:18,
ce5cd9fd-7649-4764-a9aa-6b5865ea28a5,2026-01-31,msg_00070,U3bae1603803a839c0cb52f511d9cb8f6,Uf20383b765d708766b27f6d687717732,flex,delivered,2026-01-31 18:01:03,https://example-saas.jp/coupon/500off
7b0b5d58-a7ef-4d5b-8a2d-ba715fd4f9ac,2026-03-11,msg_00104,Ub0341314a5534ea92b26fa8adc30543f,Udd731ffa3662a855c1d46192022308a5,image,delivered,2026-03-11 22:19:50,
6f73c033-a56f-4338-9b87-ade5988053b8,2025-11-22,msg_00047,Ue7310890b01058478be93761a56d0aa0,Ub1d0d4b5511b6c3efb6d846c31089dd8,video,delivered,2025-11-22 09:20:07,
0b6c0f16-897d-409e-8643-a7a6b9288bdc,2026-02-15,msg_00087,U3bae1603803a839c0cb52f511d9cb8f6,Ue23dd5eda8789a7db56a16c0e661d2df,imagemap,delivered,2026-02-15 03:13:30,
70f7edfd-a647-4b2f-ba08-8b193907d6a3,2026-03-21,msg_00023,U743849e63f8101ac616f8fd0ba84a167,Ue3ca9055f230219106f1b3a88889451e,imagemap,delivered,2026-03-21 11:43:58,
7a476e16-bc36-400b-b6cd-c4215384dc37,2025-12-19,msg_00064,Ub0341314a5534ea92b26fa8adc30543f,U4356119872ab0b8a4c6fd8a33a1f1313,image,delivered,2025-12-19 06:41:29,
1ecf3899-032a-4565-8021-7d842b7cca09,2026-02-20,msg_00017,U22a93bc29b1df104af6b1ba1cd91fc56,U6a3d7543843548dc5ca18d35aeec3ed0,video,delivered,2026-02-20 02:49:50,
3c2b3b86-7250-41b7-89a5-267a2a195c58,2025-12-23,msg_00061,Ub0341314a5534ea92b26fa8adc30543f,a036f97164d8585bbadeb515690d52d5,imagemap,delivered,2025-12-23 15:53:44,
f73d4708-dbd9-4eba-b889-b3225739e47d,2025-12-17,msg_00032,U3bae1603803a839c0cb52f511d9cb8f6,Ud91843c1855b1bfcda12fb8918649b8a,video,opened,2025-12-17 13:16:37,
862c02c5-fc8e-4d98-89c8-546aee7fcc7f,2026-03-21,msg_00023,U743849e63f8101ac616f8fd0ba84a167,U6a774f29f7b84c31bbd48c997b4b2af8,imagemap,delivered,2026-03-21 22:39:36,
bc8972c1-c8d0-4e46-b5ce-3bc105b382d8,2025-11-16,msg_00020,U3bae1603803a839c0cb52f511d9cb8f6,U31c4a30c4fcdffcc15b954cffda253ed,text,delivered,2025-11-16 20:29:18,
a61c6877-3b61-4921-946f-f75e43bc0a54,2025-11-24,msg_00033,U3bae1603803a839c0cb52f511d9cb8f6,U01c6f41a764590a06828160d7d275c89,text,delivered,2025-11-24 05:57:41,
a485fdf8-22d6-47cc-84ae-cfff9bd14bbd,2025-12-23,msg_00109,Ue7310890b01058478be93761a56d0aa0,Udd10b50bd470dedd65db0eb6f4fa0724,text,opened,2025-12-23 00:52:18,
e96f3d6a-bed3-41e0-853f-c08d3eedf7ae,2026-03-22,msg_00119,U3bae1603803a839c0cb52f511d9cb8f6,Ud9bd1695a37133f4a906c4153f04454a,imagemap,opened,2026-03-22 23:56:43,
6702f2f0-d3cb-4b89-802c-ac11a4a8281a,2026-02-01,msg_00043,U743849e63f8101ac616f8fd0ba84a167,U6bfe4a975aff3e7ba8f0bd6aee2d3b15,imagemap,deliverd,2026-02-01 05:31:18,
5f68f563-95e6-4c17-a661-d89523c93792,2026-03-22,msg_00119,U3bae1603803a839c0cb52f511d9cb8f6,U1e56e02d634561ccc3cf9a5f0f7240a7,imagemap,clicked,2026-03-22 11:40:06,https://example-saas.jp/coupon/500off
46c20bd9-8616-4a69-96f7-f9fe41fb5279,2025-12-07,msg_00003,U227d1cd1a801c367de206ec4bbca7330,U556e774c1ea39c9609e1958426cb6548,image,opened,2025-12-07 08:38:29,
334a215a-9b99-40fe-8ba7-8de183972cf3,2026-03-20,msg_00092,U743849e63f8101ac616f8fd0ba84a167,Uce1c541f481b9a395aea39acd05828aa,video,delivered,2026-03-20 16:24:46,
a664a485-1fac-4dc8-93fd-388526ef2812,2025-11-17,msg_00099,U3bae1603803a839c0cb52f511d9cb8f6,U2705ff5dbc9a5f207472487b8a7c90e2,text,delivered,2025-11-17 07:14:11,
ec18617b-5d91-4acd-8b0e-b5f886b41c80,2026-01-07,msg_00110,Ub0341314a5534ea92b26fa8adc30543f,U6c4b387be220cb03ee12b1e5c3230ce4,video,clicked,2026-01-07 13:17:34,https://example-saas.jp/campaign/spring
d87575c4-a5a8-43ea-847a-06b5187be30b,2025-12-12,msg_00029,U743849e63f8101ac616f8fd0ba84a167,U6a1b5db7fb6197d8edf797551244156b,imagemap,opened,2025-12-12 04:28:38,
de52e644-0664-4387-a7d0-48c759c6db4e,2025-12-22,msg_00013,Ub0341314a5534ea92b26fa8adc30543f,U0b99321220becdd61b7a0335dc8a85bb,image,delivered,2025-12-22 12:27:01,
cbb5b22a-4711-470f-975a-48d12be48f47,2025-12-25,msg_00077,U743849e63f8101ac616f8fd0ba84a167,U9663d403f460143daf6c3277d9b5f1c6,text,clicked,2025-12-26 01:06:26,https://example-saas.jp/lp/newmenu
e49ac59e-1274-436f-a068-62a86a493be7,2026-02-20,msg_00036,U879eb903ad90cd9c2874f6df7651267a,Ue2774c66e822264f1825c092d449ec05,video,delivered,2026-02-20 15:23:20,
bbc93737-43ce-4c41-8862-b1fc7cf99176,2025-12-31,msg_00082,U227d1cd1a801c367de206ec4bbca7330,U18a8459699af2d4169f0433824976440,imagemap,delivered,2025-12-31 12:58:50,
6afca66f-8be8-4183-8a2c-64976b3d69d9,2025-12-25,msg_00045,Ue7310890b01058478be93761a56d0aa0,U1940116ef50070622816da25749d3930,video,delivered,2025-12-25 21:58:50,
2051fc45-2327-437a-b662-2e5e178e2f41,2026-01-10,msg_00044,U30ad60bba5da9837ca5dd0230ca8f531,U1d762c19defb3541bbf981d38d2d7144,video,delivered,2026-01-10 05:30:08,
56abcc2c-db5a-48f9-8fa9-7d61fc498caa,2025-11-26,msg_00028,U3bae1603803a839c0cb52f511d9cb8f6,U8027b9e2df20546ae25a1bd3f4ac9848,image,delivered,2025-11-26 00:22:22,
2753f021-3a72-423c-95f0-7faa66a9cdaf,2026-04-01,msg_00072,U4784fc8a8e1e4eb2435ad84e0ad052f2,Ue2d07644308f8935c2ae56eda8e14025,image,delivered,2026-04-01 08:04:41,
8da57b7a-a04c-479c-aa69-5bd498bf0209,2026-02-24,msg_00039,U743849e63f8101ac616f8fd0ba84a167,Ud893c7e4732a3bd9cce960b22a296597,flex,opened,2026-02-25 00:12:04,
55234016-f4ef-4c99-8149-2d0a287aaa0e,2026-03-14,msg_00009,U743849e63f8101ac616f8fd0ba84a167,Uba1fc212472fe15dc9e2928afea4027b,imagemap,delivered,2026-03-14 08:31:27,
e271788b-721d-447a-a472-73ff101ceaae,2026-02-20,msg_00048,Ue7310890b01058478be93761a56d0aa0,U97eff54c61689a1b33b6ed4af7ac3211,flex,opened,2026-02-20 06:21:59,
32731132-b424-4626-9b02-cffbb3bf33f5,2026-01-26,msg_00115,U3bae1603803a839c0cb52f511d9cb8f6,Uf2e08ab32308b3ac2ebcf07991f8af0c,imagemap,delivered,2026-01-26 04:36:09,
c38c4bf0-809c-451f-910c-b59decdc2bc7,2026-02-10,msg_00058,Ue9a1e8a5b83a6b296d43c957a8cfba4a,U7c10063e539d93a47298cd6cf05d62cd,video,delivered,2026-02-10 12:20:22,
49bd4b01-a03d-4907-b5e8-9e68b19f609b,2025-12-17,msg_00032,U3bae1603803a839c0cb52f511d9cb8f6,U412c7105a3d12fd10381a87510c43ddd,video,delivered,2025-12-17 12:28:46,
84b568bd-e7af-4db0-b4d7-36f10da6ef07,2025-12-09,msg_00094,U227d1cd1a801c367de206ec4bbca7330,U68fe019255e9c3eae482f970f864333d,flex,clicked,2025-12-09 12:58:23,
1f4e6367-e91b-4a68-a868-84389bfbda5d,2026-01-26,msg_00063,Ub0341314a5534ea92b26fa8adc30543f,U76b31cfb76c681e8b5d9db6d3081bfa4,imagemap,clicked,2026-01-27 01:07:15,https://example-saas.jp/coupon/500off
26b7dfd7-1013-40fd-8f66-250e15b98b6c,2026-03-20,msg_00092,U743849e63f8101ac616f8fd0ba84a167,Udb34616ea6343c64c8d9d5d1a9964b25,video,delivered,2026-03-20 07:05:33,
63b19a51-0119-4889-8a66-c64615e0e883,2026-02-15,msg_00006,U743849e63f8101ac616f8fd0ba84a167,U9406aadcc21c9db803e0274f45ddb3ad,flex,delivered,2026-02-15 03:38:25,
f7829cee-a50d-483d-a255-f27cc24ceb4c,2025-12-25,msg_00077,U743849e63f8101ac616f8fd0ba84a167,U94e1c442182d1a2ea0b37d6f9b51eb7a,text,clicked,2025-12-25 14:40:49,https://example-saas.jp/campaign/spring
161a393b-3261-4e15-9b22-b953810194f1,2026-04-01,msg_00072,U4784fc8a8e1e4eb2435ad84e0ad052f2,U4e8a42f504debda69f2f31809812b5b8,image,opened,2026-04-01 02:22:29,
d7b254c7-c4d8-4a44-b580-b202c54ae814,2026-03-04,msg_00056,U1ca413826b7044d134c9c3132420c9de,U5ac2d283b23584de38ad7846f36d8fd8,text,opened,2026-03-04 09:14:45,
c23f6a76-56ed-46d9-92e7-6d7b049e9560,2026-01-26,msg_00005,Ub0341314a5534ea92b26fa8adc30543f,U343c6ad12f0d46d8f9937922897d3955,image,blocked,2026-01-26 19:03:55,
b8565841-b10e-4a37-a8dd-16be51730068,2025-12-19,msg_00118,U4784fc8a8e1e4eb2435ad84e0ad052f2,U04975bdf7725513eae7adea4a3bbc754,image,opened,2025-12-19 02:05:19,
60382514-13d3-4afe-870f-30969d04ed94,2026-02-14,msg_00065,U743849e63f8101ac616f8fd0ba84a167,U4c33baf3aea9d75888ca5ef4e8010ccd,image,opened,2026-02-14 08:30:29,
087a7895-cb1f-48d1-bcad-16141c166b31,2025-12-23,msg_00061,Ub0341314a5534ea92b26fa8adc30543f,U13e26ca6be0cac7f4c09f9dee8142f41,imagemap,opened,2025-12-23 13:46:16,
be12b5b0-8b57-4176-b25e-adc0f5d961ed,2025-11-17,msg_00034,U743849e63f8101ac616f8fd0ba84a167,Ub622e829e5cd1c8dc69c1be84819cf19,text,clicked,2025-11-17 10:19:51,https://example-saas.jp/lp/newmenu
ed19e42f-ac11-4fbd-a0bf-33b3ef4fb74f,2026-03-11,msg_00104,Ub0341314a5534ea92b26fa8adc30543f,U5f130d4a8a7caa0da62bd1d7e20d2b31,image,opened,2026-03-11 02:31:41,
ef6cd122-ed46-408f-9a16-36b71f268ccf,2026-01-22,msg_00005,U743849e63f8101ac616f8fd0ba84a167,Ub8db61223b6e51a0ed30dd5314ec509c,imagemap,deliverd,2026-01-22 04:12:49,https://example-saas.jp/campaign/spring
9b850674-04e0-404a-86c9-0298c0e86300,2026-03-20,msg_00057,Ub0341314a5534ea92b26fa8adc30543f,Uf5670455fbeaab1c8289f3fe6e36981b,video,delivered,2026-03-20 09:43:11,
13bcd706-990d-4efd-a0ec-42d999afe125,2026-03-30,msg_00076,U743849e63f8101ac616f8fd0ba84a167,Uecf331adac791705af1db3a4f6455df1,image,clicked,2026-03-30 16:55:29,https://example-saas.jp/lp/newmenu
619c408f-1cbc-422f-b8e9-222f4f99b772,2026-03-20,msg_00057,Ub0341314a5534ea92b26fa8adc30543f,645e03e4a64ff6d93c8f2e45d9e2685c,video,opened,2026-03-20 07:22:16,
30110622-4343-416b-b534-89c5494cc5ad,2026-01-15,msg_00051,U7e808d11d6f9901a954a542a7ee09918,U3cadc707b8c7aa56fd4aba18be2a8afc,video,unsubscribe,2026-01-15 09:55:25,
eff39da5-a8e4-4e9c-af4a-d109ed03df9c,2025-11-17,msg_00034,U743849e63f8101ac616f8fd0ba84a167,Ub91b33f1e164776958cf1c079d0698c0,text,opened,2025-11-17 19:07:23,
e06a230d-04e5-4689-b1eb-f34aefcbf146,2026-02-08,msg_00051,U3bae1603803a839c0cb52f511d9cb8f6,U9319f22c39a91b41f44883c323951415,image,opened,2026-02-08 14:22:47,
8f3e73ec-916c-4900-91ea-d7934990e437,2026-03-27,msg_00096,U476acbdef8e9a16d24575e4f6d7b0f31,U9aa1599c5b154e340f09f77b3d8cac7d,imagemap,opened,2026-03-27 17:29:48,
f397f18e-dad9-43e5-a67c-60ef19435bc7,2026-02-05,msg_00107,U3bae1603803a839c0cb52f511d9cb8f6,U60c272e5a1253995fc8f23f49202461b,text,clicked,2026-02-05 04:16:43,https://example-saas.jp/campaign/spring
f2913c02-8761-4d01-a4eb-19e22901d72d,2026-03-20,msg_00057,Ub0341314a5534ea92b26fa8adc30543f,U4575b674281726d42b0c6008906e8635,video,delivered,2026-03-20 06:03:55,
795cad41-3fcb-4002-b517-32c7dc23706e,2026-01-09,msg_00052,U743849e63f8101ac616f8fd0ba84a167,U210bff810604664133f3c0789fcab31c,video,delivered,2026-01-09 06:28:02,
ae581b3f-2686-4f1a-8c4b-b2280371e396,2025-12-23,msg_00109,Ue7310890b01058478be93761a56d0aa0,Uc22ff44b3b76e0d9447c1c7849eb810d,text,opened,2025-12-23 17:14:12,
0abb3dde-8f3a-4915-a7b0-68eaa4fdffed,2025-11-24,msg_00033,U3bae1603803a839c0cb52f511d9cb8f6,U923d7f0ce3cf9ecfcc0d87d4a4767ce0,text,opened,2025-11-24 09:33:24,
7fc4eb97-a0d3-450a-b285-14edd4ba5162,2026-04-08,msg_00078,Ud4a92c8c8050eed40ef171cc2784d638,U8ba9a9418f15f1037ba245e39e66b333,image,opened,2026-04-08 02:39:20,
e4d350ab-a8c4-4986-85a1-6c49ea78284e,2025-12-18,msg_00114,Ub0341314a5534ea92b26fa8adc30543f,U3f409c32e3209c4da7b78e2d452ca84a,flex,delivered,2025-12-18 14:15:39,
1cda44dd-ca04-4860-8376-2e3777cf1b91,2026-04-12,msg_00105,Ud4a92c8c8050eed40ef171cc2784d638,U6ad9386efc3e0177fe7cb752ef002075,flex,delivered,2026-04-11 15:13:13,
c6d93e32-83c7-4c40-954c-3d88d690a094,2025-11-23,msg_00024,Ue8d9224ecde331ce692edfce0b5ecdc4,U0280ade409241da2c7dcbb21a0f064d1,text,opened,2025-11-23 22:46:41,
7eb2d694-2b2c-4952-9180-2eb630c3c1ad,2026-01-26,msg_00086,U4784fc8a8e1e4eb2435ad84e0ad052f2,U06d1ecf232fda14b7aaabece1ab2c8c2,text,delivered,2026-01-26 08:15:34,
97e3e624-351b-45c0-affb-01af381eca4d,2026-02-20,msg_00095,Ub0341314a5534ea92b26fa8adc30543f,U937134e5f008606964368f5ce13ae620,text,delivered,2026-02-20 05:42:27,
89b58b8e-b3b1-4327-b595-e9cbda74a1a2,2025-12-07,msg_00003,U227d1cd1a801c367de206ec4bbca7330,U584dc5995273c39cf4c56c7e5e88d186,image,clicked,2025-12-07 12:17:38,https://example-saas.jp/survey
ebe5b8ae-5a87-4203-bc70-0f3220e7871b,2025-11-25,msg_00043,U3e5dd3a641c58ad50e49f095c6f1e306,Uc30bdbb17b577ef0f1968ecd6c9ca49e,flex,delivered,2025-11-25 03:50:48,
14da061d-91ad-4714-8330-dc1373687ab9,2026-02-14,msg_00042,U3bae1603803a839c0cb52f511d9cb8f6,U7b469077d6e003c44118f7faf187dee2,video,delivered,2026-02-14 08:26:06,
d9ee1ec5-254e-4de3-ad62-60622ab15f6b,2026-03-27,msg_00096,U476acbdef8e9a16d24575e4f6d7b0f31,U3f7d4888fcdc8962ee6d6aec26d35a31,imagemap,delivered,2026-03-27 09:14:44,
6de8e852-38ee-4216-8b52-42132c197622,2026-04-12,msg_00120,U227d1cd1a801c367de206ec4bbca7330,Udb2f332973358123e2a63c8cc4686d50,text,delivered,2026-04-12 11:59:12,
d7abfd76-811a-4565-9060-fec2378a8054,2025-11-22,msg_00047,Ue7310890b01058478be93761a56d0aa0,U137e1f10841166a18f645436a81a4158,video,delivered,2025-11-22 00:13:00,
321ce1d6-c5b0-4a86-822e-6c185e553ab1,2026-03-21,msg_00023,U743849e63f8101ac616f8fd0ba84a167,U9cc7abd5f648555243598e2576db70b0,imagemap,opened,2026-03-21 12:06:29,
28054e96-bddf-4af5-a724-323be33fa71a,2026-01-14,msg_00081,Ue7310890b01058478be93761a56d0aa0,U41f651c1a2b87d30209811e9871812ce,video,opened,2026-01-14 19:03:24,
10884a9a-4918-4494-8be1-9a71edecb8ed,2026-03-16,msg_00002,U3bae1603803a839c0cb52f511d9cb8f6,Ude7f3058b78c98cf5baae870fc29cfff,text,delivered,2026-03-16 19:48:13,
6106d3f9-7358-44b9-bb77-36f382d036bb,2026-03-05,msg_00014,U3bae1603803a839c0cb52f511d9cb8f6,Ub5e5e3feecd7b05b717b6abc1031d529,flex,delivered,2026-03-05 22:08:46,
1cf669d5-4b38-48c7-9925-a9b7bc39e7c1,2025-11-16,msg_00020,U3bae1603803a839c0cb52f511d9cb8f6,Ua123bb8a9a0f67444fabb7dd59f360e8,text,opened,2025-11-15 23:32:54,
651fc4f9-64b5-44b9-8b2e-d1d6eafdb57f,2026-01-09,msg_00052,U743849e63f8101ac616f8fd0ba84a167,U35111d9f7c532f571a152b68fea19422,video,delivered,2026-01-09 17:49:57,
ce0582d3-57b1-47a9-9709-c5944277f881,2026-04-10,msg_00101,U743849e63f8101ac616f8fd0ba84a167,U595a66d86cc0e87eef804850b8d71ebf,imagemap,clicked,2026-04-10 11:45:29,https://example-saas.jp/lp/newmenu
aa2117d6-a959-4e56-995e-a223122c8038,2026-03-03,msg_00093,U743849e63f8101ac616f8fd0ba84a167,U1aacbc2fc9eb38d9c938ab1c3f52f9b1,imagemap,delivered,2026-03-03 15:32:59,
31f1dd21-af96-4d99-8a6b-b61e890ac83a,2025-12-25,msg_00077,U743849e63f8101ac616f8fd0ba84a167,U306efd9b5a0377babfa43bcc8dcc1298,text,opened,2025-12-25 18:06:15,
038279ce-4e62-4ab5-8f43-cc0c9e500d83,2026-03-23,msg_00071,U3bae1603803a839c0cb52f511d9cb8f6,Uf3087c44cd38e35514d10e6d9c5f806e,imagemap,delivered,2026-03-23 23:11:55,
af48527f-ed54-4ff7-af63-8a051c1ad0d5,2025-11-27,msg_00018,U3e5dd3a641c58ad50e49f095c6f1e306,U307d32c9dd20bf9d0e204002743bd9b2,imagemap,clicked,2025-11-27 14:45:26,https://example-saas.jp/coupon/500off
d76f214a-c4fc-4ff4-a1b1-2699a0556914,2026-03-26,msg_00040,U3bae1603803a839c0cb52f511d9cb8f6,U1fb86b039a5ccbecd387f6ff1def0f54,imagemap,delivered,2026-03-26 13:53:14,
9470e962-2295-4089-b6a8-e56b2ef249b7,2026-04-08,msg_00041,Ue7310890b01058478be93761a56d0aa0,Ude348a60dc4452da7a2e6b4159613a0e,text,delivered,2026-04-08 04:28:20,
d6ae572a-ca98-4591-9a1e-6dbd252df4e0,2026-04-10,msg_00101,U743849e63f8101ac616f8fd0ba84a167,U811e09944cdfd3619525231bb5d5795d,imagemap,opened,2026-04-10 10:35:48,
60c743b1-e3eb-493b-99fd-ebb35a06e014,2026-03-06,msg_00055,U3bae1603803a839c0cb52f511d9cb8f6,Uc12be3a0f585ac18c7acbcbacb3ae253,flex,opened,2026-03-06 11:40:24,
ff66178f-7264-4877-b09a-bc3d49992fc8,2025-12-09,msg_00094,U227d1cd1a801c367de206ec4bbca7330,Uf8f7270311f3d47d2b46c5a8325c1806,flex,delivered,2025-12-09 07:10:29,
b240c64e-7ada-47bc-8cc1-f27cdc4017d9,2026-03-21,msg_00023,U743849e63f8101ac616f8fd0ba84a167,U32b0bca7ff88ee34f30b8a2a658583c6,imagemap,opened,2026-03-21 22:11:47,
02fe04b1-2193-4c5c-bfae-7a7aba2d5e5e,2026-03-30,msg_00076,U743849e63f8101ac616f8fd0ba84a167,U28fa72674b918674e0b14c35300cb5e5,image,delivered,2026-03-30 13:51:15,
4c7d0f99-8f5c-493a-a889-7008c26a86c6,2026-02-20,msg_00048,Ue7310890b01058478be93761a56d0aa0,Uad58e42e10b987b59fccc06e3a2dfa79,flex,opened,2026-02-20 14:12:39,
855f7dfc-e55a-444e-b34a-fce3f1b0325f,2026-03-31,msg_00046,U4784fc8a8e1e4eb2435ad84e0ad052f2,U9535b0a4d0bdf90a864fd4e25d83c6c2,flex,delivered,2026-03-31 07:39:53,
ea7490f1-126d-49fa-9ccf-a968917a3437,2025-12-03,msg_00012,U743849e63f8101ac616f8fd0ba84a167,Uc1d05e3ff985a2fa64fa22b9eeafcbcd,imagemap,opened,2025-12-03 01:40:59,
faf4dd01-5d03-4c26-8a15-22e2a2bf4782,2026-02-15,msg_00006,U743849e63f8101ac616f8fd0ba84a167,U56524a70af6fe8194d0129f2c8d93817,flex,opened,2026-02-15 06:25:32,
8534fa20-963b-439b-ac42-ecc062d747fd,2025-12-25,msg_00077,U743849e63f8101ac616f8fd0ba84a167,U74106424fc47685d766bac8577f21384,text,delivered,2025-12-25 13:24:20,
3a13997a-ec1a-4c12-a5c2-5b69104b3e62,2026-04-10,msg_00101,U743849e63f8101ac616f8fd0ba84a167,U8602ef5b61294cb8d4d89c68529d506c,imagemap,delivered,2026-04-10 10:42:15,
e167e640-b507-45f8-9594-92cd5e13790f,2025-12-22,msg_00038,Ub0341314a5534ea92b26fa8adc30543f,Ua9b1b3de0c1b15928e4b4aa5f5ca205a,image,delivered,2025-12-22 21:39:19,
f7bf60d5-168e-4490-ae10-35a4b2df652a,2026-01-13,msg_00060,U3bae1603803a839c0cb52f511d9cb8f6,Ubd946cd96e48a4d3e4784d53acf82a43,image,delivered,2026-01-13 12:14:03,
87405058-2f51-48fd-a64f-c7997390c799,2025-12-25,msg_00077,U743849e63f8101ac616f8fd0ba84a167,U5c77f644336911e23a5e094964eed761,text,delivered,2025-12-25 02:00:29,
9ae3d212-6f18-4433-b3ce-58c7aa91fe06,2026-03-05,msg_00014,U3bae1603803a839c0cb52f511d9cb8f6,Uf95c950311101ac2ddcea622b8e88020,flex,delivered,2026-03-05 15:20:46,
844fd81b-62b4-4d4c-897e-867e659744c7,2026-01-26,msg_00005,Ub0341314a5534ea92b26fa8adc30543f,U357e8f51fd878db16f6dcd2072782ce6,image,clicked,2026-01-26 15:38:06,https://example-saas.jp/lp/newmenu
cd4ea5f4-11d0-47e9-aaec-0b49304adb7f,2026-03-14,msg_00009,U743849e63f8101ac616f8fd0ba84a167,U08c6689487c143904e6d50163ab730b4,imagemap,delivered,2026-03-14 13:39:33,
9428fcbb-7bc4-4952-9689-7da6a41d2b4b,2025-11-30,msg_00025,Ub0341314a5534ea92b26fa8adc30543f,U3eb27fedce8507d8a5aad3a3c7a1eaa3,imagemap,delivered,2025-11-30 05:12:40,
57859cbb-7d2e-4ce6-a796-7b8a1abaf062,2025-12-21,msg_00022,U3bae1603803a839c0cb52f511d9cb8f6,U405f5aaeffc831a536fb9f218973b935,video,opened,2025-12-21 01:53:23,
7918aee1-5dd8-4999-9e67-c932242c01dd,2026-01-14,msg_00081,Ue7310890b01058478be93761a56d0aa0,U022ab0e49b5a464c217f6abacabbca90,video,delivered,2026-01-14 18:29:18,
bb6e1501-a951-49aa-8a2b-6e35d285fbc8,2026-03-31,msg_00046,U4784fc8a8e1e4eb2435ad84e0ad052f2,Uaa3fe3bf83c7e997b373a3e63bb4046a,flex,delivered,2026-03-31 13:09:27,
63791562-a770-477d-b598-c7effc9159dd,2026-02-07,msg_00090,U4784fc8a8e1e4eb2435ad84e0ad052f2,Uc59a0cdac8ae0556491024386092d8e9,imagemap,delivered,2026-02-07 14:29:17,
33f079fe-25c7-44f3-a3db-b736df6c16a8,2026-03-21,msg_00023,U743849e63f8101ac616f8fd0ba84a167,b06ef7afc9481206154e0d9fdf4ad743,imagemap,delivered,2026-03-21 11:04:08,
f57f9dad-6bac-4d2d-b833-8d3b901f62c4,2025-12-07,msg_00003,U227d1cd1a801c367de206ec4bbca7330,U86f52833c48846ae2019904f4195b696,image,opened,2025-12-07 19:28:58,
5cf4134a-3815-47dc-b6ce-1ffc4bb500cd,2026-03-21,msg_00023,U743849e63f8101ac616f8fd0ba84a167,Ua523020a6c25643dc821182df0141350,imagemap,clicked,2026-03-21 10:19:10,https://example-saas.jp/survey
eee8445f-4965-4257-9db0-496dc3999b48,2026-03-20,msg_00092,U743849e63f8101ac616f8fd0ba84a167,U9cf4355db7192ce96929c84b7fcf140e,video,opened,2026-03-20 18:23:52,
5b13782e-f8ee-4879-a03e-011debc61409,2025-12-19,msg_00118,U4784fc8a8e1e4eb2435ad84e0ad052f2,Ud071211b89fad86c447fb18d4bd6c30f,image,opened,2025-12-19 07:58:27,
d6757efc-80e0-479c-8e50-7fa8435e4f81,2026-01-01,msg_00027,U4784fc8a8e1e4eb2435ad84e0ad052f2,Ueb2ef2ee419dbe2da92b842a7700b120,image,delivered,2026-01-01 20:14:57,
687ed3e3-e0db-4622-a299-0c3be868d38b,2025-11-22,msg_00047,Ue7310890b01058478be93761a56d0aa0,Uff5989f73cdc91a533ec2066c7c4089c,video,delivered,2025-11-22 20:29:02,
c7e36eaf-5fb9-4a7a-a604-722ab28a42cf,2025-12-19,msg_00064,Ub0341314a5534ea92b26fa8adc30543f,U0ae4e4b330e5784df23ac1efd4878666,image,clicked,2025-12-19 15:22:03,https://example-saas.jp/survey
bf05632b-ead2-418f-9059-ed76ec112c20,2026-01-26,msg_00005,Ub0341314a5534ea92b26fa8adc30543f,39b22064a60a9fd1149d08cc17103eb2,image,opened,2026-01-26 01:19:27,
e5972fd6-8741-415d-8ec5-fa72e56e9346,2026-03-21,msg_00023,U743849e63f8101ac616f8fd0ba84a167,U9cc7abd5f648555243598e2576db70b0,imagemap,delivered,2026-03-21 10:57:15,
f97bc950-7db6-491d-88c3-01596a3c8cff,2026-03-31,msg_00046,U4784fc8a8e1e4eb2435ad84e0ad052f2,U76ae15d330cb5df89e1e3f753a686281,flex,opened,2026-03-31 12:23:08,
0a8c4595-cadf-4f6f-8db5-00522fef8f98,2025-12-21,msg_00022,U3bae1603803a839c0cb52f511d9cb8f6,Uc16388246a4247d7cfb0f7227e973e78,video,opened,2025-12-21 04:38:09,
cea66962-9087-493c-90ac-64f5cd5c99c0,2026-03-22,msg_00119,U3bae1603803a839c0cb52f511d9cb8f6,Ue4925f4351d5ce03e861c5b2c40d95eb,imagemap,delivered,2026-03-18 18:41:58,
8e7da702-7ee4-4722-92a0-d5db82b03ad0,2025-12-18,msg_00070,Ue9a1e8a5b83a6b296d43c957a8cfba4a,U7c09d752ddae921bd2e329d4c3f8be6e,imagemap,delivered,2025-12-18 22:29:52,
29fa3257-e011-40f6-9120-0666d7fc1473,2026-01-07,msg_00110,Ub0341314a5534ea92b26fa8adc30543f,U7ea485412dd0d5ede59ec73b17769774,video,delivered,2026-01-07 19:39:40,
9b4b0c78-b375-4bb7-9a44-6bdb079684a9,2026-02-20,msg_00017,U22a93bc29b1df104af6b1ba1cd91fc56,Uc08a26d215586713f4e9946c906321d6,video,delivered,2026-02-20 01:07:37,
c56ad900-98b0-4bb6-a37f-1bde61e87ad5,2026-03-22,msg_00119,U3bae1603803a839c0cb52f511d9cb8f6,Uecf4658c27bb9a9f553229a11e4cb225,imagemap,delivered,2026-03-22 16:47:47,
141db8f6-8c62-4968-b474-f3a545f9af81,2026-03-08,msg_00112,U3bae1603803a839c0cb52f511d9cb8f6,U46e92d9fa21b7b82c15f9df44975ec36,image,delivered,2026-03-08 03:47:45,
fe0d8246-d08e-4d3c-afed-baf03d78d8ca,2026-03-26,msg_00040,U3bae1603803a839c0cb52f511d9cb8f6,U1e379398ba80697fcf25e448129a3bfb,imagemap,delivered,2026-03-26 06:32:15,
a6a914ea-3023-4085-bf5d-a8160cc3a2f5,2026-01-26,msg_00005,Ub0341314a5534ea92b26fa8adc30543f,U2b6e74ebf9b9ac844b5c890f9112e5a3,image,clicked,2026-01-26 01:25:44,https://example-saas.jp/coupon/500off
f1c63475-b6ab-4753-ac3d-322e749d5549,2025-12-19,msg_00064,Ub0341314a5534ea92b26fa8adc30543f,Ub427bf853b5df00c9559ace93e0dc52f,image,delivered,2025-12-15 19:35:26,
f250b988-ed4e-48bc-8d6f-ccfe193c2ae3,2026-04-01,msg_00072,U4784fc8a8e1e4eb2435ad84e0ad052f2,U818465bd7827175cf8e9373fbfc1fddc,image,delivered,2026-04-01 00:59:45,
9ab92cc5-3252-45bc-b491-35ba972833cf,2026-01-26,msg_00086,U4784fc8a8e1e4eb2435ad84e0ad052f2,U4b2bf94018ae9221aef37d5329a2ab9c,text,delivered,2026-01-26 19:33:30,
dad12b61-f9d9-4b39-8e07-a0e43da8c090,2025-11-16,msg_00020,U3bae1603803a839c0cb52f511d9cb8f6,U3edeca0ab9299dabfbf79967343c4b48,text,delivered,2025-11-16 13:27:52,
c2bd1151-79fa-4b92-b673-1e632d0ce058,2026-01-14,msg_00081,Ue7310890b01058478be93761a56d0aa0,U49dca6bb033357078bc3ecc5007919e0,video,opened,2026-01-14 08:12:48,
d39dfedc-5aea-46ef-853e-1c6c08bd0dcd,2025-11-23,msg_00053,U743849e63f8101ac616f8fd0ba84a167,Uc43765ed728ec1a8a39b43347a6931de,video,delivered,2025-11-23 09:11:37,
81da7559-1924-4978-9278-cfb459a370b7,2026-01-26,msg_00086,U4784fc8a8e1e4eb2435ad84e0ad052f2,U033db1c2494c7a8dd35ecb554b19b6a2,text,blocked,2026-01-27 17:07:09,
2a1fcc7e-36dd-4901-81ab-3e85bbdf8ac3,2026-04-12,msg_00120,U227d1cd1a801c367de206ec4bbca7330,U2ce687a43c3c384b9919e647bd80bd70,text,clicked,2026-04-12 06:46:41,
13a50ab8-863f-45e7-97a3-21e5b937aba0,2026-02-20,msg_00095,Ub0341314a5534ea92b26fa8adc30543f,Ud88e15d3f5732685fe8f9548c6c0a3f6,text,delivered,2026-02-20 16:57:18,
98af6b3b-985f-4eb5-a834-88a86eed92ae,2026-01-10,msg_00044,U30ad60bba5da9837ca5dd0230ca8f531,U67a8e35732b062dc335421c3fa6c44e5,video,failed,2026-01-10 06:57:20,
1a5c09c1-83e3-48f0-adaf-81a45ff93c9f,2026-03-20,msg_00057,Ub0341314a5534ea92b26fa8adc30543f,Ue57c227f0e7d9b7cb5a056c58a66d0dd,video,opened,2026-03-20 23:26:05,
563f1bff-e62f-4d86-b968-25ed1388fd2e,2026-02-08,msg_00051,U3bae1603803a839c0cb52f511d9cb8f6,Uf110eb500537895f30b582e1b88c0908,image,delivered,2026-02-08 07:56:36,
cb5b6dd5-655f-41e9-a2b0-40e963cf0607,2026-03-11,msg_00067,U7e808d11d6f9901a954a542a7ee09918,U4b8b56961212d9c72a97ae28f53d15d6,video,clicked,2026-03-11 02:56:06,https://example-saas.jp/campaign/spring
b7b20511-40dc-4e0d-8ef6-feac80d45a8c,2025-11-23,msg_00053,U743849e63f8101ac616f8fd0ba84a167,U81bceb203845e537327869f024b24de5,video,opened,2025-11-23 16:10:14,
0a80faaa-5706-42d4-83a1-0db50751f493,2026-02-24,msg_00039,U743849e63f8101ac616f8fd0ba84a167,Ub144df8370a1a63ef67e0d858854b849,flex,opened,2026-02-25 00:17:34,
a5b15c61-fb73-4119-bd99-45ebef7884a7,2026-03-16,msg_00002,U3bae1603803a839c0cb52f511d9cb8f6,U7ef0c899d428a0a242bf0ce2a64902de,text,delivered,2026-03-16 18:11:48,
7d1405a7-f8e5-4aa5-836e-228932df776f,2026-01-26,msg_00086,U4784fc8a8e1e4eb2435ad84e0ad052f2,bdb1e2a604db2b1e986604781a4dbb62,text,delivered,2026-01-26 12:39:30,
e225aefe-67fb-429a-a7ab-e99f4374ca51,2026-03-04,msg_00056,U1ca413826b7044d134c9c3132420c9de,Ue8b0ee96c672d60dd90b7c1c128646c5,text,delivered,2026-03-04 15:28:52,
c2cd0ffa-90b0-49f4-b2a1-7a4fe0e79424,2026-02-07,msg_00090,U4784fc8a8e1e4eb2435ad84e0ad052f2,U507244a460d1bd257c5a2879a423950c,imagemap,delivered,2026-02-07 21:06:22,
dec1a5ea-f53c-4844-b616-73e06b4eb373,2026-03-04,msg_00056,U1ca413826b7044d134c9c3132420c9de,U6b7fdd75c7206b563d1f71dc98ce696b,text,delivered,2026-03-04 09:06:13,
76cfeaf4-9082-4890-a29e-409d817391b9,2026-03-06,msg_00055,U3bae1603803a839c0cb52f511d9cb8f6,5249306ad714f03297e3ad1653388540,flex,delivered,2026-03-06 03:30:37,
b425d3f5-f9ed-46fa-adaf-e72f08329199,2026-04-12,msg_00120,U227d1cd1a801c367de206ec4bbca7330,Uf574c399e710032d420465d6f4b45b33,text,delivered,2026-04-12 08:28:10,
2b722da2-3e38-428f-9caf-a5477e0d2f6b,2026-03-04,msg_00056,U1ca413826b7044d134c9c3132420c9de,Ud3e71036ab1cf3194f93af0aaa5a0406,text,delivered,2026-03-04 12:16:59,
11ee0b57-2698-408b-b281-f8cdf29ed543,2025-12-24,msg_00091,U3bae1603803a839c0cb52f511d9cb8f6,U99043fd87d7454c59c83ac028c995510,imagemap,delivered,2025-12-24 01:26:44,
d93d1ae7-e6fb-4033-9028-70c3342bc794,2025-12-08,msg_00015,Ub0341314a5534ea92b26fa8adc30543f,855d1118aea092a8d5c8f854ad37847f,text,delivered,2025-12-08 01:46:12,
0955b15c-5bd3-4a21-9d44-9ac168171f21,2025-12-09,msg_00069,Uc20f9c7e9b662bedec3cb78e127885c7,U39d7e8c46b91ec8fb24d98a56f370794,imagemap,clicked,2025-12-09 15:24:53,https://example-saas.jp/survey
c4e51556-a5ab-44c3-9b9a-aa15219d916a,2026-01-24,msg_00066,U3bae1603803a839c0cb52f511d9cb8f6,U27d8de001fb514e9c4fc5cc98efdb587,image,delivered,2026-01-24 17:04:27,
38cf2b50-b890-4b00-a530-ab8551cbfbab,2025-12-09,msg_00059,U3bae1603803a839c0cb52f511d9cb8f6,Uf72f849c0ddf0f97c3e86a5b26bb3f4d,imagemap,opened,2025-12-09 14:16:11,
337562b1-cfff-43b9-a82c-737199a75859,2026-04-12,msg_00105,Ud4a92c8c8050eed40ef171cc2784d638,U84d37f2fa47895deb8693e779320f9e1,flex,delivered,2026-04-12 11:36:07,
116f3417-db54-4d9d-a547-da096f4f2d01,2026-03-06,msg_00055,U3bae1603803a839c0cb52f511d9cb8f6,U126f67a892e8befa2da8dda6f64caa74,flex,delivered,2026-03-06 04:13:58,
f66cb729-0f71-4942-9cae-6dab01b63f14,2026-03-23,msg_00073,Ud4a92c8c8050eed40ef171cc2784d638,U7f2e6bcfcd3e81f401af6aa75ea8d999,imagemap,opened,2026-03-23 19:10:48,
b1fb9a6b-eb2c-4c75-925b-9097f1cb51b1,2026-03-03,msg_00093,U743849e63f8101ac616f8fd0ba84a167,U1430e77bf495ed983bc38ae211c00df6,imagemap,opened,2026-03-03 02:49:02,
a662c02d-c9f2-4dd5-8acb-f35f21408404,2025-11-24,msg_00033,U3bae1603803a839c0cb52f511d9cb8f6,U5f4007ca7a7d37359c6f551d31f5d3f6,text,clicked,2025-11-24 02:18:56,
4113f9d9-fc2e-4152-aaec-3951412c9a5e,2026-03-25,msg_00079,U743849e63f8101ac616f8fd0ba84a167,Ua68c882a1fd27d43779720437b78b030,text,opened,2026-03-26 00:01:15,
2f31b350-8e2e-408b-aeb0-dd2b65e82aa8,2026-04-04,msg_00049,U476acbdef8e9a16d24575e4f6d7b0f31,U75f102f08975ef74f1b7dc0096a4c6d5,text,clicked,2026-04-04 21:29:51,https://example-saas.jp/coupon/500off
8694080f-bd2b-42b3-b663-a63df5b80a3b,2026-03-14,msg_00009,U743849e63f8101ac616f8fd0ba84a167,U84f52f1308c010c2269ed48a49b51a89,imagemap,delivered,2026-03-14 23:56:25,
b5b35a6f-2b8e-4bf6-8f07-43e73656b922,2026-01-26,msg_00005,Ub0341314a5534ea92b26fa8adc30543f,Udfc1dd11a9f3416b4eac1ddb262e294c,image,delivered,2026-01-26 15:25:22,
4b2341ee-507a-4044-90f1-7ba9dccae41c,2026-01-26,msg_00115,U3bae1603803a839c0cb52f511d9cb8f6,Uae5c75ae6e62b71ebc5bf988780c33ae,imagemap,delivered,2026-01-26 16:40:50,
555989a3-d989-4881-8b14-eca553011826,2025-12-14,msg_00085,U743849e63f8101ac616f8fd0ba84a167,U82c774c0225ebb79529ac8cf1e47231a,image,opened,2025-12-14 20:53:53,
b188d01e-9cc7-424a-ac3d-a0ddeac57ffb,2025-12-12,msg_00004,Ub0341314a5534ea92b26fa8adc30543f,U697d0a928ea47706a8f2b655eccff943,video,delivered,2025-12-12 09:31:12,
6e46b490-d816-4fef-ad1e-d3b4ac47806f,2026-03-26,msg_00040,U3bae1603803a839c0cb52f511d9cb8f6,U83d8886ee729a91d519233b35902c1fc,imagemap,delivered,2026-03-26 17:50:46,
82fac336-7990-4182-92bd-2440bbbcd186,2026-02-16,msg_00021,U743849e63f8101ac616f8fd0ba84a167,U50ea26580dc625e8941b557c93b5bfbf,flex,opened,2026-02-16 10:54:22,
cbaa2da0-0954-429c-b6db-8ee4b961e7d1,2026-02-15,msg_00006,U743849e63f8101ac616f8fd0ba84a167,U4dc168d78908649f95886889444efd58,flex,delivered,2026-02-15 20:52:39,
f58eeec1-53aa-4bee-93cd-c280a9fd786d,2026-04-12,msg_00120,U227d1cd1a801c367de206ec4bbca7330,Uda32b2ab30ac4a3bdeae9aef4a1a6a5d,text,clicked,2026-04-12 12:03:19,https://example-saas.jp/campaign/spring
7be1b9ba-c272-4eef-aa30-adc36cce93b7,2026-02-10,msg_00058,Ue9a1e8a5b83a6b296d43c957a8cfba4a,U8b49c740fbe9a718816df6d50206e8fc,video,clicked,2026-02-10 16:04:27,https://example-saas.jp/coupon/500off
a630f707-6faf-4025-9463-076d16f1ed13,2026-03-08,msg_00112,U3bae1603803a839c0cb52f511d9cb8f6,U18429e1df067dc7fb5e213e425b1429f,image,delivered,2026-03-08 04:21:11,
2780dbde-9c13-42ba-ae23-552ce510ecf9,2026-03-11,msg_00104,Ub0341314a5534ea92b26fa8adc30543f,U09b273cc06381a305677c0447ae777ec,image,delivered,2026-03-11 23:02:24,
07c6fe19-79e9-4b02-977b-43567d0f1f53,2026-04-10,msg_00101,U743849e63f8101ac616f8fd0ba84a167,Ue9000efa9acbc0c0d0c0a633d24ed34d,imagemap,delivered,2026-04-10 12:38:03,
105b49de-f2c9-4c60-b7a8-e6d3f1c07d42,2026-03-11,msg_00067,U7e808d11d6f9901a954a542a7ee09918,U9b3caffdb9a53c21047ed992218a0155,video,opened,2026-03-11 12:28:26,
ec72c089-35f2-482e-ace7-2b21f1103e82,2025-12-22,msg_00013,Ub0341314a5534ea92b26fa8adc30543f,Uee2f47f8304109645a19b13ef6d2b8a4,image,opened,2025-12-22 02:37:57,
8504873b-d1de-4d0b-a596-15505dba06da,2025-11-24,msg_00033,U3bae1603803a839c0cb52f511d9cb8f6,U358d3d027e8eade02cdc8e1df4a562f3,text,delivered,2025-11-24 03:04:45,
99129d84-be25-4f6c-a43c-3058a839adea,2026-01-29,msg_00031,U3bae1603803a839c0cb52f511d9cb8f6,702c56063d62a8dd69a8e37a660b8165,video,opened,2026-01-29 06:13:32,
8af2b14b-9ad0-48b5-a0d1-9b4d8af50ce2,2026-01-24,msg_00113,Ub0341314a5534ea92b26fa8adc30543f,U500f26ad24d11838538cab8a35ce6a2f,text,opened,2026-01-24 14:28:35,
6260a845-0553-430d-be5e-138ff1bbbb0d,2026-02-14,msg_00065,U743849e63f8101ac616f8fd0ba84a167,Ua6728f23ad8c9fda5ec36948f9ba9a30,image,opened,2026-02-14 03:10:14,
afdbc814-8d56-42bb-9225-f01b53e7ba0d,2025-12-23,msg_00109,Ue7310890b01058478be93761a56d0aa0,U9379d7cc000371c60ff05e3bda1c7780,text,delivered,2025-12-22 22:41:48,
5c17e28d-85a7-47c8-a550-0f50e21e7445,2025-11-26,msg_00028,U3bae1603803a839c0cb52f511d9cb8f6,U75d7ea6c24c7f4626ad5c86d0809a8b4,image,delivered,2025-11-26 07:13:23,
aacb0324-305b-4dd7-9519-99be2973fa37,2026-02-19,msg_00016,U837b70463a585f85743b5bfb3b49c9fd,U266fa5202967fe150bf5b79f478706b3,flex,opened,2026-02-19 02:24:43,
dc429ed9-7525-49a8-a832-a8a4e7cc841d,2026-03-11,msg_00104,Ub0341314a5534ea92b26fa8adc30543f,c573a7515ba8aa48e125b68dab47bf3e,image,clicked,2026-03-11 20:28:36,https://example-saas.jp/lp/newmenu
60d5e3f7-ff3d-4110-b5bc-1b325a5e093f,2025-11-30,msg_00025,Ub0341314a5534ea92b26fa8adc30543f,Ue0d5a4e6ebcee6bc2afcea301c08296d,imagemap,delivered,2025-11-30 17:24:34,
086c5a13-d1b1-419e-a081-3b0c9832c67d,2025-12-15,msg_00030,U3bae1603803a839c0cb52f511d9cb8f6,U6c62c3c78bedd1da45e9462ba1a0f1c6,video,clicked,2025-12-15 13:49:17,https://example-saas.jp/survey
9edee18c-2b06-4189-b864-fae5025236c9,2026-03-27,msg_00096,U476acbdef8e9a16d24575e4f6d7b0f31,U1ed8cd6fadd11335b3f4d13636e1b450,imagemap,delivered,2026-03-25 04:39:53,
5033961c-c6ab-4123-b37d-cea1c38a7524,2026-03-11,msg_00104,Ub0341314a5534ea92b26fa8adc30543f,c573a7515ba8aa48e125b68dab47bf3e,image,delivered,2026-03-11 19:14:12,
cf693844-6d50-4a6a-97b2-0c0c5c5ae4b8,2026-01-29,msg_00031,U3bae1603803a839c0cb52f511d9cb8f6,U221166ba6baaf7ed18995b793419b04e,video,opened,2026-01-29 20:07:35,
00492cd9-2b9f-4be3-8db6-55a88810c9cc,2026-01-14,msg_00081,Ue7310890b01058478be93761a56d0aa0,U7a24a6b7255b4486065e66108b72c3b2,video,delivered,2026-01-14 23:57:06,
2d934ed0-855e-4855-9954-4a856380250d,2026-03-06,msg_00055,U3bae1603803a839c0cb52f511d9cb8f6,U1c8558ac8a96df7a4d5a6fc8526ff963,flex,delivered,2026-03-06 06:06:32,
b6791710-bd62-41ce-93d2-505a3b0a7512,2025-12-17,msg_00032,U3bae1603803a839c0cb52f511d9cb8f6,Uf225e5098cd502522a16791eaa6ac664,video,delivered,2025-12-17 04:16:37,
aee0a204-53da-412e-ad7b-b3689c038b36,2025-12-12,msg_00004,Ub0341314a5534ea92b26fa8adc30543f,U7271ecf042873f428cbc7b0d4d6a4476,video,delivered,2025-12-12 20:52:43,
4789e9ad-6f30-445e-a6db-7b8729f7afc9,2026-02-14,msg_00042,U3bae1603803a839c0cb52f511d9cb8f6,U009878b70910ebf0b9d7a1b0de2de4f7,video,delivered,2026-02-14 03:34:54,
c32a4ba8-af95-4f30-944c-570a1901f8ba,2026-03-08,msg_00112,U3bae1603803a839c0cb52f511d9cb8f6,U28c4c3630d2387e84ecc584e50c3c6c8,image,delivered,2026-03-08 14:49:05,
2c2c71c4-75dc-46da-af98-2978e98b2394,2026-01-26,msg_00115,U3bae1603803a839c0cb52f511d9cb8f6,U93a8e12c4d1e7d8dff98892cf27b9260,imagemap,delivered,2026-01-26 02:39:27,
e625baa2-cbcf-4d07-a71a-f1ae7afc808e,2026-02-15,msg_00006,U743849e63f8101ac616f8fd0ba84a167,U5803423468c9569252a47b97ede00099,flex,opened,2026-02-15 03:14:16,
15c71a3f-8590-47c3-98e7-2740495bd91e,2025-12-19,msg_00118,U4784fc8a8e1e4eb2435ad84e0ad052f2,U5b4ae4d65129fae4a62e46f726e0e76f,image,clicked,2025-12-19 12:48:48,https://example-saas.jp/survey
15b7c506-aba6-4daf-ae7e-c80dcc2033f4,2026-01-17,msg_00037,U7e808d11d6f9901a954a542a7ee09918,U97c7b3d3758ae193a30358545e16a8eb,text,delivered,2026-01-17 17:34:18,
581112c9-ee9a-44e3-9680-411413dbfd04,2025-12-15,msg_00030,U3bae1603803a839c0cb52f511d9cb8f6,U158b2f3800dd1b22b5ff44aff8fdad38,video,opened,2025-12-15 03:45:41,
998ed4a8-a18d-431f-b181-0fc32da9c965,2026-04-05,msg_00054,U3bae1603803a839c0cb52f511d9cb8f6,Ue14624bfb9a708503f5418b25e2b3b71,image,opened,2026-04-05 04:51:41,
6e164a49-3a90-4171-967d-99bede83888e,2026-03-20,msg_00106,U3bae1603803a839c0cb52f511d9cb8f6,U117bbdd70812f9105524cab22a172046,video,delivered,2026-03-20 22:48:03,
8c5395bc-9640-4e0b-8986-4b29325ed071,2026-03-13,msg_00001,U4784fc8a8e1e4eb2435ad84e0ad052f2,U69af8322f50b9281180e64d2918ef940,image,delivered,2026-03-13 04:43:06,
fded9b70-345b-4a5a-a176-6467b252e024,2026-03-21,msg_00023,U743849e63f8101ac616f8fd0ba84a167,3e7d6c8127993fb7790f245219e5dd87,imagemap,delivered,2026-03-21 16:37:18,
c9008919-786f-47fc-9ed3-1168172e8bb2,2026-02-14,msg_00065,U743849e63f8101ac616f8fd0ba84a167,U415ecedd0bd1d23d58f6d129f92afc8f,image,opened,2026-02-14 07:06:48,
82687618-fdda-4266-adab-5c1d9adf8932,2025-12-25,msg_00045,Ue7310890b01058478be93761a56d0aa0,U7ae07ff00a303b38848a34af9e039976,video,delivered,2025-12-25 04:56:17,
487d185a-5daf-4978-a4e3-5709632c668c,2026-01-24,msg_00066,U3bae1603803a839c0cb52f511d9cb8f6,U38a1b8b3961f9d18984d3a88266eb28c,image,opened,2026-01-24 01:42:28,
0dd2aff3-6b56-4a7b-ac9b-0583d1e9b381,2026-03-21,msg_00023,U743849e63f8101ac616f8fd0ba84a167,U48430a56bc665c42df912a77117f6a70,imagemap,delivered,2026-03-21 22:24:11,
05e8903b-8151-416b-81a1-237c67a0d24b,2026-02-20,msg_00048,Ue7310890b01058478be93761a56d0aa0,U4f453261f22ea1e5b72ab7106c2e7bf6,flex,delivered,2026-02-20 04:45:44,
77657576-7ef5-4d14-a6ae-4d0669322caa,2026-03-03,msg_00093,U743849e63f8101ac616f8fd0ba84a167,Ufecb3e7381b07395edd4e031157539f3,imagemap,clicked,2026-03-03 18:36:46,https://example-saas.jp/survey
0d4c0de4-f0eb-43c4-bbde-2c71bddfd8d2,2026-03-21,msg_00023,U743849e63f8101ac616f8fd0ba84a167,U32a785065804e1e0b7e5b4069d54071d,imagemap,delivered,2026-03-21 08:53:48,
d371c14f-18ff-4dcc-995e-6900b7185305,2026-03-21,msg_00023,U743849e63f8101ac616f8fd0ba84a167,6df16dd6cf05346ef97ef7cf9c62c3a9,imagemap,clicked,2026-03-21 08:37:49,https://example-saas.jp/lp/newmenu
7d2b23f8-b1f9-4a6a-af9d-b92a03f67578,2026-02-14,msg_00098,U743849e63f8101ac616f8fd0ba84a167,c022852cf88a8619688b7bec4adc4bcb,imagemap,opened,2026-02-14 19:36:55,
551064f5-e281-4e12-ac02-e06ca7a375e4,2025-11-23,msg_00053,U743849e63f8101ac616f8fd0ba84a167,Ua7da4f32644bc53fc898423a803a338c,video,delivered,2025-11-23 16:18:24,
608d67e8-6542-4156-93f7-ed4618592f9b,2025-12-09,msg_00059,U3bae1603803a839c0cb52f511d9cb8f6,U8364528ef08bd6267dc02ef89984a0d3,imagemap,delivered,2025-12-06 09:41:51,
075044a5-4eb3-4ee5-b713-ed6cc10df67b,2026-02-16,msg_00021,U743849e63f8101ac616f8fd0ba84a167,U5e43c94dd40504897900598826d2f5d9,flex,delivered,2026-02-16 15:32:38,
05753313-876b-43ca-8738-5d1786007381,2026-03-23,msg_00116,Ud4a92c8c8050eed40ef171cc2784d638,Uab25decdf326c49ae97a0bfb665beac4,text,delivered,2026-03-23 10:29:21,
ca20eab6-0221-43ce-a560-3e1c43797e7a,2026-02-19,msg_00016,U837b70463a585f85743b5bfb3b49c9fd,U266fa5202967fe150bf5b79f478706b3,flex,clicked,2026-02-19 03:04:02,https://example-saas.jp/coupon/500off
f110416c-28ac-47b0-bf71-d1766c0c7cf1,2025-12-23,msg_00061,Ub0341314a5534ea92b26fa8adc30543f,U2dff836c0b527a3d0f62df1ae500f9d3,imagemap,delivered,2025-12-23 05:53:19,
f92a367b-fcd5-4512-9264-90739e1d99c2,2025-12-31,msg_00082,U227d1cd1a801c367de206ec4bbca7330,U413997bc8ccbb265d8aa71f60c858c9a,imagemap,delivered,2025-12-31 21:26:09,
af1252d0-2884-4b2c-9d60-0a7ea532f8c6,2026-04-04,msg_00049,U476acbdef8e9a16d24575e4f6d7b0f31,4f788475c6448ab8f05ded3dc91be837,text,clicked,2026-04-04 17:59:35,https://example-saas.jp/campaign/spring
f5eae8a1-244b-4c7f-8356-7e4bc00c533c,2025-12-23,msg_00011,U743849e63f8101ac616f8fd0ba84a167,U8d2fcfbe55b5d606e93388999c6ad370,flex,delivered,2025-12-23 17:42:03,https://example-saas.jp/lp/newmenu
5e33700f-c4c2-4cb6-852b-0e9250da6962,2026-03-11,msg_00067,U7e808d11d6f9901a954a542a7ee09918,U808314c29db86ece39ab83a129881854,video,delivered,2026-03-11 17:45:23,
738c4c13-ddf6-476c-bb01-d8e008fbcf42,2026-01-26,msg_00005,Ub0341314a5534ea92b26fa8adc30543f,U5cae5a08cdc60a2b902c8f66584b9600,image,delivered,2026-01-26 14:03:33,
0f4a395c-6462-483d-beb1-fcdccc71b1bb,2026-01-26,msg_00063,Ub0341314a5534ea92b26fa8adc30543f,U94136440b0e47c4b1814d292e988c4e4,imagemap,opened,2026-01-26 18:47:54,
1c790b60-08e4-47d8-83d7-75d2979d777c,2025-12-19,msg_00064,Ub0341314a5534ea92b26fa8adc30543f,U6b797fef18b3d4445874ae66664fe520,image,delivered,2025-12-19 11:17:53,
e5817bb6-9071-450e-8132-e551656a99fd,2026-03-21,msg_00023,U743849e63f8101ac616f8fd0ba84a167,U9d5e19da19e97ed81bef768bb8e86d67,imagemap,delivered,2026-03-21 21:54:22,
3771f7b3-121a-4d92-947e-158914a0c72d,2026-03-14,msg_00009,U743849e63f8101ac616f8fd0ba84a167,Uc57f0da4d640d7fa23d19e532ea384ab,imagemap,opened,2026-03-14 01:57:28,
ed91a4b0-2d87-4216-b55d-c435a0daadfa,2026-01-18,msg_00102,U227d1cd1a801c367de206ec4bbca7330,Ub55d1092af1380f33bf82c8bf8b7b66a,video,opened,2026-01-18 14:50:53,
01561a91-43c5-4f6f-8ab8-45fe564d7a5d,2026-02-09,msg_00083,U3bae1603803a839c0cb52f511d9cb8f6,Ue0cf8274fc1a7329ddd667e05e2431d3,flex,delivered,2026-02-09 20:32:05,
bf26e001-8949-4236-9f9f-2eee47ed6a9f,2025-12-18,msg_00070,Ue9a1e8a5b83a6b296d43c957a8cfba4a,1a2853471f791a74d97357dfadac92fb,imagemap,delivered,2025-12-18 19:37:45,
c816d494-c2da-44fa-89c2-1a3567339b8f,2025-12-17,msg_00032,U3bae1603803a839c0cb52f511d9cb8f6,8b8352892322ff9d861f899ce0e74b74,video,delivered,2025-12-17 19:05:15,
6f148d45-b522-4f45-82a6-24bfbf19b9e6,2026-01-10,msg_00044,U30ad60bba5da9837ca5dd0230ca8f531,Ufc2eb7d2c3cae282e1491a0d91e773e9,video,opened,2026-01-10 03:30:02,
9cb4caa0-fd21-4964-8275-e86638bcdef5,2026-03-13,msg_00001,U4784fc8a8e1e4eb2435ad84e0ad052f2,U28ba88a73479dcea375f363c7642e607,image,opened,2026-03-13 07:13:20,
d254bf29-8ee4-4d0f-af52-365f32d0abb4,2026-02-08,msg_00051,U3bae1603803a839c0cb52f511d9cb8f6,4273acb99ac7305d9058f5557c1ef73c,image,delivered,2026-02-08 00:56:10,
3954153b-4f41-4ed0-8a28-e960aadafb70,2025-12-12,msg_00004,Ub0341314a5534ea92b26fa8adc30543f,Uf05e5043bf95d00ebe1ec7e3f659fe6d,video,delivered,2025-12-08 01:08:49,
8224ab06-af5e-4843-9fa1-d19426cc2c01,2025-12-21,msg_00022,U3bae1603803a839c0cb52f511d9cb8f6,U0be6b7b68d04b2de3bb3e4c57b3425e9,video,opened,2025-12-21 06:48:45,
6e51f3e1-5b77-4339-88a1-5f2864a312f2,2026-03-25,msg_00079,U743849e63f8101ac616f8fd0ba84a167,U85eb0b7386de30489c00962822220442,text,opened,2026-03-25 08:33:59,
10f44e80-5e58-412d-9e38-4ef7f5313f5d,2025-11-16,msg_00011,U837b70463a585f85743b5bfb3b49c9fd,Uae784034feb6ef64f687f16f27f287f7,flex,delivered,2025-11-16 21:29:16,
272f80ce-0914-4cf2-8e74-20bb63ce28ba,2025-12-18,msg_00114,Ub0341314a5534ea92b26fa8adc30543f,996c3233ff5f1569d237c7d7af5b67f2,flex,delivered,2025-12-18 08:20:44,
897009f1-013d-42e4-b522-8463e393b397,2025-11-26,msg_00028,U3bae1603803a839c0cb52f511d9cb8f6,Udb8fd1a3fb703cbcbb08cd8b1a0c8baa,image,delivered,2025-11-26 20:19:46,
27f8e1ac-9a4b-4f92-ab48-0c0af6a06df7,2026-03-06,msg_00068,Ub0341314a5534ea92b26fa8adc30543f,U16af189ceac55b12e8be4d3f5044bec6,video,opened,2026-03-06 00:45:03,
16205cf9-5b5b-4b13-bf01-5644fa0e6f13,2026-04-12,msg_00120,U227d1cd1a801c367de206ec4bbca7330,U8d6bddc79e6aed7f14f3a00240afd16d,text,opened,2026-04-12 23:13:02,
fc214762-9a79-4dac-b5e2-8146b9999405,2025-12-08,msg_00015,Ub0341314a5534ea92b26fa8adc30543f,Ucbec823771b8c83d5f71754f12f11e81,text,delivered,2025-12-08 11:52:55,
9cb7c960-32f1-476c-aa29-df2ee85f7a26,2026-01-13,msg_00060,U3bae1603803a839c0cb52f511d9cb8f6,U8a8966118663cef1c5f7046e9036f80d,image,clicked,2026-01-13 07:16:53,https://example-saas.jp/lp/newmenu
e654f2c2-053b-4775-8d60-75c34a712bc7,2025-11-23,msg_00053,U743849e63f8101ac616f8fd0ba84a167,Udd74120528ae969f901c71c72eb7d838,video,opened,2025-11-23 05:39:09,
73b805e7-9a4c-4f7d-9b95-06cec80fed21,2025-12-19,msg_00064,Ub0341314a5534ea92b26fa8adc30543f,U1f56d2a8fce752998b9395e0fdff25ba,image,delivered,2025-12-19 12:09:51,
9db839f0-8451-4af4-9015-b4c24e35e80e,2026-04-08,msg_00078,Ud4a92c8c8050eed40ef171cc2784d638,U4d0aa0098864290cf8e58bb786f452a9,image,clicked,2026-04-08 07:27:39,https://example-saas.jp/coupon/500off
1b8238ce-cf05-4afd-a49a-53049bac1750,2026-03-08,msg_00112,U3bae1603803a839c0cb52f511d9cb8f6,Ueb316583cea67d48d2370209871b43e5,image,delivered,2026-03-08 14:41:39,
c6a41f3a-53df-4c34-92af-e0a13ed3abba,2025-11-17,msg_00099,U3bae1603803a839c0cb52f511d9cb8f6,U1c85136700b4cc882e5dcbbb13d481c3,text,delivered,2025-11-17 05:04:37,
05b7e530-012f-49d9-a4a0-762b2ccb5390,2025-12-09,msg_00069,Uc20f9c7e9b662bedec3cb78e127885c7,61e858abee68b2a3cedd7835a9f99c44,imagemap,delivered,2025-12-09 15:24:35,
2793c8e4-4c17-47bd-b049-cd638ec1c5e1,2026-03-13,msg_00001,U4784fc8a8e1e4eb2435ad84e0ad052f2,Ua9806d6abc66b6deccedc287a1708dff,image,opened,2026-03-13 18:26:27,
fd74869c-8f3f-4f31-892e-e3715927cb03,2026-03-31,msg_00046,U4784fc8a8e1e4eb2435ad84e0ad052f2,U0bafaf67bb4f16b40348d9988bd7d0b1,flex,opened,2026-03-31 09:50:01,
c1ba8670-d520-457b-bd6f-70ea19a255da,2026-03-04,msg_00056,U1ca413826b7044d134c9c3132420c9de,U26c412444330ff13330a31f905b025a5,text,opened,2026-03-04 03:44:00,
a6c2f136-eeae-464f-8ada-39cbb722c167,2026-02-15,msg_00089,U3bae1603803a839c0cb52f511d9cb8f6,U1b3e86380f6d43a5fe6a52553228ea8b,text,opened,2026-02-15 18:38:52,
25fe0af4-8236-4eeb-b37f-85a782e27072,2026-04-08,msg_00078,Ud4a92c8c8050eed40ef171cc2784d638,Ud31b56ebe6d2e430aba547ba5017b9ce,image,delivered,2026-04-08 11:02:21,
8369953c-686d-4c9f-b083-b743b3b00167,2025-12-31,msg_00082,U227d1cd1a801c367de206ec4bbca7330,U25d4aff16382b6a9a9815f59925dc933,imagemap,delivered,2025-12-31 17:40:35,
e8c7329c-7500-4f5c-9a91-09b7f9f79dab,2026-02-20,msg_00095,Ub0341314a5534ea92b26fa8adc30543f,Ued375373f579c84d233889efee020d99,text,delivered,2026-02-20 09:19:06,
3d7e0470-3303-4d02-be45-17b46b502a3d,2025-12-24,msg_00091,U3bae1603803a839c0cb52f511d9cb8f6,U697681118f67c2acee04f7db03e96003,imagemap,opened,2025-12-24 18:44:55,
37dc2704-5a03-4b2b-8e04-226a5e29f5aa,2025-12-19,msg_00118,U4784fc8a8e1e4eb2435ad84e0ad052f2,U90c8c5bc90193558f460c60050ac2f0f,image,delivered,2025-12-19 04:28:33,
e72cfab0-cc6f-4311-8015-4d3840eb65b4,2026-04-12,msg_00105,Ud4a92c8c8050eed40ef171cc2784d638,U225640c40ca39a5893874f5bb252d17e,flex,delivered,2026-04-12 15:28:00,
0ed66591-41a1-4fcb-90b0-5dad11dd7481,2026-04-05,msg_00054,U3bae1603803a839c0cb52f511d9cb8f6,U54e439b23a3faf0be02ab2ea5e785d67,image,opened,2026-04-05 16:44:02,
f6c0576f-af10-4d7c-85ac-82a620c23f64,2025-12-18,msg_00114,Ub0341314a5534ea92b26fa8adc30543f,Ud4f18d2f46e3bdaf720ff9fa743869b3,flex,delivered,2025-12-18 00:09:23,
5c928662-c321-4275-bd8f-92dc9ed3d3a5,2025-11-23,msg_00053,U743849e63f8101ac616f8fd0ba84a167,U324564096e51e72d1f7e3019d3a3f5d6,video,clicked,2025-11-23 02:38:43,https://example-saas.jp/coupon/500off
f40d789e-ef48-4f6b-88aa-6144fbd46f53,2026-03-14,msg_00009,U743849e63f8101ac616f8fd0ba84a167,Ufd9e8a892cabb828d6dfef2c4389d4c7,imagemap,delivered,2026-03-14 20:31:27,
b3be6480-5e65-4c47-95f5-b878bf78484e,2025-11-27,msg_00018,U3e5dd3a641c58ad50e49f095c6f1e306,U854946147876dccbbcb15125d55c5663,imagemap,delivered,2025-11-27 02:03:09,
3d168dc8-3d2b-4b64-8cdf-b23a3c96a2b1,2026-02-21,msg_00036,Ue8d9224ecde331ce692edfce0b5ecdc4,U57d2e8fe9e19529fac7a09a415689b21,flex,open,2026-02-21 09:14:34,
9ddb594e-76c8-480e-aa1d-efc6fe6b75a8,2026-02-14,msg_00065,U743849e63f8101ac616f8fd0ba84a167,Uca09b69faf7c6c0076a7d53424d8cebc,image,opened,2026-02-14 02:20:22,
bc2c0f0d-0466-474c-8b3c-53ef67ef3aa6,2026-01-30,msg_00050,U3e5dd3a641c58ad50e49f095c6f1e306,Uc80a4290cb5fae071d35399250b58a6e,image,delivered,2026-01-30 16:21:26,
5a2f770e-a2f4-411c-b208-29f46e344155,2026-04-04,msg_00100,U743849e63f8101ac616f8fd0ba84a167,U9921d8a6c8309499bc5fe720764dff90,image,opened,2026-04-04 18:36:41,
35bb2dc6-d6ee-413f-bbe0-d143220ce8ec,2026-03-26,msg_00040,U3bae1603803a839c0cb52f511d9cb8f6,Uebc922c2cd268e9ef24cec0cc1db8ded,imagemap,delivered,2026-03-26 08:20:00,
14faba0f-7509-4bea-b818-607f9ec8a8e8,2026-02-15,msg_00006,U743849e63f8101ac616f8fd0ba84a167,Ufa7cca2c7352e8db23a74a082a78fea4,flex,delivered,2026-02-15 13:47:06,
bafa44d9-0568-45d0-882b-86d7e3682d8f,2025-12-24,msg_00091,U3bae1603803a839c0cb52f511d9cb8f6,U3991db1a9a335a330b848b45de7471a7,imagemap,delivered,2025-12-24 08:10:19,
1a491163-1f3c-4b3e-bb20-1774916fb759,2026-01-24,msg_00007,Ub0341314a5534ea92b26fa8adc30543f,U7f936ea7c6c0d7dd7e636080a3f492e7,imagemap,delivered,2026-01-24 04:42:33,
17991d55-1f9d-43e9-a3e0-a616c288c942,2025-12-23,msg_00109,Ue7310890b01058478be93761a56d0aa0,U15ef586e51363b191ef75d17a9ce1d9d,text,delivered,2025-12-23 03:23:18,
604286a3-e08f-4e5d-9d30-2b18b07b5aea,2026-04-08,msg_00041,Ue7310890b01058478be93761a56d0aa0,Uaea03e33a5fd8464c44635f7468838ae,text,delivered,2026-04-08 22:04:13,
89bb2b79-05c3-483b-89d9-9bc9511ed53e,2025-12-17,msg_00032,U3bae1603803a839c0cb52f511d9cb8f6,Ud0946ea87ae6bf9509a1fc74af964cd0,video,delivered,2025-12-17 19:13:48,
534e5a81-bb31-411b-85f8-249c1e51cdfd,2026-04-04,msg_00049,U476acbdef8e9a16d24575e4f6d7b0f31,4f788475c6448ab8f05ded3dc91be837,text,delivered,2026-04-04 16:56:08,
de0c6282-868d-4e7b-ba26-1c051c50dbce,2026-03-23,msg_00071,U3bae1603803a839c0cb52f511d9cb8f6,U3d6a9ad5e10a528399c76532ef8e76b2,imagemap,delivered,2026-03-23 14:05:51,
41cd4727-aa8d-4420-a673-c0d71ba474cf,2026-01-24,msg_00007,Ub0341314a5534ea92b26fa8adc30543f,U5395501aac27449e2004f3a130478935,imagemap,delivered,2026-01-24 23:29:47,
58ee46a0-a81d-4714-87a3-2a5f1f9e1afe,2026-03-23,msg_00116,Ud4a92c8c8050eed40ef171cc2784d638,949952b52896890ee94b7cd7a2f31331,text,delivered,2026-03-23 07:29:53,
e3da4f26-6e74-4bf2-9369-48c260f390d1,2026-01-13,msg_00060,U3bae1603803a839c0cb52f511d9cb8f6,U98a91f490c1cd5df848c9fc317da2fab,image,delivered,2026-01-13 05:20:11,
4b2e6a05-5aa4-47d3-81e5-9040e0729f9e,2026-01-26,msg_00086,U4784fc8a8e1e4eb2435ad84e0ad052f2,Ufab83447c5467432cf39395776f89b6a,text,opened,2026-01-26 13:47:13,
50e9498b-b30f-4ebb-8403-dc5280298c0c,2026-02-14,msg_00042,U3bae1603803a839c0cb52f511d9cb8f6,U858d1f0d0be9e8e3e59e311ee9c7d650,video,delivered,2026-02-14 16:22:17,
a90f1539-4fbe-483e-82c9-642dd98d17f0,2025-11-24,msg_00033,U3bae1603803a839c0cb52f511d9cb8f6,U0ffa30a968bbb58141d9e591ff6bf571,text,clicked,2025-11-24 22:58:40,https://example-saas.jp/lp/newmenu
11e499d3-1974-4097-a86e-96086b4a5dc4,2026-03-06,msg_00055,U3bae1603803a839c0cb52f511d9cb8f6,U76a57a78c4fbda2ec467d3ed523b9f83,flex,delivered,2026-03-06 00:00:37,
1e9143bf-e4f9-4bf2-9e82-51a1b241de6e,2025-12-18,msg_00070,Ue9a1e8a5b83a6b296d43c957a8cfba4a,Ub56ed3e269882a3a9b6167649d0938e2,imagemap,delivered,2025-12-18 14:15:29,
599478e8-1d8c-427c-ac5a-f8b4624ff303,2026-01-26,msg_00063,Ub0341314a5534ea92b26fa8adc30543f,U76b31cfb76c681e8b5d9db6d3081bfa4,imagemap,opened,2026-01-27 00:50:24,
1431e68c-99e0-4503-ae93-26f4d80220ff,2026-01-13,msg_00060,U3bae1603803a839c0cb52f511d9cb8f6,Ua7e46c043d599101127fc37e849ae5b6,image,delivered,2026-01-13 08:38:11,
5d7f3154-556b-41ed-bc1a-3bbdcc6dea00,2026-03-27,msg_00096,U476acbdef8e9a16d24575e4f6d7b0f31,Ua025469df58700884de89c61d70e7ec7,imagemap,delivered,2026-03-27 21:31:43,
ee9743bf-5ede-47fb-ad59-1755e2e0f47b,2026-02-07,msg_00090,U4784fc8a8e1e4eb2435ad84e0ad052f2,U198202d8adb51cd7f75982390aec2dfc,imagemap,delivered,2026-02-07 13:07:51,
377d70d4-fe14-4c8a-b2ff-fa42570ad6a6,2026-02-14,msg_00042,U3bae1603803a839c0cb52f511d9cb8f6,U3fb78839072f0f82139194eef85180fd,video,opened,2026-02-14 22:50:07,
89ea8197-7898-47a4-87c2-f2dc4e4f6d5f,2025-12-25,msg_00045,Ue7310890b01058478be93761a56d0aa0,U8b9e0cead418a42a55805899c9f0fd04,video,clicked,2025-12-25 15:00:35,https://example-saas.jp/campaign/spring
279552bb-9b73-48af-940b-65a8275db483,2025-11-21,msg_00010,Ue7310890b01058478be93761a56d0aa0,U0a95d6a209b84f0995843723da7b40c3,imagemap,opened,2025-11-21 20:01:49,
7ae863c2-c568-419d-b4d3-04f9d49a7f63,2026-01-17,msg_00037,U7e808d11d6f9901a954a542a7ee09918,Uadf204609affe5f174dc00b0061a9832,text,opened,2026-01-18 00:47:56,
68331675-5e1b-4d5c-957e-32a3a9824203,2026-04-10,msg_00101,U743849e63f8101ac616f8fd0ba84a167,Uf04788f77e45a06eb0d39ea4485c2de6,imagemap,opened,2026-04-10 22:35:58,
5a7edb30-715b-4bac-82ac-4ca259556e22,2026-03-08,msg_00112,U3bae1603803a839c0cb52f511d9cb8f6,Ue2e03e8203b3f97f3a1530f19f38df77,image,opened,2026-03-09 01:02:03,
3a9aabde-1720-4ae5-bee0-6cf3a6665f17,2026-01-26,msg_00115,U3bae1603803a839c0cb52f511d9cb8f6,Ufd7bd46e7f13cee8df553a34c5b1c5eb,imagemap,opened,2026-01-26 19:39:38,
522d3ddd-d899-4b4d-8488-65ad1132b336,2026-03-20,msg_00106,U3bae1603803a839c0cb52f511d9cb8f6,U8426bec1c36107f53d7f1716e65dfbbb,video,delivered,2026-03-20 18:02:09,
07bfdd29-0004-4948-86ca-8400d28287da,2025-12-12,msg_00004,Ub0341314a5534ea92b26fa8adc30543f,U53a799aaad3caf8e61432985f593c8ca,video,delivered,2025-12-12 19:45:11,
9be27abd-2c26-4efa-a0b8-22421a8b89e0,2025-11-26,msg_00028,U3bae1603803a839c0cb52f511d9cb8f6,Uab73ea47d50f758578670eb55f944045,image,delivered,2025-11-26 17:13:51,
580856ca-1425-4cd7-8be0-58715da51d8e,2025-12-09,msg_00059,U3bae1603803a839c0cb52f511d9cb8f6,Uf72f849c0ddf0f97c3e86a5b26bb3f4d,imagemap,delivered,2025-12-09 13:55:03,
c949615c-20c1-43a0-84f0-359ea622e1d0,2025-12-19,msg_00118,U4784fc8a8e1e4eb2435ad84e0ad052f2,U90358d1eab5cc5da48e8900881ef8abf,image,opened,2025-12-19 22:54:22,
46713522-0333-4f93-b633-28b203462c73,2026-04-10,msg_00101,U743849e63f8101ac616f8fd0ba84a167,U041bdc51808fb8a71e11e4b361a4bfb4,imagemap,delivered,2026-04-10 01:30:15,
58d6cbfa-2b9f-4d32-9efc-7efead0b3230,2025-12-18,msg_00070,Ue9a1e8a5b83a6b296d43c957a8cfba4a,U97aa0a033af79ab9fd69bded66414589,imagemap,clicked,2025-12-18 14:40:52,https://example-saas.jp/lp/newmenu
f3510d5a-3f70-4fbc-b878-1f703eda5f0c,2026-01-13,msg_00060,U3bae1603803a839c0cb52f511d9cb8f6,U962f7d0d02053a5a712657b43467e4b1,image,delivered,2026-01-13 14:32:45,
92901afd-db57-4692-8387-e71012f28c02,2026-03-11,msg_00067,U7e808d11d6f9901a954a542a7ee09918,U9cf2a6ef55c746c3d86070f3ea5c4484,video,delivered,2026-03-11 15:53:29,
256eee5b-80df-4787-9e49-f024cd22c637,2026-02-05,msg_00107,U3bae1603803a839c0cb52f511d9cb8f6,U0017d8cd7f96681091ec9acf98deb319,text,delivered,2026-02-05 17:15:58,
ef9716e8-84d0-4630-bed7-55a6930dd6e0,2026-01-29,msg_00031,U3bae1603803a839c0cb52f511d9cb8f6,Ua5e5145de17b63ef5dd53f9d771349aa,video,opened,2026-01-29 19:25:27,
38550e7e-4ead-4877-b72e-22aef9fd6dbb,2025-11-25,msg_00043,U3e5dd3a641c58ad50e49f095c6f1e306,U1931be2493379eb4769a479386016281,flex,blocked,2025-11-25 18:32:59,
49c6c567-c00c-4da9-b1b5-a6ad71064832,2026-02-07,msg_00090,U4784fc8a8e1e4eb2435ad84e0ad052f2,Ua11116e492261474a51017dadda0186d,imagemap,delivered,2026-02-07 22:44:20,
a6db7812-1b87-42e3-a37c-3f2fb641ab13,2026-03-30,msg_00076,U743849e63f8101ac616f8fd0ba84a167,U99d8ba5d17a57c34d65306cb176e15dc,image,delivered,2026-03-30 04:47:51,
65e94cf3-fa32-4947-80ee-7d00431a2abb,2026-02-19,msg_00016,U837b70463a585f85743b5bfb3b49c9fd,Ueba0781d0416b3def99bea33eb802576,flex,opened,2026-02-19 12:53:12,
e9fd9525-cf48-417c-a440-070597ea400b,2026-03-06,msg_00068,Ub0341314a5534ea92b26fa8adc30543f,Ufefbe31bbb2bc9c83abe783bb859af87,video,delivered,2026-03-06 20:25:55,
fc619b4f-d4f3-4885-b99d-93e0377a53d3,2026-03-03,msg_00093,U743849e63f8101ac616f8fd0ba84a167,U4e6d3c8a16b65b6de9ff45054a385ff3,imagemap,delivered,2026-03-03 03:00:51,
f00c3904-f754-46f4-8b3a-917f0af45825,2026-02-20,msg_00036,U879eb903ad90cd9c2874f6df7651267a,U0b64085ff4d56da2a335de7e782d6bd5,video,delivered,2026-02-20 04:47:25,
5f5629a0-12d0-40c5-9f07-cebbc7c388a9,2026-04-08,msg_00078,Ud4a92c8c8050eed40ef171cc2784d638,U3adc52c7119567a67ccd3a4f1f22e462,image,opened,2026-04-08 18:56:37,
a3e5de80-b309-46a7-885d-5119e549588d,2025-12-03,msg_00012,U743849e63f8101ac616f8fd0ba84a167,Ud15e0d4bb0d442ac7e680037805d55a4,imagemap,delivered,2025-12-03 13:06:50,
9881bedd-7ede-46c1-9571-93aca220989d,2026-03-23,msg_00116,Ud4a92c8c8050eed40ef171cc2784d638,U138caa2da291016727a3d04b56a0f81e,text,delivered,2026-03-23 08:41:47,
affed012-c915-4f2f-8637-d63df1f4f020,2025-12-09,msg_00069,Uc20f9c7e9b662bedec3cb78e127885c7,Ud984208ae9f5d5245784e45a1a9b4672,imagemap,delivered,2025-12-09 09:00:41,
3ddadb38-e806-41d5-8e06-cdba00c5ca13,2025-12-09,msg_00069,Uc20f9c7e9b662bedec3cb78e127885c7,U585b669abe54d2f5ca8012f145dfc2c5,imagemap,delivered,2025-12-09 15:13:27,
0acc4e7b-834b-4e11-9ab4-5da79688cc0b,2025-12-25,msg_00045,Ue7310890b01058478be93761a56d0aa0,Ue570c0a5af6a494e4a8ef5e9b8d78a2f,video,opened,2025-12-26 00:04:35,
cbff2478-0367-410e-85c2-fc8df2252b12,2025-12-19,msg_00118,U4784fc8a8e1e4eb2435ad84e0ad052f2,U57351bb246c109cfb0764689e1c7462b,image,delivered,2025-12-19 00:44:39,
0e3134ad-c0af-48f3-a0a6-3fcecbe7e23c,2026-01-20,msg_00026,Ud4a92c8c8050eed40ef171cc2784d638,U9629e08c745a6f0263fbd6d1e824496a,imagemap,opened,2026-01-20 18:40:23,
7c4b5372-4ac3-4296-a9fc-4a8707fdd705,2025-12-18,msg_00114,Ub0341314a5534ea92b26fa8adc30543f,U5c2ee02558d6aef0034c19cfa603d843,flex,delivered,2025-12-18 05:59:36,
2e72a103-2f47-4dd5-be1d-0abf560461b0,2026-03-25,msg_00079,U743849e63f8101ac616f8fd0ba84a167,U25cc71d94725353e0c5f786cd5a47d14,text,opened,2026-03-25 16:23:30,
3aa77a37-ae2d-4840-ab99-c3a563151380,2026-03-31,msg_00046,U4784fc8a8e1e4eb2435ad84e0ad052f2,U890c79495145a6e088d341bb9be6ee33,flex,delivered,2026-03-31 12:42:08,
d1d86879-9301-4f73-ae4b-6db2f05c19e4,2026-01-26,msg_00103,U3bae1603803a839c0cb52f511d9cb8f6,U4be88d226470ac7bb585fab7d6881641,flex,delivered,2026-01-26 12:37:38,
e9c15c14-c028-4e33-835e-112d93805bff,2026-03-06,msg_00068,Ub0341314a5534ea92b26fa8adc30543f,U2a174fdadab91c746c279a6c8331057f,video,delivered,2026-03-06 14:49:07,
596533f8-28c7-4965-ab57-cee7fb0859f8,2025-12-25,msg_00077,U743849e63f8101ac616f8fd0ba84a167,Uc57d672370642bee920708ab30f20152,text,opened,2025-12-26 00:22:37,
fe009e0b-0c34-48eb-b23a-77a427433907,2026-04-12,msg_00120,U227d1cd1a801c367de206ec4bbca7330,Ub897154256432a590f9898c9644dee24,text,delivered,2026-04-12 22:35:27,
2ae6de42-48ca-493c-891a-2a583cd68cc6,2025-12-09,msg_00059,U3bae1603803a839c0cb52f511d9cb8f6,31b010f683731a065bf468aee1091f9a,imagemap,delivered,2025-12-09 20:25:25,
0ea5924d-a57b-4eb9-b7f1-39721103cc07,2026-03-02,msg_00082,Ub0341314a5534ea92b26fa8adc30543f,U78866a5347a488faf2f2c5bc192946ac,video,,2026-03-02 12:56:30,
e7fc6be7-615c-495a-8f45-5ed41a2516bd,2025-12-23,msg_00109,Ue7310890b01058478be93761a56d0aa0,U1db0a47f67b3a0b6a50f57c1d34c1cbd,text,delivered,2025-12-23 11:16:11,
548419c6-6aae-4d83-b348-123f706b1255,2025-12-18,msg_00070,Ue9a1e8a5b83a6b296d43c957a8cfba4a,U35a5b6a5fb9a53da40844af3629e10e3,imagemap,delivered,2025-12-18 00:51:01,
09d6b87f-8b56-4d2c-ab78-8518f842527e,2026-03-03,msg_00093,U743849e63f8101ac616f8fd0ba84a167,U1599eec927ca720035bd0bf7796b3241,imagemap,opened,2026-03-03 22:21:25,
567e61e6-4bd6-4fd2-94d8-52f3f4f6ab1b,2026-01-24,msg_00007,Ub0341314a5534ea92b26fa8adc30543f,U5395501aac27449e2004f3a130478935,imagemap,opened,2026-01-24 23:27:46,
18fc1bef-c2e6-49ef-b0b3-c9b7a8dc6789,2026-03-20,msg_00106,U3bae1603803a839c0cb52f511d9cb8f6,Ubd8a2b4a3d09c8b45d92770507f6da76,video,opened,2026-03-20 16:14:21,
59bab529-441a-49c7-a158-b5f302201daa,2025-12-25,msg_00045,Ue7310890b01058478be93761a56d0aa0,U4d724b9d6c239cea45bd77fd48513df3,video,delivered,2025-12-25 08:27:19,
dd00cdbd-caa4-451b-ba4e-4a782b49086d,2026-04-01,msg_00072,U4784fc8a8e1e4eb2435ad84e0ad052f2,U8bc37bbb000832d3bc7e95e0ecc951e0,image,opened,2026-04-01 10:44:49,
4266d462-9c91-492a-8d85-02fbb7eece25,2025-11-24,msg_00033,U3bae1603803a839c0cb52f511d9cb8f6,U2d1ae72a403e1b6c47701de0155fd51a,text,clicked,2025-11-24 09:27:25,https://example-saas.jp/campaign/spring
7dac6149-d037-44c4-9a41-e85cf90075a7,2026-03-04,msg_00056,U1ca413826b7044d134c9c3132420c9de,U5a19fc8176a8270955c822930539cdda,text,opened,2026-03-04 00:42:11,
ce6f1846-856d-4b80-8461-162bb1393bf8,2025-12-09,msg_00059,U3bae1603803a839c0cb52f511d9cb8f6,U128f33685d16a8c961cd2c67d479af59,imagemap,delivered,2025-12-09 16:00:52,
37736b7e-2ab8-4c6c-9f8f-c4c814e27204,2026-03-23,msg_00071,U3bae1603803a839c0cb52f511d9cb8f6,Uc01763edb1700a440a5e01b522821bd2,imagemap,delivered,2026-03-23 13:33:22,
27981b56-6c15-4913-9f9f-35237721d3b7,2026-02-08,msg_00051,U3bae1603803a839c0cb52f511d9cb8f6,U90dcf6d54654bcac250f423c907095b6,image,opened,2026-02-08 03:02:19,
cf32580e-21d5-497b-9ea5-9b106abf95fa,2025-11-23,msg_00053,U743849e63f8101ac616f8fd0ba84a167,U3df64d5e43bc4378afa45d0766ba1b8e,video,delivered,2025-11-23 00:38:30,
cae1e70d-0afd-4613-a34b-50e8bd3cf33f,2025-12-19,msg_00064,Ub0341314a5534ea92b26fa8adc30543f,69fda70322c42ba09eaeed81326e617e,image,delivered,2025-12-19 06:11:41,
b533933d-6e75-41cf-9ef8-54f28bf66c98,2026-01-04,msg_00012,Ue7310890b01058478be93761a56d0aa0,Ub00a28c70bf441f950da2e20e9316511,text,,2026-01-04 22:19:18,
9c7bcd4b-d820-4739-ad63-1f2cabf953f9,2025-12-19,msg_00118,U4784fc8a8e1e4eb2435ad84e0ad052f2,U668a3d135843ae2b1bee0b2b61e1a981,image,opened,2025-12-19 04:53:09,
11b763c8-8366-461f-9d23-f58939d0805e,2026-02-19,msg_00025,U3bae1603803a839c0cb52f511d9cb8f6,U963fa5b7a55d8552b5f0ee40e6c0117c,text,open,2026-02-19 07:46:32,
1836322e-1cf5-4b22-b806-397a2f8f976d,2025-11-23,msg_00024,Ue8d9224ecde331ce692edfce0b5ecdc4,U6c4d0813d0c22e03893fb11bd6f638eb,text,delivered,2025-11-23 14:26:00,
3123e47f-ca6d-46e2-81de-d6fb1736aa6e,2026-01-24,msg_00066,U3bae1603803a839c0cb52f511d9cb8f6,U38a1b8b3961f9d18984d3a88266eb28c,image,delivered,2026-01-24 01:45:47,
b5cff52f-7311-4776-863a-627194d6feef,2026-03-16,msg_00002,U3bae1603803a839c0cb52f511d9cb8f6,U55b7a4dbb2a20e307e2ad53533341531,text,delivered,2026-03-16 01:35:16,
b3922002-a41b-4d73-aa4d-a80ee44069db,2026-03-25,msg_00079,U743849e63f8101ac616f8fd0ba84a167,U027fb00290985b090f75044e800bbde1,text,delivered,2026-03-25 22:34:43,
dc3d6d4c-4a95-411c-9d85-c7951ffcaf71,2026-03-20,msg_00092,U743849e63f8101ac616f8fd0ba84a167,44b7e17ec01d817fb91c45500169106b,video,delivered,2026-03-20 22:44:35,
0a89ce10-7c51-4e9b-bbcb-1caf62c96d16,2025-11-25,msg_00043,U3e5dd3a641c58ad50e49f095c6f1e306,U9deeab928e8bc2968047f7e39763476f,flex,delivered,2025-11-25 09:23:55,
6b5f195e-cbaa-4625-b1ff-342c8a56164e,2026-03-23,msg_00071,U3bae1603803a839c0cb52f511d9cb8f6,Ucd33c5752631b6ee24293630e42217e2,imagemap,delivered,2026-03-23 10:56:26,
c2ca3985-4a4c-4083-9f18-98078871fd4a,2026-01-01,msg_00027,U4784fc8a8e1e4eb2435ad84e0ad052f2,Udedff1d04e67caf5d63570e304d6315b,image,delivered,2026-01-01 22:13:59,
468d8976-529c-4144-a33a-3df21d24f6b7,2026-04-08,msg_00078,Ud4a92c8c8050eed40ef171cc2784d638,Uc97787e4d80b0552ae61f85d7ca95f6d,image,delivered,2026-04-08 08:25:03,
e09e0f64-8c7f-429f-bb00-95fe80463bc7,2026-03-27,msg_00096,U476acbdef8e9a16d24575e4f6d7b0f31,U0f5eededc77cd483aae62e8810b115f3,imagemap,opened,2026-03-27 20:15:34,
48baee94-0215-4e10-847a-b4d3dc7ec099,2025-12-25,msg_00077,U743849e63f8101ac616f8fd0ba84a167,U9176aa83263e493337efc214b8e23433,text,clicked,2025-12-25 02:05:47,https://example-saas.jp/coupon/500off
40742876-06b0-4d99-930e-e69f6035ed8d,2026-03-22,msg_00119,U3bae1603803a839c0cb52f511d9cb8f6,U28fd031493d10109838aed282ceb4466,imagemap,delivered,2026-03-22 00:28:07,
24d0193d-59bc-4fda-a8eb-a9d59b48cdab,2025-11-16,msg_00020,U3bae1603803a839c0cb52f511d9cb8f6,U554a769cbf67a01c0ca120b76683eecb,text,delivered,2025-11-16 11:31:37,
f2a02f20-36b2-4981-8a52-6c27fd5cc434,2026-01-18,msg_00102,U227d1cd1a801c367de206ec4bbca7330,a2148b151b201d58d167723f5df63be5,video,delivered,2026-01-18 14:10:03,
79a548e3-cdb3-4305-976a-3d02e2cb0641,2025-11-25,msg_00043,U3e5dd3a641c58ad50e49f095c6f1e306,Ua71ae889462a252d89c81a0ef00ce2b4,flex,clicked,2025-11-25 23:54:31,https://example-saas.jp/campaign/spring
211b05cc-3b4f-469f-ba28-07f8044ae296,2025-12-23,msg_00109,Ue7310890b01058478be93761a56d0aa0,U7d074f7c26be3fe9ea27fcf1555ed980,text,delivered,2025-12-23 08:59:30,
a784335e-daa0-4190-a7a0-9e53d2d64e30,2025-12-03,msg_00012,U743849e63f8101ac616f8fd0ba84a167,U31236d3ca65552ddb5965c7d6aaa4060,imagemap,delivered,2025-12-03 01:57:47,
078c3336-4af3-49c9-b8f7-1844e0b35ef8,2026-02-10,msg_00058,Ue9a1e8a5b83a6b296d43c957a8cfba4a,Ua76883935aa718df2aa2ee09d5513c69,video,clicked,2026-02-11 00:07:03,https://example-saas.jp/coupon/500off
3c4b9539-c8e4-4cc9-bf0b-6f7936e9d1ee,2026-03-27,msg_00096,U476acbdef8e9a16d24575e4f6d7b0f31,U8ee3102f9ef93f234afd60470dd8d3e5,imagemap,opened,2026-03-27 11:33:00,
96c57892-0987-4022-a1d7-b0139bfb9375,2026-02-14,msg_00098,U743849e63f8101ac616f8fd0ba84a167,U0be794741de58fe018c786196ff03d1a,imagemap,opened,2026-02-14 05:56:22,
a5d0feab-1aec-4d0b-b7f4-98417a4de77c,2026-02-09,msg_00083,U3bae1603803a839c0cb52f511d9cb8f6,9b89e8cb328cbe1d7b430c0533812c70,flex,opened,2026-02-09 05:05:55,
5ee1bc5e-e0c4-4788-bb5c-f6d760f1fc7d,2026-04-04,msg_00100,U743849e63f8101ac616f8fd0ba84a167,Ucad7a84d6c1248e89504fea7e244bbc4,image,delivered,2026-04-04 18:57:37,
8e623202-5562-4d70-b7ca-5e93b689d3ed,2026-03-18,msg_00080,U22a93bc29b1df104af6b1ba1cd91fc56,U103b1381ef9f728be9e2f48330843e82,flex,delivered,2026-03-18 20:42:52,
b2c4bfb1-22a7-44e7-9ab7-6a3ddc2d3075,2026-03-05,msg_00014,U3bae1603803a839c0cb52f511d9cb8f6,Ucad03ae2672eba902aa645853100bb0e,flex,delivered,2026-03-05 07:48:44,
de66f38c-c88b-4e32-a969-12c1d6e26b84,2025-12-25,msg_00077,U743849e63f8101ac616f8fd0ba84a167,Uc57d672370642bee920708ab30f20152,text,delivered,2025-12-25 23:51:39,
b7d5468e-55d1-4af8-b9be-222b0e9692fa,2026-01-26,msg_00005,Ub0341314a5534ea92b26fa8adc30543f,U3d3f75d3313b35eef6422910da1fba79,image,delivered,2026-01-26 03:28:05,
8561c8d5-ce3d-4d09-ac84-c4518db63ae9,2026-01-17,msg_00037,U7e808d11d6f9901a954a542a7ee09918,Uefb865da68af3544507359685c103a60,text,delivered,2026-01-17 02:55:04,
968469e4-798d-45bd-9f5b-d7a50e07c657,2026-01-26,msg_00005,Ub0341314a5534ea92b26fa8adc30543f,Ue286188a3bfe85a2d1f03f9b5123c642,image,delivered,2026-01-26 02:21:42,
0cf46a0d-19ad-4134-83fc-65bb8b83c959,2026-02-20,msg_00095,Ub0341314a5534ea92b26fa8adc30543f,f4c6645abf2e34f4205b12e93c617320,text,delivered,2026-02-20 19:52:19,
ad96aa3a-5889-4413-91b6-612bb4ed3ed8,2026-03-12,msg_00084,U68d2301028fb66b51d9111f1af067e34,U70200235da8c2aa3985574031d8689be,video,clicked,2026-03-12 16:19:31,https://example-saas.jp/lp/newmenu
6bcbfacf-b2b4-4e0e-be45-b4a5ddc3fc20,2026-04-06,msg_00074,U3bae1603803a839c0cb52f511d9cb8f6,Uf75540e42af92a962ef92e2e3965cfbd,text,delivered,2026-04-06 21:38:32,
19018bb5-b4c2-492d-8646-a97595ccb1f5,2026-03-06,msg_00055,U3bae1603803a839c0cb52f511d9cb8f6,U915e19a855a7a3584bf7cb8718fdfa2c,flex,opened,2026-03-06 19:30:59,
ec5cb4f6-0037-4ad0-a394-b1d67550de13,2026-03-18,msg_00080,U22a93bc29b1df104af6b1ba1cd91fc56,1552edba718844e7eb9a21327c31ccc6,flex,opened,2026-03-18 20:51:34,
46796883-291e-4f75-a6c9-8825a0c775d3,2026-03-31,msg_00046,U4784fc8a8e1e4eb2435ad84e0ad052f2,U7c16610f9274598b440adce9f683362a,flex,delivered,2026-03-31 22:55:26,
c7c409f0-e9e4-4ca4-8b32-ea90d48b4553,2025-11-30,msg_00025,Ub0341314a5534ea92b26fa8adc30543f,Ube29356545e361214816cd846062337f,imagemap,delivered,2025-11-29 05:57:08,
7b1c913b-1f53-4af2-987d-c19ab70c99aa,2026-02-05,msg_00107,U3bae1603803a839c0cb52f511d9cb8f6,1502b06fea8880ac11dba412b6ab09d3,text,delivered,2026-02-05 19:59:35,
c46b55c3-8046-4ec8-92ea-b7d8a3506935,2026-02-20,msg_00017,U22a93bc29b1df104af6b1ba1cd91fc56,U205b730132c442897adb4dc10c4c3701,video,failed,2026-02-20 17:38:11,
08a09485-a109-4c38-8f85-6468fe95b842,2026-01-09,msg_00052,U743849e63f8101ac616f8fd0ba84a167,Uccb41db09449f9e2d1d0518c355ef170,video,delivered,2026-01-09 12:10:50,
c4286c87-58c8-452b-b263-193fa1b23724,2026-01-17,msg_00037,U7e808d11d6f9901a954a542a7ee09918,U2cd1f5780861188c62c800122de8f387,text,delivered,2026-01-17 14:20:51,
29443e63-eb3f-458f-af92-d1a02be8c4ff,2026-02-07,msg_00090,U4784fc8a8e1e4eb2435ad84e0ad052f2,Ub5f127c5234be51f6fc45e8e8bd13c06,imagemap,opened,2026-02-07 14:02:53,
b9e78165-7b5a-464e-a403-cbbaaa654e46,2025-11-16,msg_00011,U837b70463a585f85743b5bfb3b49c9fd,7f91f4ce70ac011e7ba8f06c734acf00,flex,opened,2025-11-16 15:51:07,
b19d39a9-38a4-44c6-8466-e2817476878d,2026-02-05,msg_00107,U3bae1603803a839c0cb52f511d9cb8f6,U80ef53cfd9412a24a938099defca2529,text,opened,2026-02-05 10:39:46,
6e40aa42-fa8f-4717-b3d5-b92d44e51a04,2026-01-07,msg_00110,Ub0341314a5534ea92b26fa8adc30543f,U92ef76af440dacdea31a8221d5392163,video,delivered,2026-01-07 08:13:16,
5e57ded8-8423-49ed-a2f1-efec2e18ccaa,2026-02-10,msg_00058,Ue9a1e8a5b83a6b296d43c957a8cfba4a,U3ea3cd31b64f904d92aedbed97e9050d,video,opened,2026-02-10 22:25:47,
728d4aac-929a-4ca7-ad23-fc3b2f13e7a4,2026-03-27,msg_00096,U476acbdef8e9a16d24575e4f6d7b0f31,U1943a9f7cfe25232a2aee6b08ba529df,imagemap,opened,2026-03-27 00:39:18,
5e841dc1-b5c1-4802-ae1c-ba599a8d2fa2,2026-04-06,msg_00074,U3bae1603803a839c0cb52f511d9cb8f6,U5cdbb34d687fb9de4d5ad403d352c46e,text,clicked,2026-04-06 05:16:14,https://example-saas.jp/lp/newmenu
60367b65-1eeb-4086-a42c-7b63e5de8c1f,2025-12-09,msg_00069,Uc20f9c7e9b662bedec3cb78e127885c7,U8c935a607bf7d47d677622b831cd3688,imagemap,delivered,2025-12-09 21:42:19,
5740c4f6-09fb-4bc2-8118-5bac8f6b5d92,2026-03-20,msg_00076,Ub0341314a5534ea92b26fa8adc30543f,Udb3db20dad82f90b5c48b74f73eadd79,text,unsubscribe,2026-03-20 07:33:12,
16284947-55bb-4b10-9f4a-6a2cb20ea0ef,2025-12-14,msg_00085,U743849e63f8101ac616f8fd0ba84a167,U5e1de9b4029e9a16ed63cc48ebcf8e56,image,delivered,2025-12-14 04:07:00,
5d6182e8-5650-49d8-8f54-e4ce89cfc6b2,2026-02-07,msg_00090,U4784fc8a8e1e4eb2435ad84e0ad052f2,U0492e8234863beea31b47a863e6c6100,imagemap,delivered,2026-02-07 21:37:13,
b6b4b4c9-d4f1-4862-81dd-3b848692e825,2025-12-18,msg_00114,Ub0341314a5534ea92b26fa8adc30543f,U095912cd86215c8f06e090225ab8387e,flex,opened,2025-12-19 00:53:29,
52ea036a-47ee-46bc-97c1-aa6c7f821253,2025-11-16,msg_00020,U3bae1603803a839c0cb52f511d9cb8f6,b38cd4acfc0059a34f57766182ad23d4,text,delivered,2025-11-16 02:02:34,
230e5d66-2f99-43a3-b09e-3e4c7ec26001,2025-12-19,msg_00118,U4784fc8a8e1e4eb2435ad84e0ad052f2,Ub92dd7285ee6e16c6eebe447e7accf8c,image,delivered,2025-12-19 21:05:42,
a8ff4478-d581-476b-9571-43a81570f30c,2026-03-03,msg_00093,U743849e63f8101ac616f8fd0ba84a167,065e0b468313970b14b9cae583b6e8dc,imagemap,opened,2026-03-03 07:30:50,
4906af60-d5c3-4e13-9562-3e2e55abf31d,2026-02-20,msg_00036,U879eb903ad90cd9c2874f6df7651267a,Ue2774c66e822264f1825c092d449ec05,video,opened,2026-02-20 15:45:48,
f1dd2807-3f0f-4636-8844-de06fed203d7,2026-02-20,msg_00048,Ue7310890b01058478be93761a56d0aa0,U1fdd9b3f707ee95631d5333a409b35ea,flex,delivered,2026-02-20 14:41:53,
ab776cd1-3d66-4779-b5f0-15a71386e22d,2026-02-20,msg_00036,U879eb903ad90cd9c2874f6df7651267a,U5c4dbabca008d3898febd2e4abebc83e,video,delivered,2026-02-20 08:59:47,
356847f4-175a-45c5-8bf1-27e940a58879,2025-11-16,msg_00020,U3bae1603803a839c0cb52f511d9cb8f6,U0227e07048995edf5055e0bde2caf47b,text,delivered,2025-11-16 07:31:57,
51d81a60-212f-4a62-9b68-d1b1d76bb839,2025-11-23,msg_00024,Ue8d9224ecde331ce692edfce0b5ecdc4,U920b2e2459ee8751113b903ab8e0ebd2,text,delivered,2025-11-23 02:57:35,
f82b78da-9062-461c-a781-f90840d4a44e,2025-12-18,msg_00070,Ue9a1e8a5b83a6b296d43c957a8cfba4a,9c56de165d170c6a1138e09e267e45a3,imagemap,opened,2025-12-18 07:47:48,
b30c36db-8c33-406c-96c0-a34761c55896,2025-12-09,msg_00094,U227d1cd1a801c367de206ec4bbca7330,Ud9cd2aeee34023175e2088b25ee3fb67,flex,opened,2025-12-09 09:26:01,
a9b6fb11-15cb-470b-8d46-948eac4e4c0c,2025-11-22,msg_00047,Ue7310890b01058478be93761a56d0aa0,U8f2281b949ec3cd403ddb2dedfe94d70,video,opened,2025-11-22 04:10:38,
b71171d4-a4e3-4d33-b666-3ad2e7c6fc08,2025-12-09,msg_00094,U227d1cd1a801c367de206ec4bbca7330,U68fe019255e9c3eae482f970f864333d,flex,delivered,2025-12-09 12:35:12,
deeb002f-e774-4f16-9556-45f9885ae030,2026-02-10,msg_00058,Ue9a1e8a5b83a6b296d43c957a8cfba4a,Ub613a5f8173085bee43fa31ffaca533d,video,delivered,2026-02-10 04:10:44,
e454b4b4-227e-4939-854e-8aff086a8c50,2025-12-02,msg_00088,U3bae1603803a839c0cb52f511d9cb8f6,Uf662acc3fd9842104db69734515b12fa,image,delivered,2025-12-02 16:34:30,
4e96a020-e5cd-4181-b5ac-348af8e9846a,2025-11-23,msg_00053,U743849e63f8101ac616f8fd0ba84a167,U1d632df823fb9e155d14d370ca232e4d,video,delivered,2025-11-23 19:43:28,
40dfe4e2-842e-4500-b309-2c938155975d,2025-11-24,msg_00033,U3bae1603803a839c0cb52f511d9cb8f6,U5e6fa9fd09ffef2b34a2f95543e59e58,text,opened,2025-11-24 21:58:25,
3604b898-801d-4db2-8206-a65e741f17ef,2025-12-22,msg_00038,Ub0341314a5534ea92b26fa8adc30543f,U74581301606368d84be92ae7fbe67b84,image,opened,2025-12-22 17:53:54,
796db3a8-cf7d-4846-8299-528aa88c38fb,2026-02-08,msg_00051,U3bae1603803a839c0cb52f511d9cb8f6,U6f0014de62c43446f1454af3bdfe3f1c,image,delivered,2026-02-08 02:26:55,
bef757f8-00c3-4e72-b29f-e248915cd569,2026-03-11,msg_00104,Ub0341314a5534ea92b26fa8adc30543f,U834f596f6b4cdfb79f25c648ccb56170,image,opened,2026-03-11 14:45:55,
7cd12dee-4a8f-47c6-9165-224624183326,2026-01-10,msg_00044,U30ad60bba5da9837ca5dd0230ca8f531,2fd12de3fa7bfd7460981decef35df55,video,opened,2026-01-10 02:05:41,
4b00715c-2c07-477d-bcca-2e078d81ca6d,2025-12-03,msg_00012,U743849e63f8101ac616f8fd0ba84a167,U57805dea66574b56d3768f84d51c10e6,imagemap,delivered,2025-12-03 05:33:10,
408610fc-099e-40bc-bce7-2d93735d776e,2026-02-19,msg_00016,U837b70463a585f85743b5bfb3b49c9fd,U0d4d9600b0f724785dbe1c97747e97b7,flex,delivered,2026-02-19 21:33:29,
5685b56b-646c-4257-a82a-3c8e8a42e256,2026-04-01,msg_00072,U4784fc8a8e1e4eb2435ad84e0ad052f2,Uf7673f9d152ff233a4b10d34d8392037,image,delivered,2026-04-01 18:23:25,
63fac7bb-231e-460b-8990-92d8c2103d03,2025-12-22,msg_00013,Ub0341314a5534ea92b26fa8adc30543f,Ucff518d40817bec772da9987fc7b744c,image,opened,2025-12-22 16:14:43,
597dcefb-fa96-44f3-968e-464900373ca4,2026-01-10,msg_00044,U30ad60bba5da9837ca5dd0230ca8f531,U227ddc96005d31ffe66bc46239d7040a,video,opened,2026-01-10 21:32:53,
4ffe39af-77df-42b9-a0d0-cf0d74d52654,2025-12-02,msg_00088,U3bae1603803a839c0cb52f511d9cb8f6,U7d8ae3c863a5998ddab75be653f88349,image,delivered,2025-12-02 13:56:10,
7571fb5d-1b39-46fb-a021-7671e923dee8,2026-02-19,msg_00016,U837b70463a585f85743b5bfb3b49c9fd,U5bd658ea18e654f7d11926f2151949aa,flex,delivered,2026-02-19 00:49:26,
c3ce0216-3f2e-48b0-ad35-13142a2ec5ad,2026-04-12,msg_00105,Ud4a92c8c8050eed40ef171cc2784d638,U46648b2b447c1acddb6d18166976b0f5,flex,clicked,2026-04-12 05:27:31,https://example-saas.jp/lp/newmenu
478ae5d1-ce34-4b2d-9e4e-788f1aa9f18b,2026-04-08,msg_00078,Ud4a92c8c8050eed40ef171cc2784d638,9329930e8829ad62a6b697697f44cd79,image,delivered,2026-04-08 17:01:35,
2904dd87-5ceb-4de8-80f6-da17a2535783,2026-01-10,msg_00044,U30ad60bba5da9837ca5dd0230ca8f531,Ud1a6aaa90e9fc5bc7a4733be5cbb1ec0,video,delivered,2026-01-10 20:59:31,
e72ad140-ac70-4bcc-bde5-cff7038fa108,2026-03-03,msg_00093,U743849e63f8101ac616f8fd0ba84a167,Uc477c88643536629e50a3258ec5a9220,imagemap,delivered,2026-03-03 00:34:52,
ff9654da-74dd-44cd-acdf-5fe1ab441c22,2026-03-16,msg_00002,U3bae1603803a839c0cb52f511d9cb8f6,U893362912e4dda1cffeef88142117f9d,text,clicked,2026-03-16 18:21:17,https://example-saas.jp/coupon/500off
ee08cc55-fb5c-4bcf-8f6c-a04c4a77b786,2026-01-26,msg_00005,Ub0341314a5534ea92b26fa8adc30543f,U36811e76110ea24fad563811abcffbbf,image,delivered,2026-01-26 11:19:54,
6d55765b-0c31-4d9d-b15d-df270f537445,2026-03-27,msg_00096,U476acbdef8e9a16d24575e4f6d7b0f31,U3b7aed820e694d5d0903f1b49c1adedb,imagemap,delivered,2026-03-27 10:23:40,
a5abff57-4129-46b5-9ba9-66ba41fab60d,2025-12-17,msg_00032,U3bae1603803a839c0cb52f511d9cb8f6,Ud77937f6b28a4fe4128c5b3762679946,video,delivered,2025-12-17 06:07:43,
57891eee-7d49-470c-8f6b-82fff953e234,2025-11-19,msg_00019,U743849e63f8101ac616f8fd0ba84a167,U6e8f9c70ce6c5404f8787bc10bf8ff84,flex,delivered,2025-11-19 04:18:06,
061573d3-ef2f-4f1e-a6b7-bc87692dde4c,2026-01-26,msg_00103,U3bae1603803a839c0cb52f511d9cb8f6,Ud3d19a5a68737c2687799339e51baa18,flex,opened,2026-01-26 09:43:05,
0e2ebefc-bf62-47d0-9254-11aac9601e1c,2026-03-13,msg_00001,U4784fc8a8e1e4eb2435ad84e0ad052f2,U5d779143c98301348e320867e99383f4,image,delivered,2026-03-13 19:14:51,
5b69c3c0-cb14-4a1d-8652-36264418266c,2026-03-27,msg_00096,U476acbdef8e9a16d24575e4f6d7b0f31,Ua78dc437b95cd57aa72f193798bf96a4,imagemap,delivered,2026-03-27 19:15:52,
0ac536cb-bc56-4495-bb7e-9de294f107de,2026-02-15,msg_00087,U3bae1603803a839c0cb52f511d9cb8f6,U5fb78d89b6676559e401bdc319048eb5,imagemap,opened,2026-02-15 18:06:10,
af59158c-ca0b-4ed3-93b7-c0034bbbdaa4,2025-11-23,msg_00053,U743849e63f8101ac616f8fd0ba84a167,Uc43765ed728ec1a8a39b43347a6931de,video,clicked,2025-11-23 09:21:26,https://example-saas.jp/campaign/spring
083e26bd-5626-41fa-ae04-a54fb5794ce3,2026-01-17,msg_00037,U7e808d11d6f9901a954a542a7ee09918,d3e8cb6729d0fe0f0510530a1d4b0860,text,delivered,2026-01-17 05:09:01,
e1745ccd-f03f-46a9-b83e-8d2603e83cf3,2025-12-14,msg_00085,U743849e63f8101ac616f8fd0ba84a167,U4bda03a072b36cb22b3c43a3e29906ff,image,delivered,2025-12-14 13:12:15,
41350e1b-8c8b-42b2-9e6d-ab1ffbf88870,2025-12-22,msg_00038,Ub0341314a5534ea92b26fa8adc30543f,U1d3a0c95786981539e1cac97d2408ac1,image,delivered,2025-12-22 14:21:06,
9cdaa37c-b6c3-4ba2-9f6f-db13a620bae4,2026-03-04,msg_00056,U1ca413826b7044d134c9c3132420c9de,Uef4c1881ec787529fbc2efaeedf1f7cc,text,delivered,2026-03-04 09:35:59,
08f9898e-0091-4002-aad9-7eaa93f9393d,2025-12-21,msg_00022,U3bae1603803a839c0cb52f511d9cb8f6,Uc6d977c3c907c19abcb689e847828890,video,delivered,2025-12-21 04:55:00,
bb29780a-d409-4b2d-beda-4193f6ee82cc,2026-03-31,msg_00046,U4784fc8a8e1e4eb2435ad84e0ad052f2,U37537785ba00a1f81e0915c74bbedb61,flex,delivered,2026-03-31 23:56:26,
f2db254c-be67-4d5b-bbfa-55b73bc3aa96,2025-12-19,msg_00118,U4784fc8a8e1e4eb2435ad84e0ad052f2,Uc914fb0a9ec266fb0e7025d85cc43540,image,delivered,2025-12-19 23:02:23,
cbc847a6-d568-4429-9d0f-99deac58a308,2026-04-01,msg_00072,U4784fc8a8e1e4eb2435ad84e0ad052f2,U35940168a638a9236910e546a3ab6d94,image,delivered,2026-04-01 00:27:40,
255adc0c-2ad6-4fab-89ad-93d99a471d5e,2025-11-21,msg_00010,Ue7310890b01058478be93761a56d0aa0,Udbe44bbd68043103aafb2acc0048268d,imagemap,delivered,2025-11-21 20:21:23,
3317c4fb-45f8-4419-985b-abe0b37b2781,2026-03-26,msg_00040,U3bae1603803a839c0cb52f511d9cb8f6,U78e4dee1a66eba1b37ebd9db7b1170dc,imagemap,opened,2026-03-26 12:53:12,
1d8046e8-b52f-4ff8-9e32-77bc82e9eeb3,2026-01-31,msg_00035,U7e808d11d6f9901a954a542a7ee09918,Ud1bc68b81499e069d862cef28e19d6b1,text,delivered,2026-01-31 13:47:35,
7d3cd1f6-ed8a-4fc5-a598-26815e8eb05f,2025-12-13,msg_00027,U743849e63f8101ac616f8fd0ba84a167,Uc8df7b34b7d2387e7f72df059b4c357f,imagemap,unsubscribe,2025-12-13 08:20:23,https://example-saas.jp/survey
ce732fd8-10ae-4079-a475-72ad8c30a969,2026-02-14,msg_00065,U743849e63f8101ac616f8fd0ba84a167,U09b57b3f1f94bbac6dcda8dfa75a9fa3,image,opened,2026-02-14 13:06:01,
5b8e19d1-4c5e-45b6-a1f7-03b8691cef71,2026-02-14,msg_00042,U3bae1603803a839c0cb52f511d9cb8f6,8e72cbddda0c2adf14021dea5b03e079,video,opened,2026-02-15 00:47:54,
72ab28e0-9060-4995-8b2e-d0c45d70141d,2025-12-08,msg_00015,Ub0341314a5534ea92b26fa8adc30543f,Ua1f0032a6df6894f8edf319089350c3c,text,opened,2025-12-08 06:11:38,
963c6c01-1b3d-412e-a984-6a6c8836f603,2025-11-27,msg_00018,U3e5dd3a641c58ad50e49f095c6f1e306,U5cf9e682556375acf874605b58e05249,imagemap,delivered,2025-11-27 10:14:44,
8bf664c3-1f08-413f-a77c-c97c85a53afc,2026-02-20,msg_00036,U879eb903ad90cd9c2874f6df7651267a,U0c165dd3d7ab7c14e30e938e2b60eb64,video,delivered,2026-02-20 10:20:20,
f3a27c55-a99a-4fe2-aede-73fc396cf27a,2026-04-08,msg_00078,Ud4a92c8c8050eed40ef171cc2784d638,U6876c7eec547f07c0944416c519d5740,image,blocked,2026-04-08 08:09:41,
f11f561b-dd2d-4cb7-88d6-31c69435cb27,2026-02-15,msg_00006,U743849e63f8101ac616f8fd0ba84a167,U4d068b614347fc4b8b04fded4e2109ac,flex,opened,2026-02-15 20:30:32,
6f2e28ca-3c0f-48be-adf1-cf65bd5d780c,2026-01-01,msg_00027,U4784fc8a8e1e4eb2435ad84e0ad052f2,0c85b16c82ce8ee05c679cbf6ba25aa7,image,opened,2026-01-01 23:40:44,
d3eec755-4dbf-4603-af77-effc6cba9f29,2025-11-30,msg_00025,Ub0341314a5534ea92b26fa8adc30543f,e0b4cd220ab8e4d5957cab8ce8cdbeb6,imagemap,opened,2025-11-30 18:44:35,
2675a6b1-3860-4874-a0e7-c9a9e00998ea,2025-11-23,msg_00053,U743849e63f8101ac616f8fd0ba84a167,Uf37cc60053b5597d3278c8d52d060100,video,delivered,2025-11-23 13:27:18,
21a29d5b-37f1-4773-9199-0066ca50957a,2026-01-10,msg_00044,U30ad60bba5da9837ca5dd0230ca8f531,U675de50869f0cdae317e436c67389941,video,delivered,2026-01-10 15:32:23,
e2cba0ea-daf7-493f-ab97-4db7b881682b,2026-02-14,msg_00098,U743849e63f8101ac616f8fd0ba84a167,U35e920db27cb57f3d191a2b5e4a3b45a,imagemap,delivered,2026-02-14 04:56:52,
d82912df-b9bb-4917-8553-956c4e74636d,2026-03-30,msg_00076,U743849e63f8101ac616f8fd0ba84a167,U76924a3ee1920f3f6b4354569838a688,image,delivered,2026-03-30 12:49:56,
cc612b41-e1d8-48d4-b77a-517aee40194d,2026-02-20,msg_00048,Ue7310890b01058478be93761a56d0aa0,U95359c50a40bde070344067bdaaef27b,flex,delivered,2026-02-20 20:43:55,
d2ea5425-842a-4011-8d8a-62dd1e9dfc14,2025-12-09,msg_00059,U3bae1603803a839c0cb52f511d9cb8f6,Uc2af99292b8e546c84fa159196c53fd4,imagemap,delivered,2025-12-09 12:54:58,
0553718f-345a-460e-8d36-b7a00a53942a,2025-12-09,msg_00059,U3bae1603803a839c0cb52f511d9cb8f6,U66674967c77ade42f62f43cb1d469967,imagemap,delivered,2025-12-09 08:57:49,
8fab2657-b1e5-4386-a425-75a7dfd0b053,2026-02-07,msg_00090,U4784fc8a8e1e4eb2435ad84e0ad052f2,Uf31cdc38d2dfa0412787524ff846a718,imagemap,delivered,2026-02-07 08:21:02,
94df70a2-6a0a-4999-9813-6b0041166770,2025-11-25,msg_00043,U3e5dd3a641c58ad50e49f095c6f1e306,Ub75800022a760ef112563ba28ef1f4a5,flex,delivered,2025-11-25 03:13:43,
5a85de39-f524-4e28-bb51-61de1f3d599a,2025-12-24,msg_00091,U3bae1603803a839c0cb52f511d9cb8f6,Ua4abbbbc1e3ce43c0abf131226da3c74,imagemap,delivered,2025-12-24 02:13:58,
215e5fc7-301b-4d23-91e5-2a9ee19585d8,2025-12-17,msg_00032,U3bae1603803a839c0cb52f511d9cb8f6,U2a21cc9560064ff77082411f9a48b66f,video,delivered,2025-12-17 13:18:54,
c0d15bae-a593-4abb-aaf7-65130455f8e7,2026-03-23,msg_00071,U3bae1603803a839c0cb52f511d9cb8f6,U12f5a036cb39e2fffbae1ffa5eb1931f,imagemap,delivered,2026-03-23 16:33:25,
13833bb4-782d-4547-a948-6e73f6c16d8f,2026-01-26,msg_00103,U3bae1603803a839c0cb52f511d9cb8f6,U248d6985d1322ecdcb8d99e4c86400b8,flex,delivered,2026-01-26 01:05:38,
fff9c270-134d-475a-89a4-52fe17f7c41f,2026-03-05,msg_00014,U3bae1603803a839c0cb52f511d9cb8f6,U4037add7dd0544d078b3323921ceef39,flex,delivered,2026-03-05 16:09:41,
c03265b2-db19-4149-84bb-1fc5c9ac604f,2026-01-26,msg_00005,Ub0341314a5534ea92b26fa8adc30543f,U7d8bd5bc293c3e9f62ab8b5dd67c04af,image,delivered,2026-01-26 10:01:51,
7647f4ce-82a0-468e-b20c-1190f55572c7,2025-11-22,msg_00047,Ue7310890b01058478be93761a56d0aa0,U737a6eaa736e2f2c9bfd23ff52189e10,video,delivered,2025-11-22 09:58:02,
ae78c400-e77f-4412-8666-07447012d789,2025-11-30,msg_00025,Ub0341314a5534ea92b26fa8adc30543f,Ud8ae25d09ad3c3f12e7dce3a3caac87c,imagemap,delivered,2025-11-30 21:43:03,
fb386440-91e3-4014-a9a4-ac8fc6503b3b,2025-12-22,msg_00038,Ub0341314a5534ea92b26fa8adc30543f,U3bcd419bfe9ed89ec5b0f543db4be5f7,image,opened,2025-12-22 23:09:02,
b02925c8-6941-4378-8616-56e99f96fd3f,2026-02-25,msg_00008,Ub0341314a5534ea92b26fa8adc30543f,U5cfa00ff089ef678639a527153c8bcfb,image,delivered,2026-02-25 01:23:24,
893ff018-105c-49d1-9ec5-0aa748cfacf9,2026-01-29,msg_00031,U3bae1603803a839c0cb52f511d9cb8f6,b71b4868c7844d66cb38c1995a728e5a,video,delivered,2026-01-29 20:44:14,
a982f8be-670d-4cc7-8372-0bb3a7e6e610,2026-01-24,msg_00113,Ub0341314a5534ea92b26fa8adc30543f,U6c06f030e97033568252ca942532c53d,text,opened,2026-01-24 12:29:31,
d7c62133-ae26-4303-a6d2-b9e4a21399d8,2025-11-16,msg_00020,U3bae1603803a839c0cb52f511d9cb8f6,Ue442b98187a0095c32c43805b3738115,text,delivered,2025-11-16 14:17:32,
5f9c50ec-9869-41ea-8dad-29e0229c71d3,2026-03-04,msg_00056,U1ca413826b7044d134c9c3132420c9de,U64530b9476f949a7fe2ccf5e804b811e,text,delivered,2026-03-04 15:53:02,
831d7433-a98a-4392-81bf-8b1563d27e14,2026-02-28,msg_00117,U743849e63f8101ac616f8fd0ba84a167,Ue445466328a63dfa5a15fa9d6b649646,video,delivered,2026-02-28 22:52:57,
5b3bb668-4e38-4966-80f9-1b61e158c874,2026-02-20,msg_00036,U879eb903ad90cd9c2874f6df7651267a,111837391fbd90707c75388637096164,video,clicked,2026-02-20 10:00:05,https://example-saas.jp/coupon/500off
a34ff6e5-a117-4058-9941-7cd9f7e05923,2026-03-06,msg_00055,U3bae1603803a839c0cb52f511d9cb8f6,U358ac3cc3a50a5dae478a584bc4a2f56,flex,delivered,2026-03-06 17:28:05,
8aa60c74-b10d-494c-aef2-5d98ad4cd4b4,2026-01-26,msg_00115,U3bae1603803a839c0cb52f511d9cb8f6,U353e5d09288d667d85a0713e71d0ae4a,imagemap,delivered,2026-01-26 23:59:35,
1b105779-280a-4bfd-99b2-1249774da5bd,2025-12-18,msg_00070,Ue9a1e8a5b83a6b296d43c957a8cfba4a,U5b65da61e25158d940dfe635c189c8da,imagemap,opened,2025-12-18 01:42:02,
5593d3fe-9c7f-4524-873f-0a1427860a57,2026-04-08,msg_00041,Ue7310890b01058478be93761a56d0aa0,U222a55a90f372f0103b75b69aaa7d17e,text,delivered,2026-04-08 23:37:12,
22ced252-a548-4b2f-b7b9-c868e1ae610c,2026-02-05,msg_00107,U3bae1603803a839c0cb52f511d9cb8f6,U2226d8478d5c0f3580ca6a3e2eb523b0,text,opened,2026-02-05 03:15:52,
93045b58-c616-4afb-b80b-5dde94bba84d,2026-02-09,msg_00076,U743849e63f8101ac616f8fd0ba84a167,Uebe354b5ab8afd2ac942bf1abe71b272,imagemap,open,2026-02-09 17:45:35,
cdcb82db-7a5a-485e-8cc5-f981fbdc388f,2026-04-10,msg_00101,U743849e63f8101ac616f8fd0ba84a167,Uc5f4691eba5edec610f750cdb94355cd,imagemap,opened,2026-04-10 08:38:10,
124dd84d-f020-4433-aac7-e64120c13ae9,2026-03-06,msg_00055,U3bae1603803a839c0cb52f511d9cb8f6,Uc9781f07172e378a911c401bac270108,flex,opened,2026-03-06 19:16:02,
14e47634-bd70-4283-9ed9-40b9e8b4cb24,2026-04-05,msg_00054,U3bae1603803a839c0cb52f511d9cb8f6,Ua8b8b0d8aa62222d26eceedd1fcf583d,image,delivered,2026-04-05 19:16:14,
3bef50a1-b0ae-481e-a3bf-d79c73a2cfc1,2025-12-07,msg_00003,U227d1cd1a801c367de206ec4bbca7330,Uf131699d728db12b487531fea60865dd,image,delivered,2025-12-07 15:53:26,
9c71650a-6378-4824-a912-faec314647c8,2026-03-11,msg_00067,U7e808d11d6f9901a954a542a7ee09918,U3e12aa97e311e15229053c73f911178c,video,delivered,2026-03-11 11:50:56,
4e8be2c1-7710-4e04-ad54-c1501cefe335,2026-04-04,msg_00100,U743849e63f8101ac616f8fd0ba84a167,Ud7dda0245c0908aec3797c6a3b4c4b6a,image,delivered,2026-04-04 10:46:41,
f79dce7d-ecef-4284-8493-d7d59f72f4fd,2026-03-12,msg_00084,U68d2301028fb66b51d9111f1af067e34,Ue82ad98f7f9f6638836739e54f2117da,video,opened,2026-03-12 21:23:49,
b5ea3574-cb7e-4a36-9c21-936ad36ee2ac,2026-04-08,msg_00041,Ue7310890b01058478be93761a56d0aa0,U4f41d5f3f342442999161c5e3ae783d6,text,delivered,2026-04-08 11:12:08,
0a91a9cd-830a-46e8-ac49-4b06c3e5d99d,2026-03-31,msg_00046,U4784fc8a8e1e4eb2435ad84e0ad052f2,U4a22594e0308d43fcfbdf6b7e9e272a2,flex,opened,2026-03-31 12:03:10,
1507f3da-095e-4eb2-aee9-f1378d15463b,2026-02-20,msg_00036,U879eb903ad90cd9c2874f6df7651267a,Ud8a1c13526b5fc6dfcebfd9688bfd58a,video,opened,2026-02-20 18:39:04,
cf865768-46a0-47ff-adbe-f75f56af2602,2026-01-26,msg_00103,U3bae1603803a839c0cb52f511d9cb8f6,Udf0c204cbdff0f4fcccb199ab1cd21dd,flex,opened,2026-01-26 08:19:55,
58362609-a215-4d16-a6bb-2c4150f65ae3,2026-02-24,msg_00039,U743849e63f8101ac616f8fd0ba84a167,Ua1cc92656671a39e7067e9dd4a36d1eb,flex,delivered,2026-02-24 16:11:48,
3f5c4efb-8925-4aeb-9a16-b8677ac80f17,2026-03-08,msg_00112,U3bae1603803a839c0cb52f511d9cb8f6,U78d008ebdb9c661acb9c111074831656,image,opened,2026-03-08 12:14:40,
d96ef686-9a91-4c00-b85a-1fdf15ac6c0e,2026-02-08,msg_00051,U3bae1603803a839c0cb52f511d9cb8f6,Ua4666978b92efbd5b23ccc24baf94215,image,delivered,2026-02-08 03:04:58,
21c34959-1ab9-4647-b4e8-f745ecec94d6,2025-11-30,msg_00025,Ub0341314a5534ea92b26fa8adc30543f,U0fe1f599ef61fde7d375320fcfbb71eb,imagemap,opened,2025-11-30 14:03:45,
4e6608f8-649e-4cac-ac4e-62cdfe338a49,2025-12-19,msg_00118,U4784fc8a8e1e4eb2435ad84e0ad052f2,U3b85115356d2e80e1929915aac4d32e9,image,clicked,2025-12-18 23:03:23,https://example-saas.jp/campaign/spring
137cdd01-093f-4291-bee5-635e0efed359,2026-03-20,msg_00106,U3bae1603803a839c0cb52f511d9cb8f6,Uf757328332e37196ad531c7397e57ec2,video,delivered,2026-03-20 13:43:17,
e55c0029-8cf0-4493-9f24-ee5d670c3760,2025-12-18,msg_00114,Ub0341314a5534ea92b26fa8adc30543f,U8b606b5093bae6e677c024d860f4995c,flex,delivered,2025-12-18 21:22:32,
4609bfdc-27ea-4440-b325-68cf6e197640,2025-12-23,msg_00061,Ub0341314a5534ea92b26fa8adc30543f,U8470e08e84b312d86900065bd4626325,imagemap,delivered,2025-12-23 19:35:41,
975872b7-cf86-46a9-91bc-c4f4c7ce52d7,2025-11-26,msg_00028,U3bae1603803a839c0cb52f511d9cb8f6,U99aa6aa55604064ff585e8a0d3ee0c13,image,opened,2025-11-26 22:19:03,
34ed4dd9-c150-4cd5-8631-cd13f2004f00,2026-03-30,msg_00076,U743849e63f8101ac616f8fd0ba84a167,U46b98a9e2c607d8e821f5a18b91910e3,image,delivered,2026-03-30 20:40:28,
f55d87a8-77f6-499e-b63b-110a4d67947a,2026-04-08,msg_00078,Ud4a92c8c8050eed40ef171cc2784d638,Uc8bc67aed9845388863daebeb290b931,image,delivered,2026-04-08 00:14:38,
06897737-7c36-4580-b1fc-a48ec0c6dbdc,2025-11-21,msg_00010,Ue7310890b01058478be93761a56d0aa0,U537a455406a82c5037d81fb9125af6d0,imagemap,delivered,2025-11-21 05:22:09,
eadfb793-2ecf-46fa-9fd3-fdc182b6cc40,2026-03-25,msg_00079,U743849e63f8101ac616f8fd0ba84a167,067cf198f3b928dc0c7e68ad69483c4a,text,delivered,2026-03-25 15:43:37,
1b29fd9e-fc46-4797-bc40-8b9323a09b5f,2026-01-24,msg_00066,U3bae1603803a839c0cb52f511d9cb8f6,Uac3ee9167148048bd8f6d247afdd2250,image,delivered,2026-01-24 11:26:27,
ec18e8fc-cb64-46c5-9bc0-d290d8e9bd45,2026-04-05,msg_00054,U3bae1603803a839c0cb52f511d9cb8f6,U00142131dc332f2ca5163ffe385f8eeb,image,delivered,2026-04-05 17:10:19,
02578a3f-af3f-46f4-9c8d-3320375c21f9,2026-02-19,msg_00016,U837b70463a585f85743b5bfb3b49c9fd,Ueba0781d0416b3def99bea33eb802576,flex,clicked,2026-02-19 13:31:32,https://example-saas.jp/survey
71dc95cc-f43e-4a77-9987-ff92891cd0d2,2026-02-05,msg_00107,U3bae1603803a839c0cb52f511d9cb8f6,b00c1390d4de0ce3bc02b7d93935f98c,text,delivered,2026-02-05 14:05:59,
013a884a-bdec-4b13-a536-78b76a019934,2025-12-21,msg_00022,U3bae1603803a839c0cb52f511d9cb8f6,U90e646e938b2433ebd1d4431900b09a1,video,delivered,2025-12-21 23:19:38,
8705afef-33e5-41fe-afb6-cd8c9322789d,2025-11-30,msg_00025,Ub0341314a5534ea92b26fa8adc30543f,U89898759576930d30fcdd4d082fffccc,imagemap,clicked,2025-11-30 07:29:43,
a9311b19-36b2-4300-8be7-ddc57e6f5e6c,2025-11-17,msg_00099,U3bae1603803a839c0cb52f511d9cb8f6,Uabd4b97ba9841ae1a37370aa60c1dfc5,text,opened,2025-11-17 18:32:57,
99529e14-c91f-429e-a441-3925ae4ecd59,2025-12-07,msg_00003,U227d1cd1a801c367de206ec4bbca7330,U2470c721b2d507b98f3fc75b6e9144f5,image,opened,2025-12-07 08:39:41,
385ac199-9894-47c5-bba5-c59a609fe431,2025-11-21,msg_00010,Ue7310890b01058478be93761a56d0aa0,Uf991850d857675fab8bf88a29ba2ad84,imagemap,clicked,2025-11-21 03:53:00,https://example-saas.jp/campaign/spring
79b3c045-2136-4d05-8089-c20c6f78c1a8,2025-11-21,msg_00010,Ue7310890b01058478be93761a56d0aa0,Uf8051faef066afd3c67e7f8f0a7613a6,imagemap,delivered,2025-11-21 21:07:30,
7ed0aa87-9619-491e-90e2-6ec759b2104a,2026-03-05,msg_00014,U3bae1603803a839c0cb52f511d9cb8f6,U326ff41f06772b2b0d9f93c27b9eb10e,flex,delivered,2026-03-05 09:14:01,
00710af5-fc58-40eb-99e7-5ec73114d0ba,2026-01-24,msg_00007,Ub0341314a5534ea92b26fa8adc30543f,Uba62b34b20dbd5356b69f671d376ce6e,imagemap,opened,2026-01-24 00:19:29,
dccd0e03-6432-40a7-adaf-1b1f0f5b005e,2026-01-10,msg_00044,U30ad60bba5da9837ca5dd0230ca8f531,Ud4411a188024c1d1254c163cd33b856d,video,opened,2026-01-10 05:42:05,
e6016931-0a29-445f-8647-7b53950bd3cf,2026-03-25,msg_00079,U743849e63f8101ac616f8fd0ba84a167,Ufaaf69b80be56b731fb318a8cae526cf,text,delivered,2026-03-25 02:58:52,
4592a5f7-e79f-40e2-8f56-aa6a34aecf11,2026-04-01,msg_00072,U4784fc8a8e1e4eb2435ad84e0ad052f2,U162fbe4727583d9022d0dd3891f5421e,image,delivered,2026-04-01 10:55:08,
f91b4bdf-9d84-46d0-b96c-a1888e651b83,2026-02-24,msg_00111,Ub0341314a5534ea92b26fa8adc30543f,41550daa14e91edccc44dc4e74b300b2,flex,delivered,2026-02-24 18:02:49,
c915c42e-22cc-4384-9645-cd99b25fa332,2026-03-20,msg_00057,Ub0341314a5534ea92b26fa8adc30543f,Uff1fa148314aa763a03f1f8897184b2f,video,delivered,2026-03-20 14:14:14,
87aa2838-4791-47e5-ae3f-754ed66369ea,2026-02-07,msg_00090,U4784fc8a8e1e4eb2435ad84e0ad052f2,Uaa32c68d3343fbf86f9016aaaa8ec7f0,imagemap,delivered,2026-02-07 10:00:08,
522e114c-fe67-4b55-9901-f11aa11c140e,2026-01-20,msg_00108,Ub0341314a5534ea92b26fa8adc30543f,U0c0ce4127424ef6dffca300c2b3b867b,flex,failed,2026-01-20 04:51:56,
76b49b2e-3204-442f-8591-b8dc406aa6e6,2025-11-16,msg_00020,U3bae1603803a839c0cb52f511d9cb8f6,U7b78bff893da162a35c3a8bf94a49ab6,text,delivered,2025-11-16 17:43:57,
20699161-ef32-426b-bf28-d224edd65c8b,2026-04-12,msg_00105,Ud4a92c8c8050eed40ef171cc2784d638,U2cabe9785996902525eebf4200bd9e10,flex,opened,2026-04-12 14:13:34,
39dbcc5a-0275-43b1-b60e-deafeaf7207f,2026-04-12,msg_00120,U227d1cd1a801c367de206ec4bbca7330,U9aa4d549178591d0a89f2e0edc6e0523,text,delivered,2026-04-12 20:07:22,
5fbbe3dd-a1c3-4817-99a6-b6548297d3a5,2026-03-26,msg_00040,U3bae1603803a839c0cb52f511d9cb8f6,U43be57cd412e0bebc41337540a68384e,imagemap,clicked,2026-03-26 20:12:23,
27841840-eb16-401f-a644-c3d1652655c5,2026-01-26,msg_00103,U3bae1603803a839c0cb52f511d9cb8f6,U78be4402f68c5fd03c6bb9da00fabff7,flex,delivered,2026-01-26 21:27:18,
e5c38343-555d-41da-9086-4683b341f880,2026-02-10,msg_00058,Ue9a1e8a5b83a6b296d43c957a8cfba4a,94c6f57b441ecaa35dd4a7f55296380e,video,opened,2026-02-10 23:43:13,
886f9d9a-2fa7-4491-8c43-cadb1efb30e4,2025-12-25,msg_00045,Ue7310890b01058478be93761a56d0aa0,Ua88296e501d23efa882f1e1f1d358cce,video,opened,2025-12-25 05:29:09,
9d1c75bb-c8bc-418a-a222-78ae859694f4,2026-03-20,msg_00106,U3bae1603803a839c0cb52f511d9cb8f6,U9610e1fe4eb8114ac0a42d6f957e9f29,video,delivered,2026-03-20 19:10:00,
251d28e8-fb9b-4313-a15c-b10228d6895e,2025-12-23,msg_00109,Ue7310890b01058478be93761a56d0aa0,Ucc6f190f5aee6fa3deef2b9a37fe3c53,text,delivered,2025-12-23 15:26:34,
3c1fec7c-eec0-4c14-b8c9-24271748317b,2025-12-18,msg_00114,Ub0341314a5534ea92b26fa8adc30543f,U0d95ed1b2bf1a28eaa96ac28e0a1b38a,flex,opened,2025-12-18 13:27:53,
ed04578d-e45a-4e48-9776-efbf85a6b37d,2026-01-24,msg_00066,U3bae1603803a839c0cb52f511d9cb8f6,Uce30f805871b996a2880c44975c940d5,image,delivered,2026-01-24 01:40:31,
4eb432ef-7997-4d4b-a079-4f5da9bebe61,2025-12-22,msg_00013,Ub0341314a5534ea92b26fa8adc30543f,Ud544e6ee8938171b61dd7821b0a3828d,image,delivered,2025-12-22 10:29:55,
b7e353f4-a565-4a9e-ae9e-e84b957729a0,2026-02-14,msg_00042,U3bae1603803a839c0cb52f511d9cb8f6,U15a55fd4edfc56b87a5f63da91e71a93,video,opened,2026-02-14 12:15:04,
106698a8-bae5-4b76-ac85-9976b8a6d16a,2026-01-24,msg_00007,Ub0341314a5534ea92b26fa8adc30543f,U2417b7223765216f93d80ae60196281d,imagemap,delivered,2026-01-24 21:56:07,
01fc289a-3bf6-45c6-b911-7b91d2747a50,2026-02-09,msg_00083,U3bae1603803a839c0cb52f511d9cb8f6,3dffa6bfd08be85ffbaac1e896119004,flex,delivered,2026-02-09 20:50:30,
83320e79-3f80-4c29-ba52-c1ea3e5e59af,2026-02-20,msg_00048,Ue7310890b01058478be93761a56d0aa0,5ec6fb5c1a23c349d60c0a100318ab7a,flex,delivered,2026-02-20 15:04:03,
604bae38-3715-40e0-b606-2fbaa7e9fce4,2026-02-20,msg_00095,Ub0341314a5534ea92b26fa8adc30543f,f4c6645abf2e34f4205b12e93c617320,text,opened,2026-02-20 20:51:42,
f3dc000c-1566-4ab2-ad98-0e1ea270550b,2026-04-05,msg_00054,U3bae1603803a839c0cb52f511d9cb8f6,f40b717c822735a73efe4a4149ffade7,image,delivered,2026-04-05 23:59:27,
a114a24e-2dab-41f2-ad3b-13eb3debb8ea,2026-01-07,msg_00110,Ub0341314a5534ea92b26fa8adc30543f,U8559b298483c3249adb47ed174043812,video,clicked,2026-01-07 21:07:06,https://example-saas.jp/lp/newmenu
3136450c-46dd-4672-94e2-5ade69527997,2026-04-08,msg_00078,Ud4a92c8c8050eed40ef171cc2784d638,Ue9294b5230c7c2e861b0bf297c1effb8,image,delivered,2026-04-08 18:44:31,
708d45f8-43e2-4fff-b338-84810ae4172f,2025-12-25,msg_00045,Ue7310890b01058478be93761a56d0aa0,Uadd35e47a19f510f643cd3821b77d72c,video,delivered,2025-12-25 04:11:59,
77b34b89-8647-4c48-8d42-65ac2b5f9c0f,2026-03-30,msg_00076,U743849e63f8101ac616f8fd0ba84a167,U17c6263eb2884d4984e3b3cca6400e57,image,opened,2026-03-30 19:38:38,
a54b8bf7-26aa-4a53-9a8d-6e867801edb3,2026-02-20,msg_00017,U22a93bc29b1df104af6b1ba1cd91fc56,Uc05ee343a8d4dd96e86b4a64c0317041,video,opened,2026-02-20 19:21:23,
68a6acec-66e5-4315-afa5-915d3f522c8f,2026-02-08,msg_00051,U3bae1603803a839c0cb52f511d9cb8f6,Ueb3132961c81739363a6e8ee1660e157,image,delivered,2026-02-07 14:28:35,
b3f8bdf5-2bfa-440a-9341-108b4205ba2e,2026-03-21,msg_00023,U743849e63f8101ac616f8fd0ba84a167,U36dba09726222f3d20ea4f4b53ab4d0f,imagemap,delivered,2026-03-21 04:28:05,
58cd1a3c-5547-4ddd-be08-5200f0edbf9b,2025-11-16,msg_00011,U837b70463a585f85743b5bfb3b49c9fd,U99ea0a57d8935e6d08246cb2fe52b9d2,flex,delivered,2025-11-16 18:48:32,
a1fe47f5-0d02-486d-8105-1c0db879d640,2026-02-10,msg_00058,Ue9a1e8a5b83a6b296d43c957a8cfba4a,Uc3debaf0c646be86f0e96a924dedf543,video,delivered,2026-02-10 08:59:03,
3ae68002-c745-4d94-ae23-8773eff67ceb,2026-01-26,msg_00103,U3bae1603803a839c0cb52f511d9cb8f6,U248d6985d1322ecdcb8d99e4c86400b8,flex,opened,2026-01-26 02:24:48,
0fde8bd6-bdc3-440a-9bcb-12352ca9c43b,2026-03-16,msg_00002,U3bae1603803a839c0cb52f511d9cb8f6,U55b7a4dbb2a20e307e2ad53533341531,text,clicked,2026-03-16 03:33:18,
b1b779a3-c80f-482c-9490-7ce068c740c1,2026-03-23,msg_00071,U3bae1603803a839c0cb52f511d9cb8f6,U8454e3f3636cf89a4c2192dd4a500cd3,imagemap,delivered,2026-03-23 17:35:35,
c2cc8706-4191-4abf-a914-af3029d84e09,2026-03-23,msg_00073,Ud4a92c8c8050eed40ef171cc2784d638,U8df93a76690ca29af0276d5e07bc9ed2,imagemap,delivered,2026-03-23 12:39:35,
e1cc2217-ab27-450b-a276-90d4ff9dbce6,2025-12-23,msg_00061,Ub0341314a5534ea92b26fa8adc30543f,U285ae6aaa47ba4056a0763b84bf6b101,imagemap,delivered,2025-12-23 09:44:20,
e8a263a9-541c-47b8-87d7-4ee55777507e,2026-01-09,msg_00052,U743849e63f8101ac616f8fd0ba84a167,U3ae49f1c7435b239f7d9312310b66818,video,delivered,2026-01-09 19:58:07,
19f80fe0-bcc7-4bff-8ee7-6a544d4ec5e7,2026-01-10,msg_00044,U30ad60bba5da9837ca5dd0230ca8f531,U40b3032d620b0299b7a4a23f5b1029eb,video,delivered,2026-01-10 23:30:56,
0df878c5-4a19-4b03-a154-cce0dcf5e27f,2025-12-23,msg_00061,Ub0341314a5534ea92b26fa8adc30543f,U8e85f8e28b5c6bd74c6c98c3a9ccee42,imagemap,delivered,2025-12-23 22:27:54,
6649254c-d9d5-4d1f-b765-a9eedbb5dc20,2025-12-24,msg_00091,U3bae1603803a839c0cb52f511d9cb8f6,Ud2475e0499f2935fdcf8be2aa3350561,imagemap,clicked,2025-12-24 16:08:54,https://example-saas.jp/coupon/500off
4195d432-89ac-495d-9959-6111e1441b08,2026-02-28,msg_00117,U743849e63f8101ac616f8fd0ba84a167,U73e86806090df296de0ff25999df730a,video,opened,2026-02-28 02:30:03,
90f61517-8a75-429b-bda7-5416273b8a18,2026-04-10,msg_00101,U743849e63f8101ac616f8fd0ba84a167,8ca91e6c56cf527482d21205a4d9891f,imagemap,delivered,2026-04-10 20:49:19,
f101598a-c938-4a58-86f1-533245d9f7e7,2026-01-24,msg_00113,Ub0341314a5534ea92b26fa8adc30543f,Ube4b105c262b9a7296eca5fa6ed5ef7f,text,opened,2026-01-24 21:08:01,
54fcd923-5ef2-48f7-a575-3fc8eaecd321,2026-02-20,msg_00095,Ub0341314a5534ea92b26fa8adc30543f,Ud4e9a46ddb055627fd09caa2ba8b5dbb,text,opened,2026-02-20 08:49:20,
07e18acd-e898-41cc-9fd6-b325d0b160b0,2025-11-19,msg_00019,U743849e63f8101ac616f8fd0ba84a167,U376656752511443641b9315775113561,flex,delivered,2025-11-19 11:17:50,
e156ed90-3c36-4344-8f8e-78087a8dbd62,2026-03-20,msg_00092,U743849e63f8101ac616f8fd0ba84a167,Uf0f3bffed9b222c3ac42dbdc2a26ec8f,video,opened,2026-03-20 06:59:09,
f299d49e-2002-41ed-90f1-eb9a7900985f,2026-02-09,msg_00083,U3bae1603803a839c0cb52f511d9cb8f6,Ue5d45e5fb9c50b6b068fdb7edf57bf71,flex,opened,2026-02-09 16:27:43,
900227cf-7ce3-4b7a-aeb6-87cc81496e76,2025-11-23,msg_00053,U743849e63f8101ac616f8fd0ba84a167,06851e91c7a99fb9b8f025d34918d145,video,opened,2025-11-23 16:04:23,
28108059-9195-445a-ac6f-9a482ee03455,2026-01-14,msg_00081,Ue7310890b01058478be93761a56d0aa0,U4488e399b9cdd6278d1bfa36842a4f08,video,opened,2026-01-14 07:00:50,
58f0ddcc-9709-47f3-9b75-237b4db7db2f,2026-01-26,msg_00086,U4784fc8a8e1e4eb2435ad84e0ad052f2,U41b5dfb34e4e71dca9a4eb282db6a0eb,text,delivered,2026-01-26 20:14:36,
5d06ef9c-f3ce-429b-8d3d-839871878eaf,2025-12-19,msg_00118,U4784fc8a8e1e4eb2435ad84e0ad052f2,Uf79f969c3aad688e47fb52cc49e42efd,image,delivered,2025-12-19 16:20:51,
38267b93-6379-447c-8b7c-7b20a5923bc6,2026-03-08,msg_00112,U3bae1603803a839c0cb52f511d9cb8f6,U459c0d7467665af66e45767d2be59a0d,image,delivered,2026-03-05 16:56:50,
ba4417a0-2376-49b6-a3be-e71ae70093c8,2025-11-16,msg_00020,U3bae1603803a839c0cb52f511d9cb8f6,Ueb9e3bcd07742308717dd149275f86de,text,opened,2025-11-16 21:25:45,
44214932-425f-4298-ae75-06b908a20c56,2026-02-20,msg_00036,U879eb903ad90cd9c2874f6df7651267a,U2bb62276b506651b36810d590c26a5d7,video,clicked,2026-02-20 05:20:33,https://example-saas.jp/coupon/500off
d54efdab-5f8a-4b4a-a475-8abc9cd4a5b9,2025-11-19,msg_00019,U743849e63f8101ac616f8fd0ba84a167,U7fe0942bed1ccce3ce417b39dd8eaf51,flex,opened,2025-11-19 22:12:01,
f63e394c-fecc-49c3-ae2d-fa7a6766c768,2026-01-14,msg_00081,Ue7310890b01058478be93761a56d0aa0,U63c8e6d4aeedd4f2b3e81766371fa978,video,delivered,2026-01-14 13:46:09,
88e4d38e-0305-4c78-82dd-5b7131b5f2c1,2025-11-21,msg_00010,Ue7310890b01058478be93761a56d0aa0,U4e3e1423989ab49c74b4d9ec61845d01,imagemap,delivered,2025-11-21 00:05:34,
0e8ad1e1-47de-4d0d-b257-56672c3fb1e5,2026-03-16,msg_00002,U3bae1603803a839c0cb52f511d9cb8f6,U7d77e8b2cde11523f927a508bcc0a4b5,text,delivered,2026-03-16 15:35:47,
9b21b901-4974-4823-9278-feca772a6b9b,2025-12-24,msg_00091,U3bae1603803a839c0cb52f511d9cb8f6,Uc368150accec2968ca4acfd14291c2ec,imagemap,opened,2025-12-24 05:30:45,
6f87209d-f320-4cc6-88f7-acb8e169d31a,2025-12-12,msg_00004,Ub0341314a5534ea92b26fa8adc30543f,U0b81c8f9f151a817e4db5f595b4fce6e,video,delivered,2025-12-12 00:44:43,
da3de5b4-2ebf-4901-9434-4c7a6bfc6d75,2026-02-14,msg_00042,U3bae1603803a839c0cb52f511d9cb8f6,Ue5b729301a85babe45b0848669e56249,video,clicked,2026-02-14 09:15:26,https://example-saas.jp/survey
1ed0d842-6fa3-4051-be12-5e294b570a36,2025-12-09,msg_00059,U3bae1603803a839c0cb52f511d9cb8f6,U04e3499eb5a97c99511dad7845b18c34,imagemap,delivered,2025-12-09 19:11:08,
5725feca-b061-492f-8ed9-d16f87e98aae,2025-12-21,msg_00022,U3bae1603803a839c0cb52f511d9cb8f6,U8f6a3ac135cbc1aab8fe3e9f360464f4,video,delivered,2025-12-21 06:31:51,
1607aaf8-3d52-40f3-a985-f4236836e822,2025-12-28,msg_00117,Ue7310890b01058478be93761a56d0aa0,Ua22905c562043ea11cf5f045bf411f90,flex,open,2025-12-28 12:41:39,
f793ebc9-ec8e-4928-856a-37891b945f80,2026-02-10,msg_00058,Ue9a1e8a5b83a6b296d43c957a8cfba4a,Udc76a996422daae5a2c0d8bbd4b47dce,video,opened,2026-02-10 22:45:51,
225568fc-ba26-4616-8118-1e7c7853cbf9,2026-02-15,msg_00087,U3bae1603803a839c0cb52f511d9cb8f6,Uc7329d640a8cff862d6e15d81a6207fd,imagemap,delivered,2026-02-15 08:58:26,
ff2c5d9d-5a7a-4aa0-a212-ee83445b03d8,2026-04-10,msg_00101,U743849e63f8101ac616f8fd0ba84a167,U17a1551538b2c9ba20bdc435173bbd66,imagemap,delivered,2026-04-10 12:53:57,
4f3f1c1c-49b3-4a6c-8bcc-e5cb4388eba3,2026-03-20,msg_00092,U743849e63f8101ac616f8fd0ba84a167,U0b0786fca79d1fbe9dce84bc5892f6c1,video,delivered,2026-03-20 22:26:30,
cb7e7576-fa38-423f-9f3a-cf19d7eb6ece,2026-02-20,msg_00017,U22a93bc29b1df104af6b1ba1cd91fc56,Uf004f1e501ee7f3e820ab9de3661e97d,video,delivered,2026-02-20 11:43:53,
45f8e8a0-e0ac-492f-9743-1799709de990,2026-01-24,msg_00066,U3bae1603803a839c0cb52f511d9cb8f6,Udb16a7b0398b73c9112e6bb0d59bc026,image,delivered,2026-01-24 16:02:12,
4fcbd717-6b38-4a5e-bc7e-0951a1cafa84,2026-02-08,msg_00051,U3bae1603803a839c0cb52f511d9cb8f6,Uf60b39836cef5b17c54ce9f23e5e0128,image,delivered,2026-02-08 04:06:25,
ff5364b3-1ca6-4ef5-9f5b-1765b821e207,2026-01-10,msg_00044,U30ad60bba5da9837ca5dd0230ca8f531,Ufaa79bc8b1bb76def714f7a7e516bc29,video,delivered,2026-01-10 20:54:48,
49babfe5-134b-4d34-bfa1-cadf68725ee1,2025-12-03,msg_00012,U743849e63f8101ac616f8fd0ba84a167,Ud708bfd57abf8597264b5c1d9504b5bf,imagemap,delivered,2025-12-03 10:08:13,
985f2bd5-f938-47fa-b600-749eb2373f36,2026-02-14,msg_00065,U743849e63f8101ac616f8fd0ba84a167,U9f41d53379a76f66949294b20898e34d,image,opened,2026-02-14 12:28:01,
538a3cc6-9d51-4678-8f82-c9ae2fd7e91f,2026-03-25,msg_00079,U743849e63f8101ac616f8fd0ba84a167,U34460e9e1659334825b1f058990628b6,text,delivered,2026-03-25 21:46:43,
fa6f5bac-7d02-456b-8d2d-9cfe4e27088b,2025-12-25,msg_00077,U743849e63f8101ac616f8fd0ba84a167,Uc57d672370642bee920708ab30f20152,text,clicked,2025-12-26 00:41:43,https://example-saas.jp/lp/newmenu
e55faee1-c084-4e14-81a1-192ab397f449,2025-12-14,msg_00085,U743849e63f8101ac616f8fd0ba84a167,Ub3ef96ce784bed455a95d310ac461760,image,opened,2025-12-14 09:10:05,
e09b8d3f-937f-4bc1-bcd3-0468060bd68e,2026-03-06,msg_00055,U3bae1603803a839c0cb52f511d9cb8f6,U581e705a3ccef408cc8cddd3f1bff5c9,flex,clicked,2026-03-06 10:54:39,https://example-saas.jp/coupon/500off
040d8922-8e1d-4b6b-ab8b-3328d6a5a55e,2026-03-14,msg_00009,U743849e63f8101ac616f8fd0ba84a167,Uab8ee2bb6ad1d30a4593c4be237088e3,imagemap,clicked,2026-03-14 08:14:22,https://example-saas.jp/coupon/500off
113723dc-f267-46aa-92f4-19e377252ac7,2026-02-16,msg_00021,U743849e63f8101ac616f8fd0ba84a167,79d550ab311b91954a31962cd132cae0,flex,delivered,2026-02-16 11:53:36,
99e1037b-5cf8-459a-9455-71daea2ac61a,2026-03-08,msg_00112,U3bae1603803a839c0cb52f511d9cb8f6,U4189bb4d30e904e1b036c3d5ab435347,image,delivered,2026-03-08 23:26:52,
c23678a9-2a9d-48cb-9ae9-ad7d0fd8e4fe,2025-11-27,msg_00018,U3e5dd3a641c58ad50e49f095c6f1e306,Uf614fc9c0767b8c99f1bc3c4d26d3119,imagemap,clicked,2025-11-28 00:13:38,https://example-saas.jp/survey
03ca39e8-9496-4f13-bc8f-47222a637d6a,2026-01-07,msg_00110,Ub0341314a5534ea92b26fa8adc30543f,U91cafcbc315893fa1ab3050d8e435f76,video,clicked,2026-01-07 06:17:30,https://example-saas.jp/lp/newmenu
0f5e1c15-b628-4efe-b6b0-06efd519943e,2026-02-14,msg_00065,U743849e63f8101ac616f8fd0ba84a167,4b7ecbe92b24d48af34c687cec394ed5,image,opened,2026-02-14 19:35:30,
3f0eaa99-0c8e-46fb-8394-66c025fa501d,2026-04-04,msg_00049,U476acbdef8e9a16d24575e4f6d7b0f31,Ud6e92ecfa7f3b0a6f700a99a4a43478a,text,clicked,2026-04-04 14:34:49,https://example-saas.jp/lp/newmenu
391dcad6-da29-4dd8-a341-378803885a27,2026-03-06,msg_00055,U3bae1603803a839c0cb52f511d9cb8f6,U654a2848db5db508251b4de212926c70,flex,delivered,2026-03-06 07:47:32,
910133a7-4764-4422-a17b-790ebf6182a8,2026-01-26,msg_00005,Ub0341314a5534ea92b26fa8adc30543f,Uaaa67717223601f4e058213eb109d23b,image,opened,2026-01-26 11:20:15,
cc712311-20e7-44b0-b49c-a56838eb19a7,2026-03-26,msg_00040,U3bae1603803a839c0cb52f511d9cb8f6,Uc839d2377ab1910e6acd15d2fa7da5c7,imagemap,clicked,2026-03-26 23:11:58,
2dc58459-65ff-472f-af86-2dea6a9c02e4,2026-03-14,msg_00009,U743849e63f8101ac616f8fd0ba84a167,U6ff883e6dab5930211b9bfc126a6b082,imagemap,delivered,2026-03-14 20:13:26,
81e74977-fc05-4608-96f7-527de74f9f7b,2026-03-06,msg_00068,Ub0341314a5534ea92b26fa8adc30543f,Uce706e0095ab831c86986132c8b643b1,video,opened,2026-03-06 13:43:59,
8cc942d3-da34-40c4-8b65-c85c839b7c6f,2026-01-18,msg_00102,U227d1cd1a801c367de206ec4bbca7330,Uce035436d9f1809e226f239638ec06df,video,delivered,2026-01-18 19:38:35,
6e5f185e-b0ec-4d0d-af14-97683ff03873,2026-04-04,msg_00049,U476acbdef8e9a16d24575e4f6d7b0f31,U5a7c80767ab60ce79ce22bf59e471d4a,text,delivered,2026-04-04 19:16:04,
69a45eb5-be9f-4ead-bcf0-82544674477c,2026-02-05,msg_00107,U3bae1603803a839c0cb52f511d9cb8f6,U80ef53cfd9412a24a938099defca2529,text,delivered,2026-02-05 09:47:55,
20d2b5db-d48f-4c3e-991c-e7feb6cd23b7,2025-11-23,msg_00053,U743849e63f8101ac616f8fd0ba84a167,U5633196d1f7c9c060795e8991834f9ce,video,delivered,2025-11-23 05:15:16,
6878e0b8-c34b-4360-bcff-db196ada00f5,2026-03-22,msg_00119,U3bae1603803a839c0cb52f511d9cb8f6,U4d1f1ad6090a9d31607697c400e6e684,imagemap,delivered,2026-03-22 11:26:04,
690cd36c-bef5-4845-affd-3f6894ff2c19,2026-01-20,msg_00108,Ub0341314a5534ea92b26fa8adc30543f,Ucfc77a64d916371f1f760418a692b338,flex,clicked,2026-01-20 16:27:59,https://example-saas.jp/lp/newmenu
740bdcc1-3944-40d9-a0f0-be753999c295,2026-02-14,msg_00042,U3bae1603803a839c0cb52f511d9cb8f6,U59d0b4c4447c530ff25a34062c8494fe,video,opened,2026-02-14 15:27:34,
7fbdcadf-b1bc-4ca1-aae6-e4f48736b08c,2025-12-25,msg_00045,Ue7310890b01058478be93761a56d0aa0,Uc8ac50c93940e71593aed425bb7eefbe,video,opened,2025-12-25 18:07:12,
fd442e75-0767-4a0f-8480-44f14db8090f,2026-02-08,msg_00051,U3bae1603803a839c0cb52f511d9cb8f6,a0ff34ae4d9799d3c96a9cce77db5d1f,image,delivered,2026-02-08 05:10:27,
612f4e8b-e963-453c-9217-2e7eac52b6cc,2026-02-08,msg_00051,U3bae1603803a839c0cb52f511d9cb8f6,2c052b073cec7cab2d660119f33a392d,image,delivered,2026-02-08 08:46:30,
628e5d10-7726-44ce-a217-7447cf54ab20,2026-01-26,msg_00063,Ub0341314a5534ea92b26fa8adc30543f,U4fcc16bf25c9b28c75a06abf5c6ee673,imagemap,blocked,2026-01-26 21:00:58,
d469921f-ac4b-40c3-8855-7b9de11c1871,2026-03-23,msg_00116,Ud4a92c8c8050eed40ef171cc2784d638,U251c41bbc82e815d59523c3724126c7a,text,opened,2026-03-23 11:08:21,
0e3f8328-dd46-44f4-a5ea-73358215b047,2026-03-27,msg_00096,U476acbdef8e9a16d24575e4f6d7b0f31,Uf5aee98db5f1128b38cde72a72594ad4,imagemap,delivered,2026-03-27 08:12:08,
1f29c153-46ba-4ae5-a27f-4abbd8a3efde,2026-01-26,msg_00005,Ub0341314a5534ea92b26fa8adc30543f,U9cad094467dbcbf4ea0c2ce5771a4a84,image,opened,2026-01-26 12:24:18,
aee50e34-6f6b-44a7-b9d4-90c6d651c2b7,2025-12-14,msg_00085,U743849e63f8101ac616f8fd0ba84a167,Ub94721ffb01850392c96a666b8288200,image,opened,2025-12-14 17:59:13,
af95caba-014c-45d4-b978-80463a1f00c4,2025-12-18,msg_00114,Ub0341314a5534ea92b26fa8adc30543f,78bb8c37acb4dd8199807cfe22e18f57,flex,delivered,2025-12-18 02:41:51,
59d213ff-e245-4e42-b335-781c59ad10fa,2026-02-20,msg_00036,U879eb903ad90cd9c2874f6df7651267a,U5b08e56d6b70c78d93504634c8066fda,video,opened,2026-02-20 04:51:05,
4bdc9e4d-6946-44c1-bace-4c705d991fb8,2026-02-20,msg_00036,U879eb903ad90cd9c2874f6df7651267a,U9ef755af7ba97dfa409c6857aa5eaa51,video,delivered,2026-02-20 16:26:24,
251a7878-8704-479e-b988-d853eebe003a,2025-11-17,msg_00099,U3bae1603803a839c0cb52f511d9cb8f6,U2d36bdb455bfcb97414f9a13de3f17b0,text,opened,2025-11-17 12:38:34,
a2c65bcd-7205-4fc3-9b00-ee0062eba370,2025-12-23,msg_00061,Ub0341314a5534ea92b26fa8adc30543f,U65367848309c6770ca4943a0c2dcf135,imagemap,opened,2025-12-23 21:11:02,
3e5ef1c4-9adb-4ede-9d6c-038a3c18b510,2026-01-13,msg_00060,U3bae1603803a839c0cb52f511d9cb8f6,U026530b74de61dd44e69ca211ded0433,image,delivered,2026-01-13 08:42:14,
b6f933dd-1c0b-4a85-a5c1-4088f18bd05b,2025-12-23,msg_00061,Ub0341314a5534ea92b26fa8adc30543f,U91d7eb4645844f5db0b89c186e58717d,imagemap,opened,2025-12-23 14:35:47,
4e0f401e-8d4c-4f3e-827a-8f06cde44dfa,2025-12-09,msg_00069,Uc20f9c7e9b662bedec3cb78e127885c7,U1bc43918efe952dd6966d9909909a73d,imagemap,opened,2025-12-09 11:36:46,
38f8f43d-09e8-4cce-8562-f5ca1f3feec8,2026-02-20,msg_00036,U879eb903ad90cd9c2874f6df7651267a,U1d37926997b1347b420d3ba8b05e82a6,video,delivered,2026-02-20 02:03:41,
61f420dd-b303-4dac-a64d-579b97f93f70,2026-03-21,msg_00023,U743849e63f8101ac616f8fd0ba84a167,Ucef180aa31126f41a177e383871bf93c,imagemap,opened,2026-03-21 03:47:12,
b9d06c52-0c71-4042-a352-a59f5e1907dc,2026-03-06,msg_00068,Ub0341314a5534ea92b26fa8adc30543f,U6810c4a1d3f398f8270f54bbec1a6d7f,video,delivered,2026-03-06 03:08:32,
3cb40274-1035-4b70-aeaa-4cafa708efa8,2025-11-23,msg_00053,U743849e63f8101ac616f8fd0ba84a167,U34c0980d62d6b91815b76f869480b6d9,video,opened,2025-11-24 01:04:34,
9073e02e-149b-4254-b5da-5882cb094df9,2026-01-07,msg_00110,Ub0341314a5534ea92b26fa8adc30543f,U6fac274c15e1361fbf553cfd075973e8,video,delivered,2026-01-07 16:21:33,
ad147867-d70b-4323-b749-af79d1b470dd,2025-12-23,msg_00109,Ue7310890b01058478be93761a56d0aa0,U227df6d46fba401e83d5e2d589e49e33,text,opened,2025-12-23 16:15:14,
8e552e12-df65-4878-965d-9fd5ceba3a01,2025-12-12,msg_00029,U743849e63f8101ac616f8fd0ba84a167,U0c6bc1426fc36d63b92e55239ad0328a,imagemap,delivered,2025-12-12 02:45:46,
168b8e82-ebab-4c7a-94a7-bdd447c7dbd9,2025-12-19,msg_00118,U4784fc8a8e1e4eb2435ad84e0ad052f2,Ub92dd7285ee6e16c6eebe447e7accf8c,image,clicked,2025-12-19 22:11:15,https://example-saas.jp/survey
d716abbe-2a4a-4e26-b50b-16a23671c532,2025-12-21,msg_00022,U3bae1603803a839c0cb52f511d9cb8f6,U587418818f55011f5759000e7bf83a79,video,clicked,2025-12-21 22:14:38,https://example-saas.jp/campaign/spring
ef71ee0b-a7b8-4adc-9cf2-6a92211911de,2025-12-17,msg_00032,U3bae1603803a839c0cb52f511d9cb8f6,9b126cc97354f180bb7463468fca9a67,video,delivered,2025-12-17 02:48:43,
628bc032-f551-4002-ac63-feda43477eda,2026-02-01,msg_00075,Ub0341314a5534ea92b26fa8adc30543f,U1c652eb401ca868a54098440dc5c43fa,imagemap,delivered,2026-02-01 01:08:13,
6bd00e99-eeeb-43d3-8c2e-b499b037d5c6,2026-04-12,msg_00120,U227d1cd1a801c367de206ec4bbca7330,U476505e2b8bcd9bfe3ea2e409f299c92,text,delivered,2026-04-12 02:12:00,
2539d0b1-3277-42aa-8b06-971386497cf2,2026-01-24,msg_00113,Ub0341314a5534ea92b26fa8adc30543f,U8a092eb24605f99da1415772bbc040ad,text,delivered,2026-01-24 04:24:41,
7c2d1aba-bc4f-4654-b746-40c06cacb5e1,2026-03-21,msg_00023,U743849e63f8101ac616f8fd0ba84a167,Ub952a28f11a82f48c24b85500cf07c39,imagemap,opened,2026-03-21 22:37:08,
5ce536bc-61b4-4ca5-846b-b5e9548dd621,2026-02-20,msg_00048,Ue7310890b01058478be93761a56d0aa0,U477bddba917688212d3ef735a90c4a35,flex,delivered,2026-02-20 06:13:15,
f861b84b-be44-4a74-9d0e-26cc9578a8aa,2025-12-18,msg_00114,Ub0341314a5534ea92b26fa8adc30543f,U153089a94095c4fe1e5cc6e0c7e66a89,flex,delivered,2025-12-18 04:12:30,
db55fbfd-3619-42b8-ab12-d28abb48edcd,2026-02-20,msg_00048,Ue7310890b01058478be93761a56d0aa0,U940bd1fc00e0b91fd8b2489048c92724,flex,delivered,2026-02-20 05:15:08,
b0e3f2b2-bbc4-4534-8b15-f882b2a13fe1,2025-12-17,msg_00032,U3bae1603803a839c0cb52f511d9cb8f6,Ud77937f6b28a4fe4128c5b3762679946,video,clicked,2025-12-17 07:35:27,https://example-saas.jp/coupon/500off
1cb60978-8ff6-498b-bd80-d52fa867f3ab,2026-01-26,msg_00005,Ub0341314a5534ea92b26fa8adc30543f,U900d6e2f124b192b28bf7367ffb9bb6d,image,clicked,2026-01-26 22:09:51,https://example-saas.jp/coupon/500off
c555bd67-a3e2-4fd0-9c38-d81f8b00cf01,2025-12-22,msg_00013,Ub0341314a5534ea92b26fa8adc30543f,U3969cf5e32daad855c29cae4e7b4ca93,image,delivered,2025-12-18 03:03:54,
5b4523e0-0a0a-49a4-b48f-9657a19689bc,2025-12-17,msg_00032,U3bae1603803a839c0cb52f511d9cb8f6,U5f4483f74c8bfaad7dd4faf8678fd1d3,video,opened,2025-12-17 07:00:26,
ec318751-678c-40d4-853e-096350f40567,2026-03-06,msg_00055,U3bae1603803a839c0cb52f511d9cb8f6,U7134b386fedc1c8726ff7ec3db926218,flex,delivered,2026-03-06 01:06:52,
e0aff95f-0913-4de6-9d87-78e15f0ebee8,2026-03-05,msg_00014,U3bae1603803a839c0cb52f511d9cb8f6,U6e258c5783d7cc311bbef05d0ee5c6e6,flex,delivered,2026-03-05 17:01:38,
70e3eb26-6bd0-452c-87de-ae99bce37e37,2026-03-16,msg_00002,U3bae1603803a839c0cb52f511d9cb8f6,U877f03d30cb17709b122c51c23455794,text,opened,2026-03-16 16:24:09,
e14362d9-5bfc-45b6-b6eb-5609d5cf3a45,2025-11-16,msg_00020,U3bae1603803a839c0cb52f511d9cb8f6,c1de00574826ef242753d1ab7b01ccf2,text,delivered,2025-11-16 05:34:43,
6a600eac-0e70-4b20-b9ba-b1387c3582a3,2025-12-03,msg_00012,U743849e63f8101ac616f8fd0ba84a167,Ube693f74b9689462246432f2d2b02e49,imagemap,opened,2025-12-03 02:30:42,
53aedae9-259f-4b8c-866d-aa2cb9d06997,2026-01-18,msg_00102,U227d1cd1a801c367de206ec4bbca7330,U6236be5f259da6fdaf8511c1fc6ff702,video,delivered,2026-01-18 09:55:16,
7deeccb2-235b-4444-a6a9-54f06093a9da,2026-03-08,msg_00112,U3bae1603803a839c0cb52f511d9cb8f6,Uf919c3806b7ae88a19bc7480a22da80e,image,delivered,2026-03-08 14:58:11,
e00f1b33-f026-4281-94dd-14af6f05e976,2026-02-20,msg_00048,Ue7310890b01058478be93761a56d0aa0,Udb79393cfdac3f344ee561d567a14d1a,flex,opened,2026-02-20 04:27:17,
6c551bdb-f1e6-4e74-9e88-c491b63e41b7,2026-03-03,msg_00093,U743849e63f8101ac616f8fd0ba84a167,Uc61c3b9d4db904708c6dd2e70bc8ec5d,imagemap,delivered,2026-03-03 16:54:51,
39c84f59-e134-4318-986b-c5213f5d5822,2026-03-16,msg_00002,U3bae1603803a839c0cb52f511d9cb8f6,U7e07a01597e3edf72d14ea64bda48047,text,delivered,2026-03-16 04:58:39,
83c7e01b-355e-44d5-813f-c7daab8b4f05,2026-04-10,msg_00101,U743849e63f8101ac616f8fd0ba84a167,U8a8174b5336658866eda92de3b18a449,imagemap,delivered,2026-04-10 01:06:41,
311052ce-c71c-4ef4-94dc-17b3646c8698,2026-01-18,msg_00102,U227d1cd1a801c367de206ec4bbca7330,Uc0e86d8b626d1478f564068b99e863aa,video,opened,2026-01-18 19:36:32,
c9c05e29-be20-4975-b239-230395176155,2026-03-23,msg_00071,U3bae1603803a839c0cb52f511d9cb8f6,Uc801331d99bd1e6eed4b30067cde140d,imagemap,delivered,2026-03-23 08:15:40,
407dd93f-efea-44ad-a371-b6c4ff8a91f9,2026-02-14,msg_00098,U743849e63f8101ac616f8fd0ba84a167,Uf1cb5b110480acc4e26a5a83294e87be,imagemap,opened,2026-02-14 22:43:55,
e82ef4fb-995f-4a56-a689-8ed0461cab54,2026-03-25,msg_00079,U743849e63f8101ac616f8fd0ba84a167,U85eb0b7386de30489c00962822220442,text,delivered,2026-03-25 06:36:39,
52aced7b-8a04-4e98-a935-492cacd527e9,2026-03-29,msg_00097,Ub0341314a5534ea92b26fa8adc30543f,Uce3c9b48d6aa2359acb6556ca2df6724,text,opened,2026-03-29 10:42:25,
0bc56b7f-da38-4a17-8af1-51c20ebf5646,2025-12-22,msg_00013,Ub0341314a5534ea92b26fa8adc30543f,U5d5c0d5e0ce71f19ea6bff724f2bc211,image,opened,2025-12-22 21:44:00,
f7d11ed4-3052-44f7-a1d5-4570338150b5,2026-02-07,msg_00090,U4784fc8a8e1e4eb2435ad84e0ad052f2,Uf5b4c0563770043352eddd91cb46cb77,imagemap,delivered,2026-02-07 16:55:24,
a3988a44-0eb8-49ad-b276-21380c4d96a6,2026-04-10,msg_00101,U743849e63f8101ac616f8fd0ba84a167,U838e3a983494a9ce46f14dd7fa48cfa8,imagemap,delivered,2026-04-10 08:29:59,
fa646837-b657-4c4f-9bcf-ecd7b7f8c75e,2025-12-18,msg_00070,Ue9a1e8a5b83a6b296d43c957a8cfba4a,U6ef8863cf6120f8b4634e631ef69d477,imagemap,delivered,2025-12-18 19:25:12,
f2b722fa-23aa-4fd4-aaf5-7ad01fd303a2,2025-11-30,msg_00025,Ub0341314a5534ea92b26fa8adc30543f,U731c230136cdaee6cc9ee03b1a418ee7,imagemap,delivered,2025-11-30 11:52:22,
e9447f09-e49a-465d-aa1d-8e2880cbbd5b,2026-02-20,msg_00048,Ue7310890b01058478be93761a56d0aa0,U38a1ebe21d24e5770b707c16a4558eac,flex,delivered,2026-02-20 03:05:07,
1c449ff4-9fe2-4dce-ad45-f59f4620be00,2026-01-24,msg_00007,Ub0341314a5534ea92b26fa8adc30543f,Ubd02871cad3f9a203c629b01264b0eca,imagemap,opened,2026-01-24 08:34:32,
72ccd1f1-b324-4aba-8593-968ccc7dbdee,2025-12-19,msg_00064,Ub0341314a5534ea92b26fa8adc30543f,Ub52bc24ce9bb31695fd97282f8ec0ae6,image,opened,2025-12-19 16:07:51,
0ae05ec9-9ade-498d-8f34-c9867feacb9a,2026-01-10,msg_00044,U30ad60bba5da9837ca5dd0230ca8f531,U86dd40c022b07d8d27a1e06830e57fbf,video,opened,2026-01-10 03:28:35,
35ee37e4-d5ef-4efb-8d32-54356f32766c,2025-12-22,msg_00013,Ub0341314a5534ea92b26fa8adc30543f,Ucff518d40817bec772da9987fc7b744c,image,clicked,2025-12-22 16:18:25,https://example-saas.jp/survey
515449ca-22e9-4571-93f6-a3fc1c00646e,2026-02-16,msg_00021,U743849e63f8101ac616f8fd0ba84a167,Uac0cec49af7da8fce205c6720d6e24c1,flex,delivered,2026-02-16 10:25:49,
de2cf405-b4c0-415d-abe6-51cb864e8f25,2026-02-10,msg_00058,Ue9a1e8a5b83a6b296d43c957a8cfba4a,U266f3e6c9e48acbf1b6baed88441b04a,video,delivered,2026-02-10 14:52:10,
b79d53e9-7fed-41f7-ba6f-577b1d4e8d41,2026-04-08,msg_00078,Ud4a92c8c8050eed40ef171cc2784d638,Ua5e360ba72d479ab60b6577323a92780,image,delivered,2026-04-08 06:24:50,
2975ebaf-a063-4b26-a288-e9fb2dd274c5,2026-01-01,msg_00109,U1ca413826b7044d134c9c3132420c9de,U3667ea7f3e92ded78acc7d5d9ac53039,video,CLICK,2026-01-01 18:06:34,
1d9fb7b6-94aa-4053-b8ea-7489e908e68c,2025-12-09,msg_00069,Uc20f9c7e9b662bedec3cb78e127885c7,Ucc6e34fec6f2ea839eca68ec56904c40,imagemap,delivered,2025-12-09 03:38:57,
b44a0141-da9c-4593-a8f3-b7f9bbb0d1b0,2026-02-20,msg_00017,U22a93bc29b1df104af6b1ba1cd91fc56,U12c9035074e9e54e01f822217a2c0f59,video,delivered,2026-02-20 18:17:34,
6c153058-9537-42e7-be6b-2c3c710d1fa7,2026-04-12,msg_00120,U227d1cd1a801c367de206ec4bbca7330,Uab9aaf6f1fdff0342c1dc1cf4169b10b,text,delivered,2026-04-12 23:18:16,
bbe6f6b4-2b41-4bb1-97de-afaf39a9180b,2025-11-25,msg_00043,U3e5dd3a641c58ad50e49f095c6f1e306,Ua36c8e9ae20bc810f7c4e8eb3f8028d6,flex,opened,2025-11-25 16:41:47,
5bff9c8d-feb9-4a7b-b664-83d04fcc48a6,2026-01-14,msg_00081,Ue7310890b01058478be93761a56d0aa0,U268d76f29c670c5128ed38b0a18748cc,video,opened,2026-01-14 09:54:05,
bf590c24-3bd1-48bc-bebb-60c776da66ce,2026-02-10,msg_00058,Ue9a1e8a5b83a6b296d43c957a8cfba4a,Ufaee2fde668b870478556ca67e5b04cf,video,opened,2026-02-10 12:34:21,
c02c7c8d-9194-49ca-a720-18767bdc1652,2026-02-20,msg_00017,U22a93bc29b1df104af6b1ba1cd91fc56,U34af88e97351899f4a3fc9e378b56d0a,video,delivered,2026-02-20 16:25:49,
4e4bf8c0-f92a-46f7-9ed3-8b89ff4c865f,2026-01-26,msg_00086,U4784fc8a8e1e4eb2435ad84e0ad052f2,U73e15e7f9ad38f3134c37f32952cf6a9,text,delivered,2026-01-26 19:42:33,
a9cd7c99-836c-4207-a403-20a118a827df,2025-12-15,msg_00030,U3bae1603803a839c0cb52f511d9cb8f6,d8b0ffb99b9d86a52c95d1bb1de6aa08,video,opened,2025-12-15 04:49:32,
677e671e-65eb-4cf4-8ef4-2ce49cecdf9e,2026-01-17,msg_00037,U7e808d11d6f9901a954a542a7ee09918,U50c47df33fec4261ed0489e553d5fd75,text,delivered,2026-01-17 13:20:13,
e9a99004-322b-438e-9392-c994e689f42e,2025-11-23,msg_00024,Ue8d9224ecde331ce692edfce0b5ecdc4,Uc6a7657d628bda1a653e4e2166d9dd30,text,delivered,2025-11-23 10:57:46,
e20f828b-de5f-45f2-b742-4734f6888017,2026-03-21,msg_00023,U743849e63f8101ac616f8fd0ba84a167,U37c802d0b5dff2b18e0d15387a90b08d,imagemap,delivered,2026-03-21 13:41:47,
8b4e8d21-0301-4cc1-8d53-c7f6f901841a,2025-12-07,msg_00003,U227d1cd1a801c367de206ec4bbca7330,Uf5cc66a13787818ad5d13457c47a5f7a,image,opened,2025-12-07 07:22:03,
c83ab15c-5d29-425c-8584-d27dcd50aa99,2026-02-14,msg_00042,U3bae1603803a839c0cb52f511d9cb8f6,Ueb4cd0c3c8ba5cd9c946b0553f37a683,video,delivered,2026-02-14 13:49:34,
3e086e3c-ff05-4e08-9be3-fa9e99628e0a,2025-11-17,msg_00034,U743849e63f8101ac616f8fd0ba84a167,U83269190af3040b050eb186f1d390113,text,delivered,2025-11-17 19:55:25,
c7336fe5-00b2-4b66-85f4-dd83fc01f199,2026-02-20,msg_00048,Ue7310890b01058478be93761a56d0aa0,U61a50270527990e2bb8188cc197a41bc,flex,delivered,2026-02-20 10:27:54,
56689816-dbaa-4c9d-9554-034bbc4e22b1,2025-12-19,msg_00118,U4784fc8a8e1e4eb2435ad84e0ad052f2,U63f42e3f36ebde91739b93b47d9a7750,image,opened,2025-12-16 05:46:33,
cb4af544-306e-4ec2-b839-da4f2f19870d,2025-11-23,msg_00024,Ue8d9224ecde331ce692edfce0b5ecdc4,U7fb553bc25a2cb52f9cbfcfa65f82d71,text,delivered,2025-11-23 10:08:22,
8b735149-9824-438b-b01e-77aa88e60fc8,2026-02-07,msg_00090,U4784fc8a8e1e4eb2435ad84e0ad052f2,U4375b0c85464bcce34786316868a845a,imagemap,delivered,2026-02-07 17:12:31,
b2643bb8-c8f5-4ea1-8fcf-1e029b896c1d,2025-11-25,msg_00043,U3e5dd3a641c58ad50e49f095c6f1e306,U44507309465dca0e4e721b6e0fab132f,flex,delivered,2025-11-25 13:48:11,
f79eca3d-ad09-4ec3-bd2e-60e6818c1d39,2025-12-09,msg_00059,U3bae1603803a839c0cb52f511d9cb8f6,Uc7d974b82928373e3770c0e7890ec7c1,imagemap,clicked,2025-12-09 18:02:40,https://example-saas.jp/survey
fdf7a62b-a9e8-4e42-8753-dcfb2bb9dc28,2025-11-27,msg_00018,U3e5dd3a641c58ad50e49f095c6f1e306,U7dacb6c4583f33111565f7fb2e3c889f,imagemap,delivered,2025-11-27 01:38:24,
674cd153-5c1f-4ed8-8ddf-e5f6b2819197,2026-02-15,msg_00087,U3bae1603803a839c0cb52f511d9cb8f6,Ubd068bfe67195421fa0cc22459f2bf4a,imagemap,delivered,2026-02-11 05:20:57,
a3f80dc9-844c-43b5-8cb4-3560e42180da,2026-04-08,msg_00078,Ud4a92c8c8050eed40ef171cc2784d638,U96244e238c0a8d35da2a37929745d412,image,delivered,2026-04-08 23:39:38,
158e0160-e380-44b2-ac39-ce08058e77ab,2025-12-23,msg_00109,Ue7310890b01058478be93761a56d0aa0,U9348d1546fdbcf6f4ffa94a1da401591,text,delivered,2025-12-23 08:09:50,
ca9b8d9e-40e9-4b7f-96c2-57ea393c2b4d,2026-03-08,msg_00112,U3bae1603803a839c0cb52f511d9cb8f6,U0155a1c0665c83ebf04e43ae15ba6a17,image,opened,2026-03-08 20:43:13,
8d146837-96a4-4ea1-b72e-828d7ee297ae,2026-01-01,msg_00027,U4784fc8a8e1e4eb2435ad84e0ad052f2,Ub2c439e6d41f7e37b0a094bdf4b1c486,image,delivered,2026-01-01 07:51:22,
dfe7b668-ba5f-4a9c-bec9-21c86c12f4e3,2026-03-16,msg_00002,U3bae1603803a839c0cb52f511d9cb8f6,a6f46d7ccbf2e0189ac045613a0e0934,text,clicked,2026-03-16 12:10:24,https://example-saas.jp/lp/newmenu
44b13ab6-44b7-4561-a87d-07ca20c7693e,2025-12-14,msg_00085,U743849e63f8101ac616f8fd0ba84a167,Ueb0852079f2db84acb5095d36850f7bf,image,delivered,2025-12-14 06:26:44,
c9cf0931-62c6-4519-a4a1-d3ed99d7d8aa,2026-03-22,msg_00119,U3bae1603803a839c0cb52f511d9cb8f6,Ua44176426347cbf8f8ad274013048055,imagemap,delivered,2026-03-22 08:58:39,
fa003692-31f1-48e1-b311-e06a9589de59,2026-03-26,msg_00040,U3bae1603803a839c0cb52f511d9cb8f6,515ad7e00ca6ba2e569d773fe1341398,imagemap,delivered,2026-03-26 22:23:29,
0d233bf6-6d7b-4b0e-8e1a-31f1e01f825f,2026-01-30,msg_00050,U3e5dd3a641c58ad50e49f095c6f1e306,U12e8fc36a308cfeb61fd00d7d030019c,image,delivered,2026-01-30 08:53:57,
ec088693-41f3-434f-aeda-4893b90bb839,2026-01-26,msg_00005,Ub0341314a5534ea92b26fa8adc30543f,U343c6ad12f0d46d8f9937922897d3955,image,delivered,2026-01-26 06:15:47,
a014f0aa-bf68-464c-88f4-c1b831870bc5,2025-12-31,msg_00082,U227d1cd1a801c367de206ec4bbca7330,Uc67aefc255f89c52e9d8d8976fb1be03,imagemap,delivered,2025-12-31 04:23:01,
b835f3e1-231b-4a70-91f9-f4dd8c8f1dea,2025-12-19,msg_00118,U4784fc8a8e1e4eb2435ad84e0ad052f2,U4a71584040aa7ece3663ece820bd1620,image,delivered,2025-12-19 07:48:00,
7d92a200-c319-4f02-b9c9-6367477e064c,2025-12-09,msg_00059,U3bae1603803a839c0cb52f511d9cb8f6,U658d5f80e7c8e44720b5ee9532e8947a,imagemap,failed,2025-12-09 00:36:36,
91430a60-fe67-4dee-8dcd-a4f955785f04,2026-03-26,msg_00040,U3bae1603803a839c0cb52f511d9cb8f6,Uc60320369da7e8f17ec1e250336fb4d0,imagemap,opened,2026-03-26 13:35:46,
07fc5b2a-4c66-4944-9d43-0a04180e78df,2026-01-11,msg_00033,U4784fc8a8e1e4eb2435ad84e0ad052f2,U0e25d36d16ecd0cf02659a414c643f2c,video,open,2026-01-11 06:00:43,
8cb4954b-0d3a-44aa-b9dd-adf885f3b8b6,2025-12-18,msg_00114,Ub0341314a5534ea92b26fa8adc30543f,U67438546a32ff58290d874c7880a438f,flex,opened,2025-12-18 22:11:41,
c93ef4fe-2bad-412e-a840-e17cecbf2446,2025-12-18,msg_00070,Ue9a1e8a5b83a6b296d43c957a8cfba4a,U8752d44d31d1d459af44e931d43e2067,imagemap,delivered,2025-12-18 18:19:22,
810d8696-5a3c-4b95-8f4b-84ddab660abc,2026-02-15,msg_00006,U743849e63f8101ac616f8fd0ba84a167,Uaeae6db42bbcea3fca6654765d20324e,flex,blocked,2026-02-15 20:24:22,
580bef87-365c-4578-b7bc-7657e0b9ebb9,2026-02-20,msg_00048,Ue7310890b01058478be93761a56d0aa0,U3a4d1df2f24c082d37bca2c12f6f4909,flex,opened,2026-02-20 17:39:59,
65426176-3cce-4fc0-9221-0ef36af5b0d4,2026-02-05,msg_00107,U3bae1603803a839c0cb52f511d9cb8f6,Ub36e0fee423e38b88e8920f1214bf619,text,delivered,2026-02-05 16:57:15,
a8ef666f-34a3-4261-97a2-2af0fd65dcaa,2025-11-24,msg_00033,U3bae1603803a839c0cb52f511d9cb8f6,U895af900961fb388308f56e1a3c680d3,text,opened,2025-11-24 13:35:39,
e60f1f66-744d-46c7-8583-47e007ecf8c7,2025-12-21,msg_00022,U3bae1603803a839c0cb52f511d9cb8f6,U1d8fb12260a6424374daada66515ec9e,video,delivered,2025-12-21 18:53:50,
c54a94ae-2be8-46b7-8a06-dd6b2e084d72,2026-01-26,msg_00005,Ub0341314a5534ea92b26fa8adc30543f,U3feddbca131e860ea245421f99c904d4,image,clicked,2026-01-26 16:48:19,https://example-saas.jp/campaign/spring
0ddf1315-be36-43f6-bfdf-46222bc4a6c3,2026-01-20,msg_00108,Ub0341314a5534ea92b26fa8adc30543f,89e4bcb7e7b39b1f282a8739dadb06aa,flex,opened,2026-01-20 23:13:55,
d6fa935f-34b0-4faa-bfd0-3d50ba76d282,2025-12-24,msg_00091,U3bae1603803a839c0cb52f511d9cb8f6,U7c503079475a4d47671feafa7ea66964,imagemap,clicked,2025-12-24 15:45:47,https://example-saas.jp/survey
afcb06fb-cd02-44ca-a159-7ee4c6722329,2026-02-20,msg_00036,U879eb903ad90cd9c2874f6df7651267a,U67ea97fcf12f288f19eabb496a9f3890,video,delivered,2026-02-20 14:02:57,
deebbb0a-54a2-4ae6-bdbe-3bedca346e39,2025-12-09,msg_00059,U3bae1603803a839c0cb52f511d9cb8f6,U09b4ced2727b5af95277dcc585890cd6,imagemap,opened,2025-12-09 03:48:45,
6a22d570-a15b-4fd8-952d-a3da4c342cca,2025-11-17,msg_00034,U743849e63f8101ac616f8fd0ba84a167,Ucb717464d29dd60dba79b38ae09eef27,text,delivered,2025-11-17 14:50:06,
3297e06e-f8f2-4abd-815b-e47d2629490f,2025-12-21,msg_00022,U3bae1603803a839c0cb52f511d9cb8f6,Ue37abfc44050288aec955172419b3f36,video,delivered,2025-12-21 13:38:43,
ecbda9bc-a6a8-4fec-9ba3-238b2b4d303e,2025-12-25,msg_00045,Ue7310890b01058478be93761a56d0aa0,Uabbe21cbee7979598154b359872ef257,video,clicked,2025-12-25 07:24:24,
a19ec49b-ee33-4028-aace-a9c52d369113,2025-12-12,msg_00029,U743849e63f8101ac616f8fd0ba84a167,U9952b394ead2915d442dbf948fd75ed7,imagemap,delivered,2025-12-08 20:48:30,
2fa5f2e8-8fd2-4a47-817d-c80a45f7091e,2025-11-19,msg_00019,U743849e63f8101ac616f8fd0ba84a167,Ufc114c57f9c97d04342397ec45b0f425,flex,delivered,2025-11-19 10:00:31,
f8e232f6-9e52-4f33-987f-24c7e67ac546,2026-01-13,msg_00060,U3bae1603803a839c0cb52f511d9cb8f6,U29d2aa59550eae79e780ce1390d66a56,image,delivered,2026-01-13 00:29:59,
c3607e8d-0885-491a-a5eb-cc19b3c2d143,2026-02-20,msg_00036,U879eb903ad90cd9c2874f6df7651267a,U94dcaef7822526ae0aea78e62d9b7b48,video,clicked,2026-02-20 07:30:22,https://example-saas.jp/campaign/spring
5f13c49e-40aa-4067-9bb0-000303ecfa45,2026-03-20,msg_00092,U743849e63f8101ac616f8fd0ba84a167,Ub11d617f6b2ba6637e82eb56fd5091ff,video,delivered,2026-03-20 21:26:48,
e14e65ee-4b22-4a3d-bce4-62ad706d810a,2025-11-25,msg_00043,U3e5dd3a641c58ad50e49f095c6f1e306,U9cf6d42260d32bd70167f03ee4a662e5,flex,delivered,2025-11-25 11:36:58,
ee6f973f-dd2e-4806-86a8-1732d988e127,2026-02-08,msg_00051,U3bae1603803a839c0cb52f511d9cb8f6,U7d68048ab97b70a35518e818c151e7e0,image,delivered,2026-02-08 05:02:46,
da49558e-1861-4fd5-8165-69f4b6100c42,2026-01-09,msg_00052,U743849e63f8101ac616f8fd0ba84a167,U769bb17d03aafb37f053b07d5a016c57,video,delivered,2026-01-09 11:39:03,
6cb68afc-f41a-4dfd-85fb-7729efc33ae7,2026-03-22,msg_00119,U3bae1603803a839c0cb52f511d9cb8f6,Ua29d599e678b2fbae115cf59d409d0bb,imagemap,opened,2026-03-22 09:59:23,
eceb54f1-5e51-4f00-9802-61c98ced6f35,2026-01-24,msg_00007,Ub0341314a5534ea92b26fa8adc30543f,U2ac0865a747d143d4e63861cb14a74ab,imagemap,opened,2026-01-24 20:01:02,
b64808eb-e7e9-4ff9-87c8-4cee51ad542e,2026-03-21,msg_00023,U743849e63f8101ac616f8fd0ba84a167,U189470030309160856a14724913de0db,imagemap,opened,2026-03-21 21:35:07,
b5a89814-aeb4-49f9-b70f-5274f7ffcf9a,2026-04-04,msg_00049,U476acbdef8e9a16d24575e4f6d7b0f31,Ubd6aba06565b87a818a02142e0670eb6,text,clicked,2026-04-04 19:53:30,https://example-saas.jp/campaign/spring
3695dc85-a9bc-4fbc-a610-5f0d12bda8ff,2025-11-22,msg_00047,Ue7310890b01058478be93761a56d0aa0,U092078732bb164845251da5c4e8bf6f5,video,opened,2025-11-22 18:40:41,
af22e72e-f83c-4b7e-b7aa-e710347e36e0,2026-03-27,msg_00096,U476acbdef8e9a16d24575e4f6d7b0f31,Uf1d115c3acbf36807c008a0376a0eab4,imagemap,opened,2026-03-27 22:11:42,
37bacb95-4b97-4d25-b86f-dc6d0c27fb95,2025-12-03,msg_00012,U743849e63f8101ac616f8fd0ba84a167,U963acc3faf490af8454e88f1d094f907,imagemap,opened,2025-12-03 14:32:28,
d32ecd0f-1b62-4eea-8d6b-7abe34feda8c,2026-02-24,msg_00111,Ub0341314a5534ea92b26fa8adc30543f,U1bfcb453ae9b54d38d1980c941cb4787,flex,delivered,2026-02-24 23:50:13,
79bd9099-8b1f-493c-b50d-d5fe65f52ac2,2025-12-19,msg_00064,Ub0341314a5534ea92b26fa8adc30543f,U257058309a928544307c6e1f8aae8f28,image,delivered,2025-12-19 12:09:50,
5b02df4e-a53b-4b9f-9c7c-46e186625f4d,2026-03-26,msg_00040,U3bae1603803a839c0cb52f511d9cb8f6,Uba560e767418b101a29d0ba615804f55,imagemap,opened,2026-03-26 12:52:01,
967091b3-4433-4aeb-b29f-4672204c7298,2026-03-15,msg_00038,Ub0341314a5534ea92b26fa8adc30543f,U83292c93fea8ba1fc51ae8bb49477816,flex,unsubscribe,2026-03-15 04:13:50,
ee2e07a3-0e9d-470a-bccd-4f845d525170,2026-02-14,msg_00098,U743849e63f8101ac616f8fd0ba84a167,ade6048745c655a2f6e9125db6926a08,imagemap,clicked,2026-02-14 07:54:54,https://example-saas.jp/survey
fac12b44-6a8f-4648-a09a-e994e3f7580e,2026-03-26,msg_00040,U3bae1603803a839c0cb52f511d9cb8f6,U11f72d5c4496dcc67cc8080ee21ab7de,imagemap,delivered,2026-03-26 21:52:11,
93a49321-059b-436e-a2e6-ca4293282853,2025-12-25,msg_00077,U743849e63f8101ac616f8fd0ba84a167,U0f8e032df451af0a32900d1976b17361,text,failed,2025-12-25 19:11:49,
ba7c474d-d45b-403b-be3f-1ed7ffdf1df9,2026-01-18,msg_00102,U227d1cd1a801c367de206ec4bbca7330,U199ea8859fe00b3ab2a45f9da6a4bc87,video,opened,2026-01-18 22:07:26,
25b3cec4-abd9-4883-9881-3fefed531913,2026-02-20,msg_00036,U879eb903ad90cd9c2874f6df7651267a,Uc3ffd8cbe0d39ad31c1ee0b2439aa95f,video,delivered,2026-02-20 02:47:36,
a2620cb3-b20f-45e2-92da-d5656b309760,2025-12-07,msg_00003,U227d1cd1a801c367de206ec4bbca7330,U865b7653319c2c44f8ac7d20b45042a0,image,delivered,2025-12-07 05:46:36,
b6e40cfb-8d34-4342-a25a-d83ce05467cb,2026-02-15,msg_00087,U3bae1603803a839c0cb52f511d9cb8f6,U5bc794f55979cda7c999015f149a83ee,imagemap,delivered,2026-02-15 18:15:46,
4f4cd2cf-f837-406a-8b43-742631d836bb,2026-01-07,msg_00110,Ub0341314a5534ea92b26fa8adc30543f,U36577b91991ac7d0660e0df43e79e2ce,video,delivered,2026-01-07 23:48:15,
1b10af46-2ded-46e5-a089-62e8ebe51eef,2025-11-19,msg_00019,U743849e63f8101ac616f8fd0ba84a167,U03bb5e659af7f31e983905d4b1b7430b,flex,delivered,2025-11-19 00:50:52,
8a4cf2a8-d0c8-4af2-a139-ed680b6195a6,2025-11-24,msg_00033,U3bae1603803a839c0cb52f511d9cb8f6,U5acec3dea660d8bdab5fe6c79ba685b2,text,blocked,2025-11-24 07:13:10,
906ba73e-481e-4e19-9e2c-c5521d1d47ea,2026-02-14,msg_00042,U3bae1603803a839c0cb52f511d9cb8f6,U048b707dfb6ce9cf51460fda10033b08,video,opened,2026-02-14 05:35:16,
adc46ee5-edbb-411f-8b9d-83f230e58cab,2025-11-21,msg_00010,Ue7310890b01058478be93761a56d0aa0,U7e1203f4e85a99cfa9df3431544d47ce,imagemap,delivered,2025-11-21 07:38:38,
7e5320e7-b734-44ab-8042-c50fe6a8c820,2025-12-09,msg_00069,Uc20f9c7e9b662bedec3cb78e127885c7,U81af0dea1eef3f12021f7eaa6e801e52,imagemap,delivered,2025-12-09 12:20:31,
7303ee15-eb8e-45ea-bf18-708a662746a7,2026-01-26,msg_00063,Ub0341314a5534ea92b26fa8adc30543f,Ue9f4a78b79851e1eada74606df6188fc,imagemap,delivered,2026-01-26 21:15:00,
6972e746-fa83-450d-a5d5-d4ff24314b4f,2025-11-17,msg_00099,U3bae1603803a839c0cb52f511d9cb8f6,U2705ff5dbc9a5f207472487b8a7c90e2,text,opened,2025-11-17 08:02:56,
5b06f60c-4fb4-4f0f-865e-e277fd3b48f4,2026-02-05,msg_00107,U3bae1603803a839c0cb52f511d9cb8f6,Udb6f6e03f6dd139b4f3a38a6b24b2fa3,text,delivered,2026-02-05 06:11:52,
59b41662-6388-44a3-9b4f-b62fbdae1fb2,2026-01-26,msg_00086,U4784fc8a8e1e4eb2435ad84e0ad052f2,U82abacc94ebef111e2689508bc904543,text,delivered,2026-01-26 10:15:24,
e053218f-50c3-4e84-adb6-0ba141eb9064,2026-03-22,msg_00119,U3bae1603803a839c0cb52f511d9cb8f6,Ua2d10dc7b99c83c5fce26306ba3d4fa6,imagemap,opened,2026-03-22 05:23:23,
abc68794-c8a7-4a22-9719-3d37c559e23e,2025-12-18,msg_00114,Ub0341314a5534ea92b26fa8adc30543f,U2baa8c4b0e1c3b8d0dbfe23628fad8f8,flex,delivered,2025-12-18 12:49:01,
434f522c-9fb3-488b-8369-6625d13dcf8a,2026-02-20,msg_00095,Ub0341314a5534ea92b26fa8adc30543f,U9d6281a31783da8628c08e623de583f8,text,delivered,2026-02-20 03:46:22,
f79c8919-4da5-4f22-b63b-fb02efc13813,2025-12-12,msg_00004,Ub0341314a5534ea92b26fa8adc30543f,d952075cfb48af57e6c3427411446803,video,delivered,2025-12-12 11:16:59,
5e7ea416-380d-4ee1-babe-488071699488,2026-03-08,msg_00112,U3bae1603803a839c0cb52f511d9cb8f6,Ud817ba9e5d1fefdd4a8765eff80d1504,image,opened,2026-03-08 08:49:13,
9aa362c3-0d97-47ff-b9a4-b7fe38eafa00,2025-12-07,msg_00003,U227d1cd1a801c367de206ec4bbca7330,2fef7e3d48a18d6ded4ced96cda47a83,image,opened,2025-12-07 16:58:25,
74f3aa8d-56bd-4781-9f37-e9217f0ce82e,2026-02-24,msg_00039,U743849e63f8101ac616f8fd0ba84a167,U6836c1948a35938bd12f5b73142af09d,flex,clicked,2026-02-24 13:43:51,https://example-saas.jp/campaign/spring
72c2dfd8-f2df-4ec3-af0d-08a1b84f1d78,2026-03-26,msg_00040,U3bae1603803a839c0cb52f511d9cb8f6,9b4409b35f0707a22ee2f513418876e9,imagemap,clicked,2026-03-26 17:40:09,
202904e4-17cf-4421-9d2a-77a0f4f62938,2025-12-12,msg_00004,Ub0341314a5534ea92b26fa8adc30543f,Uf05e5043bf95d00ebe1ec7e3f659fe6d,video,clicked,2025-12-12 02:48:04,https://example-saas.jp/campaign/spring
8c25414c-e57e-4501-8678-95b5a93f473f,2025-11-26,msg_00028,U3bae1603803a839c0cb52f511d9cb8f6,Udb57440ab5ee72effa19714e8e7e78b6,image,clicked,2025-11-26 22:39:51,https://example-saas.jp/lp/newmenu
66e901fe-691b-42c0-ae9a-2e677c8fb6a8,2026-02-07,msg_00090,U4784fc8a8e1e4eb2435ad84e0ad052f2,U56f10a8a2d6156d9df18cffe159630b5,imagemap,delivered,2026-02-07 14:46:29,
6a1bef2b-a4a4-4d9d-935d-2d94351ac5e0,2026-01-29,msg_00031,U3bae1603803a839c0cb52f511d9cb8f6,U93cd4f8224ad82dfe61bdbc4e3cd60fc,video,delivered,2026-01-29 19:39:47,
1ab94857-f381-450c-98e3-82c5925c3b9e,2026-02-20,msg_00036,U879eb903ad90cd9c2874f6df7651267a,Uc3bc57d067414befc7acb378f2f6ec70,video,delivered,2026-02-20 10:30:10,
e37969b3-823b-43eb-9c75-fe5253d68556,2025-11-27,msg_00018,U3e5dd3a641c58ad50e49f095c6f1e306,U5cf9e682556375acf874605b58e05249,imagemap,opened,2025-11-27 11:50:04,
7835fd01-a9f6-4db5-b6ef-b7562704d5dd,2026-02-16,msg_00021,U743849e63f8101ac616f8fd0ba84a167,Ue2867adbdbfa9048295d179b0bf7acbf,flex,opened,2026-02-16 18:23:36,
9016441c-b354-4118-9beb-6c5257ef41f9,2026-03-11,msg_00067,U7e808d11d6f9901a954a542a7ee09918,U6769a2d8168730d1e20f51daeec952b1,video,delivered,2026-03-11 19:44:48,
be5d3ea3-9322-4b21-95da-05a16f8e1ad7,2025-11-27,msg_00018,U3e5dd3a641c58ad50e49f095c6f1e306,U0bbbfd283b6f759a0f8b9b449ba9b6c1,imagemap,opened,2025-11-27 20:53:19,
cfb568fb-a6d8-47e9-9aeb-c2504d9f7f6c,2026-01-31,msg_00035,U7e808d11d6f9901a954a542a7ee09918,U5676b44ff3cae109c0030ed69f9af50c,text,delivered,2026-01-31 12:20:33,
ca752f18-df5b-424e-b6e0-4f6cef0d9330,2026-01-31,msg_00035,U7e808d11d6f9901a954a542a7ee09918,Ub7aa9e0f4ffc7f9e4ef86f9600b52fc2,text,delivered,2026-01-31 04:29:38,
3ae5dd62-aac9-41a9-b95f-96eddb6b24fd,2026-03-26,msg_00040,U3bae1603803a839c0cb52f511d9cb8f6,5d77cc735bbc80bbdec2f2c1d58277f2,imagemap,delivered,2026-03-26 16:52:59,
e7a81680-12f1-4568-954b-f0b511e4fa35,2026-03-18,msg_00080,U22a93bc29b1df104af6b1ba1cd91fc56,U83f2e73db77e21df3d4a15ba902d2339,flex,delivered,2026-03-18 21:49:10,
2613603c-74d6-41e8-acc2-490ca844032f,2026-03-26,msg_00040,U3bae1603803a839c0cb52f511d9cb8f6,Ufeda653db639f9c6dceef15136bf3d86,imagemap,delivered,2026-03-26 19:48:19,
4fb2607d-2a67-4dd3-ba24-012e78d0401d,2025-12-22,msg_00038,Ub0341314a5534ea92b26fa8adc30543f,U02279a6d1297d68526071a839ade8c66,image,delivered,2025-12-22 08:10:17,
30f03d78-b17a-4555-b7da-b057c33ee55b,2025-12-15,msg_00030,U3bae1603803a839c0cb52f511d9cb8f6,U1b588bc1f096324f568ce4866554ed23,video,delivered,2025-12-15 21:35:05,
365eeef9-6837-42bc-9d9c-dfe1f53a7183,2026-03-14,msg_00009,U743849e63f8101ac616f8fd0ba84a167,U066f8c09302a8407c84e180f9702355c,imagemap,delivered,2026-03-14 04:37:55,
81d58a7b-f94a-4890-9a51-5d605bfddb6c,2026-03-20,msg_00092,U743849e63f8101ac616f8fd0ba84a167,Ud3ef0743f37ed3425ab3523645d7b03f,video,delivered,2026-03-20 04:34:12,
849486e6-6236-4fa6-aa08-f619f551f5e0,2026-03-05,msg_00014,U3bae1603803a839c0cb52f511d9cb8f6,U0648074cfa93a783937ee68ea7ce343c,flex,delivered,2026-03-05 08:30:50,
8c0e64ce-81fa-4df3-9f02-0f0052166abc,2026-01-14,msg_00081,Ue7310890b01058478be93761a56d0aa0,Ud21937c8bb53bf93222a355eb1c14385,video,delivered,2026-01-14 14:22:48,
60aafb7f-7365-4634-8815-e18c43cf9103,2026-03-11,msg_00067,U7e808d11d6f9901a954a542a7ee09918,U176c8be1e304d223cf1fa8a5acef9121,video,delivered,2026-03-11 17:19:41,
97b82777-673d-4e55-8215-92e51138314c,2026-02-20,msg_00067,U476acbdef8e9a16d24575e4f6d7b0f31,Ub857ae696adebada8ec5934210a5a72f,flex,,2026-02-20 22:59:29,https://example-saas.jp/survey
6b824e8c-007c-4757-a21f-2dd8ab5093e4,2026-03-16,msg_00002,U3bae1603803a839c0cb52f511d9cb8f6,Uc9e01d18191183462effa87d1df423e8,text,opened,2026-03-16 08:17:33,
98c2c967-c8c0-456b-a57f-585b9195d52b,2026-03-27,msg_00096,U476acbdef8e9a16d24575e4f6d7b0f31,U028a0d7eb9fe8727aaa9a1b965a1e0a4,imagemap,delivered,2026-03-27 01:53:15,
2218f43b-739e-43b7-8038-454a4ac59481,2026-03-05,msg_00014,U3bae1603803a839c0cb52f511d9cb8f6,Ua8c3f47b3f2c63fd2b8fc72c491054a5,flex,delivered,2026-03-05 10:51:07,
1d7c2e3f-eef3-41d8-b63c-ac599d04d1ca,2026-03-12,msg_00084,U68d2301028fb66b51d9111f1af067e34,U2a554ef751763cae0212a4ab643820ed,video,clicked,2026-03-12 09:21:00,https://example-saas.jp/survey
a435a206-1b76-4d80-9535-248f91eab4bf,2025-12-18,msg_00114,Ub0341314a5534ea92b26fa8adc30543f,Ud2fc97ad04bfbdd2ce78b6056884c1ea,flex,delivered,2025-12-18 00:33:13,
7218eb9d-0c88-40ba-a185-1a4701b2d6b1,2026-03-22,msg_00119,U3bae1603803a839c0cb52f511d9cb8f6,U001fdc60f34f26be09282f2d7ccd32de,imagemap,delivered,2026-03-22 16:21:15,
92efbd25-80c3-4aea-92ac-5882987ac35f,2025-12-31,msg_00082,U227d1cd1a801c367de206ec4bbca7330,Ud14b8ef9f3e028064e9587635bec2471,imagemap,delivered,2025-12-31 04:33:27,
a6fd26be-6d9b-4a3f-8522-c65fc816ad78,2025-12-17,msg_00032,U3bae1603803a839c0cb52f511d9cb8f6,U898236cc64dbd67eb63a109920497bcf,video,delivered,2025-12-17 08:11:58,
b15f57dd-86fa-4954-b018-e01d0e967a08,2026-01-18,msg_00102,U227d1cd1a801c367de206ec4bbca7330,Uf639d2390d068bd7d01412b1f3f6291b,video,clicked,2026-01-18 10:09:46,https://example-saas.jp/campaign/spring
2980a286-7f9c-4782-99db-e69bff0b6123,2025-12-24,msg_00091,U3bae1603803a839c0cb52f511d9cb8f6,Udd282b3045b748421e92a2d5eb47e81a,imagemap,delivered,2025-12-24 08:56:39,
fd4e3b6b-414e-4f53-9e00-687b41dc03f2,2025-11-16,msg_00011,U837b70463a585f85743b5bfb3b49c9fd,U39ec77f9ab047fd1d8e2817f3f5fec44,flex,clicked,2025-11-16 14:15:02,
34cc4517-840c-4d3c-b888-b171ed5c325a,2025-11-19,msg_00019,U743849e63f8101ac616f8fd0ba84a167,Uc198fbcdd382bc8128110f19c5e3aee5,flex,opened,2025-11-19 21:18:33,
f94fc289-ab44-427d-a5d8-7d0b3bc30646,2026-03-23,msg_00071,U3bae1603803a839c0cb52f511d9cb8f6,U0c360977554db03f8f070a0caa3ebb56,imagemap,delivered,2026-03-23 20:14:08,
8848c2ad-9981-4f00-bc3b-95843a878743,2025-12-19,msg_00118,U4784fc8a8e1e4eb2435ad84e0ad052f2,U2bfc483f2b7a6b2b674cf63ea917aea3,image,delivered,2025-12-19 04:37:32,
f1f89ac8-1b2b-4d27-a01a-b1722ad379bc,2026-04-08,msg_00078,Ud4a92c8c8050eed40ef171cc2784d638,Ud8d4af204d884d03ba085537132a278e,image,opened,2026-04-08 20:09:14,
fc765ac4-419b-4fe2-b92c-3ce49e66755c,2025-12-23,msg_00109,Ue7310890b01058478be93761a56d0aa0,U66851e9341965310162ef28e0b359faa,text,delivered,2025-12-23 17:33:21,
8ba09b37-d417-4bf9-8d16-42eacd9a81dd,2026-01-13,msg_00060,U3bae1603803a839c0cb52f511d9cb8f6,U414f88ce5c078142e45f5ae6030aee9d,image,delivered,2026-01-13 22:39:55,
4f5711fd-2052-478e-abe3-1d04ed5d229b,2026-01-24,msg_00066,U3bae1603803a839c0cb52f511d9cb8f6,U7ccd67916aa21ea25ba8865e5c118a0d,image,delivered,2026-01-24 14:28:49,
68705d8d-a8ee-491a-9c8b-7c9c8416c853,2026-01-09,msg_00052,U743849e63f8101ac616f8fd0ba84a167,U1806b10ee05d3f81269ec553f49f7e30,video,opened,2026-01-09 17:44:41,
b0830c4f-5080-4779-95f5-d0d34c02cf8d,2026-01-18,msg_00102,U227d1cd1a801c367de206ec4bbca7330,28f2bd213682722b495e11a0dff515cb,video,delivered,2026-01-18 06:46:55,
dba11320-376d-4e2d-a869-7c0a490134bd,2026-01-26,msg_00086,U4784fc8a8e1e4eb2435ad84e0ad052f2,U714ebfc6b18d82aa13e370cd13b26719,text,delivered,2026-01-26 06:30:51,
a1d5bb80-e25c-4839-a65c-433bedb886ce,2026-01-10,msg_00044,U30ad60bba5da9837ca5dd0230ca8f531,Udd9048538efd9a1d39e921018f4597bd,video,opened,2026-01-10 20:05:08,
05ead15f-c02e-4b94-8caf-407a9f084c79,2026-03-13,msg_00001,U4784fc8a8e1e4eb2435ad84e0ad052f2,U24725dbdf19758bc8281a3978e6116e3,image,delivered,2026-03-13 16:53:58,
dfc2ad44-9760-4dff-8481-b66746098997,2026-02-05,msg_00107,U3bae1603803a839c0cb52f511d9cb8f6,Ua3c865f2ead1611c1dab89b243e975e6,text,delivered,2026-02-05 21:04:42,
ff0ea707-de1f-4b3b-8f5f-9260243ae1c2,2025-12-25,msg_00077,U743849e63f8101ac616f8fd0ba84a167,Ubc8fe531fc7d9812bafeed8c3b8bd42a,text,opened,2025-12-25 01:59:25,
f363edf3-230d-43fd-8684-02e92ee8a96a,2026-03-23,msg_00071,U3bae1603803a839c0cb52f511d9cb8f6,U00b318be1c091af98632f11f4553a764,imagemap,opened,2026-03-23 17:47:02,
e5d77613-3678-4844-89fc-03737de00dd6,2026-02-09,msg_00083,U3bae1603803a839c0cb52f511d9cb8f6,U0be12b4bad5720e33b1a60e80962c44e,flex,delivered,2026-02-09 22:01:41,
48862f48-3b5b-4ece-ade5-a7410122ea85,2026-02-20,msg_00095,Ub0341314a5534ea92b26fa8adc30543f,U455a47fb3d1c9f9d807b419cee50480d,text,opened,2026-02-20 17:26:36,
413d8f7d-48d7-4408-8332-7e4407ee2fb6,2025-12-23,msg_00061,Ub0341314a5534ea92b26fa8adc30543f,U4a5b3306d37f85350bfc29ed6b5ee2ac,imagemap,delivered,2025-12-23 07:38:10,
714e0686-5e6f-4269-b7a6-2cc09a4d0546,2025-12-19,msg_00064,Ub0341314a5534ea92b26fa8adc30543f,U7f44a90b8cb025fc64b97c8c3c15ffed,image,delivered,2025-12-19 06:09:37,
db8d3fb0-38d0-410f-9e8a-0e11a0051e8c,2025-12-17,msg_00032,U3bae1603803a839c0cb52f511d9cb8f6,Ud0c9c70f87f8b77c9df74ed7c5cf526d,video,opened,2025-12-17 18:01:42,
28bab84b-c982-4f34-8a6b-26e7dedc7561,2026-02-15,msg_00087,U3bae1603803a839c0cb52f511d9cb8f6,U841bc93b923a027e744ac7cac483614f,imagemap,delivered,2026-02-15 19:47:13,
c292bd08-83fd-4311-b5c9-cf515075cac7,2025-12-12,msg_00004,Ub0341314a5534ea92b26fa8adc30543f,Ud419a0380860beda747c9f2efe29060c,video,delivered,2025-12-12 22:45:45,
8956078a-f9c1-45da-9410-2930fb61d928,2026-02-20,msg_00036,U879eb903ad90cd9c2874f6df7651267a,U9a67d07b1f004b3b7c87850c7bcaf65f,video,opened,2026-02-20 15:35:11,
35181236-b705-4270-8b3d-92cc4c550a49,2026-03-22,msg_00119,U3bae1603803a839c0cb52f511d9cb8f6,U51e3b297ef7c0f02da62eb08d90cbfee,imagemap,clicked,2026-03-22 04:09:11,https://example-saas.jp/campaign/spring
ff433548-1e3c-42c2-830b-66fd3faff9a3,2026-03-06,msg_00055,U3bae1603803a839c0cb52f511d9cb8f6,Uf0c5dd5923fd7bf6241bdf9d4ed95d1b,flex,delivered,2026-03-06 09:02:43,
07f0946f-98ad-431f-a333-8bde790df079,2026-01-01,msg_00027,U4784fc8a8e1e4eb2435ad84e0ad052f2,b6525442d4febab47664fb671dd6b245,image,delivered,2026-01-01 00:02:07,
bb7ff320-49ce-4057-aace-7bdd72c82f73,2026-02-20,msg_00036,U879eb903ad90cd9c2874f6df7651267a,111837391fbd90707c75388637096164,video,opened,2026-02-20 09:11:31,
5957c7de-8107-4c93-aaad-272ac149e6c9,2025-12-15,msg_00030,U3bae1603803a839c0cb52f511d9cb8f6,U6d1030649de5151ea3c5a0d407c8dfa0,video,opened,2025-12-15 20:49:34,
2d3ba117-c39f-4510-a831-43c60c73c350,2026-01-24,msg_00007,Ub0341314a5534ea92b26fa8adc30543f,178c048d75a44cddacdbd6a963b31ebe,imagemap,opened,2026-01-24 15:42:59,
8e761065-1b2c-4b4a-87c4-2f20185ae853,2026-03-21,msg_00023,U743849e63f8101ac616f8fd0ba84a167,U93695d71bc04e826aa530ad3bd71d263,imagemap,opened,2026-03-21 11:00:47,
752d9bb6-63c7-4dbb-96b7-a2ad26b7d975,2026-02-14,msg_00065,U743849e63f8101ac616f8fd0ba84a167,U4557c09964f0585bde12b667abf8ac52,image,delivered,2026-02-14 10:53:04,
9f31cf5b-239a-45ba-a68a-e8916a4ebe19,2025-12-09,msg_00059,U3bae1603803a839c0cb52f511d9cb8f6,Ufa059eb76c86e9ce7faf90ac5b05a140,imagemap,delivered,2025-12-09 22:23:31,
5dc28569-19cd-45cc-8e26-7a80efcdd5df,2026-04-05,msg_00054,U3bae1603803a839c0cb52f511d9cb8f6,U6ea23fe5b75b3f39ec74916300442c32,image,delivered,2026-04-05 18:19:40,
3b7d81c3-eb97-47dc-9404-f434e1db0e46,2026-01-24,msg_00066,U3bae1603803a839c0cb52f511d9cb8f6,U04cf686cfe7182ee45bcbebcdd419afb,image,delivered,2026-01-24 14:58:13,
c62cf379-898c-41db-92ae-e057b6fb7f9f,2026-01-31,msg_00035,U7e808d11d6f9901a954a542a7ee09918,Ua2823c8ac9e04ac915f515dba815d446,text,clicked,2026-01-31 04:45:32,https://example-saas.jp/lp/newmenu
13d595f9-2c0c-474d-99ab-bc00546589bc,2026-01-30,msg_00050,U3e5dd3a641c58ad50e49f095c6f1e306,U8c38c749571a5eb08e70083d5ee92089,image,delivered,2026-01-30 14:24:03,
c2cc9e6c-82ff-4196-a212-538173d4df1e,2026-03-21,msg_00023,U743849e63f8101ac616f8fd0ba84a167,Uecdd1e7dd1dd9ed77675118562f6d5fb,imagemap,delivered,2026-03-21 04:51:52,
8e1a15d3-c3d1-400c-9e22-9d9ba3ac9ee5,2026-02-15,msg_00089,U3bae1603803a839c0cb52f511d9cb8f6,U9a52b92e6dab3ae2378b601a26ea1025,text,delivered,2026-02-15 17:48:27,
6824627e-e993-48d0-b108-a2b4ece60cbc,2026-01-26,msg_00115,U3bae1603803a839c0cb52f511d9cb8f6,U0f40d29890295525681ddac1dfee1075,imagemap,opened,2026-01-26 09:09:37,
c8bfcb3a-7ac6-4f6f-9992-03b2b6ab5783,2026-04-10,msg_00101,U743849e63f8101ac616f8fd0ba84a167,U976602518df02746d99c4f0b39f3ee23,imagemap,delivered,2026-04-10 23:36:11,
43563ca7-dc8c-4cea-8cd4-29224a458e79,2025-12-21,msg_00022,U3bae1603803a839c0cb52f511d9cb8f6,U6b7575794d5a8bff9885c8de37de6b0b,video,opened,2025-12-21 05:43:41,
f97e8ae9-d5f1-4d41-91e5-6d9f05a56110,2026-02-28,msg_00117,U743849e63f8101ac616f8fd0ba84a167,Uc73e7bc9d099a752bd8e7e0cf48404ad,video,delivered,2026-02-28 17:37:54,
e10dd979-0418-4219-b52b-45efccc290b1,2026-02-08,msg_00051,U3bae1603803a839c0cb52f511d9cb8f6,Udb3ce76f804f2aef030be087b27849da,image,delivered,2026-02-08 01:52:26,
ba34644f-d1c5-4ac3-bf3d-964f2ae38d56,2025-12-19,msg_00118,U4784fc8a8e1e4eb2435ad84e0ad052f2,U959c80eb3383bc725f53c15e4e0b463b,image,delivered,2025-12-19 16:02:19,
6bf04300-224d-4093-a691-874e2c9cd963,2025-12-18,msg_00114,Ub0341314a5534ea92b26fa8adc30543f,U375f9b9064758a138bfe5dafaaa453ba,flex,delivered,2025-12-18 05:18:14,
28af843e-38b2-4325-82f3-b62237779dd7,2026-01-24,msg_00066,U3bae1603803a839c0cb52f511d9cb8f6,Ud2e32103a00594e139508e933007fb14,image,opened,2026-01-24 03:16:26,
f6d94987-8a4f-4939-8ac1-a801ce57bf10,2026-01-30,msg_00050,U3e5dd3a641c58ad50e49f095c6f1e306,U741713d55118a2b1b5f67712d7c7bc5d,image,delivered,2026-01-30 15:34:10,
25f6db59-ffe6-4b0d-baf9-3b61302f52b2,2026-04-10,msg_00101,U743849e63f8101ac616f8fd0ba84a167,U64f5148ffea0a9032e695fb704a2a260,imagemap,delivered,2026-04-10 06:40:01,
d022d07d-7c7f-46a7-820d-3f44083dfa85,2026-03-20,msg_00092,U743849e63f8101ac616f8fd0ba84a167,Ub3bc9d7bac2afccf643855e4a774392e,video,delivered,2026-03-20 20:25:21,
ffcf2534-5135-45dc-9118-522c15e4d899,2026-01-13,msg_00060,U3bae1603803a839c0cb52f511d9cb8f6,U309a17479d0b0ca8136a79b491ba3df9,image,opened,2026-01-13 08:16:25,
f8f2dd00-4b34-4772-812d-59a03198df4c,2025-12-07,msg_00003,U227d1cd1a801c367de206ec4bbca7330,Ud1938b89dad0094e26cd2ae0866cf6ce,image,delivered,2025-12-07 23:02:57,
ba853f1d-a647-4e79-ad28-e582ea3184f3,2026-02-14,msg_00042,U3bae1603803a839c0cb52f511d9cb8f6,U99cde17cca84f2f69b39c8aea565f0bc,video,opened,2026-02-14 07:20:08,
3eda6ea3-45e9-483a-8312-a28330d63767,2026-02-20,msg_00036,U879eb903ad90cd9c2874f6df7651267a,U653e88ad4276b36c0c4527a5e835bc15,video,delivered,2026-02-20 01:59:09,
549b478b-d44a-441e-aa9d-d8cb8bd9b19b,2025-12-09,msg_00094,U227d1cd1a801c367de206ec4bbca7330,de30a8d4b2161304651f242381bc1f74,flex,delivered,2025-12-09 23:03:38,
5e2552f6-f6c5-4351-b219-4affa160bff4,2026-01-17,msg_00037,U7e808d11d6f9901a954a542a7ee09918,ef708438f507e08fdd07a0e7fa1d8748,text,delivered,2026-01-17 16:58:40,
4a8035a4-da17-459d-973f-4092ffb73eb3,2026-01-20,msg_00108,Ub0341314a5534ea92b26fa8adc30543f,U19dffab34d2d14e619df8e510e4136c6,flex,opened,2026-01-20 14:03:48,
7b419461-5560-4663-bb5f-8b9661bbd906,2025-11-22,msg_00047,Ue7310890b01058478be93761a56d0aa0,U606a0ad9f2cbe432aafab9125bf80798,video,delivered,2025-11-22 23:32:41,
cda7621b-713a-45cd-85bf-c385c55fdf04,2026-03-30,msg_00076,U743849e63f8101ac616f8fd0ba84a167,Ua5b8a01b81b8c547eea3d973b7ce1c7e,image,delivered,2026-03-30 08:47:09,
b15f2707-bb68-45de-af6b-9eb5a0a46b3c,2026-04-04,msg_00049,U476acbdef8e9a16d24575e4f6d7b0f31,U08c1e26cc5b7586b4218a42412671fd3,text,delivered,2026-04-04 01:26:58,
e9fb996c-3b5a-40ae-8b80-c74ea30b5251,2025-12-31,msg_00082,U227d1cd1a801c367de206ec4bbca7330,083f5db8848256e294d1377aa29cfbab,imagemap,delivered,2025-12-31 21:22:44,
fea67eec-13e1-44b7-b48e-d19fce493969,2026-02-07,msg_00090,U4784fc8a8e1e4eb2435ad84e0ad052f2,Uae59155f1a491bac4c55c8c747770e75,imagemap,delivered,2026-02-07 00:17:23,
7b8cbe6f-203e-40b3-b0fc-f73d0a2149f2,2026-03-05,msg_00014,U3bae1603803a839c0cb52f511d9cb8f6,U1308c3c844202c75ed15ba64e394c770,flex,opened,2026-03-05 17:11:21,
67c1fcab-c5d6-437c-9e9a-0ae70944a2e9,2026-01-26,msg_00103,U3bae1603803a839c0cb52f511d9cb8f6,U45ca52851009f7d3c2925e3ae8d125c5,flex,opened,2026-01-26 05:29:30,
fea6f889-6b3f-49fc-a340-f4511292586f,2026-03-30,msg_00076,U743849e63f8101ac616f8fd0ba84a167,U5ae9247aebace49b628520e9c5fadd36,image,delivered,2026-03-30 13:50:19,
1a04a178-d635-4416-9338-a258c79c52a6,2025-12-25,msg_00045,Ue7310890b01058478be93761a56d0aa0,U86f5eea2a04935e38a8b7a4e779c9eba,video,opened,2025-12-25 04:35:31,
672bad85-8361-4478-82dd-55ad51617af9,2025-12-12,msg_00029,U743849e63f8101ac616f8fd0ba84a167,U49a003e9eadb9ed873d4c99acd0aaf2c,imagemap,delivered,2025-12-12 17:18:27,
306357f9-20f7-4141-a56e-e82a9b027be2,2026-02-14,msg_00098,U743849e63f8101ac616f8fd0ba84a167,6d094d5491046d514fb319177a4dcd5b,imagemap,delivered,2026-02-14 04:10:52,
f12dc685-eee2-4610-953b-d5b02e9139a9,2026-02-20,msg_00017,U22a93bc29b1df104af6b1ba1cd91fc56,cb5a5dae056269b07753396c3f034928,video,delivered,2026-02-20 10:44:40,
bee64054-f69b-43de-b691-db1d813f2b81,2026-03-06,msg_00055,U3bae1603803a839c0cb52f511d9cb8f6,U009e285116b578da6f3d46d9fa1d6391,flex,delivered,2026-03-06 17:39:48,
24b1951f-1a28-4c3e-ba9a-09edc6989342,2026-01-13,msg_00060,U3bae1603803a839c0cb52f511d9cb8f6,Uf0d25ca65b2aae5b2654516ac6c15852,image,opened,2026-01-13 02:19:35,
eea0796e-ae9c-411e-a6c8-0c5f886b4ddd,2025-11-27,msg_00018,U3e5dd3a641c58ad50e49f095c6f1e306,U5b3c1cbddc787b136182e89386aeb228,imagemap,delivered,2025-11-27 00:01:32,
c3bb43e3-459c-443d-a79c-a328739a6b9e,2026-01-26,msg_00086,U4784fc8a8e1e4eb2435ad84e0ad052f2,U443ee0fc243d3523ba23c330214b35fc,text,delivered,2026-01-26 19:00:24,
9cfe8825-790b-4ca3-9daa-4435b4c1916f,2025-12-21,msg_00022,U3bae1603803a839c0cb52f511d9cb8f6,U13adff829c6f4cd68c3589f353413fa4,video,delivered,2025-12-21 11:16:31,
bbd08c0e-ef16-49f2-9ca5-b5c74e754b77,2026-04-06,msg_00074,U3bae1603803a839c0cb52f511d9cb8f6,Ud7c4675f77e43e1398b2d808f9c165b8,text,delivered,2026-04-06 18:40:19,
8112da6e-7819-49b2-a1fd-12085176fabc,2026-01-18,msg_00102,U227d1cd1a801c367de206ec4bbca7330,U67f3d9fb1775e591a982fd190d7df038,video,opened,2026-01-18 18:18:11,
79803376-7d55-41d0-87e2-55a822642e1f,2025-12-02,msg_00088,U3bae1603803a839c0cb52f511d9cb8f6,Uf662acc3fd9842104db69734515b12fa,image,opened,2025-12-02 17:42:36,
ad0708a9-9ea6-42c8-8212-3d1d116e711f,2026-01-24,msg_00066,U3bae1603803a839c0cb52f511d9cb8f6,d8dc2d3a6611d839f189fd80ddd839a5,image,blocked,2026-01-25 11:22:53,
d5e80d4e-d7c0-45d9-a85d-85559973c11e,2026-01-26,msg_00063,Ub0341314a5534ea92b26fa8adc30543f,Ub13406b9fdc8ef837b8cd16e553c87b6,imagemap,delivered,2026-01-26 18:44:01,
69811496-330c-45e7-9d70-0318610be111,2026-01-20,msg_00108,Ub0341314a5534ea92b26fa8adc30543f,U6eb676ebc56d5d89b0b244964258de75,flex,delivered,2026-01-20 05:04:39,
91cd6327-f5c4-4040-85f7-5fa9240ba893,2025-12-03,msg_00012,U743849e63f8101ac616f8fd0ba84a167,U5499c39234f74f94fbc0333dd7071ecc,imagemap,delivered,2025-12-03 14:14:05,
aa458b46-7d68-412d-8668-0d1986b1a4f8,2026-02-05,msg_00107,U3bae1603803a839c0cb52f511d9cb8f6,U25bb21011b8abfa96e0ec0c291a64187,text,delivered,2026-02-05 21:52:52,
f07d8d7c-6f48-4b17-b8f6-9bf30b2e55a2,2025-12-23,msg_00061,Ub0341314a5534ea92b26fa8adc30543f,U22531594d3e0808b841bf1fd9ddcbf56,imagemap,delivered,2025-12-23 02:26:57,
cd2dc47b-9880-49ed-bb0d-f6044f36a480,2026-03-11,msg_00067,U7e808d11d6f9901a954a542a7ee09918,U7c2d40e9c1cc2fcc841f7c406b437bcf,video,delivered,2026-03-11 16:51:49,
11dd72f1-a68c-4b52-84a5-4e6e387e520b,2026-02-16,msg_00021,U743849e63f8101ac616f8fd0ba84a167,Ubff2ccdb1b6db97a24d08000097a0b93,flex,delivered,2026-02-16 19:15:28,
49736eef-af6d-436d-9bb9-f9a68ad5bb79,2026-03-13,msg_00001,U4784fc8a8e1e4eb2435ad84e0ad052f2,U222e657492b850378dbf72e51fe20e6a,image,opened,2026-03-13 11:39:21,
fe97d60b-5dfb-45ab-b4bf-c6ec628450bf,2026-01-24,msg_00007,Ub0341314a5534ea92b26fa8adc30543f,U66eafc34a521eee1894eb887b47a6b79,imagemap,opened,2026-01-24 11:41:41,
82505605-7a35-489f-8cf8-60120b10f626,2025-12-18,msg_00070,Ue9a1e8a5b83a6b296d43c957a8cfba4a,U7d3e25482bdf553e1ec9dc4e4689ac6e,imagemap,clicked,2025-12-18 18:03:22,https://example-saas.jp/campaign/spring
37bfd03b-45ae-4aad-a99b-8931572ee353,2026-04-12,msg_00120,U227d1cd1a801c367de206ec4bbca7330,U5a7f3fdc9756abf1d0bc3187f6f9d302,text,opened,2026-04-12 14:21:06,
609d9214-f869-4860-8cbf-11c2d6a0c933,2026-04-10,msg_00101,U743849e63f8101ac616f8fd0ba84a167,U10813376bf0a3d30452ba1bd7206820b,imagemap,opened,2026-04-10 11:20:38,
bf8b66bd-c888-4fe7-ad88-9e9f89f248c5,2026-03-05,msg_00014,U3bae1603803a839c0cb52f511d9cb8f6,Ucc626e285833a614300325c3abec7b38,flex,clicked,2026-03-05 07:11:11,
f9668205-21fe-4197-a422-28a4392f1097,2026-02-14,msg_00065,U743849e63f8101ac616f8fd0ba84a167,U3fc83938703002809cb6daa61eb2c568,image,clicked,2026-02-15 00:04:43,https://example-saas.jp/survey
55ce0a37-ed5d-4410-85e8-13174d3f54b0,2026-01-24,msg_00066,U3bae1603803a839c0cb52f511d9cb8f6,Ud7ce685a3aff2b33c27a576fd664103c,image,delivered,2026-01-24 08:41:58,
ee9b0c4f-3e51-4c4d-b437-8dc411dc8015,2026-02-14,msg_00098,U743849e63f8101ac616f8fd0ba84a167,Ua3f59568a475ab101730810958a4d226,imagemap,delivered,2026-02-14 02:35:50,
df9369b2-0a83-4632-b038-999e9b3b9c68,2026-02-20,msg_00048,Ue7310890b01058478be93761a56d0aa0,U31775246e14fdf7ad7e7021f90866a82,flex,clicked,2026-02-20 19:10:32,https://example-saas.jp/lp/newmenu
9d11ce77-21d3-48cd-ae20-8c1825cb3b1d,2025-12-18,msg_00114,Ub0341314a5534ea92b26fa8adc30543f,U7134cfd27e01c862f1f2400200bd148c,flex,delivered,2025-12-18 04:24:38,
8cbb05d7-d590-4063-b955-39418d336a8e,2025-11-27,msg_00018,U3e5dd3a641c58ad50e49f095c6f1e306,Udc1d6448a474a837ea3de024fafabc88,imagemap,delivered,2025-11-27 06:08:14,
6516345d-9566-4af5-959d-1e68b21d0047,2026-03-21,msg_00023,U743849e63f8101ac616f8fd0ba84a167,U59fecb4b30f51c2af13fb353e52d0f69,imagemap,opened,2026-03-21 14:09:03,
2566b042-9cb4-4443-8170-b6de0468bbe3,2026-03-26,msg_00040,U3bae1603803a839c0cb52f511d9cb8f6,U9f4f035fa2d10cb550ddc026389d2399,imagemap,opened,2026-03-26 17:09:05,
f6d497e5-7914-4ea8-bc1b-11cdc1da966f,2026-04-04,msg_00100,U743849e63f8101ac616f8fd0ba84a167,U77781384ad54cc9035a0bfce0aab9858,image,clicked,2026-04-04 10:06:55,https://example-saas.jp/campaign/spring
ae1fa7e0-397e-4547-9f8b-27fa0bb417aa,2026-03-06,msg_00055,U3bae1603803a839c0cb52f511d9cb8f6,U41cdf0e6c0c45afc165719a01f9e9d22,flex,clicked,2026-03-06 22:45:49,https://example-saas.jp/survey
1320f8d8-fbbe-4077-8f7b-1b65887a491b,2026-02-01,msg_00075,Ub0341314a5534ea92b26fa8adc30543f,Ua214628711c4dcec9dcdbbfa16822620,imagemap,delivered,2026-02-01 18:05:33,
98890750-9a70-45bf-a6c5-c5be83ee6f7a,2026-01-01,msg_00027,U4784fc8a8e1e4eb2435ad84e0ad052f2,U97574a53815c2caecfbb7f0a44a2c694,image,delivered,2026-01-01 22:56:10,
e0ca9be5-0d2d-4b50-bfb0-7250a368108c,2026-02-10,msg_00058,Ue9a1e8a5b83a6b296d43c957a8cfba4a,U16ff2dcdd40a1e6e05a724cd82c73e0b,video,delivered,2026-02-10 02:43:36,
324d206f-6feb-444f-b1b4-e90a55c07b1e,2026-02-15,msg_00006,U743849e63f8101ac616f8fd0ba84a167,U7ee9a841c5399446624697bd3d66f40f,flex,delivered,2026-02-15 17:37:31,
1e3a7ece-2ab6-4903-aeac-ab89470d8e97,2025-12-12,msg_00004,Ub0341314a5534ea92b26fa8adc30543f,Ubf3ea333b04c06c466e1b3dce320431d,video,delivered,2025-12-12 20:39:14,
f751f529-7dad-4e1c-9ed2-790360fe1bf4,2026-01-18,msg_00102,U227d1cd1a801c367de206ec4bbca7330,U97477a46a0dbe02b7382e15f25252132,video,delivered,2026-01-18 01:40:37,
af350103-33c3-43b7-834b-6524083ed937,2025-12-07,msg_00003,U227d1cd1a801c367de206ec4bbca7330,U0567af7f94da322053f23446368b5c56,image,delivered,2025-12-07 14:11:50,
b0022bf6-6ac5-4ef1-85f3-62308f74beb1,2026-01-09,msg_00052,U743849e63f8101ac616f8fd0ba84a167,U0ad67bb39c733f9b2c7444d26d7904c9,video,delivered,2026-01-09 22:38:18,
f38bca8e-ad82-4561-b804-706623899254,2025-11-22,msg_00047,Ue7310890b01058478be93761a56d0aa0,Uee5ed3f78efb6dc6c8e34660bd58d188,video,delivered,2025-11-22 04:27:28,
56c33a91-080b-4936-a6ba-14ea2199395d,2025-11-19,msg_00019,U743849e63f8101ac616f8fd0ba84a167,U8d6109490397572d4fc707e4675c2643,flex,opened,2025-11-19 04:03:30,
24520904-cb2c-4f79-9cd7-ec8d59a2a539,2025-12-23,msg_00109,Ue7310890b01058478be93761a56d0aa0,U012a758543f0d928f09eb17ee4979626,text,delivered,2025-12-23 10:16:12,
35cddc01-c4a3-42a1-89ec-4b69dbceb645,2026-02-14,msg_00065,U743849e63f8101ac616f8fd0ba84a167,U3da7c813ab693b8872daeca498a5d5be,image,delivered,2026-02-14 20:02:52,
5c5cff91-26ff-4b24-8a36-9e5f12c2c5ce,2026-03-16,msg_00002,U3bae1603803a839c0cb52f511d9cb8f6,Ub587ed515bf876c1cf8d2987d2e93263,text,delivered,2026-03-16 16:13:30,
2eec9db9-d0d7-4786-820d-844e5e6bb265,2025-12-15,msg_00030,U3bae1603803a839c0cb52f511d9cb8f6,Ub82deefdba78b479e41e67ba4e0df21c,video,opened,2025-12-15 18:18:06,
4f525038-b60b-44ef-bbae-e58d903047b5,2026-01-24,msg_00066,U3bae1603803a839c0cb52f511d9cb8f6,53c8e32f3918bb582f3f33860a025da7,image,delivered,2026-01-24 23:46:57,
c67d3610-8891-45da-bf0d-4d43be4eb732,2026-04-12,msg_00120,U227d1cd1a801c367de206ec4bbca7330,U9ee512a7579cde6d7031f13593bad36a,text,opened,2026-04-12 11:16:50,
d99ee22d-40a0-4c85-9e9d-72e01d93e3a6,2026-03-06,msg_00068,Ub0341314a5534ea92b26fa8adc30543f,Ua414de53cc7ceb818e82636bbfbc2da6,video,delivered,2026-03-06 10:30:25,
e97a84ae-ce87-4c8d-8c8e-511770d7d080,2026-02-14,msg_00065,U743849e63f8101ac616f8fd0ba84a167,U3da7c813ab693b8872daeca498a5d5be,image,clicked,2026-02-14 21:45:21,
f5b2c90c-7a33-49ef-a105-e64b20b4ef2b,2026-01-26,msg_00005,Ub0341314a5534ea92b26fa8adc30543f,U7990247ea38ea9159a58caa41ac2c7dc,image,opened,2026-01-26 19:42:26,
1812c105-9d4e-4b51-ab34-6eeb12a85f90,2026-04-04,msg_00100,U743849e63f8101ac616f8fd0ba84a167,U0f4694192cb91358a0f0a30bb85da7ca,image,clicked,2026-04-04 07:31:40,https://example-saas.jp/coupon/500off
53105209-78bf-4c5e-9224-b8b240e9bc73,2026-03-14,msg_00009,U743849e63f8101ac616f8fd0ba84a167,U2f5efdd78f335a3da04837985ab7fb30,imagemap,delivered,2026-03-14 13:45:28,
e14a80dc-9165-4382-8f80-e0b44ebfd32c,2026-03-18,msg_00080,U22a93bc29b1df104af6b1ba1cd91fc56,c53ae90492542ff8fcda6cced3915c75,flex,delivered,2026-03-18 02:01:36,
01904512-afb7-44eb-b895-cd7a2713935a,2025-12-23,msg_00109,Ue7310890b01058478be93761a56d0aa0,Ub270f792bb3f6991879e6ba336918a42,text,opened,2025-12-23 18:33:30,
c5e679aa-e5cb-4f4e-bf1b-6d7d663e68ae,2026-01-18,msg_00102,U227d1cd1a801c367de206ec4bbca7330,U05eab922160bfc26c2e6e68e71df535e,video,delivered,2026-01-18 04:05:23,
be364770-53c9-49ac-9dbc-62d2c58a5d30,2025-12-23,msg_00109,Ue7310890b01058478be93761a56d0aa0,U1206c9a97b4fb3935d90af8cb62ca282,text,delivered,2025-12-23 13:19:50,
87c0262f-0530-40b8-bc37-5ec45ce75fd1,2026-02-14,msg_00042,U3bae1603803a839c0cb52f511d9cb8f6,U67965817587394dce6b3ef9510ca4da0,video,opened,2026-02-14 04:09:08,
b453f1bd-fc03-46f4-8c09-c4f0702dadb4,2025-12-24,msg_00062,Ub0341314a5534ea92b26fa8adc30543f,Ud78eb3dddf8671cf94df2feaf940bd5a,video,delivered,2025-12-24 23:21:33,
ef8519b4-931b-4318-b7ef-db22b2f00732,2026-01-13,msg_00060,U3bae1603803a839c0cb52f511d9cb8f6,Ud5c87eeb03f6cb6bc0a3a56657989572,image,delivered,2026-01-13 07:00:47,
368edf22-1f78-41dc-a636-2b4555b6f09c,2025-11-27,msg_00018,U3e5dd3a641c58ad50e49f095c6f1e306,Ua95d291b0b3e51dbd790388dd77b6632,imagemap,delivered,2025-11-27 06:52:06,
85129e21-2446-4c75-80a0-17526ed5c385,2026-03-08,msg_00112,U3bae1603803a839c0cb52f511d9cb8f6,U4a91cea4c847b39f33f100e661cbbb66,image,delivered,2026-03-08 05:14:37,
89905b3d-9ce0-4ff2-b0c9-5f8ca579d4cb,2026-03-20,msg_00106,U3bae1603803a839c0cb52f511d9cb8f6,U257027829449047abeda73d4ac0448a5,video,delivered,2026-03-20 07:35:12,
b5eb9b0f-6106-4694-abb4-6b1ea7f450ce,2026-03-22,msg_00119,U3bae1603803a839c0cb52f511d9cb8f6,Uc87191a7a11d786d1eca96f00775b922,imagemap,delivered,2026-03-22 14:52:10,
a189105c-8a3d-46e7-9986-d25b03471484,2026-01-20,msg_00108,Ub0341314a5534ea92b26fa8adc30543f,U82bf4342b88a8631e0817d08e5d918b6,flex,delivered,2026-01-20 11:56:23,
c07cd097-c9b4-4054-b62f-90eb4ce8bd5d,2026-03-05,msg_00014,U3bae1603803a839c0cb52f511d9cb8f6,d74f97eb2a5908359e47b2aac3a70de4,flex,delivered,2026-03-05 04:58:58,
3221b1ef-0435-4109-a21c-5324ee28d18b,2025-12-03,msg_00012,U743849e63f8101ac616f8fd0ba84a167,ce628a2780a3fcecb7b2206e2dde5a70,imagemap,delivered,2025-12-03 13:28:47,
05aa56c3-0048-4ece-b6d6-19d345f32b5e,2026-02-01,msg_00075,Ub0341314a5534ea92b26fa8adc30543f,Ueefbfa5bf90f8820fe9348eba918c1c0,imagemap,delivered,2026-02-01 01:37:43,
ca63a32a-682e-48c0-ab12-2d9dcdd30726,2025-12-03,msg_00012,U743849e63f8101ac616f8fd0ba84a167,Uc0e26048207680570ee02d6f7774a5e9,imagemap,delivered,2025-12-03 08:07:15,
f00793f4-55a9-4e9c-94c3-fe30253fdd38,2025-11-25,msg_00043,U3e5dd3a641c58ad50e49f095c6f1e306,U32b843112f7bdf263da7990b56194aeb,flex,delivered,2025-11-25 23:36:26,
80dbda56-326e-40cb-90e3-082c69a076d3,2026-02-20,msg_00036,U879eb903ad90cd9c2874f6df7651267a,4ae3764ec5d59fe3ac51399ef6376258,video,opened,2026-02-20 20:21:14,
4bc500c7-39d1-49ae-a341-a230835a25f1,2025-12-03,msg_00012,U743849e63f8101ac616f8fd0ba84a167,U5e984e7a5665f19ae8b5282ac5570365,imagemap,delivered,2025-12-03 16:41:12,
08a49bc5-a5fe-4db3-b31e-5f52df2e7888,2026-01-26,msg_00005,Ub0341314a5534ea92b26fa8adc30543f,U198bda3c46b78f856258c343e86ef88b,image,delivered,2026-01-26 15:33:43,
ac954512-e699-4280-8acc-cebf02504be1,2026-04-08,msg_00078,Ud4a92c8c8050eed40ef171cc2784d638,U69cabe848fe936b28d855c760168b431,image,opened,2026-04-08 18:36:40,
8427f3a0-c43b-40b3-bfb6-0e56280b1db7,2025-12-18,msg_00114,Ub0341314a5534ea92b26fa8adc30543f,U038f710796a9e3f0adeb799efb8d7675,flex,delivered,2025-12-18 07:30:33,
4c97f93f-7132-4cbc-b6bb-20029f9bae2a,2025-11-17,msg_00034,U743849e63f8101ac616f8fd0ba84a167,4515d8c2e38d69b8a6b0d71f362a7053,text,delivered,2025-11-17 08:35:01,
6b3fb9a6-7c4f-4883-a2b0-a6e2d884c6a5,2026-03-23,msg_00073,Ud4a92c8c8050eed40ef171cc2784d638,U2d118c2cdc3d8f331c276391f9a1c486,imagemap,delivered,2026-03-23 01:39:43,
2f1fe12c-4d49-45b4-adad-644ac90ef01e,2026-02-05,msg_00107,U3bae1603803a839c0cb52f511d9cb8f6,U267670e91bbdbfa5fa492e45b96181d8,text,opened,2026-02-05 08:52:15,
cacf11fe-aa2f-4361-a227-32471fb01305,2026-04-12,msg_00105,Ud4a92c8c8050eed40ef171cc2784d638,U69640771a220eb5e4bbdf7dc84b56c22,flex,delivered,2026-04-12 01:31:12,
8a45d42f-0a40-42b2-81a9-7e70a34d0907,2026-04-01,msg_00072,U4784fc8a8e1e4eb2435ad84e0ad052f2,U9d15e77f402ebdbacedd865504ed1b33,image,delivered,2026-04-01 00:03:26,
7b92b76d-9665-453b-ba71-8cb7d9e07da8,2026-01-26,msg_00086,U4784fc8a8e1e4eb2435ad84e0ad052f2,U5cc9af78993ed975afd204a0ecc5489e,text,delivered,2026-01-23 13:37:02,
3e368581-86f1-48f7-b3a8-ab17dd9f0d06,2025-11-30,msg_00025,Ub0341314a5534ea92b26fa8adc30543f,U6d0aa12b7c60c9c2ac82770e69f48e62,imagemap,delivered,2025-11-30 03:37:11,
41313d44-699a-4f4c-bd4e-541ad3429c02,2025-12-14,msg_00085,U743849e63f8101ac616f8fd0ba84a167,aba1c61f8778e2f04bf263fd50dd5773,image,opened,2025-12-14 07:24:23,
e0da672d-c74e-4a22-8924-435307aa5eef,2025-11-16,msg_00011,U837b70463a585f85743b5bfb3b49c9fd,Uc8a20482e8bafdd90474bf0e7bc6173d,flex,delivered,2025-11-16 10:30:01,
7693daa6-d763-46df-bf5a-0b9d6bcacec3,2025-12-25,msg_00077,U743849e63f8101ac616f8fd0ba84a167,Ue5fa051afa27cef98bcfbbfa9c588773,text,opened,2025-12-23 14:42:46,
35119e5a-51be-405f-b769-392419e22c7d,2026-02-20,msg_00036,U879eb903ad90cd9c2874f6df7651267a,U8f160cc1e82bd9f1783d3833ae1cf09c,video,delivered,2026-02-20 00:42:41,
977f6c88-ece1-4781-a440-b3553a25f42e,2025-11-30,msg_00025,Ub0341314a5534ea92b26fa8adc30543f,Uef6a2ddbb5f910fa87c6897726f485bc,imagemap,delivered,2025-11-30 21:05:09,
c4a16983-5dff-450d-a41e-3c3d1ab9537b,2026-01-07,msg_00110,Ub0341314a5534ea92b26fa8adc30543f,U91cafcbc315893fa1ab3050d8e435f76,video,delivered,2026-01-07 05:20:32,
71696dc5-88a2-4259-9f9c-0de5d1797b37,2026-03-25,msg_00079,U743849e63f8101ac616f8fd0ba84a167,U0ff5f32bce8217cfc3878a40aef1b1b0,text,delivered,2026-03-25 18:56:55,
9174c876-7d73-4b0e-9c36-c17215fd90b5,2026-02-20,msg_00017,U22a93bc29b1df104af6b1ba1cd91fc56,Uc19a039bcf77520c1e8a60d4ca0c5286,video,delivered,2026-02-20 21:19:43,
20b3ca79-7bb7-4683-a010-70c949b98719,2026-03-27,msg_00096,U476acbdef8e9a16d24575e4f6d7b0f31,Ucb53271da782aaddfe4df8d23cdc3150,imagemap,opened,2026-03-28 01:30:07,
8972a02f-0fab-494b-b807-41c046a7c937,2025-12-18,msg_00070,Ue9a1e8a5b83a6b296d43c957a8cfba4a,U6ac912b05ce974a65ae8a8cf4a4fe630,imagemap,clicked,2025-12-18 16:37:00,https://example-saas.jp/campaign/spring
28f6cf02-9122-4dea-a72d-ae1282c134ae,2026-01-20,msg_00108,Ub0341314a5534ea92b26fa8adc30543f,Uad77660dee4231eca0a9161c54eca6ff,flex,delivered,2026-01-20 10:02:21,
07a3b874-4f7f-437c-994b-5a517e4a600c,2026-03-20,msg_00106,U3bae1603803a839c0cb52f511d9cb8f6,Uf757328332e37196ad531c7397e57ec2,video,opened,2026-03-20 14:58:11,
3290ea5b-109f-4304-ab11-9e043922fadd,2025-11-30,msg_00025,Ub0341314a5534ea92b26fa8adc30543f,U962561ba106f8176f4ec11f52fd3a064,imagemap,delivered,2025-11-30 00:41:25,
3dcb0642-41a8-4711-809a-f902c53b32b9,2025-11-25,msg_00043,U3e5dd3a641c58ad50e49f095c6f1e306,U6e3ae9ddf158293484e971316935cd68,flex,opened,2025-11-25 13:34:52,
a2b65f33-5a76-4900-99f8-cefe0ffe66ff,2026-02-20,msg_00048,Ue7310890b01058478be93761a56d0aa0,U3a4d1df2f24c082d37bca2c12f6f4909,flex,delivered,2026-02-20 16:18:16,
25350b38-37f9-40f2-b664-4f3425f6ba25,2026-03-20,msg_00106,U3bae1603803a839c0cb52f511d9cb8f6,5417fddc7a3c9bbdebce742c0a0c51e9,video,opened,2026-03-20 14:16:42,
4542be81-6e4c-4856-abff-612f8d5f077e,2026-03-13,msg_00001,U4784fc8a8e1e4eb2435ad84e0ad052f2,U98424b5aacb209623c1fd941c998c312,image,delivered,2026-03-13 14:16:40,
091ce417-edd7-4117-a4df-4afd8aa57f34,2026-02-16,msg_00021,U743849e63f8101ac616f8fd0ba84a167,U679de3cc1a094d4e8bec946fc56819b8,flex,delivered,2026-02-16 13:22:22,
913273fc-6c0d-4cac-8644-b63162d9efed,2025-12-19,msg_00064,Ub0341314a5534ea92b26fa8adc30543f,U8ae47d5ea34b75558edb3adad61ee3f9,image,delivered,2025-12-19 21:03:41,
2754dcb4-cd6f-4e67-9d51-4ef4ca56eef7,2026-04-10,msg_00101,U743849e63f8101ac616f8fd0ba84a167,U8602ef5b61294cb8d4d89c68529d506c,imagemap,clicked,2026-04-10 11:58:57,https://example-saas.jp/lp/newmenu
47a5c63d-f4bc-46ce-becc-64dfd73f8129,2026-02-15,msg_00087,U3bae1603803a839c0cb52f511d9cb8f6,U113ad2ca0b80a2695a56af371060f1bb,imagemap,opened,2026-02-15 14:29:38,
458ac48d-98ec-4fc7-b353-99ba4e4c7b3f,2026-01-26,msg_00005,Ub0341314a5534ea92b26fa8adc30543f,Ue8b6df983a8e5f9325b49eb30ccf60ba,image,opened,2026-01-26 05:49:23,
4dc3a4bb-fd99-4977-be4b-c8fe9bd41a40,2026-02-24,msg_00039,U743849e63f8101ac616f8fd0ba84a167,U7b97e0788a65091ccab4cfc0a1bb1b30,flex,opened,2026-02-24 22:34:49,
50597c9a-f4df-4074-86f6-97653001e7ca,2025-11-19,msg_00019,U743849e63f8101ac616f8fd0ba84a167,Uf4f55e14e6a6e115ebc12347bb12f0db,flex,opened,2025-11-19 03:02:14,
14fc3201-fd9e-4ccf-b48d-cf09752b5e2c,2026-04-05,msg_00054,U3bae1603803a839c0cb52f511d9cb8f6,U52085d45c5a7413ddbd847240d8a33f4,image,opened,2026-04-05 13:54:14,
9e8752a1-c5e5-4785-9d1e-077b913d9028,2025-12-09,msg_00059,U3bae1603803a839c0cb52f511d9cb8f6,U7b9b2c10b86390b3b3f93acd50e6085d,imagemap,delivered,2025-12-09 03:14:38,
f290bd37-8837-4697-845d-bc39ccfc8312,2025-12-24,msg_00091,U3bae1603803a839c0cb52f511d9cb8f6,Ud300a3b3d2a641f45f8dc3b3d162da4b,imagemap,delivered,2025-12-24 07:20:57,
547ba727-7094-498f-ae12-5960c2f4cef4,2026-02-09,msg_00083,U3bae1603803a839c0cb52f511d9cb8f6,905cf9c1b4400f77a430e4ad286b4cfc,flex,delivered,2026-02-09 00:00:23,
e33bf5a0-5a76-4049-945d-6e9b1707a509,2026-03-14,msg_00009,U743849e63f8101ac616f8fd0ba84a167,U07bc6e721a9dff7a7e4a28b0c818be89,imagemap,delivered,2026-03-14 10:24:48,
6d50bcc0-f6ea-4a48-8ef6-0e6c1fd290b8,2025-11-22,msg_00047,Ue7310890b01058478be93761a56d0aa0,U89fbd0ebcb93532af657259e56541ae2,video,delivered,2025-11-22 02:33:36,
3ba16959-8f10-4fb2-b958-e0d5d5eacb68,2026-01-10,msg_00044,U30ad60bba5da9837ca5dd0230ca8f531,Ub158255003d58e3bd9ca5aa0529af85c,video,opened,2026-01-10 14:04:19,
aa34fc50-1f70-443a-9c81-9ea06f6df77f,2025-12-18,msg_00070,Ue9a1e8a5b83a6b296d43c957a8cfba4a,Uca0b6c94f111a078ca46a5c1993bd4e3,imagemap,blocked,2025-12-19 03:28:19,
d54867af-44c7-4421-aaaa-ee5990aae69d,2026-03-11,msg_00067,U7e808d11d6f9901a954a542a7ee09918,Ue952712b589fa3228c3b0b4d5631d20f,video,delivered,2026-03-11 21:23:55,
6f8ed372-639c-4ff4-8bb9-4ddf9b6921ad,2026-03-11,msg_00067,U7e808d11d6f9901a954a542a7ee09918,Ue6ed4c04183aa01224ca59fd413cd3d6,video,clicked,2026-03-12 00:16:58,https://example-saas.jp/campaign/spring
6058be4e-f9a5-4375-ab78-e9ab6d426b7e,2025-11-21,msg_00010,Ue7310890b01058478be93761a56d0aa0,8bb8b6f78237a81604c07ea04c9290ec,imagemap,delivered,2025-11-21 14:55:31,
4b7589ef-ebb7-4197-9053-511b15760113,2026-03-27,msg_00096,U476acbdef8e9a16d24575e4f6d7b0f31,U712ff0b20e46aab29224ba710249c6c3,imagemap,opened,2026-03-27 08:00:30,
dc3c3736-014e-443c-ae1e-4ed8823894a2,2026-04-06,msg_00074,U3bae1603803a839c0cb52f511d9cb8f6,U30dcd98a7eb808d8e7d0f3f8f3c2cf42,text,delivered,2026-04-06 23:23:19,
a2f1a662-e48a-4b61-b6cc-61cd4499f335,2026-03-30,msg_00076,U743849e63f8101ac616f8fd0ba84a167,U84403c3a119d545be2ce40c13dd96d35,image,opened,2026-03-30 13:16:17,
0107eb89-c10a-4324-9969-d91562f17889,2026-01-26,msg_00103,U3bae1603803a839c0cb52f511d9cb8f6,U1ca0be19d94d9fc7352918d56c48df07,flex,delivered,2026-01-26 21:12:05,
65a92f3c-dfcd-445d-8f37-6201c3b771c3,2025-12-25,msg_00077,U743849e63f8101ac616f8fd0ba84a167,U94e1c442182d1a2ea0b37d6f9b51eb7a,text,opened,2025-12-25 14:13:52,
021c7397-c5c1-4446-86e5-56e76aeda8dd,2026-01-20,msg_00026,Ud4a92c8c8050eed40ef171cc2784d638,U3cecb3e029679e33cf1b1c7340e22761,imagemap,clicked,2026-01-20 04:32:56,https://example-saas.jp/survey
c192b5af-2196-43b2-aa39-128512307f13,2026-03-06,msg_00055,U3bae1603803a839c0cb52f511d9cb8f6,Ub8781d4f3880c73595ac736cd8afb02c,flex,delivered,2026-03-06 06:29:36,
bd1525cd-6e1e-4b21-afa4-025c2dd50f46,2026-02-07,msg_00090,U4784fc8a8e1e4eb2435ad84e0ad052f2,U6796e367c88f35e8cc8d10615fcb452f,imagemap,delivered,2026-02-07 03:32:22,
325b87f7-d718-408d-ba10-ddd54c05b537,2026-04-04,msg_00049,U476acbdef8e9a16d24575e4f6d7b0f31,U47a0dec58b9821d977111b958fbf05b0,text,delivered,2026-04-04 15:18:16,
5619cedc-e795-426b-bd7e-c3c480418ea5,2026-03-20,msg_00057,Ub0341314a5534ea92b26fa8adc30543f,Ue7f0a8b59280207c7e5feafc28551dfe,video,delivered,2026-03-20 20:48:20,
679e9b80-e248-4ac4-834e-0b8a36059885,2026-03-21,msg_00023,U743849e63f8101ac616f8fd0ba84a167,U6c5aee3693f286910c4c1aa9a8d3eb72,imagemap,opened,2026-03-21 22:54:48,
7c17a9f7-5520-4866-b7e5-423ce4c96ae3,2026-03-27,msg_00096,U476acbdef8e9a16d24575e4f6d7b0f31,Uc832013161624b406d82d72ce18415a7,imagemap,delivered,2026-03-27 11:21:29,
7876b40a-35d6-4ec3-b03c-d6137004b476,2025-12-09,msg_00069,Uc20f9c7e9b662bedec3cb78e127885c7,Ub9643b6b46c70e7a083101a550e3c764,imagemap,delivered,2025-12-09 08:43:31,
e219299e-6dd2-41c7-a249-8f179108dc9a,2026-01-18,msg_00102,U227d1cd1a801c367de206ec4bbca7330,U68e139e5d3992138c94fe424d1e2e22b,video,opened,2026-01-18 19:00:19,
830a77c0-de45-4ca5-b99c-fb2d3f4bab5a,2025-12-07,msg_00003,U227d1cd1a801c367de206ec4bbca7330,U349c8222627a62b66f259979fe2a7f67,image,delivered,2025-12-07 03:24:02,
feb221dd-095b-4bed-83ba-23fce6e524a2,2025-12-25,msg_00045,Ue7310890b01058478be93761a56d0aa0,U6ca63a4b885bb40473fca214b0d43e8d,video,delivered,2025-12-25 11:43:57,
572a3a7d-6ba3-46ec-bb5c-67562f6cd70e,2025-11-21,msg_00010,Ue7310890b01058478be93761a56d0aa0,Uaea8997e030ca480e723f8d622d075f8,imagemap,delivered,2025-11-21 10:10:52,
38f8cddb-d0e8-4f67-94ab-cc308567097c,2025-12-08,msg_00015,Ub0341314a5534ea92b26fa8adc30543f,U8bcd29f4b64a0c7a905f883ef1623e99,text,delivered,2025-12-08 19:32:27,
b3bea6d0-0f71-4e05-bdfa-9263ef41e412,2025-12-09,msg_00059,U3bae1603803a839c0cb52f511d9cb8f6,U3cda1522be4ffd49285e838e4696eb24,imagemap,opened,2025-12-10 00:35:08,
d178294a-52eb-4bf3-9dc2-2f2eef5eb909,2025-12-12,msg_00029,U743849e63f8101ac616f8fd0ba84a167,U0c4fbf76d2355a679fa7b241d7462d2c,imagemap,clicked,2025-12-12 09:19:02,https://example-saas.jp/survey
c4394d4b-5ab5-43fc-aff2-7a032961ac06,2026-04-12,msg_00105,Ud4a92c8c8050eed40ef171cc2784d638,U9346ace9daba482e1c257a75a66fae5a,flex,delivered,2026-04-12 08:11:40,
1902bcdb-39fe-403f-831d-11fc59905207,2026-02-19,msg_00016,U837b70463a585f85743b5bfb3b49c9fd,U5655e02784ac9806ea4f3d403f0b8aa4,flex,delivered,2026-02-19 11:25:48,
b31c76ad-aecd-45f6-b3ea-d269d084701e,2026-03-23,msg_00071,U3bae1603803a839c0cb52f511d9cb8f6,Uff999f617a9836af34eb08b66573d763,imagemap,delivered,2026-03-23 00:24:20,
caeb7844-2661-4258-9524-2a07ca50fdb0,2025-12-17,msg_00032,U3bae1603803a839c0cb52f511d9cb8f6,U2452095e324fb1b3c3f5113c343b783a,video,delivered,2025-12-17 00:03:34,
533102d4-7c96-4edf-beff-e4d19c501091,2025-11-25,msg_00043,U3e5dd3a641c58ad50e49f095c6f1e306,U7a17fe6afbbdee29927e0ce267a09b58,flex,clicked,2025-11-25 09:51:10,https://example-saas.jp/coupon/500off
da95e857-4525-4878-be69-9a548bea7d07,2025-11-17,msg_00099,U3bae1603803a839c0cb52f511d9cb8f6,Ud2a360839913477ea3542d50ccbe36ff,text,delivered,2025-11-17 01:04:27,
e29ca6c3-8f17-45b5-a301-93782ea7de6d,2025-12-12,msg_00004,Ub0341314a5534ea92b26fa8adc30543f,Ud4604e5b95f8f69455da12b7782cf4ba,video,delivered,2025-12-12 20:24:31,
17f6b39e-a5fb-421b-b5d2-b2f740d8d18d,2026-04-06,msg_00074,U3bae1603803a839c0cb52f511d9cb8f6,Uf74bfe667b9bbfb0acb7bc2f4b2a2252,text,opened,2026-04-06 05:31:00,
b692f883-ac5f-4c7d-a403-7a4cfedd59e7,2026-03-06,msg_00055,U3bae1603803a839c0cb52f511d9cb8f6,U9c0fe7ca1255793112db77b4b3bab9c2,flex,delivered,2026-03-04 03:52:54,
a312ef7b-d2c7-4c98-bb22-095bd2484df1,2026-01-09,msg_00112,U3e5dd3a641c58ad50e49f095c6f1e306,U3b973f5b8dd2924f670790adbd6698c2,video,delivered,2026-01-09 22:36:53,https://example-saas.jp/survey
22b445f7-bc81-4a4e-a399-fec7e980dc52,2025-11-22,msg_00047,Ue7310890b01058478be93761a56d0aa0,Ud340dcd1b24eedeae14c6eed7088d56a,video,delivered,2025-11-22 06:02:28,
2bb0a35a-3c7a-4756-aeb1-1bb6dffe78b9,2026-01-09,msg_00052,U743849e63f8101ac616f8fd0ba84a167,U31d5335e6707c17dd6f820cc3f977e0b,video,delivered,2026-01-09 19:40:06,
89231670-ebc4-4307-a19d-f87ab165d98c,2026-01-01,msg_00027,U4784fc8a8e1e4eb2435ad84e0ad052f2,U7e17b161a0978643a7b6db7ab464d517,image,opened,2026-01-01 15:02:49,
17e3e85d-7db5-4f20-b9ae-92ef5bbe82af,2025-12-19,msg_00064,Ub0341314a5534ea92b26fa8adc30543f,Uc72236122308023933ff262547a00618,image,delivered,2025-12-19 12:58:38,
14535585-d208-4a01-a059-bc5898fdcf79,2026-03-26,msg_00040,U3bae1603803a839c0cb52f511d9cb8f6,Ue5faffabc485c6df09abc88744bb3711,imagemap,delivered,2026-03-26 08:31:32,
8b13d2df-5e7d-415f-b361-20a09a3fa950,2025-12-31,msg_00082,U227d1cd1a801c367de206ec4bbca7330,U8a1bb92a720bf532da377f0594f7d37d,imagemap,delivered,2025-12-31 10:12:46,
d91d6653-35c2-427e-a163-53db97fb4c01,2026-03-26,msg_00040,U3bae1603803a839c0cb52f511d9cb8f6,U4939736e31d30c47540bc63b968f52bc,imagemap,opened,2026-03-26 10:52:00,
0bec22a0-7bd9-4acb-b6bb-d9eca22f8e01,2026-01-18,msg_00102,U227d1cd1a801c367de206ec4bbca7330,Ua8817b4de07790e1d6b65c9a69fb3c25,video,delivered,2026-01-18 06:56:37,
1eac0c0f-bf05-4b45-8461-ec2a88666eb7,2025-11-16,msg_00020,U3bae1603803a839c0cb52f511d9cb8f6,Uefbe9d30287379246daafd7ef38c8688,text,opened,2025-11-16 10:09:40,
2de0e780-6846-4dd2-89ac-17a1f77a9e36,2026-01-09,msg_00052,U743849e63f8101ac616f8fd0ba84a167,U5edbef6d4e34c77c9d2631bd4db75cf1,video,delivered,2026-01-09 18:44:33,
d2b23576-c868-4340-9758-63332975d97b,2025-12-21,msg_00022,U3bae1603803a839c0cb52f511d9cb8f6,Ub5228b19fa43279273e845b20d2461cf,video,opened,2025-12-21 06:20:42,
465ecf5b-8b50-46be-aeba-9a964f51a6ac,2025-12-24,msg_00091,U3bae1603803a839c0cb52f511d9cb8f6,U99beed397fc945cbf0bd09ef3848dec9,imagemap,delivered,2025-12-24 22:47:58,
7992bc15-ff12-4061-ac14-ffde01be17ff,2026-03-26,msg_00040,U3bae1603803a839c0cb52f511d9cb8f6,Ucc4b438945e58d9e887bacc64e2a81c2,imagemap,delivered,2026-03-26 22:43:14,
a281ec7d-c196-47b5-bdfe-0912282dcb17,2026-01-07,msg_00110,Ub0341314a5534ea92b26fa8adc30543f,U63c2b290fd5d1a73abc529b8782352fe,video,opened,2026-01-07 04:50:14,
e82e434b-a3ec-4900-8c3e-fbd8e6f03b75,2026-02-15,msg_00087,U3bae1603803a839c0cb52f511d9cb8f6,Ubf59891c3aa4b75fdb57438751fe1f1d,imagemap,delivered,2026-02-13 05:15:39,
963f7377-f223-4759-99e2-510ed4f07bb3,2025-11-23,msg_00053,U743849e63f8101ac616f8fd0ba84a167,U71e052380237b20a35d2b1e8d6e49806,video,delivered,2025-11-23 21:01:55,
409a6654-8fc3-4933-915c-575eabac8b4c,2026-01-26,msg_00063,Ub0341314a5534ea92b26fa8adc30543f,U8c94ab88f661e5658ec647617c471930,imagemap,delivered,2026-01-26 19:36:30,
83efbf05-d20e-4f3e-bfcd-a270769880af,2026-01-30,msg_00050,U3e5dd3a641c58ad50e49f095c6f1e306,Ud517fb1b91c26ee486ce270f997f95ee,image,opened,2026-01-30 13:12:11,
65066bc6-9596-4500-a103-bcf31b457f2b,2026-01-24,msg_00066,U3bae1603803a839c0cb52f511d9cb8f6,U9c447563fe0be96584815231322f1822,image,delivered,2026-01-24 17:18:18,
a6239a29-e1ae-453a-87c7-82caf719f30b,2026-03-22,msg_00119,U3bae1603803a839c0cb52f511d9cb8f6,Ub7b66cda06ed058bf13926af91447628,imagemap,delivered,2026-03-22 15:21:34,
aed9bb0c-deaa-45ce-b0a0-df6e5956a635,2026-04-12,msg_00120,U227d1cd1a801c367de206ec4bbca7330,Udd70a73b5ce29155a99ea5fc8cb9fe96,text,delivered,2026-04-12 03:59:15,
15f89a4c-c8ae-4e9f-ba6e-bffb03ef460f,2026-04-06,msg_00074,U3bae1603803a839c0cb52f511d9cb8f6,Uc437d87aea440900b7a41efab8791f70,text,delivered,2026-04-06 01:37:49,
d94e4166-1c7e-48b2-a2c7-e6fb4132a6ee,2025-11-22,msg_00047,Ue7310890b01058478be93761a56d0aa0,U7afa82cc22a6c2388daeee89ec2e0f00,video,opened,2025-11-22 21:47:08,
d706ea38-d7af-4e5b-ac3e-401555871b64,2025-11-16,msg_00020,U3bae1603803a839c0cb52f511d9cb8f6,Uff2af6594dfd03b11409cc432e385e0a,text,delivered,2025-11-16 07:34:26,
a9d1a4c7-5ddc-4632-93d1-e35076c0b290,2026-03-25,msg_00079,U743849e63f8101ac616f8fd0ba84a167,Ubab26e700878ae163e22ff48b7097365,text,opened,2026-03-25 07:11:19,
a471a19d-45fb-42ae-9834-3a0c43c54b41,2025-12-25,msg_00045,Ue7310890b01058478be93761a56d0aa0,Uc0844b0680cd306ec16d3cb2f9b94569,video,opened,2025-12-25 12:48:48,
d48dadd4-4f95-4ec8-b573-fc0515b4b39b,2025-12-18,msg_00070,Ue9a1e8a5b83a6b296d43c957a8cfba4a,U97aa0a033af79ab9fd69bded66414589,imagemap,delivered,2025-12-18 14:37:35,
15adf0e2-9249-4bdd-92a1-18bd01f62662,2026-02-20,msg_00036,U879eb903ad90cd9c2874f6df7651267a,U4fb86c5c6a229809011b02c4b947a2b3,video,opened,2026-02-20 06:20:46,
404afebd-d376-4206-abbf-271d1fd7096d,2025-11-17,msg_00099,U3bae1603803a839c0cb52f511d9cb8f6,U9efcbdd4a57b0e126397038773327088,text,delivered,2025-11-17 19:48:08,
248c79f7-f359-4cc1-917c-fb165a259cdd,2026-03-31,msg_00046,U4784fc8a8e1e4eb2435ad84e0ad052f2,Ub1d17073706e7baa316fa11e66f10c1c,flex,opened,2026-03-31 09:31:06,
2e6039e8-d7e9-4ca9-bd46-17450969edf2,2025-12-27,msg_00096,U4f8b2d7d97720f7d61a0294f1c9c3877,U7219cefaa0aca81d541feba981e12e0a,image,delivered,2025-12-27 14:44:35,https://example-saas.jp/survey
fb8b0bab-62a3-43dd-89b6-2f268df98423,2026-01-26,msg_00103,U3bae1603803a839c0cb52f511d9cb8f6,Uda6cab7300361a26d5381f9fd05aa8a8,flex,delivered,2026-01-26 11:26:09,
aabcec7c-86cf-45b2-9809-bcc04f558286,2026-02-05,msg_00107,U3bae1603803a839c0cb52f511d9cb8f6,U756a50a8719b32ae5bc966e59b1c9834,text,delivered,2026-02-05 00:23:35,
0c0a895a-e11e-4baa-a3d1-88673a5c43f1,2026-03-20,msg_00092,U743849e63f8101ac616f8fd0ba84a167,U5bc8a8171821502884462b617a01d932,video,delivered,2026-03-20 07:19:24,
d71b87a0-1fff-4d66-ab30-5f3d114ca1f4,2026-03-31,msg_00046,U4784fc8a8e1e4eb2435ad84e0ad052f2,U9d6c6af1b41629fee4dd424e05fa281a,flex,delivered,2026-03-31 22:52:49,
cc77ff16-39da-40e8-93cc-90c5e95a0bf0,2026-02-08,msg_00051,U3bae1603803a839c0cb52f511d9cb8f6,dca9483f98deb6017ef8e64358b26784,image,delivered,2026-02-08 03:15:40,
d00c3937-4b6c-447e-8f64-830df918579e,2026-03-04,msg_00056,U1ca413826b7044d134c9c3132420c9de,Uf9030d4ae313834bbfb1222bd4557ec3,text,opened,2026-03-04 17:19:07,
ef59965c-8a39-4e4c-86d1-70f983c3cace,2026-03-14,msg_00009,U743849e63f8101ac616f8fd0ba84a167,Udbe6c702ecf37ba6ef851ab14263b95c,imagemap,delivered,2026-03-14 12:11:55,
4a4a4614-4470-4060-8514-7a2e391af8df,2026-02-10,msg_00058,Ue9a1e8a5b83a6b296d43c957a8cfba4a,Ud625ca4d355837f50db77dd5d1abe017,video,clicked,2026-02-10 12:57:57,https://example-saas.jp/lp/newmenu
ee8dce77-bcde-404a-bad5-f03f42fc09ad,2025-12-07,msg_00003,U227d1cd1a801c367de206ec4bbca7330,0510d01551f496c091870f619125a7cb,image,delivered,2025-12-07 14:58:29,
55cb61f9-38bc-4a20-9673-420f533771b7,2025-12-24,msg_00091,U3bae1603803a839c0cb52f511d9cb8f6,Uc1471151b596933dab400bd691af1806,imagemap,delivered,2025-12-24 15:11:39,
ac56311a-26e4-4b2f-8483-e12bfb6a5003,2025-11-23,msg_00024,Ue8d9224ecde331ce692edfce0b5ecdc4,U06e2c170ba4a81529aff3d0a5409de12,text,delivered,2025-11-23 00:14:27,
3e643a96-3a25-4ede-b1f0-a35f2626989e,2025-12-03,msg_00012,U743849e63f8101ac616f8fd0ba84a167,U3d4a3d9e1f14fc8164ed27d781c135d0,imagemap,clicked,2025-12-03 12:53:12,https://example-saas.jp/lp/newmenu
4d9d9d51-b572-474a-9d8f-0f14e79fc9de,2026-02-24,msg_00111,Ub0341314a5534ea92b26fa8adc30543f,Ud9d397bfd2fcbb74631d89f63be9ac0c,flex,delivered,2026-02-24 23:09:17,
0c3c349e-23f4-42bc-b41d-3110d7c9e445,2025-12-18,msg_00070,Ue9a1e8a5b83a6b296d43c957a8cfba4a,U6c0d3add830db85d0d02968bf0552fed,imagemap,delivered,2025-12-18 09:07:32,
60b7d5bf-aab4-41fb-88f3-28103eb34f05,2026-04-12,msg_00105,Ud4a92c8c8050eed40ef171cc2784d638,U75cc82c27626b687c48f2f48b2257e76,flex,opened,2026-04-12 15:45:29,
595836be-f8da-42cd-896b-f867b0c137f5,2026-03-20,msg_00057,Ub0341314a5534ea92b26fa8adc30543f,e8c4d37ab7ba11b00571d2578b53445a,video,delivered,2026-03-20 23:40:09,
ea0de812-fd37-4a09-8d59-c162088d2368,2026-04-08,msg_00041,Ue7310890b01058478be93761a56d0aa0,U89eaa132ea588a4de5d68e2d84b4e058,text,delivered,2026-04-08 13:57:04,
4b832b9a-6bb5-456d-9171-00f0f1175220,2026-01-09,msg_00052,U743849e63f8101ac616f8fd0ba84a167,U7fa014b49bc745eac38935773a8e0898,video,delivered,2026-01-09 18:01:35,
c29fbbc3-ca35-4fb8-a5ee-159fceccb446,2026-03-14,msg_00009,U743849e63f8101ac616f8fd0ba84a167,Ue302d5abac52f406de5cb5b3eb457b44,imagemap,delivered,2026-03-14 14:16:51,
21d06848-ac51-4f2e-824d-636d3f6de23f,2025-12-03,msg_00012,U743849e63f8101ac616f8fd0ba84a167,Ucf6917c5094ec798fb19b8be97aa1956,imagemap,opened,2025-12-03 09:59:37,
e22d77a4-4ef1-4fc1-9a07-0a9a870098f8,2026-01-13,msg_00060,U3bae1603803a839c0cb52f511d9cb8f6,U7dcc3f74c02224f88106f561d098722e,image,delivered,2026-01-13 18:09:17,
a517f64f-c44f-48f9-9618-0106f06a5a88,2026-02-08,msg_00051,U3bae1603803a839c0cb52f511d9cb8f6,U90dcf6d54654bcac250f423c907095b6,image,delivered,2026-02-08 03:10:16,
5bc8c513-e560-4c36-a2e6-b228bdc5ae42,2025-12-07,msg_00003,U227d1cd1a801c367de206ec4bbca7330,U5345b52d818c842bc906a27eea1ce99c,image,delivered,2025-12-07 22:44:56,
1905227d-8516-421f-9526-20af3d070259,2026-02-08,msg_00051,U3bae1603803a839c0cb52f511d9cb8f6,U9becf3ed7cae54c063c6fbac0f5b5b97,image,opened,2026-02-08 09:21:18,
6305c4fe-2b4a-4f3a-9633-1c379bcbbc93,2026-01-30,msg_00050,U3e5dd3a641c58ad50e49f095c6f1e306,480930e3828f4c89d0a82bc9afca5e1a,image,delivered,2026-01-30 20:57:12,
8e82dca2-0cea-4a70-86e2-2cdb41ceda32,2026-02-28,msg_00117,U743849e63f8101ac616f8fd0ba84a167,U73e86806090df296de0ff25999df730a,video,delivered,2026-02-28 02:34:26,
7be8d660-9949-4468-ba41-095f974e5dfc,2025-11-17,msg_00099,U3bae1603803a839c0cb52f511d9cb8f6,U3d1f469c24ca6a4217a69cf916e8b125,text,delivered,2025-11-17 14:47:54,
50d1e457-479a-43e0-afae-98edb466d043,2026-01-09,msg_00052,U743849e63f8101ac616f8fd0ba84a167,U1f698b7f52fc45407568fbc43d84c212,video,delivered,2026-01-09 11:10:01,
7b2a64af-90b3-43f6-b618-7c57a94363a4,2025-12-18,msg_00114,Ub0341314a5534ea92b26fa8adc30543f,U907b605b47d2d8a19468d1cf6ad4f311,flex,delivered,2025-12-18 01:07:01,
e2dcb89c-0b62-4f22-a421-6fcbc497445f,2026-01-26,msg_00086,U4784fc8a8e1e4eb2435ad84e0ad052f2,U443ee0fc243d3523ba23c330214b35fc,text,clicked,2026-01-26 20:23:35,https://example-saas.jp/campaign/spring
5e82c9ac-af28-422b-b372-fd30d16d548b,2025-12-11,msg_00028,U3bae1603803a839c0cb52f511d9cb8f6,Ua46ccc5ce0a00614042c1a2fea0cec66,video,unsubscribe,2025-12-11 22:16:26,
6d24a487-11eb-4807-a5b6-19fac79100e9,2026-01-24,msg_00007,Ub0341314a5534ea92b26fa8adc30543f,U66eafc34a521eee1894eb887b47a6b79,imagemap,delivered,2026-01-24 10:04:55,
6253be50-a109-4d09-aeb3-f5b07a37efc0,2026-03-04,msg_00056,U1ca413826b7044d134c9c3132420c9de,Ufc67cac7880537f9bd1055c0deb22b40,text,opened,2026-03-04 04:20:36,
cb6d89bf-6d3b-42f3-8d11-3d3270e13cea,2025-11-23,msg_00053,U743849e63f8101ac616f8fd0ba84a167,Ubd3f14203927c48156885bc16de19e70,video,delivered,2025-11-23 03:02:53,
ca646353-707f-450d-b30a-2f5105f27d5b,2025-12-31,msg_00082,U227d1cd1a801c367de206ec4bbca7330,U4171e030f166f8bbea12f0c9791e705d,imagemap,failed,2025-12-31 17:53:01,
ae4e67c3-ff7b-45fa-861d-4618a3cf4aa9,2026-03-06,msg_00068,Ub0341314a5534ea92b26fa8adc30543f,U268866e59248d4d30811ff88eaa4d0c5,video,delivered,2026-03-06 01:23:07,
9ea014dc-42e6-454a-ac92-3c43f95798fd,2026-01-10,msg_00044,U30ad60bba5da9837ca5dd0230ca8f531,U060fe95320d183d1a19ec1660e95f4e6,video,clicked,2026-01-10 03:06:00,https://example-saas.jp/coupon/500off
416e38e7-8fdd-46e7-a931-2b8c31d1a326,2026-02-07,msg_00090,U4784fc8a8e1e4eb2435ad84e0ad052f2,U73d9a475e6f046ca85c2f4e7be6e3ed7,imagemap,clicked,2026-02-08 00:33:25,https://example-saas.jp/lp/newmenu
e3e8f0ae-4d4f-44f7-993e-0b57e057c56c,2025-12-23,msg_00061,Ub0341314a5534ea92b26fa8adc30543f,Ube0ebefbd196cb85a8b3c4a05d50c154,imagemap,blocked,2025-12-24 00:31:17,
ed4ee6d0-3797-44f8-bef6-16f2c2551523,2025-12-08,msg_00015,Ub0341314a5534ea92b26fa8adc30543f,U2fe71f6e3c37eb9769828e66123c4509,text,clicked,2025-12-08 16:59:13,https://example-saas.jp/coupon/500off
86cb8955-1670-4d2f-bf5f-452bb411b97a,2025-11-22,msg_00047,Ue7310890b01058478be93761a56d0aa0,Uf77faf4526b2f73f5492dcf882a1327b,video,delivered,2025-11-22 09:47:58,
f890004a-c491-4a9c-b727-75b6935e2b51,2026-03-18,msg_00080,U22a93bc29b1df104af6b1ba1cd91fc56,19a11bcdd5f46351d54a2354b2fae338,flex,delivered,2026-03-18 22:00:01,
4174b463-5d56-41a4-8b31-0abfd8be53d7,2026-01-07,msg_00110,Ub0341314a5534ea92b26fa8adc30543f,U894c62631ef018c8685ae381948df50f,video,delivered,2026-01-07 01:17:25,
44ee5877-b210-42a1-a5d7-fde94d82a4c8,2026-03-31,msg_00046,U4784fc8a8e1e4eb2435ad84e0ad052f2,b0b69e39a3a9bda46ab3a7e650825683,flex,delivered,2026-03-31 01:19:28,
0128f54a-f587-4436-9ea2-5e36bc10bd06,2025-11-17,msg_00099,U3bae1603803a839c0cb52f511d9cb8f6,U22bde4550af3041649b832e5c8971ca5,text,opened,2025-11-17 16:10:23,
ab5355c7-5c21-4e95-b535-26cde8a15626,2026-02-08,msg_00051,U3bae1603803a839c0cb52f511d9cb8f6,U437e5f26f8dc8b0d42b1138e8a8578fc,image,delivered,2026-02-08 09:39:32,
48b1212d-e051-49a6-be15-0d268ed7ca8a,2026-02-24,msg_00039,U743849e63f8101ac616f8fd0ba84a167,U5c1174239e3e48d01c07494e2e95560f,flex,delivered,2026-02-24 11:26:32,
8e177dc9-042b-42cc-90a6-6018d5509b30,2025-12-09,msg_00059,U3bae1603803a839c0cb52f511d9cb8f6,Uafe3d56d0330a58d6159b05066fa73eb,imagemap,delivered,2025-12-09 23:51:29,
fa073cd2-769a-44fe-a423-a785765b9db1,2025-12-09,msg_00059,U3bae1603803a839c0cb52f511d9cb8f6,U8364528ef08bd6267dc02ef89984a0d3,imagemap,opened,2025-12-09 10:44:39,
34180d43-3641-4a44-a7be-88fa416787a4,2026-01-24,msg_00066,U3bae1603803a839c0cb52f511d9cb8f6,U12d6a92e079bdc7459666a841a851454,image,opened,2026-01-24 20:02:56,
e20e92d4-ae96-465b-93f8-376de4175749,2025-12-07,msg_00003,U227d1cd1a801c367de206ec4bbca7330,U40bbee72cadec02dd011a2ce71ba4fcd,image,delivered,2025-12-07 01:10:42,
c209f4f3-91cf-4159-93c3-05787d07ed7c,2025-12-18,msg_00114,Ub0341314a5534ea92b26fa8adc30543f,Ud64e803e84532a74e3cfb235390abf2d,flex,delivered,2025-12-18 20:05:53,
8a6b308d-3fe8-41bd-b25a-729987074206,2026-02-15,msg_00087,U3bae1603803a839c0cb52f511d9cb8f6,U011962b917f2a9831d9e9b8f09b124a7,imagemap,opened,2026-02-15 18:10:44,
a74e6ec3-af1c-407a-ac48-ab5af759bc61,2026-04-12,msg_00105,Ud4a92c8c8050eed40ef171cc2784d638,U1c74200917e25fc97b77320e81e43df1,flex,delivered,2026-04-12 06:14:27,
bc10190d-b492-408f-a9c0-8fc3aa9a4bce,2026-02-20,msg_00036,U879eb903ad90cd9c2874f6df7651267a,U7d5580aaa7a7c8b6eb35f03ed1ddcc76,video,delivered,2026-02-20 04:35:51,
bb9f0119-18b2-4e08-a5ee-7f129789ec4e,2025-12-24,msg_00091,U3bae1603803a839c0cb52f511d9cb8f6,U99043fd87d7454c59c83ac028c995510,imagemap,opened,2025-12-24 02:10:46,
f8e0507d-3b05-4dd2-8f41-17e3e8bf2466,2025-12-19,msg_00064,Ub0341314a5534ea92b26fa8adc30543f,U6c1fd9cde1ef7d5ee32d32fc417c5534,image,delivered,2025-12-19 04:22:46,
21e33831-c5d9-4b0f-9377-52800eb60390,2025-12-22,msg_00038,Ub0341314a5534ea92b26fa8adc30543f,U14d9b27536764c6d1cd9a71aa3af2a60,image,delivered,2025-12-22 02:16:17,
2c9085e2-6a0c-4583-96d9-d58fa5629fd9,2026-01-24,msg_00113,Ub0341314a5534ea92b26fa8adc30543f,U553ecaea6c802a491958c5521e6a9494,text,delivered,2026-01-24 19:52:38,
66b09c61-0017-41de-86de-9be59a16fccb,2025-12-09,msg_00059,U3bae1603803a839c0cb52f511d9cb8f6,Ued168d160bef2fbce30290be1e0570b2,imagemap,delivered,2025-12-09 08:14:28,
2a0d4a94-9c7b-4762-904d-5e6df745db40,2025-11-25,msg_00043,U3e5dd3a641c58ad50e49f095c6f1e306,U3788cdbf9fb727926469a163b8afd845,flex,delivered,2025-11-25 22:27:39,
ae1859eb-b4c0-454d-9fec-9b41ad069db6,2026-03-23,msg_00073,Ud4a92c8c8050eed40ef171cc2784d638,U63c83cc28d313b0b79da1584830c1fa2,imagemap,delivered,2026-03-23 12:22:06,
ad3d2103-1157-4915-952d-ba24f0a49105,2026-04-08,msg_00041,Ue7310890b01058478be93761a56d0aa0,U6635fdbfd357ba996f6f2971f2d2ac6c,text,delivered,2026-04-08 12:24:32,
c4cd15c6-4a37-44b4-af4f-07de63ae6104,2025-12-02,msg_00075,Ue7310890b01058478be93761a56d0aa0,U1284c7f9f4719b71ea9e263cc1dffbc3,text,,2025-12-02 12:01:17,
4612ab92-cf43-43cd-ba1a-d24d83777bfd,2026-03-23,msg_00071,U3bae1603803a839c0cb52f511d9cb8f6,U175b64ecbf8e7ed07588d525cdf25596,imagemap,delivered,2026-03-23 00:18:24,
4197e646-db5b-4b7f-80b4-377e8c7d5ff4,2026-02-05,msg_00046,Ub0341314a5534ea92b26fa8adc30543f,U8024fdfcb80b5d1d6c39d4a4d50ff846,image,open,2026-02-05 20:40:48,
ed3f4baf-0c68-411c-9907-8aeeaa197298,2026-03-26,msg_00040,U3bae1603803a839c0cb52f511d9cb8f6,Ua024b5ec1863fdd4096ca8672745aa0e,imagemap,delivered,2026-03-26 14:53:31,
e3711836-5101-426a-8a1e-5ce6461d0633,2026-02-05,msg_00107,U3bae1603803a839c0cb52f511d9cb8f6,049b84475b71210145b7759934138a7d,text,delivered,2026-02-05 08:02:22,
fded3916-fbec-4c65-ac13-03c7d45c73e8,2025-11-23,msg_00024,Ue8d9224ecde331ce692edfce0b5ecdc4,U0f0da4efe9ab5a6502df588a66ce840d,text,delivered,2025-11-23 03:04:12,
f3f2819b-5e3a-48ad-a31c-55afb4e31382,2025-11-17,msg_00099,U3bae1603803a839c0cb52f511d9cb8f6,Ue4632c1bfa8b71969cdfe5206b12ebf4,text,delivered,2025-11-17 18:53:39,
ee829445-7e75-44fa-ba05-25ed71f11e51,2026-02-20,msg_00095,Ub0341314a5534ea92b26fa8adc30543f,Ufd9b190676ded7905117dbe9276f4752,text,delivered,2026-02-20 19:52:19,
370858dc-0dbb-4f2c-94d4-b470c3b950e3,2026-01-10,msg_00044,U30ad60bba5da9837ca5dd0230ca8f531,U148c858a5a4d2a3dd74af69557b277ab,video,delivered,2026-01-10 12:32:55,
d8169485-cbab-49fb-aaa2-73ca7079fd8e,2026-01-07,msg_00110,Ub0341314a5534ea92b26fa8adc30543f,U2b6594c2d4a76b7f3e47a81a341c2199,video,opened,2026-01-07 02:04:31,
9d91d253-429c-4827-9da4-6bb96320a860,2026-02-20,msg_00048,Ue7310890b01058478be93761a56d0aa0,Ud5d45d2aaa5404204f9259f8e6e7ac1a,flex,delivered,2026-02-20 20:35:41,
6652a9aa-bf19-4107-aaab-4fc96a8cd314,2026-02-09,msg_00083,U3bae1603803a839c0cb52f511d9cb8f6,9ecf09693d4ca5c367fc9100fa01314e,flex,delivered,2026-02-09 10:13:44,
19fb5b65-5786-4790-88d2-4b98a88d7567,2026-04-04,msg_00100,U743849e63f8101ac616f8fd0ba84a167,Ue9a62bdfe460b6af9306b85c810590e7,image,opened,2026-04-04 19:45:30,
8d775d38-3a8f-4841-9163-9ac569be22fd,2026-03-06,msg_00055,U3bae1603803a839c0cb52f511d9cb8f6,Uff17559fe7f7c360352e487fb9521e71,flex,delivered,2026-03-06 15:44:30,
f21e2378-6313-4c6a-9442-28a7391abcb4,2025-12-12,msg_00004,Ub0341314a5534ea92b26fa8adc30543f,Ua23a8651e2f0e2992b608c6a96b69ca6,video,opened,2025-12-12 11:50:11,
31447a89-9250-4910-8414-d5ddcce7d607,2026-02-01,msg_00075,Ub0341314a5534ea92b26fa8adc30543f,U68b4671b4847c6018908fc5eb431283b,imagemap,delivered,2026-02-01 00:19:32,
105be6a0-573e-4ecc-994b-863943f4a69c,2026-03-03,msg_00093,U743849e63f8101ac616f8fd0ba84a167,U08cee0de01d870df38f07c026ce0961f,imagemap,delivered,2026-03-03 08:15:04,
e3f5fcef-967b-4528-9d50-ca0dba206627,2026-03-13,msg_00001,U4784fc8a8e1e4eb2435ad84e0ad052f2,Ub5e9d30a7b63ee99113e8b079f54aa50,image,delivered,2026-03-13 02:16:39,
9008e314-0954-4c2e-b7ef-94e54f396bbd,2026-03-03,msg_00093,U743849e63f8101ac616f8fd0ba84a167,U44a901114c5c66bf19df235e1a61b6f9,imagemap,delivered,2026-03-03 06:39:12,
2515e697-95ea-4ada-a3dc-7cd994f03bf6,2026-01-24,msg_00113,Ub0341314a5534ea92b26fa8adc30543f,Uccf9cd90758f47b655d48958fe934a8b,text,failed,2026-01-24 02:28:25,
a8af3d4f-7a1f-4043-a81b-ea8e37a219c3,2026-01-26,msg_00103,U3bae1603803a839c0cb52f511d9cb8f6,Ub5a55cc887ef57df34f5d9463a924ec0,flex,delivered,2026-01-26 18:53:03,
5b73c17a-603e-4cad-b026-5725ab0b3d41,2026-03-06,msg_00055,U3bae1603803a839c0cb52f511d9cb8f6,U3ccd567f0af908acb52630f5bd88d471,flex,delivered,2026-03-06 15:17:11,
a9405138-ded6-46d0-89a6-636de44d3f47,2026-02-20,msg_00048,Ue7310890b01058478be93761a56d0aa0,U03e42226e0c095c13a51aa81e479f690,flex,delivered,2026-02-20 01:24:08,
4fe6b029-25be-42a0-8051-964a13a30a5a,2026-01-26,msg_00005,Ub0341314a5534ea92b26fa8adc30543f,U15cac5e538de7a59ed16acbfd056b93a,image,delivered,2026-01-26 22:55:42,
706cf6f1-98d8-4c6e-9f22-26ca5e207459,2026-01-26,msg_00005,Ub0341314a5534ea92b26fa8adc30543f,Ucc436776d1b28ee7707e98a34d4013f7,image,delivered,2026-01-26 08:50:00,
9ba41b5a-5ef9-4076-8c65-cac5ea8bbbd1,2026-01-26,msg_00005,Ub0341314a5534ea92b26fa8adc30543f,U659a6843e3440bd21aa7e36cbc746348,image,delivered,2026-01-26 23:40:36,
ed5db898-0e14-48f1-a4c7-3bd25f65de4b,2026-01-26,msg_00005,Ub0341314a5534ea92b26fa8adc30543f,U9fa0054b2dbb8249635c5d75dd984f46,image,delivered,2026-01-26 07:45:03,
74be870d-fae8-4b39-a90a-47d8bcb6603d,2026-01-01,msg_00027,U4784fc8a8e1e4eb2435ad84e0ad052f2,Uaec20f8072f32546ead8617572f86104,image,clicked,2026-01-01 02:13:31,https://example-saas.jp/campaign/spring
2ec1b5a2-057b-416d-a7eb-70c9cdbab6eb,2025-12-25,msg_00077,U743849e63f8101ac616f8fd0ba84a167,Ufc976164e35595aec5825052f883a076,text,delivered,2025-12-25 17:28:23,
d8b36654-c255-40df-9c59-45f7549906be,2026-03-13,msg_00001,U4784fc8a8e1e4eb2435ad84e0ad052f2,U0f1259ce4afd9adef246f2ba4b13f8fd,image,blocked,2026-03-14 08:13:17,
4074513d-d4ed-4781-a58f-cba303da4bef,2026-02-14,msg_00098,U743849e63f8101ac616f8fd0ba84a167,U05ce781942bb4998e626dfd5680c1a8c,imagemap,delivered,2026-02-14 10:24:05,
d6058183-e98d-474d-8dfa-f5aca4fff1ee,2026-04-04,msg_00049,U476acbdef8e9a16d24575e4f6d7b0f31,c838ff112d99238db1ddde24d2d2e47f,text,delivered,2026-04-04 08:31:35,
6d3e0879-8018-4a9b-b3c5-427b7612358f,2026-01-10,msg_00044,U30ad60bba5da9837ca5dd0230ca8f531,Ue51100b109764dfb24d952eade989691,video,opened,2026-01-10 06:14:39,
4ed63609-2dcb-44a5-bdf6-22a1ead9d63a,2026-01-31,msg_00035,U7e808d11d6f9901a954a542a7ee09918,U6174744452fe305546756305226cc3ce,text,opened,2026-01-31 21:54:20,
cab6142d-76a6-4a68-bdd5-de73349780bc,2026-03-08,msg_00112,U3bae1603803a839c0cb52f511d9cb8f6,U08ba8c1ab40034873f7dd789b18a93f0,image,opened,2026-03-08 21:01:41,
29839b6f-bb09-4b13-9333-676f93f35831,2026-01-30,msg_00050,U3e5dd3a641c58ad50e49f095c6f1e306,U43f4eca477d2931d046f040b8858616b,image,clicked,2026-01-30 19:17:39,https://example-saas.jp/lp/newmenu
4d0399a2-061c-4989-9935-e15665419553,2026-01-31,msg_00035,U7e808d11d6f9901a954a542a7ee09918,Ufc0624b25d166ddbb763d0277d7e71da,text,delivered,2026-01-31 05:27:50,
76a349ae-0ab3-4017-aceb-61a2a2cadc9e,2025-11-21,msg_00010,Ue7310890b01058478be93761a56d0aa0,Ube5806cc2ebd8aebe4c02e890b92505b,imagemap,opened,2025-11-21 20:55:17,
7c4f95f1-444f-449d-a12c-c7f524eab126,2026-03-23,msg_00073,Ud4a92c8c8050eed40ef171cc2784d638,U9f887e8da40ea6293714f47a58e6f2d2,imagemap,delivered,2026-03-23 19:22:31,
dbac32c7-5dfe-414a-98f8-48f9936c2857,2026-02-08,msg_00051,U3bae1603803a839c0cb52f511d9cb8f6,U591d2a0a5981b6a4d1f7dccdea8a62fe,image,opened,2026-02-08 08:16:49,
b61e6801-2034-4ae4-9c26-0690a9f4eee4,2026-04-08,msg_00041,Ue7310890b01058478be93761a56d0aa0,U8c20fb07f3a8b95de49a8487549c5994,text,delivered,2026-04-08 00:35:25,
23673653-2e62-4c22-b962-b7685b24f22a,2026-02-14,msg_00098,U743849e63f8101ac616f8fd0ba84a167,Ue5d5cc36181580d0aef0b372181f09cd,imagemap,delivered,2026-02-14 07:19:12,
b956033d-8dbd-49e3-bcba-4978ca47f624,2026-02-20,msg_00048,Ue7310890b01058478be93761a56d0aa0,Uba718c39b7dcbdf5fb06111269292d7a,flex,clicked,2026-02-21 00:57:07,https://example-saas.jp/lp/newmenu
5e0fe261-2ccd-40f9-9918-ca89dca41ab4,2025-11-19,msg_00019,U743849e63f8101ac616f8fd0ba84a167,Ufc114c57f9c97d04342397ec45b0f425,flex,clicked,2025-11-19 10:58:00,https://example-saas.jp/survey
b47da409-a9d0-4029-8d9c-d5d7325d2e07,2026-02-28,msg_00117,U743849e63f8101ac616f8fd0ba84a167,d601e3cb8aa27e46e9daeea2c4812c39,video,delivered,2026-02-28 23:37:11,
a905cebb-aa7c-472a-b8a7-fb75b211126e,2025-12-22,msg_00013,Ub0341314a5534ea92b26fa8adc30543f,Ubdb370c5e1dc7cb5d5ed4a1ec06cffb7,image,delivered,2025-12-22 07:22:13,
0584a50b-6b6f-4a73-8e7f-39e9f565df2b,2026-01-24,msg_00007,Ub0341314a5534ea92b26fa8adc30543f,Ubd02871cad3f9a203c629b01264b0eca,imagemap,delivered,2026-01-24 08:10:24,
19007317-47c6-4b30-a2ac-fb4177945192,2026-03-23,msg_00073,Ud4a92c8c8050eed40ef171cc2784d638,U92b492f53733a43ecd56d378a4082b68,imagemap,opened,2026-03-23 19:21:30,
04987f58-d3df-4101-94a1-e196b5ceef81,2026-03-20,msg_00106,U3bae1603803a839c0cb52f511d9cb8f6,6db2d6c79aad4b23e09986e8d79a6a1a,video,delivered,2026-03-20 21:11:29,
e3688625-8c8b-46d5-b713-1322a4c6f1b3,2026-03-29,msg_00097,Ub0341314a5534ea92b26fa8adc30543f,Uf9aa8af0a3b80a3f184501a60a03939d,text,delivered,2026-03-29 02:11:59,
859ee817-0777-475d-b051-1a59d67b7123,2026-04-05,msg_00054,U3bae1603803a839c0cb52f511d9cb8f6,U97915089257f23d52d27d91bb073cbf6,image,delivered,2026-04-05 20:40:17,
ce814790-5c42-41cc-b715-c9d779ac60ae,2025-12-23,msg_00109,Ue7310890b01058478be93761a56d0aa0,645a2755d2c47b76ca16d9eee2172670,text,delivered,2025-12-23 19:47:21,
a0bb1087-1c88-4cc2-83a6-7139c0dc8bf1,2026-02-09,msg_00083,U3bae1603803a839c0cb52f511d9cb8f6,9b89e8cb328cbe1d7b430c0533812c70,flex,clicked,2026-02-09 05:11:21,https://example-saas.jp/campaign/spring
dbe96553-61a1-495f-a68e-6fcbe9d8beaf,2025-11-16,msg_00020,U3bae1603803a839c0cb52f511d9cb8f6,Ue9f88ad1b9c4baa3b650410f59a6a2fc,text,opened,2025-11-16 02:40:27,
47f767a1-235d-47fd-84f8-44c39abe147e,2026-03-21,msg_00023,U743849e63f8101ac616f8fd0ba84a167,c40b3199549bc7168bb59242040582f9,imagemap,delivered,2026-03-21 22:25:29,
e296795b-2422-4e44-8404-39e0e7b6644d,2025-12-09,msg_00069,Uc20f9c7e9b662bedec3cb78e127885c7,U02b9271eadf273390927e965823621b7,imagemap,delivered,2025-12-09 17:26:28,
ba57e765-0cdc-41f1-afdb-d14a8c1afd2f,2026-02-08,msg_00051,U3bae1603803a839c0cb52f511d9cb8f6,U89a53b6f3ea9ffca66a115c5f76388a6,image,delivered,2026-02-08 06:54:51,
caba1b35-4135-4b79-96bf-07bf89644b9c,2026-03-06,msg_00068,Ub0341314a5534ea92b26fa8adc30543f,U768dbb28946fd8e379db090205f1efc9,video,delivered,2026-03-06 09:07:46,
b9f9053e-177d-4cb6-896b-6806bae146c7,2026-04-01,msg_00072,U4784fc8a8e1e4eb2435ad84e0ad052f2,U52f33072a46d5b5b1326c211be54a937,image,opened,2026-04-01 19:09:01,
3e747776-f166-4ee1-b950-436aafc019f4,2026-02-19,msg_00016,U837b70463a585f85743b5bfb3b49c9fd,U30efba511dc1c9e1cb965a44524b5dba,flex,delivered,2026-02-19 16:15:08,
16485113-f047-481c-bf61-1b1b3b9802f1,2026-01-01,msg_00027,U4784fc8a8e1e4eb2435ad84e0ad052f2,Ub41c580aace20f97046efdbc60458e49,image,opened,2026-01-01 16:43:27,
c8c201eb-d6ac-40dc-bbbc-631a794700b1,2026-02-28,msg_00117,U743849e63f8101ac616f8fd0ba84a167,Ub360ccc4da0a7b42f23a7c427a1adfae,video,delivered,2026-02-28 03:54:24,
f178ad03-197a-4b75-84fd-8b8a6241b866,2025-11-17,msg_00099,U3bae1603803a839c0cb52f511d9cb8f6,U359089f5f13019c2a57564e8832c7f79,text,delivered,2025-11-17 20:21:53,
15c4d2ba-a971-42aa-ab3f-3bc325b408d8,2025-12-23,msg_00061,Ub0341314a5534ea92b26fa8adc30543f,U31af74bf8848bf053b580f4c24a34d83,imagemap,delivered,2025-12-23 21:49:58,
4530349a-9f43-4815-8823-321ee000c1a0,2026-02-06,msg_00022,Ub0341314a5534ea92b26fa8adc30543f,U97a88598e38ff78db6873157d8a5f14b,flex,delivered,2026-02-06 03:19:05,https://example-saas.jp/lp/newmenu
b3c15f4a-9aed-4a13-a22d-ed46601b7297,2025-12-25,msg_00045,Ue7310890b01058478be93761a56d0aa0,Uc8ac50c93940e71593aed425bb7eefbe,video,clicked,2025-12-25 18:25:01,https://example-saas.jp/lp/newmenu
6dabe4d8-0e45-4527-900c-f66a57d11d4f,2026-01-24,msg_00007,Ub0341314a5534ea92b26fa8adc30543f,U45d6f8501a241e2c7d2cf986edef7d32,imagemap,delivered,2026-01-24 19:24:30,
cd62f01d-c80c-4eac-90f3-a34c0790a1e9,2026-02-24,msg_00039,U743849e63f8101ac616f8fd0ba84a167,U85b1b2e30ed3f0c95effedfcd33dc385,flex,delivered,2026-02-24 07:07:54,
736c35f5-7cb7-478c-ba1b-5b3630590a33,2026-03-20,msg_00106,U3bae1603803a839c0cb52f511d9cb8f6,U717d50287b4339aebde6e76919b67c8c,video,delivered,2026-03-20 23:31:20,
9ee8cdab-e5da-4167-b611-154983645345,2026-01-07,msg_00110,Ub0341314a5534ea92b26fa8adc30543f,Ued99da6f4b9109e278dac6a10448ba60,video,delivered,2026-01-07 12:55:53,
34d0112c-db80-4ad6-81b6-4a00e8457c14,2026-03-04,msg_00056,U1ca413826b7044d134c9c3132420c9de,Ue215323d5907e1cddb16e9b07198da61,text,delivered,2026-03-04 04:07:46,
c859a390-042f-47c7-ac81-27f65b64b351,2026-02-08,msg_00051,U3bae1603803a839c0cb52f511d9cb8f6,Uf1574c20b9e32acd87210b44d54b5c2c,image,opened,2026-02-08 03:33:01,
80b4300d-4472-46ca-a7c7-b11dafce6b41,2026-01-31,msg_00035,U7e808d11d6f9901a954a542a7ee09918,f59ba41a346d934a311eb4cf87614ee7,text,delivered,2026-01-31 09:34:53,
722e1ee5-782a-4b5c-aff8-95bda06eb155,2025-12-19,msg_00064,Ub0341314a5534ea92b26fa8adc30543f,1b235711a161cce888c94b90ebc14f85,image,delivered,2025-12-19 17:21:54,
859f3972-ef55-49c1-aaab-f597bb3986b3,2026-01-26,msg_00103,U3bae1603803a839c0cb52f511d9cb8f6,U26f42932f0c5199f5f16b702362ff3ca,flex,delivered,2026-01-26 23:46:02,
5c10cad7-a1dc-43d7-a258-f668a743e35f,2026-01-24,msg_00113,Ub0341314a5534ea92b26fa8adc30543f,U4fc0eb3cccb50ffb4147b8466b8fc480,text,delivered,2026-01-24 15:24:34,
6dd28166-5443-479e-a145-06cc96c68b40,2026-01-31,msg_00035,U7e808d11d6f9901a954a542a7ee09918,Ud1bc68b81499e069d862cef28e19d6b1,text,opened,2026-01-31 13:47:25,
30698fb3-fcdb-4645-84ce-0c430a0417d7,2026-03-08,msg_00112,U3bae1603803a839c0cb52f511d9cb8f6,Uf967789e5c2937357888654e2e745d93,image,opened,2026-03-08 06:18:15,
2a44ab99-4ce7-4c60-8e59-108c5ab69cbd,2025-12-21,msg_00022,U3bae1603803a839c0cb52f511d9cb8f6,U79262e1d7643b73cd8b59c4138db140f,video,delivered,2025-12-21 07:02:36,
7e6ad3e6-cc6e-4998-b7ae-47d8c1083cad,2026-01-18,msg_00102,U227d1cd1a801c367de206ec4bbca7330,21886a0f077fc2e15e165c9a1e87beb2,video,delivered,2026-01-18 08:20:27,
f19dbe04-0407-42ff-8cf4-acb36b07ad36,2025-11-23,msg_00053,U743849e63f8101ac616f8fd0ba84a167,U8c4f74d5d80019aa261ed446874981e0,video,opened,2025-11-23 22:53:43,
848b2a46-8da1-407c-beba-de974bd1db8a,2026-01-10,msg_00044,U30ad60bba5da9837ca5dd0230ca8f531,U6f5cf39472c2e7a60823ff71bbb17c17,video,delivered,2026-01-10 15:41:33,
ca93c61f-aae6-4d96-91a0-7f2bd3e78532,2025-12-22,msg_00013,Ub0341314a5534ea92b26fa8adc30543f,fe9ceb36226db35e2b651ccc559cc14d,image,opened,2025-12-22 23:27:40,
35bc73b4-f87f-454e-8c97-b3525f6aa1f0,2026-01-26,msg_00103,U3bae1603803a839c0cb52f511d9cb8f6,U7c13b429eebfa6c55660c7259efa783f,flex,clicked,2026-01-26 08:26:31,https://example-saas.jp/survey
91f3d09d-ec8e-46ee-a8d4-f2db66a0ad01,2026-01-24,msg_00007,Ub0341314a5534ea92b26fa8adc30543f,U7d36f1a634cddba30b556aef7896f3b7,imagemap,delivered,2026-01-24 03:53:42,
27e55bf1-f9a1-41cb-8593-be3ca44f8f3b,2025-12-23,msg_00109,Ue7310890b01058478be93761a56d0aa0,Ud95458a3b968a0fc4e169b5c333f7ab7,text,delivered,2025-12-23 22:05:13,
c739162e-9b4c-49d0-b15c-52558e578b22,2025-12-24,msg_00062,Ub0341314a5534ea92b26fa8adc30543f,Uff2e7806c1a0fde67d5f4a3ff0216cac,video,clicked,2025-12-24 08:54:59,https://example-saas.jp/coupon/500off
3d5da345-b246-45f0-be24-db46381964dc,2025-11-17,msg_00099,U3bae1603803a839c0cb52f511d9cb8f6,U454678d495cf9316e42935b6938e9ea6,text,opened,2025-11-17 05:22:25,
01561ad1-ce05-4adc-ad56-84b7b323f7f5,2025-11-30,msg_00025,Ub0341314a5534ea92b26fa8adc30543f,U3cafa19a24c5c5fd6d9ea5f711c7e495,imagemap,delivered,2025-11-30 06:37:50,
4672e173-0300-4d51-9005-30e44b2b0a07,2026-04-10,msg_00101,U743849e63f8101ac616f8fd0ba84a167,Ubaad7c13ed967567c8867d5fff1237c1,imagemap,delivered,2026-04-10 01:53:52,
d5d6cd23-7ba6-4ca2-a058-985814aacb61,2026-03-06,msg_00068,Ub0341314a5534ea92b26fa8adc30543f,Ubefc6fc19c22cffecd3f59f3a26aaf4e,video,delivered,2026-03-06 16:56:55,
38dd187c-40b1-4d8d-99b7-0447a05f1490,2026-01-10,msg_00044,U30ad60bba5da9837ca5dd0230ca8f531,U62e3700b80bf4a6d879d50e1d0b9cbda,video,delivered,2026-01-10 13:17:45,
a0a724dc-83df-40ce-b967-3d077a28ef7a,2026-03-14,msg_00009,U743849e63f8101ac616f8fd0ba84a167,Uc347ae89d83b1aacf6979a475c19de34,imagemap,delivered,2026-03-14 09:31:20,
56dbae70-4558-4f3a-92c0-15555dd643d2,2026-02-19,msg_00016,U837b70463a585f85743b5bfb3b49c9fd,Ue645154952575ff9d0155685f47c9baa,flex,delivered,2026-02-19 01:52:28,
09d132ff-e2d8-4304-8a82-451077c56184,2026-02-10,msg_00058,Ue9a1e8a5b83a6b296d43c957a8cfba4a,Ua608ab8d345973496a3b763f9f74a852,video,delivered,2026-02-10 23:14:18,
a90ff123-2a85-4113-a665-8cddbf03aa24,2026-03-29,msg_00097,Ub0341314a5534ea92b26fa8adc30543f,U102116b851432546e30b913a4ca80ab9,text,opened,2026-03-29 21:06:56,
f41183de-488d-4f12-b455-7771cd98a02b,2025-11-30,msg_00025,Ub0341314a5534ea92b26fa8adc30543f,U4f059dd27a61f464bc386604eb800686,imagemap,delivered,2025-11-30 00:30:31,
7b2f20c5-0630-4bd9-9ed0-e78fb45a4330,2026-02-25,msg_00008,Ub0341314a5534ea92b26fa8adc30543f,U1d95abd8852b9e8972a5dcf911c0f9eb,image,delivered,2026-02-25 14:29:44,
d1373caf-6111-446f-ae3e-433f0beb7da8,2026-02-10,msg_00058,Ue9a1e8a5b83a6b296d43c957a8cfba4a,Ueb07f67d5e2eebaeac5db51de7b176c6,video,clicked,2026-02-10 20:55:40,https://example-saas.jp/campaign/spring
b72d527b-133a-4e47-ba53-157b3f7ce624,2026-03-11,msg_00067,U7e808d11d6f9901a954a542a7ee09918,Ua7d2b1c5e4a927c05e6e610505178907,video,opened,2026-03-11 14:20:24,
eec4f690-cd3d-4ec0-a94f-97cee251ad30,2026-02-24,msg_00111,Ub0341314a5534ea92b26fa8adc30543f,U482c4c83f86bf329e78713807a5c7690,flex,failed,2026-02-24 16:13:49,
17f8d046-3b23-4d41-b82b-4655254f8f5c,2026-01-31,msg_00035,U7e808d11d6f9901a954a542a7ee09918,U29a0b4d1031e104ffb57915be2061c4f,text,delivered,2026-01-31 03:42:04,
30f7c0ef-781e-42f2-bc5f-a9e5504a79e7,2026-01-18,msg_00102,U227d1cd1a801c367de206ec4bbca7330,3d225af5b592f3cb3989bfe7d01a76c3,video,delivered,2026-01-18 07:21:41,
3185e569-2c12-40c6-a9a0-f3fab710caec,2026-01-26,msg_00103,U3bae1603803a839c0cb52f511d9cb8f6,Ua33e132c0dc15cc72679b30df4bdd5d6,flex,delivered,2026-01-26 08:29:43,
f23367bc-43df-4be1-985f-26681a26d3da,2026-03-31,msg_00046,U4784fc8a8e1e4eb2435ad84e0ad052f2,U37537785ba00a1f81e0915c74bbedb61,flex,opened,2026-04-01 00:32:10,
aebc48f7-383d-4c4f-bed3-f3d69aca97ed,2026-02-20,msg_00095,Ub0341314a5534ea92b26fa8adc30543f,U03bafbb283920bc18ce8c314b9c9fed8,text,opened,2026-02-20 07:35:27,
32d3f33b-fce5-4fac-b2d4-f4ac2007df7d,2026-03-04,msg_00056,U1ca413826b7044d134c9c3132420c9de,68b3f10bcb32df4a55f6a709253a4469,text,delivered,2026-03-04 22:01:56,
b23faf03-23a1-4253-ace1-e1562890b99e,2025-11-23,msg_00053,U743849e63f8101ac616f8fd0ba84a167,U1d852cc368264725d0ffbb7fa9b18ff3,video,clicked,2025-11-23 03:42:55,https://example-saas.jp/coupon/500off
19daf373-cd5a-46bd-8daf-6a2d12f26cde,2025-11-30,msg_00025,Ub0341314a5534ea92b26fa8adc30543f,Ua10734f73092f9bc1066f165eab7b916,imagemap,delivered,2025-11-30 10:48:58,
107b0438-d98d-49bf-87e4-69565a1fe608,2025-12-12,msg_00029,U743849e63f8101ac616f8fd0ba84a167,Uf2ca2ef56c0475409d6e5d33cbbc0bef,imagemap,opened,2025-12-12 16:23:48,
ec2c4931-5cc2-4f1f-88a6-2927a9852d5d,2025-12-07,msg_00003,U227d1cd1a801c367de206ec4bbca7330,U89b81ed3599d9de940fcf8518786138a,image,delivered,2025-12-04 10:48:27,
26065767-1624-48ef-8cef-920f5747efd6,2026-01-26,msg_00086,U4784fc8a8e1e4eb2435ad84e0ad052f2,Uf9b1ab3ae7a4fbde1682068e3f8d73b5,text,delivered,2026-01-26 17:03:25,
7a227a64-deff-4d21-81ba-08138a9a20f0,2025-11-19,msg_00019,U743849e63f8101ac616f8fd0ba84a167,Uc198fbcdd382bc8128110f19c5e3aee5,flex,delivered,2025-11-19 21:16:46,
d3248f5e-eb1d-4a2e-adf5-1bb4e75d072b,2026-01-10,msg_00044,U30ad60bba5da9837ca5dd0230ca8f531,U52dd3884f2344135a79664b04021512b,video,delivered,2026-01-10 07:26:33,
d6815891-dd7a-429f-8118-070dcd638823,2026-03-20,msg_00092,U743849e63f8101ac616f8fd0ba84a167,Ub5f1252ba809e2de5861912739170321,video,delivered,2026-03-20 23:17:39,
dc8d6e86-ea78-480a-82fe-f7c09590d247,2025-12-12,msg_00004,Ub0341314a5534ea92b26fa8adc30543f,U0bc942b233f0dfa5d32bb638b4820fc2,video,delivered,2025-12-12 15:49:09,
8eb36fdc-8626-4fa7-a24b-ee950f77a2e3,2026-03-25,msg_00079,U743849e63f8101ac616f8fd0ba84a167,Uba0f57e09dd64b12bc1924b39be24a8c,text,delivered,2026-03-25 10:03:55,
ed93611f-83e0-49b9-b576-a83e23dd6efd,2025-11-24,msg_00033,U3bae1603803a839c0cb52f511d9cb8f6,Uf074f026043953f5f65ce14bbf533af3,text,opened,2025-11-24 20:40:59,
c13ef55c-9afb-4e5d-99f5-66fd72412adf,2026-01-24,msg_00066,U3bae1603803a839c0cb52f511d9cb8f6,Uee47ae3b45a1467ac19debe53aac2aa1,image,opened,2026-01-24 11:43:37,
f38f4eb6-0758-4e78-889c-e52371f38ca5,2026-03-08,msg_00112,U3bae1603803a839c0cb52f511d9cb8f6,Ue93f5ae7c02c0a2ca766f666cd575690,image,opened,2026-03-08 01:20:36,
b88dd3d3-af52-409e-83b9-2f11a2309cd0,2026-01-26,msg_00063,Ub0341314a5534ea92b26fa8adc30543f,Ucc228798c99dcef54ccd9f0c52534347,imagemap,delivered,2026-01-26 18:24:07,
3095a2cd-105e-4e84-93c6-5225e80f9517,2025-12-18,msg_00114,Ub0341314a5534ea92b26fa8adc30543f,U97ac74a58d6da4a0152893e3cb7b1ebd,flex,opened,2025-12-18 04:40:08,
ddf407f4-0e55-47c6-9df3-c18712b8fc42,2026-03-20,msg_00106,U3bae1603803a839c0cb52f511d9cb8f6,Ua4b41e225ec6ca754d9c8e97d6ced94e,video,delivered,2026-03-20 07:54:20,
18b14061-e82b-4857-ad99-e595e7dc0037,2025-12-12,msg_00029,U743849e63f8101ac616f8fd0ba84a167,U6a1b5db7fb6197d8edf797551244156b,imagemap,delivered,2025-12-12 03:32:25,
791b01a0-95d3-4110-80ce-ad6b29ce5452,2026-04-05,msg_00054,U3bae1603803a839c0cb52f511d9cb8f6,f40b717c822735a73efe4a4149ffade7,image,opened,2026-04-06 01:06:28,
8cf418f6-c5c4-4ba0-a679-d591196f38c5,2026-03-22,msg_00119,U3bae1603803a839c0cb52f511d9cb8f6,U51e3b297ef7c0f02da62eb08d90cbfee,imagemap,opened,2026-03-22 04:05:17,
ad098ab2-0cb9-4b6d-9353-acfce9591a66,2025-12-22,msg_00013,Ub0341314a5534ea92b26fa8adc30543f,U03881a99d1d7c49e8e5cd145452632c4,image,opened,2025-12-22 16:29:39,
91191244-5f79-42b3-9940-e563ba15e9eb,2026-02-27,msg_00065,Ub0341314a5534ea92b26fa8adc30543f,U98e00b76babf6199c813153737e3701e,imagemap,open,2026-02-27 06:41:32,
351af961-2376-4454-8173-25f6d8ac28b1,2025-12-25,msg_00077,U743849e63f8101ac616f8fd0ba84a167,Ufd0c776e241cae448924300f24a3b3ef,text,delivered,2025-12-25 10:16:14,
e73eeba3-3374-4174-ab34-f3c262b6d2cb,2025-11-30,msg_00025,Ub0341314a5534ea92b26fa8adc30543f,U5ad73794f375ca3f8ab34094c8de7e44,imagemap,delivered,2025-11-30 12:03:57,
8d3c79c9-2da0-4c8d-a873-daec0c35f286,2026-02-16,msg_00021,U743849e63f8101ac616f8fd0ba84a167,U3bcbe9f937649f0a2a659d30bb4442a5,flex,delivered,2026-02-16 17:05:31,
ee0d5365-6d75-4c21-95d1-b6105709c562,2026-03-03,msg_00093,U743849e63f8101ac616f8fd0ba84a167,U0bbf3caa6624dab50717c97a9c34030b,imagemap,delivered,2026-03-03 00:27:37,
a6d1ff17-e942-4682-aaf9-ac2920db5c84,2026-03-26,msg_00040,U3bae1603803a839c0cb52f511d9cb8f6,U6284ad3925b6a7df8b634100cade0ca0,imagemap,clicked,2026-03-26 22:02:43,https://example-saas.jp/coupon/500off
b16726f5-df87-4989-9bb5-733d418dbfb8,2026-03-30,msg_00068,U743849e63f8101ac616f8fd0ba84a167,U3c2118aac14165eb179324a461f06a90,video,,2026-03-30 18:41:10,
33da9228-308a-47be-bd52-8b98d44c0222,2026-02-28,msg_00117,U743849e63f8101ac616f8fd0ba84a167,U764b9f79a319680d38deae9eca21967a,video,delivered,2026-02-28 19:20:35,
4b3bd8cd-0b18-4972-a67b-c734ad0d481b,2025-11-27,msg_00018,U3e5dd3a641c58ad50e49f095c6f1e306,U8857a290736b4c622f7697a7af9d463a,imagemap,delivered,2025-11-27 19:48:56,
bc4a54b3-df82-446d-9e90-0dedca91dc22,2025-12-21,msg_00022,U3bae1603803a839c0cb52f511d9cb8f6,U97cb5db5a7c359514169a33473ae9057,video,delivered,2025-12-21 04:32:35,
49b09ff1-f83c-4211-a5f1-d374cc5fbbf2,2025-12-09,msg_00059,U3bae1603803a839c0cb52f511d9cb8f6,d93042a27dbb6e6011f68c425f51222c,imagemap,delivered,2025-12-09 03:22:15,
90e23634-da0c-49a1-b34d-d96cf29bb338,2026-03-05,msg_00014,U3bae1603803a839c0cb52f511d9cb8f6,Ud57ef1b24ed89352c76e5e49c5254c50,flex,delivered,2026-03-05 16:10:58,
3053e838-9388-42d5-81bd-0592eda7a9c8,2026-04-06,msg_00074,U3bae1603803a839c0cb52f511d9cb8f6,U25b17316754c62546bb44c3d13e8ebe7,text,opened,2026-04-06 08:32:05,
cc85ad44-b752-4ed4-aeba-f5d073aeca0f,2026-02-10,msg_00058,Ue9a1e8a5b83a6b296d43c957a8cfba4a,U1ffa7353538792362a6db72b8a74094e,video,opened,2026-02-10 20:05:45,
20860fdc-23eb-43d6-b32c-13521d24b1e1,2025-11-30,msg_00025,Ub0341314a5534ea92b26fa8adc30543f,U79fd867bb1c734541db62d24b170eff5,imagemap,clicked,2025-11-30 23:10:58,
09c330a8-9ebd-47b9-99d1-c1a6a42a250a,2026-04-10,msg_00101,U743849e63f8101ac616f8fd0ba84a167,Ue0f6ce789d127dff9e7125751e23723a,imagemap,delivered,2026-04-10 04:28:51,
179c0e04-b8ea-4d32-8d50-08519f566c94,2025-11-23,msg_00024,Ue8d9224ecde331ce692edfce0b5ecdc4,U763c8f48e7ad0768999adc00185d9573,text,delivered,2025-11-23 02:11:58,
f40cb066-8161-45b4-9636-ef297c46bf29,2026-02-15,msg_00006,U743849e63f8101ac616f8fd0ba84a167,U2a7b7061506b41a5354931d147a6c1d3,flex,failed,2026-02-15 02:13:20,
6cebbac6-3110-4621-b51e-dabd02d3cf67,2026-03-08,msg_00112,U3bae1603803a839c0cb52f511d9cb8f6,Ue43ac097d57668ade0b81864b3edd087,image,opened,2026-03-08 14:49:26,
6d9360ee-82cc-42e7-8fd9-774b7e749302,2025-12-25,msg_00077,U743849e63f8101ac616f8fd0ba84a167,Ubd55853afd671acb3d05fc89ed591666,text,opened,2025-12-25 18:43:51,
5b0ac2f1-26b1-44b2-9ea9-d1a41dc6774d,2026-01-13,msg_00060,U3bae1603803a839c0cb52f511d9cb8f6,Ubd946cd96e48a4d3e4784d53acf82a43,image,blocked,2026-01-13 19:45:19,
28bbe1ed-3522-4d3b-b769-cfa6c2202189,2026-04-08,msg_00078,Ud4a92c8c8050eed40ef171cc2784d638,Ua3d097f9a59733831d1b718f0792a5c9,image,clicked,2026-04-08 01:24:39,https://example-saas.jp/campaign/spring
0d4bb16a-0bed-43d3-b726-d1920515942a,2026-02-14,msg_00098,U743849e63f8101ac616f8fd0ba84a167,U589d7f0955c90cce8c601951e741b1bf,imagemap,delivered,2026-02-14 08:49:25,
19052793-f1db-4c30-b3d3-d480ef9c8b49,2025-12-12,msg_00029,U743849e63f8101ac616f8fd0ba84a167,U18daaeba30124844f089ced642c797c5,imagemap,delivered,2025-12-12 04:08:24,
f3f0f7ab-3171-4aaa-92d6-ed4664dc2e70,2026-01-31,msg_00035,U7e808d11d6f9901a954a542a7ee09918,Ud1d88d0e2d9d95e91525dce66dd35b15,text,delivered,2026-01-31 20:23:37,
33332e0f-f28a-4ecb-a60a-068b9b69f1aa,2026-01-07,msg_00110,Ub0341314a5534ea92b26fa8adc30543f,U6126cab4f6dd2a1c18096cfa31185010,video,opened,2026-01-07 14:42:15,
7e29cbb5-34a9-4e64-86a0-6b16a36f20e4,2026-03-08,msg_00112,U3bae1603803a839c0cb52f511d9cb8f6,U6640d5e8cdfa23cdbf7d4fd8539baa9d,image,opened,2026-03-08 04:26:31,
21a01c05-42f1-40ad-9868-3fd4bf0305b0,2026-03-26,msg_00040,U3bae1603803a839c0cb52f511d9cb8f6,41c19adeac2ce1a23af44383ef1c7208,imagemap,delivered,2026-03-26 15:08:22,
da4a1763-8d35-4cf7-a903-c966358db22d,2025-12-17,msg_00032,U3bae1603803a839c0cb52f511d9cb8f6,U3b3c9f92b2544d72d936fa2b4744fd90,video,delivered,2025-12-17 09:01:22,
15bc5661-b081-4fb3-9e42-e3b94e591349,2026-03-20,msg_00106,U3bae1603803a839c0cb52f511d9cb8f6,Ua778acba77f779bd3de3cf50a80b383a,video,opened,2026-03-20 03:50:38,
55e7c6fe-3f9e-4fc0-b43d-c74d5b90b59f,2025-12-24,msg_00091,U3bae1603803a839c0cb52f511d9cb8f6,U7cd0d8d1a57ac7fd7c9b62b78c4ea816,imagemap,delivered,2025-12-24 16:11:25,
8f3905dc-c51f-4cf8-b85e-da158e3860e6,2025-12-18,msg_00114,Ub0341314a5534ea92b26fa8adc30543f,U6035d3f2eec819e6d76e7a5afd852b30,flex,opened,2025-12-18 15:50:33,
739bf8d2-ec42-4e4f-8d69-bc8590cef52f,2025-12-25,msg_00077,U743849e63f8101ac616f8fd0ba84a167,U02a02665b602ada801e77d530080f11c,text,delivered,2025-12-25 18:17:33,
1705dd3c-9f1b-496e-b728-bc7e6866d937,2025-12-24,msg_00062,Ub0341314a5534ea92b26fa8adc30543f,U4a61703e788f088d1ea803e1258ab6ea,video,delivered,2025-12-24 15:38:49,
56d96e63-6394-4fac-8c98-201af12b5554,2026-04-08,msg_00078,Ud4a92c8c8050eed40ef171cc2784d638,Uc97787e4d80b0552ae61f85d7ca95f6d,image,opened,2026-04-08 09:43:40,
5ff96568-90e0-4642-9205-91bc84d0f33c,2025-11-22,msg_00047,Ue7310890b01058478be93761a56d0aa0,Ua6b470821283edbc99e74a75f16943bd,video,opened,2025-11-22 03:09:35,
d0b0acf1-57a0-4a32-aa73-a84d459aa7cd,2026-01-07,msg_00110,Ub0341314a5534ea92b26fa8adc30543f,Ua3cf377d84defa7079f9bbe6dfbe494d,video,delivered,2026-01-07 13:00:10,
0145a0cc-70d4-43e3-b82c-d0337f6c8da5,2026-04-04,msg_00049,U476acbdef8e9a16d24575e4f6d7b0f31,U578eb5c50e173a6228de80dab32ddb3f,text,opened,2026-04-02 17:48:58,
f302b93d-b482-4a05-a27a-1a2efa2bc18a,2025-12-12,msg_00004,Ub0341314a5534ea92b26fa8adc30543f,4d1da6dbd0628a74789acaa1c170578c,video,delivered,2025-12-12 03:32:02,
eca032be-b971-4677-8bb1-68ebbc4cc038,2026-01-26,msg_00005,Ub0341314a5534ea92b26fa8adc30543f,Ube08815f8247b9a6a0b0bf8f32906165,image,delivered,2026-01-26 23:31:06,
18babd8c-a4b3-4286-8857-d3aa4e2d7a52,2026-02-28,msg_00117,U743849e63f8101ac616f8fd0ba84a167,U16f43a65b8f958db837291e68ae9694d,video,delivered,2026-02-28 23:22:30,
bfb229f9-6d2d-4b87-81f3-dbcfb0348991,2026-02-15,msg_00089,U3bae1603803a839c0cb52f511d9cb8f6,U4087a7dc617dbc5b70554845eeb5e5c8,text,delivered,2026-02-15 00:18:52,
d5ead7e1-4e21-4ad9-97ce-0836cfd4524a,2025-12-18,msg_00070,Ue9a1e8a5b83a6b296d43c957a8cfba4a,Ufb0e151b7825a887f2eb8aaaa46b6b41,imagemap,opened,2025-12-18 20:37:12,
0fbc7e92-e9b6-4ee0-ae15-e00284a024fe,2026-03-22,msg_00119,U3bae1603803a839c0cb52f511d9cb8f6,U778b0cff3c4109d6e43867fd937fe911,imagemap,delivered,2026-03-22 18:14:03,
9f0c140b-5260-4d7f-81ca-58384c963a97,2026-04-10,msg_00101,U743849e63f8101ac616f8fd0ba84a167,U36bf9e3d641895f151e6f5698ac23302,imagemap,opened,2026-04-10 13:48:10,
b9ed78d2-1633-4ccc-91fe-aa03ca48c3c5,2026-01-01,msg_00027,U4784fc8a8e1e4eb2435ad84e0ad052f2,Ub41c580aace20f97046efdbc60458e49,image,delivered,2026-01-01 16:10:41,
473a4a72-d35f-406b-90b7-92353227c8bc,2026-02-05,msg_00107,U3bae1603803a839c0cb52f511d9cb8f6,U57a9f76653dc7f9ad766ae780792f1f7,text,delivered,2026-02-05 15:10:24,
e24bbb21-f39b-43e6-976d-28b768b7fc20,2026-03-08,msg_00112,U3bae1603803a839c0cb52f511d9cb8f6,U8c77f06263067f2534bdcad1d25beec3,image,clicked,2026-03-08 19:42:24,https://example-saas.jp/campaign/spring
a7aef844-67d3-4f7a-9219-3f3175a7d3eb,2026-03-16,msg_00002,U3bae1603803a839c0cb52f511d9cb8f6,1798a6c53f8ec8be2419ca56881fc354,text,delivered,2026-03-16 18:00:01,
11a8e468-662f-45c4-b16d-4c84b6cb60d9,2025-11-30,msg_00025,Ub0341314a5534ea92b26fa8adc30543f,07eeafc723a602e399ba097454b08f69,imagemap,delivered,2025-11-30 10:56:17,
68fd0fbd-90cc-4529-843e-3b473c1f0f9b,2025-12-09,msg_00069,Uc20f9c7e9b662bedec3cb78e127885c7,U31801ad61ad788c3af0ef8a960aa4735,imagemap,opened,2025-12-10 01:28:47,
deb4e03f-de9d-46f7-859a-99e93629d248,2026-03-20,msg_00092,U743849e63f8101ac616f8fd0ba84a167,U4ce303030b60f90e7db98ec81d69c8c7,video,opened,2026-03-20 01:55:54,
12bde01d-7492-44f9-afff-5565f7532bec,2025-12-19,msg_00064,Ub0341314a5534ea92b26fa8adc30543f,5d81847a1ca613e0ee64ff2c35474d43,image,delivered,2025-12-19 17:20:24,
66d9c399-930a-4c15-a7f7-adf5c74f6bde,2026-02-25,msg_00008,Ub0341314a5534ea92b26fa8adc30543f,Uc20e829a4a1470df54bbd925be78e6f3,image,delivered,2026-02-25 06:56:28,
83d8d305-03dd-4ff8-827a-44c59b49e150,2026-04-06,msg_00074,U3bae1603803a839c0cb52f511d9cb8f6,U2f4ea954b20af7f4ecabc98c0c015654,text,delivered,2026-04-06 00:48:22,
58e20e55-6570-480b-aa6b-0b289eea3cee,2025-11-23,msg_00024,Ue8d9224ecde331ce692edfce0b5ecdc4,U7032e0bf773e9d8c79d90967e3480186,text,opened,2025-11-23 12:45:12,
c3b4d0e3-cd5e-4e0d-a6fe-dedec927ba77,2026-03-04,msg_00056,U1ca413826b7044d134c9c3132420c9de,Ufbcb9c0cb2f1bce331781f1f1a60e1ff,text,opened,2026-03-04 06:59:10,
a4c467cf-ea34-4fd6-943f-93eccb3355cb,2026-03-13,msg_00001,U4784fc8a8e1e4eb2435ad84e0ad052f2,cd778d1168331d8ad583dd3a3acd8500,image,delivered,2026-03-13 07:37:29,
c04432b3-24ac-4a31-8af8-6c26bf7224c1,2026-01-20,msg_00026,Ud4a92c8c8050eed40ef171cc2784d638,U1eb20f2ebaa84451271ea66b2456004f,imagemap,delivered,2026-01-20 21:49:31,
7f06c16c-f13c-4bdd-8262-75202a1a0394,2026-02-14,msg_00042,U3bae1603803a839c0cb52f511d9cb8f6,U7b469077d6e003c44118f7faf187dee2,video,opened,2026-02-14 08:23:33,
51217423-e563-4118-b46d-c1f17f6ffa68,2026-01-24,msg_00066,U3bae1603803a839c0cb52f511d9cb8f6,U91a1e9ce8f75a659af607ce69d85415d,image,delivered,2026-01-24 04:24:26,
605078b7-2f8c-44f0-a809-1f4bea724400,2026-03-04,msg_00056,U1ca413826b7044d134c9c3132420c9de,U9306de40e002c2c21fdcfb904ecf0cfb,text,clicked,2026-03-04 04:59:21,https://example-saas.jp/coupon/500off
8705a4fb-85e5-4a4a-aa54-5a3ee2037112,2026-03-06,msg_00068,Ub0341314a5534ea92b26fa8adc30543f,U25e08d668bc113437b48106beaf3a734,video,opened,2026-03-06 13:25:41,
320f726c-711b-4b54-98e0-0f746ce684e1,2026-04-12,msg_00105,Ud4a92c8c8050eed40ef171cc2784d638,U086d10b03f2a6f6fc5637f7763064a61,flex,delivered,2026-04-12 00:19:45,
80f588c4-5a6b-4f41-b57e-72b6e9bfce6c,2026-03-29,msg_00097,Ub0341314a5534ea92b26fa8adc30543f,4edce36b7acccf0c1f5fb2ce03ae19ee,text,delivered,2026-03-29 20:18:41,
95c03720-e5ad-4a48-85c2-e0d4f2a58c60,2025-12-15,msg_00030,U3bae1603803a839c0cb52f511d9cb8f6,U614b4c77b92125506dbb33427f3fe5d7,video,delivered,2025-12-15 22:28:44,
ce91aac3-52e6-4a40-90a0-94f64c3cd2ae,2026-01-24,msg_00113,Ub0341314a5534ea92b26fa8adc30543f,Ua545d6e929515a3130f6288c546ad5fa,text,delivered,2026-01-24 17:04:30,
cb33efeb-e471-4321-8248-873f58844b17,2026-01-26,msg_00103,U3bae1603803a839c0cb52f511d9cb8f6,Ue09ec337bdf85aac243d6dacbf92515d,flex,opened,2026-01-26 02:48:51,
492c92ab-1c4e-41eb-a6e2-8788a9b9dea4,2025-12-03,msg_00012,U743849e63f8101ac616f8fd0ba84a167,U0d5238651eff4809f6eed57b9c4b2661,imagemap,delivered,2025-12-03 07:01:21,
e7190c8d-261f-4148-acb0-39c1bcf973d7,2025-11-17,msg_00099,U3bae1603803a839c0cb52f511d9cb8f6,U3d189cd81967a250693132c4450bc9a2,text,delivered,2025-11-17 15:13:41,
d93350da-23ef-4005-a6db-ef62e5fd4891,2026-01-13,msg_00060,U3bae1603803a839c0cb52f511d9cb8f6,Ua0dbf39b02aea78f186f64f45c01dd63,image,delivered,2026-01-13 05:46:53,
d7eb09e7-cff8-4d8a-8900-9202b67d5f5d,2026-02-28,msg_00117,U743849e63f8101ac616f8fd0ba84a167,Ue418c38974aa9598aa11e34dcc803b6a,video,delivered,2026-02-28 19:53:37,
a268860f-8cc5-4520-aab2-c3378a1d1528,2026-04-04,msg_00049,U476acbdef8e9a16d24575e4f6d7b0f31,Ubd6aba06565b87a818a02142e0670eb6,text,delivered,2026-04-04 18:47:27,
d53548a1-c5a3-45a1-b65a-290af4ed0b01,2026-02-14,msg_00098,U743849e63f8101ac616f8fd0ba84a167,Uc9f03f3cd0846144aba6e996896232c2,imagemap,opened,2026-02-15 00:38:32,
dc12c076-aa46-4f9e-bb10-333d24fcfd1d,2026-02-05,msg_00107,U3bae1603803a839c0cb52f511d9cb8f6,Ube3b10178c6347209c49649b2f16c946,text,opened,2026-02-05 11:01:26,
8517b3af-56bd-49b4-afb7-5f306c6fc008,2026-04-01,msg_00072,U4784fc8a8e1e4eb2435ad84e0ad052f2,U4b72ddb59fbdd29786b43e211cebc73b,image,delivered,2026-04-01 06:22:53,
8e3441bb-6d1a-49a0-a303-bf31d22ae4ee,2026-04-04,msg_00049,U476acbdef8e9a16d24575e4f6d7b0f31,U47a0dec58b9821d977111b958fbf05b0,text,opened,2026-04-04 15:53:33,
68ec1999-67f8-4ea8-b111-0c35a876fb21,2026-03-21,msg_00023,U743849e63f8101ac616f8fd0ba84a167,U734f13966eb5995257cd0c048f6dfe7e,imagemap,opened,2026-03-21 18:04:43,
8d105682-d99c-4585-ab08-a374ed09ddac,2025-12-24,msg_00091,U3bae1603803a839c0cb52f511d9cb8f6,Udd98930e2ae1253113489681a31608ee,imagemap,opened,2025-12-24 20:12:45,
ddd84635-8eb8-4ae4-b2a6-e544c95a93b2,2026-03-18,msg_00080,U22a93bc29b1df104af6b1ba1cd91fc56,U89d5b49e8a1ff3365efdfdb8380d4f85,flex,delivered,2026-03-18 03:39:58,
dc5d7984-3b64-4add-b7b4-5499e3e1fba3,2026-02-10,msg_00058,Ue9a1e8a5b83a6b296d43c957a8cfba4a,U261745d63701fe4a6c8dddabf7c9e648,video,delivered,2026-02-10 22:43:55,
b9707907-d592-4b4b-91df-f40aeb17817a,2026-01-26,msg_00005,Ub0341314a5534ea92b26fa8adc30543f,U35700c785213f9ce1507e86d9c3142cc,image,delivered,2026-01-26 13:43:50,
77a7eed2-a565-4e6e-837a-96f0e3d0d9b9,2026-03-20,msg_00092,U743849e63f8101ac616f8fd0ba84a167,Uf01e3a5423629d1897cd098d206215d0,video,delivered,2026-03-20 13:32:55,
c47b8281-931e-42a8-9d37-3715e9121478,2026-02-05,msg_00107,U3bae1603803a839c0cb52f511d9cb8f6,U40cd552a30e1e9944924b74f8b6d0a38,text,delivered,2026-02-05 12:42:39,
4fb6747c-62f0-4b72-b6bb-674b337a738c,2026-02-12,msg_00032,U3bae1603803a839c0cb52f511d9cb8f6,U682cbc378a0ac50c0d16932dcd34dc4d,video,,2026-02-12 23:06:51,
745c6b0a-a491-4e55-8601-aa9ab33a155e,2025-12-25,msg_00045,Ue7310890b01058478be93761a56d0aa0,U72ba99c87537136af5f054f8ebc0c7ad,video,opened,2025-12-25 13:39:14,
7d14e487-1ae0-4d7b-8ff7-99a84ba9bb8a,2026-03-06,msg_00068,Ub0341314a5534ea92b26fa8adc30543f,U25e08d668bc113437b48106beaf3a734,video,delivered,2026-03-06 11:35:07,
f99164fd-9301-4e0e-9de8-7e77f5bfb60a,2026-02-20,msg_00095,Ub0341314a5534ea92b26fa8adc30543f,U4c4764e66e780f038e25c4fc99cf383e,text,delivered,2026-02-20 00:47:55,
e61f98b9-b51f-497b-a5cb-d3685a035aaa,2026-02-20,msg_00095,Ub0341314a5534ea92b26fa8adc30543f,Uc1f87f70561616c45f5b832086cf96b9,text,delivered,2026-02-20 21:50:44,
282621a5-a469-4f24-b300-41854dc1ece9,2026-03-22,msg_00119,U3bae1603803a839c0cb52f511d9cb8f6,Uf33b0c41c00fec43ec1a65e1987044f4,imagemap,delivered,2026-03-22 21:30:15,
40f374f7-aea9-4fda-b0fa-5c9eccd52498,2026-02-09,msg_00083,U3bae1603803a839c0cb52f511d9cb8f6,74c9b63e2a4448de679d8cc9cfd3d95f,flex,delivered,2026-02-09 17:50:00,
e61125de-6e60-42eb-8615-3a68a19493c1,2026-01-26,msg_00103,U3bae1603803a839c0cb52f511d9cb8f6,Ub5a55cc887ef57df34f5d9463a924ec0,flex,opened,2026-01-26 20:41:53,
88604853-966c-402d-a81c-65609bde5820,2026-03-12,msg_00084,U68d2301028fb66b51d9111f1af067e34,U36a6d0181c9505440270cd3ea50f9405,video,delivered,2026-03-12 08:39:06,
25792bb5-ad34-410b-b6e9-3a04b5041cc0,2026-02-20,msg_00028,U1fadb6bf4c876b4dd1e37960d23c5eb4,U1d041e291dfdc316d480eb407d3321d7,text,delivered,2026-02-20 11:48:44,https://example-saas.jp/survey
8fa9ec64-ccea-4f94-af53-943fc81f4e74,2026-01-09,msg_00052,U743849e63f8101ac616f8fd0ba84a167,U1b77398fcb2ee97293fb80c73127e173,video,delivered,2026-01-09 09:56:40,
590baef4-a6e5-4d7b-ac5c-2accf1f0ec43,2026-02-08,msg_00051,U3bae1603803a839c0cb52f511d9cb8f6,U1b261a93931d90caf69b9f4d68944b3e,image,clicked,2026-02-08 12:33:58,https://example-saas.jp/coupon/500off
c665ac38-8cc2-495d-9b4f-353dce7baa21,2025-12-14,msg_00085,U743849e63f8101ac616f8fd0ba84a167,U849a475787bc85a325a665c6321f9793,image,opened,2025-12-15 00:33:03,
7b760db9-87a5-4424-9167-a11d9921cdd8,2026-04-05,msg_00054,U3bae1603803a839c0cb52f511d9cb8f6,U69b25ec3b888c91caa4b040fd6ff9590,image,delivered,2026-04-05 03:06:36,
e095a576-2c22-49da-8ce1-06d277a23796,2026-03-26,msg_00040,U3bae1603803a839c0cb52f511d9cb8f6,U60c6291e846be678405cc60fb4601b29,imagemap,delivered,2026-03-26 20:06:43,
26c4a151-a16f-433e-b3fc-3f5b20e48f6f,2026-03-05,msg_00014,U3bae1603803a839c0cb52f511d9cb8f6,56260390979cbf008254a4f1719fb0d4,flex,failed,2026-03-05 07:42:10,
f43e297a-0b79-479b-aa67-05023b66b1aa,2025-11-23,msg_00053,U743849e63f8101ac616f8fd0ba84a167,Uf9f014f12f1ba2ac8470b1e244d94d95,video,opened,2025-11-23 06:45:06,
103bccaa-32a4-4751-8812-8ad49abb363b,2026-03-16,msg_00002,U3bae1603803a839c0cb52f511d9cb8f6,U4200fea22bc8c773e6f4538dec70c94a,text,delivered,2026-03-16 01:54:20,
4cd6f1f5-eab7-4a45-8b88-a752abd1f085,2026-01-26,msg_00103,U3bae1603803a839c0cb52f511d9cb8f6,U8a3f45ad526b4676410088143e49f648,flex,delivered,2026-01-26 19:18:46,
917cb61e-4aa4-4ec8-817c-df41bd21839a,2026-04-12,msg_00120,U227d1cd1a801c367de206ec4bbca7330,38d65078c3bfa40a46019c579b7a282a,text,delivered,2026-04-12 00:46:14,
4f45eb26-9eac-4470-be0c-3025b53e57da,2026-01-26,msg_00063,Ub0341314a5534ea92b26fa8adc30543f,U2f6d263899c6be8da382173c580b6fd2,imagemap,opened,2026-01-26 18:09:11,
ae15f7e4-c1b0-4c67-9f2a-7c55c62bf612,2025-11-21,msg_00010,Ue7310890b01058478be93761a56d0aa0,U207b52ab5e3fc7fe1974016089041a09,imagemap,delivered,2025-11-21 17:32:34,
71cd4201-1e74-4d3b-bbb7-8e1fbe269e68,2026-03-21,msg_00023,U743849e63f8101ac616f8fd0ba84a167,Ufae6abb585accc5698908dda09d7d85b,imagemap,delivered,2026-03-21 09:02:30,
038a976c-a6d6-4a7e-901a-ce5f74f45e0b,2026-02-07,msg_00090,U4784fc8a8e1e4eb2435ad84e0ad052f2,Ud6084714198aea78cfdde326206a4fef,imagemap,delivered,2026-02-07 10:38:40,
d195937e-4623-47d2-88a0-f529c9540438,2026-03-03,msg_00093,U743849e63f8101ac616f8fd0ba84a167,U90215b035bd5196a47bebba98eefe050,imagemap,opened,2026-03-03 15:44:54,
0e7302bc-d703-4846-b0c2-5b1fe1577fcf,2026-01-26,msg_00115,U3bae1603803a839c0cb52f511d9cb8f6,Ub70ac01ea11715a68cac36b9cd0f8dfd,imagemap,delivered,2026-01-26 14:58:40,
b376af51-4ca2-48c7-8161-88123af97e9d,2025-11-17,msg_00034,U743849e63f8101ac616f8fd0ba84a167,U86e1b34e1b7b35dc738a416390370193,text,delivered,2025-11-17 14:13:33,
ac6f9ae9-5430-4c1c-ba5c-99c37dd58563,2026-03-31,msg_00046,U4784fc8a8e1e4eb2435ad84e0ad052f2,U9e647fb86e3093b798fe49b09bdea305,flex,delivered,2026-03-31 03:22:53,
878f6505-f33c-4394-ad4d-f9b8a40f4871,2026-03-30,msg_00076,U743849e63f8101ac616f8fd0ba84a167,U9e93b4bf9a608c55ecfa84f8074d0144,image,opened,2026-03-30 06:25:25,
69225188-45c1-455d-8b0c-75c93393f60e,2026-03-21,msg_00023,U743849e63f8101ac616f8fd0ba84a167,U64a5db1b4632e71a8dea26ff71c6fc65,imagemap,opened,2026-03-21 20:48:20,
a0d6b2b6-5421-41a8-945a-87d6be73f1ac,2025-12-18,msg_00114,Ub0341314a5534ea92b26fa8adc30543f,U78451a618caf29b32c5e6651edb90e33,flex,delivered,2025-12-18 21:05:56,
fe0e0832-d1f6-4bff-afaa-db9d68b2bc0e,2025-12-12,msg_00004,Ub0341314a5534ea92b26fa8adc30543f,U05f45bedfaa771c7903263c43ba704a3,video,delivered,2025-12-12 12:39:32,
f870005a-f210-441c-93da-f75c154b932e,2025-12-03,msg_00012,U743849e63f8101ac616f8fd0ba84a167,Ub26d58f642c18b074fe007c01b2d5d7c,imagemap,delivered,2025-12-03 20:07:59,
54ab67aa-d839-4c72-acf5-9e5b62c26e95,2026-02-28,msg_00117,U743849e63f8101ac616f8fd0ba84a167,Uf47846cf780f7af63f585842fc667cd5,video,opened,2026-02-28 12:16:04,
46b633fa-a1cb-4653-abc9-351347ebd0b6,2025-12-12,msg_00004,Ub0341314a5534ea92b26fa8adc30543f,U78c6bb3da48293f658fadac722ecef2d,video,delivered,2025-12-12 09:26:33,
7c6e7e53-792f-473a-999a-12bacbce0c91,2025-12-03,msg_00012,U743849e63f8101ac616f8fd0ba84a167,U59cef1db3a9c77caa1acb7065c8b8f4a,imagemap,delivered,2025-12-03 13:07:44,
bee1fafa-124d-44d3-8931-cbd9d8ad3dbe,2026-01-20,msg_00026,Ud4a92c8c8050eed40ef171cc2784d638,Ub685b4d61268438f0f3ccb3115a7f3ef,imagemap,delivered,2026-01-20 01:42:27,
a89c2b6c-6c49-4ae8-bdf6-4f9f5bb65615,2026-02-01,msg_00075,Ub0341314a5534ea92b26fa8adc30543f,Uaea4b464d0b20cecf7e42d08a76b62d7,imagemap,opened,2026-02-01 00:09:08,
ae00ba4c-a382-4dd9-911e-abd3ab9ffafc,2025-12-23,msg_00109,Ue7310890b01058478be93761a56d0aa0,Uf275b62f035093d53c0be8b9304942a1,text,delivered,2025-12-23 16:12:09,
ec1c6be7-2b72-45d6-89d7-2befca9a3964,2025-12-23,msg_00109,Ue7310890b01058478be93761a56d0aa0,U1db0a47f67b3a0b6a50f57c1d34c1cbd,text,opened,2025-12-23 11:54:37,
0e1f0272-eeee-4245-8778-c298acabc8c9,2026-02-15,msg_00089,U3bae1603803a839c0cb52f511d9cb8f6,8b4409e1911d0e026bde7f968a4a41fe,text,delivered,2026-02-15 06:05:08,
324a1f73-89d1-40c4-973f-a6dbee31d79b,2026-01-26,msg_00063,Ub0341314a5534ea92b26fa8adc30543f,U4020fe4b40d155577757c422fc2d3694,imagemap,delivered,2026-01-26 10:56:10,
55e0275e-a2f3-41b6-9c5c-90ad4c664254,2026-02-05,msg_00107,U3bae1603803a839c0cb52f511d9cb8f6,Ubf870acd83f630f18018c5bcded50457,text,opened,2026-02-05 10:46:28,
df5b3767-5d81-414a-a7ff-a2894840af49,2025-12-19,msg_00064,Ub0341314a5534ea92b26fa8adc30543f,U359caac61b5f14013db56c31da27769b,image,opened,2025-12-19 18:29:51,
fdeab89d-8be1-4f73-ad39-fb210c66bddd,2025-11-23,msg_00024,Ue8d9224ecde331ce692edfce0b5ecdc4,Uc6a7657d628bda1a653e4e2166d9dd30,text,clicked,2025-11-23 11:50:32,https://example-saas.jp/lp/newmenu
fac5ad62-8255-44b5-a335-917604377c1a,2026-03-06,msg_00055,U3bae1603803a839c0cb52f511d9cb8f6,U53e6d4176e693eda9b5ae6ce7156c838,flex,delivered,2026-03-06 07:51:44,
2b16c31b-9664-4d9d-ac18-19a9e2d2954a,2025-12-23,msg_00061,Ub0341314a5534ea92b26fa8adc30543f,Ufdf13b849ba0404efb03189c8c444307,imagemap,opened,2025-12-23 04:54:45,
d25f86ad-994f-4d3b-b815-546a083799dc,2025-12-19,msg_00064,Ub0341314a5534ea92b26fa8adc30543f,Uc821f2ce8046e383e9a138f505551b4b,image,delivered,2025-12-19 08:19:53,
aa47c0a3-c897-4ca1-bc78-782583837f5f,2026-01-24,msg_00066,U3bae1603803a839c0cb52f511d9cb8f6,Uef4dc3f653ef26da7df45b124f9cedd6,image,delivered,2026-01-24 21:40:08,
9b9dd58b-42fc-4320-84b8-114df1015bbf,2026-04-12,msg_00120,U227d1cd1a801c367de206ec4bbca7330,U8232265ec36f14404df838cf643cb810,text,delivered,2026-04-12 10:48:01,
4f2259f5-5485-48c7-892c-2fe08ab3348e,2026-03-27,msg_00096,U476acbdef8e9a16d24575e4f6d7b0f31,U8ee3102f9ef93f234afd60470dd8d3e5,imagemap,delivered,2026-03-27 09:58:20,
12fd1b5f-f02f-4492-bcb1-c956a72e7fb6,2025-12-21,msg_00022,U3bae1603803a839c0cb52f511d9cb8f6,Uf1d898c4e6aca226d1ea2b702c097840,video,opened,2025-12-21 02:05:44,
bcb4dfe6-54de-4a91-b358-4ace77c09353,2026-03-05,msg_00014,U3bae1603803a839c0cb52f511d9cb8f6,Uacd033dc4c8eb12d2900654468e6eda9,flex,delivered,2026-03-05 04:27:59,
3f5c011b-300e-4a55-baf9-5518e5e5b1f2,2026-01-31,msg_00035,U7e808d11d6f9901a954a542a7ee09918,Udf332e0d1984149fd9b5706953e69a09,text,delivered,2026-01-31 06:40:54,
9b50d887-f1f3-4b5a-9bd1-e51c055dfbae,2026-01-26,msg_00103,U3bae1603803a839c0cb52f511d9cb8f6,d5e75a0e468a13bc201f261e31decb9f,flex,delivered,2026-01-26 00:23:44,
b6b4bf65-94c8-497c-ac31-5be8cf103262,2026-03-08,msg_00112,U3bae1603803a839c0cb52f511d9cb8f6,U7ac006366bc21ba78b2e91f126ee52e3,image,opened,2026-03-08 21:08:25,
d584a3ee-89a6-4601-94be-cc794931c06a,2026-04-01,msg_00072,U4784fc8a8e1e4eb2435ad84e0ad052f2,U4aa8de88a818d5f7d1f31773d4edac10,image,opened,2026-04-01 11:49:38,
873ea62a-6955-46f1-b212-0587153c3ea7,2026-03-23,msg_00073,Ud4a92c8c8050eed40ef171cc2784d638,U925e78cf9303565118a95814c75870f8,imagemap,delivered,2026-03-23 05:34:48,
76f77921-544d-4a66-901a-c86568dd92ff,2026-01-14,msg_00081,Ue7310890b01058478be93761a56d0aa0,20cfc71266487f57828274c6bac0408c,video,delivered,2026-01-14 18:37:25,
7b3f5e37-acf5-4fe0-8b88-97339c7eca51,2026-03-22,msg_00119,U3bae1603803a839c0cb52f511d9cb8f6,U7959758634ee6a748f24807d43f9ecee,imagemap,delivered,2026-03-22 18:04:20,
e842799b-7326-4dff-a581-beca3e4fd2da,2025-12-09,msg_00069,Uc20f9c7e9b662bedec3cb78e127885c7,U585b669abe54d2f5ca8012f145dfc2c5,imagemap,opened,2025-12-09 15:05:58,
5aad4b44-0ded-4d17-a9a0-8fb6a844744a,2026-03-23,msg_00073,Ud4a92c8c8050eed40ef171cc2784d638,U909b9a6519197048e36fa31bf8e77b65,imagemap,opened,2026-03-23 15:38:10,
5661ebeb-d8ab-4711-95aa-85d77ea7109c,2026-01-09,msg_00052,U743849e63f8101ac616f8fd0ba84a167,U1b77398fcb2ee97293fb80c73127e173,video,opened,2026-01-09 10:51:28,
6de2f8af-b6e0-481c-af55-a403d1b13d64,2025-12-18,msg_00114,Ub0341314a5534ea92b26fa8adc30543f,Ud16b60a6975c244534709c8b9c62b85a,flex,opened,2025-12-18 20:04:54,
2eec4c2c-1737-481e-a2a0-f95938c93a4f,2026-02-20,msg_00048,Ue7310890b01058478be93761a56d0aa0,U05774ea4a98a218b765f9cce6500736c,flex,delivered,2026-02-20 05:20:16,
11c8a8b8-23fc-40b9-89da-c7ab0c91afcb,2025-12-25,msg_00077,U743849e63f8101ac616f8fd0ba84a167,b8a608234c9805cbc87c85a70556a2a9,text,delivered,2025-12-25 11:07:10,
66533e31-9d65-46cc-b75c-c8af79e0ccca,2025-12-18,msg_00114,Ub0341314a5534ea92b26fa8adc30543f,Uc43764fc25072f2670113f7d1703cd9c,flex,opened,2025-12-18 01:40:56,
3708ca42-6947-484f-8e40-5244ff11ab45,2026-01-26,msg_00103,U3bae1603803a839c0cb52f511d9cb8f6,U26eaa9006e71eee2adc19a467800b82b,flex,delivered,2026-01-26 03:46:53,
e5c4909d-053a-41d9-8f64-ef67c12957f7,2026-03-12,msg_00084,U68d2301028fb66b51d9111f1af067e34,U95623e7b1b60da0117b30381c8637bc5,video,opened,2026-03-12 14:20:20,
f41852ee-0b12-4228-9ccb-66cf8477d254,2026-03-26,msg_00040,U3bae1603803a839c0cb52f511d9cb8f6,9b4409b35f0707a22ee2f513418876e9,imagemap,delivered,2026-03-26 15:50:51,
7e1b8e0a-64aa-45ad-b36d-6e1f34c269b3,2026-03-06,msg_00068,Ub0341314a5534ea92b26fa8adc30543f,U7f6762f87db34865de1a9a9e4384d502,video,opened,2026-03-06 10:57:24,
ef2f1ab4-d93b-4d61-8851-90eec9276b61,2026-02-24,msg_00111,Ub0341314a5534ea92b26fa8adc30543f,Uc141d0414c8b09f041a03d9ca252b117,flex,opened,2026-02-25 00:34:35,
97f85a43-a874-431a-9fa8-3960b6b89b8f,2025-12-22,msg_00013,Ub0341314a5534ea92b26fa8adc30543f,U9f5a1e34c95575f1e9fae78311ea913f,image,opened,2025-12-22 19:07:31,
9aada6c6-1000-4c04-a1d9-b854d5aa2683,2026-02-05,msg_00107,U3bae1603803a839c0cb52f511d9cb8f6,7246b0e93cd0263e59ca458b15a864a9,text,delivered,2026-02-05 12:53:22,
ca9d0e64-34a3-464d-a3f9-8f93bb60dd79,2026-01-26,msg_00115,U3bae1603803a839c0cb52f511d9cb8f6,U373952edf2a4e98dc46db052f7759b90,imagemap,delivered,2026-01-26 03:03:30,
6ad6d282-91c4-44ec-8078-9e0a97d25b9a,2025-12-12,msg_00029,U743849e63f8101ac616f8fd0ba84a167,U85c8c59f5f6c108a4cbba8ad19eb85ed,imagemap,opened,2025-12-12 12:48:34,
d5111507-fa6a-4c44-9fec-73829003a6e3,2026-04-12,msg_00120,U227d1cd1a801c367de206ec4bbca7330,U9843bacce4fd9dabce93586b3f59614d,text,delivered,2026-04-12 21:18:48,
97bd8ecb-f2e6-458b-8abd-78f79b0ce6dc,2026-01-24,msg_00007,Ub0341314a5534ea92b26fa8adc30543f,U7a2deda1ebde4f8cc230d4caff135f2c,imagemap,opened,2026-01-24 03:15:56,
a7521106-5957-47f6-bcab-97f44d44bdf1,2026-03-22,msg_00119,U3bae1603803a839c0cb52f511d9cb8f6,U7c74cd3da8b426a227875fcfa1061111,imagemap,opened,2026-03-22 23:50:11,
551af8e4-9b57-4583-9b46-780981c4e14f,2025-11-16,msg_00011,U837b70463a585f85743b5bfb3b49c9fd,Uf4dc6bb8040dbd48dcae79d9ca21f434,flex,opened,2025-11-16 15:06:26,
d6d346ab-77cd-42a5-ae50-13fbbca63630,2025-12-17,msg_00032,U3bae1603803a839c0cb52f511d9cb8f6,Ue3f31abe0f362d7eada9318090ff20b5,video,delivered,2025-12-16 05:49:48,
9e887e9a-690d-42d6-85cc-5d65b10e8c04,2025-11-29,msg_00069,U743849e63f8101ac616f8fd0ba84a167,U1fce81afc7cdef2049642e175467dda3,text,unsubscribe,2025-11-29 17:35:55,
7c958bde-d9c2-45fa-82b3-f3973392f3b5,2026-03-27,msg_00096,U476acbdef8e9a16d24575e4f6d7b0f31,U986576e0e6e082fdf5a6b084ed5b69f0,imagemap,delivered,2026-03-27 04:41:27,
3cbbbd6d-3a5d-48ba-992a-9c4d41ea0987,2026-01-26,msg_00063,Ub0341314a5534ea92b26fa8adc30543f,Ub6f734a959c7b4d3d37fbe9c8a0f40f7,imagemap,opened,2026-01-26 03:02:01,
4e69d2c0-1346-4372-8a0b-e9286e6894e9,2025-11-17,msg_00099,U3bae1603803a839c0cb52f511d9cb8f6,d5d0120eafda7de534b49ede8915c214,text,delivered,2025-11-17 01:08:01,
e8f3c919-e7d3-47fd-bd9f-aab77d39578e,2026-02-08,msg_00051,U3bae1603803a839c0cb52f511d9cb8f6,U0c2686d1c52e07e2771d33898e349ec4,image,opened,2026-02-08 12:50:17,
70a4f9d5-1c67-48fb-98eb-e6e36251eb3c,2026-01-10,msg_00044,U30ad60bba5da9837ca5dd0230ca8f531,Uc726934ec332c8776082aac2593e1952,video,opened,2026-01-10 18:14:44,
a0d74da0-b043-48ee-801b-46b2e6d11158,2026-01-09,msg_00052,U743849e63f8101ac616f8fd0ba84a167,Ub679c8511e04cc4872b77601a3bbc10d,video,opened,2026-01-09 06:36:45,
e7ee8541-63c3-4b95-af12-a2cf96cfcc2b,2026-02-14,msg_00042,U3bae1603803a839c0cb52f511d9cb8f6,U7d5f87dd3c6b25c826fe58cefa308dab,video,delivered,2026-02-14 09:55:04,
70ceefd4-2d8a-43a0-ae63-f7cf4ac49707,2025-12-03,msg_00012,U743849e63f8101ac616f8fd0ba84a167,Uf7ccacd0fca2b7be6e5d661d978fc2fd,imagemap,delivered,2025-12-03 08:40:07,
44dfd343-8e88-493f-83f4-917ec511118d,2025-11-25,msg_00043,U3e5dd3a641c58ad50e49f095c6f1e306,Ucd561c1724d4f970bea82097eae19e3d,flex,opened,2025-11-25 06:52:40,
3b9580b3-3e5f-4f2b-b050-e47d765f8246,2026-04-12,msg_00120,U227d1cd1a801c367de206ec4bbca7330,U7049228a5a00175dba93e1196d131f65,text,delivered,2026-04-12 07:41:13,
78b1f521-bd83-4281-8b14-2e123b6c014c,2026-02-20,msg_00048,Ue7310890b01058478be93761a56d0aa0,U1ba2c1a525e9287889b4a257343d60c0,flex,opened,2026-02-20 02:46:24,
d84020c6-bc29-4d3d-be3c-1fde359dba2f,2025-12-18,msg_00070,Ue9a1e8a5b83a6b296d43c957a8cfba4a,ac33b7876f593208cab5b17687b2d467,imagemap,delivered,2025-12-18 01:52:52,
00bd8e55-0e46-4c74-bc44-faf75b325d24,2026-02-15,msg_00089,U3bae1603803a839c0cb52f511d9cb8f6,U9660a6198a916ca8b6f34be707742e00,text,clicked,2026-02-15 19:55:34,https://example-saas.jp/lp/newmenu
77520418-458c-427e-aca4-abfec073aca9,2025-11-21,msg_00010,Ue7310890b01058478be93761a56d0aa0,U57c22e2c3cac27e610fb2bc378893626,imagemap,delivered,2025-11-21 05:28:00,
b49b1121-3974-40ad-b4e7-d3f798b063cf,2025-12-17,msg_00032,U3bae1603803a839c0cb52f511d9cb8f6,U598f341057bc5b3b796910717b4af116,video,opened,2025-12-17 01:53:05,
30b3e200-5d56-4a4a-aacb-0261c9f9ca51,2025-12-07,msg_00003,U227d1cd1a801c367de206ec4bbca7330,U5a098aa0dad3f51ec234ec6f6deafdcc,image,delivered,2025-12-07 02:10:11,
3ff67414-a840-4a08-8afd-70e1a04222f3,2026-01-18,msg_00102,U227d1cd1a801c367de206ec4bbca7330,U9d17064edaa11a8bcc94c6bf56eca09d,video,delivered,2026-01-18 14:39:26,
d7e60573-c5f0-4f9f-a911-fab2b8b80f60,2026-04-06,msg_00074,U3bae1603803a839c0cb52f511d9cb8f6,U7f3816354018da5e128f20c6309863fc,text,delivered,2026-04-06 02:10:17,
a470e60d-dd6b-4929-9c9f-72a046bc40a6,2026-03-20,msg_00106,U3bae1603803a839c0cb52f511d9cb8f6,Uc45b95ac0d23919b7bae178b213ad0dc,video,opened,2026-03-20 19:47:55,
d702cc00-6952-45b1-97b4-00e16b62caf1,2026-01-26,msg_00063,Ub0341314a5534ea92b26fa8adc30543f,Uf4f2f1245ee5ede41541fe8862265726,imagemap,delivered,2026-01-26 06:46:59,
059b02d8-6bf8-490c-be02-d2f652488e4c,2026-04-12,msg_00105,Ud4a92c8c8050eed40ef171cc2784d638,U1d7fa011bba2baa4a9c9f8cb02fba366,flex,delivered,2026-04-12 01:13:18,
f045e956-35d7-40e0-907d-31982376128b,2026-04-01,msg_00072,U4784fc8a8e1e4eb2435ad84e0ad052f2,Ucd94c49e263b58f74cd5439b4832be0e,image,delivered,2026-04-01 19:28:20,
b3c3564a-006c-40e8-ad3a-40dbef669e6c,2026-03-20,msg_00106,U3bae1603803a839c0cb52f511d9cb8f6,U7aa3b2274720df2c6a9244936198a95e,video,opened,2026-03-20 05:51:13,
f2acf62c-d5a2-4452-b0df-616016ac04b4,2026-02-14,msg_00065,U743849e63f8101ac616f8fd0ba84a167,Uab60e32a172b09f730c8bbb87eecdfd7,image,opened,2026-02-14 12:56:48,
9483ffa5-5d87-49e2-a11b-0b8c05757871,2026-02-15,msg_00006,U743849e63f8101ac616f8fd0ba84a167,U8f5a6a6222ff85e26cc024afe76e2851,flex,delivered,2026-02-15 19:27:25,
08c692ea-53af-4176-ad89-bd81d5fb5abe,2026-04-04,msg_00100,U743849e63f8101ac616f8fd0ba84a167,U4b394e8f75ebb8220b542b889b5e35d0,image,delivered,2026-04-04 23:09:56,
ec5ee883-94c2-4f5c-88b3-a410b4c4e8af,2026-04-12,msg_00120,U227d1cd1a801c367de206ec4bbca7330,f57afdbe924adf0dd0aaa807b5729040,text,opened,2026-04-12 17:37:49,
f17912ac-e662-4e1e-a483-4122483ee741,2026-04-08,msg_00078,Ud4a92c8c8050eed40ef171cc2784d638,Uc8d73da952c1cb52d1d3fe4cb8f81f74,image,delivered,2026-04-08 07:49:03,
5daab85b-212e-4dea-a6c2-c1ed43737d6d,2026-02-14,msg_00098,U743849e63f8101ac616f8fd0ba84a167,U0be794741de58fe018c786196ff03d1a,imagemap,delivered,2026-02-14 05:44:16,
66ea55d0-7c12-424e-853b-567bc06fb53d,2026-02-15,msg_00089,U3bae1603803a839c0cb52f511d9cb8f6,U71348adcde3efd715381f81e5f3646cc,text,delivered,2026-02-15 08:18:49,
6f42f0b9-9656-4c1f-842f-62871e8950e6,2026-02-20,msg_00036,U879eb903ad90cd9c2874f6df7651267a,U13aa960f894de146ea0d01e3f8afa69b,video,delivered,2026-02-20 21:07:50,
4cbe1847-48b9-41ce-9e6d-fb0190ae6172,2026-03-30,msg_00076,U743849e63f8101ac616f8fd0ba84a167,U7e5fa1efdf13cf47b574e41700a7da4d,image,delivered,2026-03-30 10:25:13,
442dac47-f012-4fc1-bf21-52669a607060,2026-01-29,msg_00031,U3bae1603803a839c0cb52f511d9cb8f6,U7f70e4484cd6b0778d408d80bef257aa,video,delivered,2026-01-29 17:05:17,
5bb51fda-6370-47f1-a44b-4ac17bc72e8d,2026-04-01,msg_00072,U4784fc8a8e1e4eb2435ad84e0ad052f2,Ubc55fa540e8db988b28483beeeeacf9f,image,delivered,2026-03-31 00:30:54,
93be54ad-630a-47e3-9ca6-ea27b1eb7ca2,2025-12-24,msg_00062,Ub0341314a5534ea92b26fa8adc30543f,Uff2e7806c1a0fde67d5f4a3ff0216cac,video,opened,2025-12-24 08:21:03,
f013f15b-bfec-4b06-a02c-73ad931eba79,2026-03-11,msg_00104,Ub0341314a5534ea92b26fa8adc30543f,Uc9aee966e4e7b368d9166ef9df9dd303,image,delivered,2026-03-11 00:13:35,
db923b69-3c64-42ff-b5ce-0a8b4e6005a3,2026-03-04,msg_00056,U1ca413826b7044d134c9c3132420c9de,U32ca8d4e1883a8cd6b787409e173cefb,text,opened,2026-03-04 05:00:40,
3c3dce46-5b09-4228-a41d-f96200fccdda,2026-02-14,msg_00065,U743849e63f8101ac616f8fd0ba84a167,Uf3eda0402736b3761ff40f5578baf337,image,clicked,2026-02-14 17:40:52,https://example-saas.jp/coupon/500off
5eb7547c-105f-4e92-a5f2-f22866e98125,2025-12-19,msg_00064,Ub0341314a5534ea92b26fa8adc30543f,U2f0722d595fdf43dd8fa6ad7a0f6df3c,image,opened,2025-12-19 16:11:12,
c0a18a04-b602-45cb-8a52-57b1fc3e5e9d,2026-04-10,msg_00101,U743849e63f8101ac616f8fd0ba84a167,U595a66d86cc0e87eef804850b8d71ebf,imagemap,delivered,2026-04-10 11:20:45,
a6b5748b-ae7c-44bb-a82f-ef4f77cc3902,2026-01-24,msg_00066,U3bae1603803a839c0cb52f511d9cb8f6,Ud2452c6977da7254f27dfe68e4ebb3b5,image,delivered,2026-01-24 03:32:35,
65e6e259-f992-469f-b9b5-c2be463a09d1,2026-01-17,msg_00037,U7e808d11d6f9901a954a542a7ee09918,U66fe90072bbce00f0deb6c71c692f482,text,delivered,2026-01-17 13:37:13,
d290d52f-1474-4dfb-88d6-3ecd0881dc00,2025-12-15,msg_00030,U3bae1603803a839c0cb52f511d9cb8f6,Ua53f48225676444362ce7af98602c493,video,opened,2025-12-15 17:11:48,
80513e49-b800-4145-8fb1-dc4cc6daca7a,2026-03-16,msg_00002,U3bae1603803a839c0cb52f511d9cb8f6,Ub691320a9ae800e34cfeb126e0311b69,text,opened,2026-03-16 04:55:52,
b761049e-0d81-4bc5-a4ee-89fc4ddff204,2026-03-05,msg_00014,U3bae1603803a839c0cb52f511d9cb8f6,U81bed45de97ab351e3a05b537124320f,flex,clicked,2026-03-05 16:28:42,https://example-saas.jp/survey
a4402c67-3d1d-4db0-9834-292622c01c4a,2026-02-16,msg_00021,U743849e63f8101ac616f8fd0ba84a167,a27ed79ae5822d22d1647fb6b136e262,flex,opened,2026-02-16 02:04:55,
c3fb5304-1aea-4908-917e-364667cd2d3d,2025-12-23,msg_00061,Ub0341314a5534ea92b26fa8adc30543f,Ua89b359439375da0f8206ea975fcde89,imagemap,opened,2025-12-23 01:52:45,
a5f29082-6915-4bb0-be56-ceaf1094e024,2026-03-22,msg_00119,U3bae1603803a839c0cb52f511d9cb8f6,ec4dca0fa599fdcf06161eb16f654ee8,imagemap,delivered,2026-03-22 11:37:19,
c3d79140-9afb-44d3-ac16-c0a9d4db2c21,2026-04-01,msg_00072,U4784fc8a8e1e4eb2435ad84e0ad052f2,150eee63781e57c4a94715d84b5a3c1c,image,opened,2026-04-01 14:31:09,
61b236eb-ba91-477c-8ae8-afe96acb0747,2025-11-22,msg_00047,Ue7310890b01058478be93761a56d0aa0,U7afa82cc22a6c2388daeee89ec2e0f00,video,delivered,2025-11-22 20:37:05,
0ca0e93c-2752-46b3-91a7-c45e7634d727,2025-12-09,msg_00059,U3bae1603803a839c0cb52f511d9cb8f6,U13095ade270d66cd095aefaf057a657e,imagemap,opened,2025-12-10 00:37:10,
53475f27-e880-4355-a7f7-60d52b49699b,2026-02-20,msg_00017,U22a93bc29b1df104af6b1ba1cd91fc56,U453ef762bcbdb7c82ff14a9fd889f9e7,video,delivered,2026-02-20 01:18:27,
6c96aadb-bc3e-42a2-8802-30bded49eba1,2026-04-01,msg_00072,U4784fc8a8e1e4eb2435ad84e0ad052f2,U86f193437b8977e9895262d2704b3a5b,image,delivered,2026-04-01 09:19:41,
b0f4fc6e-08d2-43c9-9fec-239083b422e9,2026-04-01,msg_00072,U4784fc8a8e1e4eb2435ad84e0ad052f2,U7f0e527cc90a14a8f04cb406edc392af,image,delivered,2026-04-01 06:08:53,
b1ddf00a-e935-4c2e-95b2-a026a21461ea,2026-03-21,msg_00023,U743849e63f8101ac616f8fd0ba84a167,Ued7edafb2b8f7bcf88a998b00eb7b55a,imagemap,delivered,2026-03-21 11:27:44,
b39d6426-2177-4822-9924-09ede83cf018,2026-03-08,msg_00112,U3bae1603803a839c0cb52f511d9cb8f6,146ecba8f13eb8bec63baf9ea0f2f8fd,image,delivered,2026-03-08 07:43:27,
6fb8950c-bd0f-4005-9f14-b7189e21a2d1,2025-12-18,msg_00070,Ue9a1e8a5b83a6b296d43c957a8cfba4a,U3097d6d337296261dfa4e1ccc3115485,imagemap,opened,2025-12-18 08:06:18,
2c43fc48-d8cc-47b9-b7b1-1f38a1108f8b,2025-12-24,msg_00062,Ub0341314a5534ea92b26fa8adc30543f,U8250893dcb649c7f345b91776834c976,video,delivered,2025-12-24 17:20:30,
28dc4fb5-994e-4288-9a49-cf1a7933d5b9,2025-11-23,msg_00053,U743849e63f8101ac616f8fd0ba84a167,U8c4f74d5d80019aa261ed446874981e0,video,delivered,2025-11-23 21:39:07,
f319e07a-fb64-4b16-abd0-1d2d1499c3ed,2026-02-24,msg_00039,U743849e63f8101ac616f8fd0ba84a167,d50ef3a51c5eebffc49f62bcc7cbebba,flex,delivered,2026-02-24 07:49:35,
54b3b598-3d2b-4ce9-9985-535013702658,2026-03-12,msg_00084,U68d2301028fb66b51d9111f1af067e34,Ud451ef74f2c31f69ec9d1c179e672833,video,opened,2026-03-12 02:05:37,
e17d12d7-e193-4a5b-9f32-285f0d1fce27,2025-12-22,msg_00013,Ub0341314a5534ea92b26fa8adc30543f,U0e13673632670dc25fab3f29cdd8a8d0,image,opened,2025-12-22 19:44:16,
ed77d210-c9b2-4691-ab03-02795121a307,2026-03-23,msg_00116,Ud4a92c8c8050eed40ef171cc2784d638,3432ef96caa298463d049e6289bd81d8,text,delivered,2026-03-23 23:06:38,
f637f438-38bb-4fc6-bc22-b81f19dc36dd,2026-01-26,msg_00063,Ub0341314a5534ea92b26fa8adc30543f,U297ecd8b5db1b720e9be649e52adfe4f,imagemap,opened,2026-01-26 04:31:46,
54be6d08-63a2-48ca-9464-ff667127b0b4,2026-02-19,msg_00016,U837b70463a585f85743b5bfb3b49c9fd,U5d49705286053676d4f1d0d5399db497,flex,delivered,2026-02-19 14:09:19,
2ace1ae4-4b02-4852-a02a-2a35df62ae09,2026-03-30,msg_00076,U743849e63f8101ac616f8fd0ba84a167,U59104cf4ab20b6dbd45b4025c98bff15,image,failed,2026-03-30 21:49:38,
0cb9c5f7-0307-4fde-b0e3-8542a84d2e09,2025-12-23,msg_00109,Ue7310890b01058478be93761a56d0aa0,Ua93647623bc9de7afe30bfafc84a6c87,text,opened,2025-12-23 21:06:31,
5f3c3968-8e7b-4b73-b78d-fcd59e22e6f1,2026-01-30,msg_00050,U3e5dd3a641c58ad50e49f095c6f1e306,U2b9bdb499f0043296f15acea97f1da3f,image,opened,2026-01-30 10:38:46,
91375299-2d49-409f-a56f-f634413fc9ff,2026-02-15,msg_00087,U3bae1603803a839c0cb52f511d9cb8f6,U1fd9a68fb43144c08b2167d7bbc36e70,imagemap,delivered,2026-02-15 06:34:49,
0faaa812-c82c-43d1-92c6-566c4128d801,2026-03-18,msg_00080,U22a93bc29b1df104af6b1ba1cd91fc56,U8fab3a01c7c4c6ca54947c7ba3ebd977,flex,delivered,2026-03-18 09:11:52,
808399f3-c72e-4bd7-a91e-e62e23d34c28,2026-01-20,msg_00108,Ub0341314a5534ea92b26fa8adc30543f,aae4c386f1e48dbf70c93edb8101ba34,flex,opened,2026-01-20 04:10:48,
cccfefa2-3c86-4e82-b42d-10985317b356,2025-12-18,msg_00114,Ub0341314a5534ea92b26fa8adc30543f,U50ea0987023d69342b2a0041cd6b7494,flex,clicked,2025-12-18 07:08:03,https://example-saas.jp/coupon/500off
acf6b533-36fe-4619-9f06-fdf210db0445,2025-12-19,msg_00118,U4784fc8a8e1e4eb2435ad84e0ad052f2,U3b85115356d2e80e1929915aac4d32e9,image,delivered,2025-12-19 21:58:25,
07a996bf-0926-42e6-866d-8c0074cc6864,2026-02-10,msg_00058,Ue9a1e8a5b83a6b296d43c957a8cfba4a,U536ba8673df5dfb1bc3564129e2e99bc,video,opened,2026-02-10 16:24:32,
19503f00-639a-4bb6-a1a8-1e0dc928bbd9,2026-04-01,msg_00072,U4784fc8a8e1e4eb2435ad84e0ad052f2,U34941302def1b3b538236c83e4b71aca,image,delivered,2026-04-01 07:37:32,
c20bf83f-fd96-41f4-b597-f1a3f40bc5d6,2025-12-25,msg_00077,U743849e63f8101ac616f8fd0ba84a167,Ubc8fe531fc7d9812bafeed8c3b8bd42a,text,delivered,2025-12-25 01:58:14,
6eaf280d-df8d-4e58-82fc-306bf7cc29cb,2026-03-22,msg_00119,U3bae1603803a839c0cb52f511d9cb8f6,Uc69112529da4c0868872b5f0ffc71516,imagemap,clicked,2026-03-22 04:00:53,https://example-saas.jp/campaign/spring
a12c9bd2-4a6b-4e42-8448-3440e712fb33,2025-12-24,msg_00091,U3bae1603803a839c0cb52f511d9cb8f6,Ueee5c2e2cfb25d73a32a68d2e62b897a,imagemap,delivered,2025-12-24 00:38:39,
d70ea602-a1aa-40e3-a906-f50a885a2554,2025-12-17,msg_00032,U3bae1603803a839c0cb52f511d9cb8f6,U0009fa0184156f5a54ff8dbf0141607e,video,opened,2025-12-17 02:39:15,
fc9a9d07-d5b8-4157-8563-67cb07bc4814,2026-02-07,msg_00090,U4784fc8a8e1e4eb2435ad84e0ad052f2,Uc340d0b34adba2bcc39d697f96d0b92a,imagemap,delivered,2026-02-07 12:30:19,
95c5b000-7962-49d1-beef-68dcf6641578,2025-12-07,msg_00003,U227d1cd1a801c367de206ec4bbca7330,U5eee5ea77c1f4d65e9fcad9cd5882166,image,delivered,2025-12-07 17:59:00,
3a1ebe02-e7d9-4999-bfc9-5df4ec68003d,2026-03-20,msg_00106,U3bae1603803a839c0cb52f511d9cb8f6,U0745efbf1dd4e37c8fd15e3fae740f10,video,delivered,2026-03-20 22:39:23,
34d17d71-05d1-471c-aa18-abd353336623,2026-02-15,msg_00089,U3bae1603803a839c0cb52f511d9cb8f6,U47249edd631e734be509a1098ec31d7c,text,opened,2026-02-15 20:24:30,
6c235e46-9f81-4cdf-ad75-884c3e394d5f,2026-03-29,msg_00097,Ub0341314a5534ea92b26fa8adc30543f,U0731cb17457298d76adcd0fcca690868,text,delivered,2026-03-29 13:09:22,
83699bc8-fc78-4322-970b-173ab96c99d4,2025-12-07,msg_00003,U227d1cd1a801c367de206ec4bbca7330,U95e11d3f8e75d012ad24db252fb06642,image,opened,2025-12-07 21:51:40,
e34e65d2-0fd7-4b92-ade5-a3324c3d8d05,2025-11-25,msg_00043,U3e5dd3a641c58ad50e49f095c6f1e306,U5b7ed4255b8103ab5a7d9f64cab88fc8,flex,delivered,2025-11-25 10:34:28,
77c82fab-6275-43b7-b890-69a7f1484d88,2026-01-26,msg_00005,Ub0341314a5534ea92b26fa8adc30543f,Uf3db66d6342689505d6ac155761553c7,image,opened,2026-01-26 13:34:38,
aded5e5c-95e9-4bec-9cfc-538ce763ad0b,2026-01-29,msg_00031,U3bae1603803a839c0cb52f511d9cb8f6,Uf458a4fd2c96236e1c817e056ba03f65,video,delivered,2026-01-29 22:13:14,
da6b74ab-a5b5-4555-b1c2-56b48950438e,2026-01-26,msg_00103,U3bae1603803a839c0cb52f511d9cb8f6,Ued2bc32f527ffcc675fbe029d181e489,flex,opened,2026-01-26 11:49:06,
a1349ec0-b15f-4f59-b245-1e893359c95e,2025-12-18,msg_00070,Ue9a1e8a5b83a6b296d43c957a8cfba4a,3b51f37e53915d95a8c2dc6fca56b811,imagemap,delivered,2025-12-18 14:52:57,
69224341-a6ec-4874-921b-398665177742,2025-12-09,msg_00069,Uc20f9c7e9b662bedec3cb78e127885c7,Ue5952b6195836b11ff1f03137304a7a8,imagemap,delivered,2025-12-09 06:43:52,
abe651f0-a6a5-4ba9-bef4-167914f7c6fd,2026-02-08,msg_00031,Ub0341314a5534ea92b26fa8adc30543f,U2ff62dea697b21d3743d962f4dd00c94,text,delivered,2026-02-08 10:28:00,https://example-saas.jp/coupon/500off
c82362d2-9143-4dab-bedc-5cf8c6cea1d8,2026-03-25,msg_00079,U743849e63f8101ac616f8fd0ba84a167,U7cbad3906fdc0aef8ce600b4a22c0f30,text,clicked,2026-03-25 20:28:43,https://example-saas.jp/lp/newmenu
64e43e68-da45-4dfc-868d-9593a7162988,2026-01-01,msg_00027,U4784fc8a8e1e4eb2435ad84e0ad052f2,Ue992cf5289ebca3ba4eabaae13da82bc,image,delivered,2026-01-01 09:37:03,
bded80c3-0531-4e45-8c45-fe0842cb4d11,2026-01-10,msg_00044,U30ad60bba5da9837ca5dd0230ca8f531,Ue57fe83a6e829227e1e39085e54de310,video,delivered,2026-01-10 20:53:31,
76da95e6-4b6e-443d-963b-c7b8ca1d8f1a,2026-03-08,msg_00112,U3bae1603803a839c0cb52f511d9cb8f6,Ub6f7e54440050e4324df42e59be05e2b,image,delivered,2026-03-08 01:10:29,
71a2f967-8c3d-4cfd-9c12-5d6694bb21a7,2025-11-30,msg_00025,Ub0341314a5534ea92b26fa8adc30543f,U1375016c56da32170553976ec24fe8ce,imagemap,opened,2025-11-30 12:02:45,
346de62c-8a12-434b-9ec0-70a2f0ffeb90,2026-03-12,msg_00084,U68d2301028fb66b51d9111f1af067e34,Ua7b9098daa3d130017bb6c6b214028ed,video,delivered,2026-03-12 13:27:25,
2069a8e6-76dd-40da-b16a-2c1e7dca08ef,2025-12-09,msg_00094,U227d1cd1a801c367de206ec4bbca7330,U391327aab4f05be50085a51c02589bc2,flex,delivered,2025-12-09 10:58:10,
d3a45336-8c9e-4b71-833c-7b3884ee9f5c,2026-03-30,msg_00076,U743849e63f8101ac616f8fd0ba84a167,Ud6d3331c3f96fa7a6f6052b064f0bd9b,image,delivered,2026-03-28 03:49:30,
ed229e2f-ce27-408a-8e56-6b3412a4ed67,2026-03-29,msg_00097,Ub0341314a5534ea92b26fa8adc30543f,Ua0711a1f7b3dab8f7fa5b1d4b86371e1,text,delivered,2026-03-29 18:37:21,
b5d295d6-73e7-4f9c-85ba-f13601abd6d7,2026-01-14,msg_00081,Ue7310890b01058478be93761a56d0aa0,Uc277bb1c13675d32e321a04e14fa1e26,video,delivered,2026-01-14 12:45:49,
186ebf96-5f02-4103-b8df-c91ca81dcdf9,2026-03-11,msg_00104,Ub0341314a5534ea92b26fa8adc30543f,Uf9582ddf4cdf18e73c374bb41d3e543a,image,failed,2026-03-11 13:02:21,
7d8ead4b-7fc3-49b8-ba25-2a4e015d6b03,2026-02-08,msg_00051,U3bae1603803a839c0cb52f511d9cb8f6,U4418f400dd5705f053f4aa7bb6b5de2d,image,delivered,2026-02-08 01:46:33,
f8b99941-3ac2-4ad1-9271-98651805eb77,2026-02-09,msg_00083,U3bae1603803a839c0cb52f511d9cb8f6,3732643347eda7671d4205c92a6ac2f9,flex,delivered,2026-02-09 06:17:19,
4e6f9672-cbce-4351-a5a5-64ca73f2a95d,2025-12-24,msg_00091,U3bae1603803a839c0cb52f511d9cb8f6,U7c503079475a4d47671feafa7ea66964,imagemap,delivered,2025-12-24 14:47:47,
3b8f1167-c43c-41d7-a835-d7b7f4e9f88e,2026-03-11,msg_00067,U7e808d11d6f9901a954a542a7ee09918,U4b47d9b94d56891feaf1702fe804c182,video,opened,2026-03-11 18:20:16,
6382a9be-6d3d-445e-91a4-b037a21635ff,2026-02-08,msg_00051,U3bae1603803a839c0cb52f511d9cb8f6,35543d804598b9f6f664557f7e258053,image,delivered,2026-02-08 19:58:30,
1baac44e-f8a1-42ea-aee9-428fdc72beab,2025-12-15,msg_00030,U3bae1603803a839c0cb52f511d9cb8f6,Ucf1a36ab178f69647388d52710cbb57a,video,delivered,2025-12-15 17:26:28,
aa34f889-7846-4624-bd07-2a72e4d45e87,2025-12-18,msg_00070,Ue9a1e8a5b83a6b296d43c957a8cfba4a,U79322f28d0a8068a22bcf7039ffc8f71,imagemap,delivered,2025-12-18 04:29:31,
34550f44-139d-408d-a5bf-d32f4104d9bb,2026-02-08,msg_00051,U3bae1603803a839c0cb52f511d9cb8f6,U00df9eee0015e46190d84165c884f681,image,delivered,2026-02-08 06:50:09,
d0dfb75a-ba31-49b5-8f8a-950f4971dc8e,2026-02-15,msg_00089,U3bae1603803a839c0cb52f511d9cb8f6,U565d6d868bbcdf78a52d9abd37499ab6,text,delivered,2026-02-15 07:49:20,
06e5b4dc-f06a-49ec-bf19-078a97e443fb,2025-11-25,msg_00043,U3e5dd3a641c58ad50e49f095c6f1e306,U5167a7275bf43b73fbdfaaa578a120ab,flex,delivered,2025-11-25 08:38:55,
11f2184d-2964-4dd7-b0a9-ecaa7288842f,2026-01-18,msg_00102,U227d1cd1a801c367de206ec4bbca7330,Uffa65590225404cd45ec65f6f5af4aff,video,delivered,2026-01-18 01:38:35,
a08c7fda-e44f-4769-ad60-a8ac25c1c33f,2026-02-07,msg_00090,U4784fc8a8e1e4eb2435ad84e0ad052f2,Uf186a057c57ac76bf9fca796167ada3a,imagemap,delivered,2026-02-07 08:50:48,
54dc858a-5a5c-4828-a8fa-0decf3d4fd6b,2025-12-19,msg_00118,U4784fc8a8e1e4eb2435ad84e0ad052f2,U582e6c97e61a7bf062683bbd8ccb0c0f,image,opened,2025-12-19 09:03:40,
0c372cd2-7e4d-418d-a4c4-1172a5994b6f,2026-03-25,msg_00079,U743849e63f8101ac616f8fd0ba84a167,U850ada03183e4f82d5d1796e1472cdd3,text,delivered,2026-03-25 11:42:35,
b0febfbe-4c11-4acd-966f-61795cc06693,2026-04-04,msg_00100,U743849e63f8101ac616f8fd0ba84a167,U348d6c0ab686f59f0e96f24cbfb726b1,image,delivered,2026-04-04 14:31:13,
1e5ffb30-93e5-4b50-8a39-5eac83066bc8,2026-03-23,msg_00116,Ud4a92c8c8050eed40ef171cc2784d638,Uc4b58b6283162ab3b99350daac0cd294,text,opened,2026-03-23 17:00:47,
eff309cc-5185-41b9-9555-8fa114dc718c,2025-12-17,msg_00032,U3bae1603803a839c0cb52f511d9cb8f6,97e6cc7e6046a89e06171e4c6e2f16ec,video,opened,2025-12-17 16:13:34,
47596d1b-7788-4d91-85da-3d25a9749c2f,2026-01-07,msg_00110,Ub0341314a5534ea92b26fa8adc30543f,Ud62c4a3ea1906a311e85af2ff4d5c6d5,video,delivered,2026-01-07 09:08:17,
b01c83d8-8e5e-45e8-a398-8378aa8eafad,2026-02-20,msg_00048,Ue7310890b01058478be93761a56d0aa0,Ud67b91b7b5bab7276bb7756d9a731dcd,flex,delivered,2026-02-20 18:24:03,
9b7f5591-848b-4928-8e38-06052910b106,2025-11-23,msg_00024,Ue8d9224ecde331ce692edfce0b5ecdc4,U350454cd189bbe3089be725f97b2d621,text,delivered,2025-11-23 01:44:53,
b282c1be-264b-4685-ac15-f4a15928a5a2,2026-03-06,msg_00055,U3bae1603803a839c0cb52f511d9cb8f6,Ub8a55fc53dbe3fc142000dcaa93613a3,flex,delivered,2026-03-06 22:10:51,
4ffa5245-eafd-4e72-b61f-469da898d22c,2025-11-17,msg_00099,U3bae1603803a839c0cb52f511d9cb8f6,d1d45c2c8f977925d7d3d972ee87fc4b,text,opened,2025-11-17 11:30:40,
4c70847c-4f05-476e-96f4-02e5e9824619,2025-12-21,msg_00022,U3bae1603803a839c0cb52f511d9cb8f6,U6413307c0d53a43fb94ba73d2505a8e8,video,opened,2025-12-21 12:28:28,
8046898a-f7ba-4b37-93bc-a9b612d22d70,2026-03-05,msg_00014,U3bae1603803a839c0cb52f511d9cb8f6,U836f52c41cbc1fe941111ba05b87b333,flex,delivered,2026-03-05 08:00:53,
42957d6e-94d9-4817-8c39-4ecc130f1fa2,2026-03-23,msg_00116,Ud4a92c8c8050eed40ef171cc2784d638,Ue79e7c002b020e4b3a4be39160e0df55,text,delivered,2026-03-23 10:17:52,
f0f5541b-529d-4282-8167-cca139b56432,2025-12-14,msg_00085,U743849e63f8101ac616f8fd0ba84a167,Ueb0852079f2db84acb5095d36850f7bf,image,opened,2025-12-14 07:02:21,
71baa49d-1324-483c-a654-73246c6ad34d,2025-11-21,msg_00010,Ue7310890b01058478be93761a56d0aa0,Ua0b26491a73d9389bb0cd55cebbceb0f,imagemap,delivered,2025-11-21 14:01:08,
dd7f9e25-cbdc-45a1-ae89-47e9473aea79,2026-03-20,msg_00106,U3bae1603803a839c0cb52f511d9cb8f6,U0f5e5a199bf8ddef73cd0dfa44a292eb,video,opened,2026-03-20 14:40:35,
5d3c1d3f-5e0f-4249-b8ec-a3cc9b52a30b,2026-01-24,msg_00113,Ub0341314a5534ea92b26fa8adc30543f,Uede7a9ead05e889173bb923ceb950234,text,clicked,2026-01-24 23:42:53,https://example-saas.jp/lp/newmenu
d4f10770-85ac-491a-a291-37f023113ddf,2026-03-21,msg_00023,U743849e63f8101ac616f8fd0ba84a167,Ufaaeaf274ecfcad22ebdfe3772afedf9,imagemap,delivered,2026-03-21 22:27:10,
08f5399c-a8de-4e7a-8666-49353f8a19b9,2025-12-12,msg_00004,Ub0341314a5534ea92b26fa8adc30543f,Uadbc00110e96fba13344f7144d7bfa01,video,delivered,2025-12-12 19:32:15,
cb431dc0-28b3-4a70-9c08-71121b25dd45,2025-12-18,msg_00070,Ue9a1e8a5b83a6b296d43c957a8cfba4a,U9877a2dba16e8cc93b8ef91a3ac7d0da,imagemap,opened,2025-12-18 04:27:19,
29bf23eb-a656-4ec0-95e6-623ea0ff3b1b,2026-01-31,msg_00035,U7e808d11d6f9901a954a542a7ee09918,U4ae8977c3a4ac62e17832547ac5ab955,text,opened,2026-01-31 12:45:09,
8b3a4c13-a3db-4f7e-a8e3-a350e1c27ecb,2026-03-08,msg_00112,U3bae1603803a839c0cb52f511d9cb8f6,U28c4c3630d2387e84ecc584e50c3c6c8,image,clicked,2026-03-08 15:28:31,https://example-saas.jp/survey
bd861b91-88fd-4dc2-ad6e-317ce312b233,2025-12-09,msg_00069,Uc20f9c7e9b662bedec3cb78e127885c7,U8c935a607bf7d47d677622b831cd3688,imagemap,opened,2025-12-09 22:07:06,
e4a955ea-e18f-409b-a9f9-758804ed5e7b,2026-03-20,msg_00092,U743849e63f8101ac616f8fd0ba84a167,U6f1a75501949837661a9403e28204d5e,video,delivered,2026-03-20 13:31:06,
3bc46368-f7bb-4ef2-a0f9-2252301312a2,2026-04-04,msg_00049,U476acbdef8e9a16d24575e4f6d7b0f31,U0308a969c92b275816a344cf377588ac,text,opened,2026-04-04 19:45:35,
5170ab4e-cbcd-451a-9e3a-9f8d22bf1327,2025-11-30,msg_00025,Ub0341314a5534ea92b26fa8adc30543f,U4710bddb96204f2d28503ee20210a86e,imagemap,delivered,2025-11-30 07:09:09,
600fe366-43bf-4583-a83c-b14ad7b840aa,2026-03-20,msg_00106,U3bae1603803a839c0cb52f511d9cb8f6,U220ede08fc769dd43b1c34631e0c3bc3,video,delivered,2026-03-20 05:29:58,
c33f597c-18d8-42ef-a2d6-fd53916c509b,2025-12-23,msg_00109,Ue7310890b01058478be93761a56d0aa0,8df2af1e6438ceabedfe7a1680f582e3,text,opened,2025-12-23 09:56:37,
55b8c214-0251-43a2-83ec-4f35b0ff2a04,2025-12-09,msg_00059,U3bae1603803a839c0cb52f511d9cb8f6,Ub56ea0524a8a4ed8a760e11249ee5cb9,imagemap,clicked,2025-12-09 17:02:59,https://example-saas.jp/coupon/500off
7f82a342-c5a2-473c-a9cb-80f8582ed8ae,2026-02-09,msg_00083,U3bae1603803a839c0cb52f511d9cb8f6,8ab033eb22b77ea88c5ebd77cd195c38,flex,opened,2026-02-09 03:33:39,
303ebc78-d5ef-4cdb-b803-8a706dc0a662,2025-12-18,msg_00114,Ub0341314a5534ea92b26fa8adc30543f,Uc08b4bfaf81666da9e0f28f0320f65df,flex,delivered,2025-12-18 07:17:00,
27305842-4110-4d9e-9105-9a6ae5841a4c,2025-11-23,msg_00053,U743849e63f8101ac616f8fd0ba84a167,U89f50bdc336685181a2a0f7754d015b9,video,opened,2025-11-23 13:45:02,
b9692051-aa91-4b18-a63f-607a3392884f,2025-12-21,msg_00022,U3bae1603803a839c0cb52f511d9cb8f6,U8ece597dcc6246cabaaf5523a036c99b,video,delivered,2025-12-21 04:20:11,
a27506cb-3d4d-4440-9158-a79ca9b54343,2026-01-26,msg_00063,Ub0341314a5534ea92b26fa8adc30543f,U97c4d24c9e501777f4f5ff890ad64378,imagemap,delivered,2026-01-26 02:20:04,
476d247b-137c-479a-92f0-015eff4b8e24,2026-02-09,msg_00083,U3bae1603803a839c0cb52f511d9cb8f6,Ueda46923449ceb74ff0466dd40c40e62,flex,delivered,2026-02-09 05:09:52,
3e84f0ed-1555-4724-a5b3-9e50cae09b72,2025-12-19,msg_00118,U4784fc8a8e1e4eb2435ad84e0ad052f2,U5caca87ab04b15306c9bbf50f778c711,image,delivered,2025-12-19 05:48:13,
ad5e9724-0dbc-4ecf-9e51-449bf3e8f165,2026-02-14,msg_00098,U743849e63f8101ac616f8fd0ba84a167,Uecb9b1ba335897d1ccd7f054cca2fbee,imagemap,opened,2026-02-14 18:40:53,
15132a03-8548-4449-ab05-e1abf2e39fd7,2026-02-28,msg_00117,U743849e63f8101ac616f8fd0ba84a167,Ue418c38974aa9598aa11e34dcc803b6a,video,opened,2026-02-28 21:28:54,
b729e8f0-6de5-4911-bb51-2b5925f1bef1,2025-11-17,msg_00034,U743849e63f8101ac616f8fd0ba84a167,U6e395ee9ba1755b9330a76644e85251c,text,delivered,2025-11-17 12:16:26,
caadda8c-eb75-4765-83cf-68e759685723,2026-01-10,msg_00044,U30ad60bba5da9837ca5dd0230ca8f531,U86dd40c022b07d8d27a1e06830e57fbf,video,delivered,2026-01-10 01:35:01,
2f18328b-3937-40e2-852f-f5156e75c058,2026-03-22,msg_00119,U3bae1603803a839c0cb52f511d9cb8f6,U832fee059f95529e6bde25eee5c2193a,imagemap,delivered,2026-03-22 07:22:22,
ed9713d9-3e07-4113-be3e-d9f6906c1cf3,2025-11-17,msg_00099,U3bae1603803a839c0cb52f511d9cb8f6,U4ac626146573942ead9738d33679cdbc,text,delivered,2025-11-17 18:08:20,
c990e565-cb23-4c69-90bc-a5dda0eefd4c,2025-12-17,msg_00032,U3bae1603803a839c0cb52f511d9cb8f6,Uf42786bf2021baeecab8d2c882162e03,video,delivered,2025-12-17 14:50:54,
695dffc7-f3e7-4119-b00b-7f50cdcb911f,2025-12-25,msg_00045,Ue7310890b01058478be93761a56d0aa0,4b823089cf9b7e8cef8d31a46eb6f2d2,video,delivered,2025-12-25 11:47:15,
72bcc8bf-3c3a-48d8-b060-f6f22d52a8f9,2025-12-18,msg_00114,Ub0341314a5534ea92b26fa8adc30543f,U375f9b9064758a138bfe5dafaaa453ba,flex,opened,2025-12-18 07:01:18,
e1eaa42e-99bc-40e1-9cdc-acf344b11efc,2025-12-09,msg_00059,U3bae1603803a839c0cb52f511d9cb8f6,U5ca40b6dca72cd8e740aa8a3e11fd003,imagemap,delivered,2025-12-09 18:47:22,
7ca01419-c9a6-457a-9e81-f78c2a8f09b7,2025-12-14,msg_00085,U743849e63f8101ac616f8fd0ba84a167,U5499a42cf5b7a2d01d68d1e8d057605b,image,opened,2025-12-14 18:57:05,
f77b71ef-84c4-464c-bfe9-92dc979eae1a,2026-04-05,msg_00054,U3bae1603803a839c0cb52f511d9cb8f6,U2ff142cfab61a50c0510a2021c79d48e,image,delivered,2026-04-05 13:04:36,
446c00ed-a777-44b1-9146-d7490a76e347,2026-02-20,msg_00017,U22a93bc29b1df104af6b1ba1cd91fc56,U5c412c7697fab6afdd77448e6cf7a0db,video,delivered,2026-02-20 07:11:55,
c96d10f8-a920-4473-9aa9-3b34cdbc3d3d,2026-04-05,msg_00054,U3bae1603803a839c0cb52f511d9cb8f6,Ud55910dedd76eff796f81afbfa695fda,image,delivered,2026-04-05 11:40:48,
9497d0f7-c895-4f31-8f7f-6f1b7dc557fc,2026-01-26,msg_00086,U4784fc8a8e1e4eb2435ad84e0ad052f2,Udf5fa96bb69225596ea58cd44de7ede8,text,delivered,2026-01-26 09:45:17,
7840e46c-e8d1-4560-ba93-a9fd5ca03def,2026-03-08,msg_00112,U3bae1603803a839c0cb52f511d9cb8f6,U978547131f923ccc750d98bc3395131c,image,opened,2026-03-08 16:23:41,
6035bcb9-d982-4897-a8d7-2b1e5479f5ad,2026-03-29,msg_00097,Ub0341314a5534ea92b26fa8adc30543f,Ud15e85494874210f8d18ab24ec2de690,text,delivered,2026-03-29 00:49:30,
e3e39a74-56a8-4656-93c8-0b78e5aa27d9,2026-02-14,msg_00098,U743849e63f8101ac616f8fd0ba84a167,Ue60b2b46c2990048c08ce7861c95c7ea,imagemap,delivered,2026-02-14 23:19:47,
d3698807-e188-4093-a8b1-135bd7017c48,2026-03-11,msg_00104,Ub0341314a5534ea92b26fa8adc30543f,Ufda001962db6143cc8c56fe15058fbe7,image,opened,2026-03-11 05:06:17,
e7fae4dc-5c7c-4176-8320-ee32cb9fc9d0,2026-03-11,msg_00067,U7e808d11d6f9901a954a542a7ee09918,Uec165027671ad3b988c329046ba7c751,video,opened,2026-03-11 01:04:45,
bbb33953-9435-4afa-840e-2a179cefab41,2026-04-01,msg_00072,U4784fc8a8e1e4eb2435ad84e0ad052f2,U96651972e9c5bc46c4a4fe12dafafcf1,image,delivered,2026-04-01 19:31:39,
4ea20bca-8363-4291-9f3e-6de4b066b2d7,2025-12-03,msg_00012,U743849e63f8101ac616f8fd0ba84a167,U6b7da8e1c444ec6b01be2324c789b1ff,imagemap,delivered,2025-12-03 04:00:17,
ccd544da-7742-4253-98f3-9bb6cc66a8bc,2025-12-09,msg_00059,U3bae1603803a839c0cb52f511d9cb8f6,U60898e4abc8882794ccdb9d5195a51da,imagemap,opened,2025-12-09 09:29:36,
3f468b36-ceee-4315-92b6-eebffe4e6859,2026-02-14,msg_00042,U3bae1603803a839c0cb52f511d9cb8f6,Ud608723a4cb2c141c154a3afc3f76be0,video,delivered,2026-02-14 16:30:24,
18d78c30-092f-45bb-9fca-74eebbc7e7a3,2026-01-26,msg_00063,Ub0341314a5534ea92b26fa8adc30543f,U8374c353c3b1435cdcab0982646aec7b,imagemap,delivered,2026-01-26 10:58:35,
aaa8ca04-ebaf-417d-9438-d9a0a7d4a104,2025-12-12,msg_00029,U743849e63f8101ac616f8fd0ba84a167,U15627a9e29922116cd810e34a905ebdd,imagemap,delivered,2025-12-11 06:53:24,
8c0fe0f1-0073-4a45-a9e8-79a947610f6c,2025-12-18,msg_00114,Ub0341314a5534ea92b26fa8adc30543f,U57e0e73996011028fe3519551e5f3626,flex,delivered,2025-12-18 03:15:42,
b71f60d9-c32e-41c0-91fb-8d06d97bd6f9,2025-11-23,msg_00053,U743849e63f8101ac616f8fd0ba84a167,U54dc73b061130c4dc231b82c92e72c8b,video,delivered,2025-11-23 05:39:03,
f2345e07-35a3-4920-a147-a9fbb10b9478,2026-03-06,msg_00068,Ub0341314a5534ea92b26fa8adc30543f,Ub85d8dd58eaa86a6ad8d7e08424b03ba,video,opened,2026-03-06 06:20:32,
35b78992-ffdc-41c1-b39a-c5d6de3e6f39,2026-01-26,msg_00115,U3bae1603803a839c0cb52f511d9cb8f6,Ub23d0a34b829ca288dcdecf4e36843e8,imagemap,delivered,2026-01-26 03:10:29,
31634b8e-5491-4d0c-ac59-354bbf129a5e,2025-11-24,msg_00033,U3bae1603803a839c0cb52f511d9cb8f6,Ua3ba4753b9ca65171ee2abbfd336a352,text,delivered,2025-11-24 15:26:57,
2e5050dc-2500-4488-a4ca-519721f63e9c,2026-01-26,msg_00115,U3bae1603803a839c0cb52f511d9cb8f6,Ud5ac5f6ceef41c05634b91f58d60db0b,imagemap,opened,2026-01-26 13:42:23,
d7d4fc3d-386a-4144-96a4-fdc84e6e946b,2026-03-11,msg_00067,U7e808d11d6f9901a954a542a7ee09918,U2c9aebb23efc85b9c36c04934b86af46,video,opened,2026-03-11 08:38:06,
c7754943-cc01-4605-a2ee-f73423d22c17,2025-12-03,msg_00012,U743849e63f8101ac616f8fd0ba84a167,U5ef61124dc1ae06104f29d9dccf94f04,imagemap,delivered,2025-12-03 05:22:22,
289dee95-2109-4cd7-8bac-90f424088972,2026-03-06,msg_00055,U3bae1603803a839c0cb52f511d9cb8f6,U42852c5e50a4d3534e89b29b6621c361,flex,opened,2026-03-06 11:06:08,
bbd23dd7-5bef-4ebd-81d4-d7cb746a466b,2025-11-23,msg_00024,Ue8d9224ecde331ce692edfce0b5ecdc4,Uf727a75b7c94dbb21ff5bf521041aa76,text,clicked,2025-11-23 09:59:10,https://example-saas.jp/lp/newmenu
d1e3ab73-e7a9-47b3-a218-0f90ecc2ce15,2026-01-14,msg_00081,Ue7310890b01058478be93761a56d0aa0,U908a7f857aa23f425d4d2ebb8b07bdbf,video,opened,2026-01-14 19:26:07,
dee3db28-acf1-418e-81a3-b52157261e70,2025-12-23,msg_00109,Ue7310890b01058478be93761a56d0aa0,Uc951b129eb4290395b6d36b5447f5bf5,text,opened,2025-12-23 08:39:31,
5ea02161-11f7-4ad0-9f6c-92451f956934,2025-11-23,msg_00053,U743849e63f8101ac616f8fd0ba84a167,U8caad6e7efd93ca9e0b924b4a649061f,video,delivered,2025-11-23 00:26:24,
96092ccd-7cd8-4a61-b8a5-ad32d08a0cf3,2025-12-23,msg_00109,Ue7310890b01058478be93761a56d0aa0,U29a8f40f5a7fa4c2a88308e2aac1a4c2,text,delivered,2025-12-23 16:49:09,
023c43cd-9339-485d-bcd0-3a7fbce877b8,2026-03-03,msg_00093,U743849e63f8101ac616f8fd0ba84a167,U4ff24b29f2bd007c784182269a71abc2,imagemap,delivered,2026-03-03 02:43:19,
8c555770-0892-4a6e-957b-cf6c814ca15f,2026-02-14,msg_00065,U743849e63f8101ac616f8fd0ba84a167,U26bd0e5e4621b0011f6aff1334df913d,image,delivered,2026-02-14 08:04:29,
1dc6f329-9406-46bf-9807-a4166085062f,2026-03-29,msg_00097,Ub0341314a5534ea92b26fa8adc30543f,U039f01c426d93cd9f18ceecb7764b96f,text,delivered,2026-03-29 16:22:20,
3731ebc1-5bc4-4cef-82ce-8e3a5fe1a768,2026-02-15,msg_00087,U3bae1603803a839c0cb52f511d9cb8f6,U1fd932a8dd82279f0d2f12adefcf0151,imagemap,delivered,2026-02-15 23:25:22,
9b2202a2-174d-437d-b2d3-48eb0a623f57,2026-01-01,msg_00027,U4784fc8a8e1e4eb2435ad84e0ad052f2,0c85b16c82ce8ee05c679cbf6ba25aa7,image,clicked,2026-01-02 00:00:34,https://example-saas.jp/survey
592006d4-fbb8-4ece-a582-5efc5d1d4db8,2025-12-23,msg_00109,Ue7310890b01058478be93761a56d0aa0,U227df6d46fba401e83d5e2d589e49e33,text,delivered,2025-12-23 15:45:38,
21123106-c183-4e0f-9252-cfe7ca2e14c3,2025-12-09,msg_00069,Uc20f9c7e9b662bedec3cb78e127885c7,U9370947732378961547560d6d08b7b44,imagemap,delivered,2025-12-09 04:14:55,
4ef95733-c865-40b0-a588-c02beda31d44,2026-01-26,msg_00005,Ub0341314a5534ea92b26fa8adc30543f,Ue7f00e6e77aa47950314b3039a3c5b7b,image,delivered,2026-01-26 01:17:12,
80f8353f-1515-4180-b781-32c577f861db,2026-03-04,msg_00056,U1ca413826b7044d134c9c3132420c9de,U03133268e40c70132ba207d2e15e8110,text,delivered,2026-03-04 10:07:37,
a0bd0fc4-73d3-40db-b9ab-ac0b5fb83d38,2025-11-26,msg_00028,U3bae1603803a839c0cb52f511d9cb8f6,U10cd9d90fb5986b15fb65d3886e2100e,image,delivered,2025-11-26 19:39:29,
bb887c92-dd27-4e3c-be99-714a0d4a5b97,2025-11-23,msg_00053,U743849e63f8101ac616f8fd0ba84a167,U9fe8d84f8d4ee0310b06f2a45e26a6ac,video,opened,2025-11-23 12:40:58,
e19e6561-5f72-4b7e-9eee-a8e8e07bf7a7,2026-02-08,msg_00051,U3bae1603803a839c0cb52f511d9cb8f6,Ucc88f1d65bd1032bfe338dd9aac6c4fc,image,opened,2026-02-08 03:50:40,
4a31396c-5da0-4ee5-9f58-d59198d879c9,2026-01-07,msg_00110,Ub0341314a5534ea92b26fa8adc30543f,U5a67b2c4314dd28b458e7228e759b81c,video,failed,2026-01-07 01:09:53,
c4bca5c3-f5ca-479c-a220-1fb2cf0908e2,2026-02-25,msg_00008,Ub0341314a5534ea92b26fa8adc30543f,Uafbe5132759d84f1da4ea2a35875e22a,image,delivered,2026-02-25 09:33:32,
2aa8c467-306a-417c-ab0a-66b38ac117fe,2026-01-13,msg_00060,U3bae1603803a839c0cb52f511d9cb8f6,Ua881956b39995e916011531f1d6a3d80,image,delivered,2026-01-13 01:29:12,
7912fb82-ab88-4922-a859-f14ca42c4dbf,2026-02-15,msg_00087,U3bae1603803a839c0cb52f511d9cb8f6,U213f7b6aed5f9120015e02ced55d5309,imagemap,delivered,2026-02-15 11:32:55,
c718764f-0d59-4be3-bde3-87e2c60aa64e,2025-11-21,msg_00010,Ue7310890b01058478be93761a56d0aa0,U54842ff2fd3c1dbc86b20f41701a7ea6,imagemap,opened,2025-11-21 20:09:42,
8853b5c8-02ff-4ff8-8479-f5a15ec26df8,2025-11-17,msg_00099,U3bae1603803a839c0cb52f511d9cb8f6,U022247f33809bc6d834557d984af8504,text,delivered,2025-11-17 21:20:27,
ea894c03-7439-44b7-b7df-d863628f6b63,2026-02-28,msg_00117,U743849e63f8101ac616f8fd0ba84a167,Ub2289280dd480b2b80c3ff1047e1b950,video,delivered,2026-02-28 17:33:31,
1f5ed9ef-a92d-405e-9a60-e0d6d909c218,2026-02-14,msg_00065,U743849e63f8101ac616f8fd0ba84a167,Ue428a159c30d57dd8dd6f2de7b38cdf5,image,delivered,2026-02-14 10:42:04,
88180ff3-f2cc-4715-8b3e-328507d68785,2026-03-05,msg_00014,U3bae1603803a839c0cb52f511d9cb8f6,U989629ad7a308d467e839d09576d1470,flex,clicked,2026-03-05 21:43:51,
aefe4483-86ca-4488-9e4b-679bae0e298b,2026-01-26,msg_00115,U3bae1603803a839c0cb52f511d9cb8f6,Ub183c991b8471dfc7625c935e3de975e,imagemap,delivered,2026-01-26 10:38:02,
3581667e-f18b-4117-a528-58a979b721f1,2026-01-14,msg_00081,Ue7310890b01058478be93761a56d0aa0,U8bcd099293cec9e8fb06ed992b1e90da,video,opened,2026-01-14 23:46:50,
64b30d23-65b4-4719-878c-0f81d38defc1,2026-03-27,msg_00096,U476acbdef8e9a16d24575e4f6d7b0f31,Ua48aa7a441cfddbda3c65875ee002d6d,imagemap,opened,2026-03-27 07:13:13,
f54384a8-d490-4265-8a12-46ae190b7a3f,2026-04-08,msg_00078,Ud4a92c8c8050eed40ef171cc2784d638,U524724da896d3b555bd28ca70ff99e60,image,clicked,2026-04-08 04:14:24,https://example-saas.jp/campaign/spring
13daa109-ddc5-47ae-ac30-6963c7ebede8,2026-01-01,msg_00027,U4784fc8a8e1e4eb2435ad84e0ad052f2,U3cafb710c4e658c3bb55113cd60043ed,image,delivered,2026-01-01 15:38:27,
f4453b8d-9b66-438b-b4e4-d6ef86df0e00,2026-03-22,msg_00119,U3bae1603803a839c0cb52f511d9cb8f6,U001fdc60f34f26be09282f2d7ccd32de,imagemap,opened,2026-03-22 16:37:58,
8847abb6-da1a-4419-9447-82712264ff39,2026-01-18,msg_00102,U227d1cd1a801c367de206ec4bbca7330,9da76ec6314fa0ddeb892b51e5106107,video,delivered,2026-01-18 19:05:37,
33ec822f-d583-4228-ab55-1455c3175c45,2026-04-04,msg_00049,U476acbdef8e9a16d24575e4f6d7b0f31,U578eb5c50e173a6228de80dab32ddb3f,text,delivered,2026-04-04 16:33:06,
bc2a057f-89fc-42ac-865d-347701cc6c9b,2025-12-09,msg_00069,Uc20f9c7e9b662bedec3cb78e127885c7,U04d4cc28b6d90139f7807623d7b47f79,imagemap,delivered,2025-12-09 15:02:00,
2cefd8df-6c66-4bfc-b883-903aa0d7dec4,2026-02-10,msg_00058,Ue9a1e8a5b83a6b296d43c957a8cfba4a,Ue26c0f5bce5c84b59d1649f1e1a4be06,video,delivered,2026-02-10 14:35:47,
01fa8d79-5372-417a-a889-81525885d471,2026-03-27,msg_00096,U476acbdef8e9a16d24575e4f6d7b0f31,Uee80a8630769ddc1a8a161bdbf6de533,imagemap,delivered,2026-03-27 01:58:48,
9e5fbec6-5e07-46d1-bebb-389d3032c88a,2025-12-12,msg_00004,Ub0341314a5534ea92b26fa8adc30543f,U3d5a40d4460e4f939a99d51df5aa92fe,video,delivered,2025-12-12 12:08:15,
8278bfa6-21d5-413f-b967-837c14335809,2025-11-21,msg_00010,Ue7310890b01058478be93761a56d0aa0,U6830207387c66f704bf0500da61a43e4,imagemap,delivered,2025-11-21 18:54:53,
b3047fd9-06c0-41d0-827f-67ea84a696ca,2026-04-12,msg_00120,U227d1cd1a801c367de206ec4bbca7330,U678311362f6e268fe896456c26e8fe00,text,delivered,2026-04-12 00:41:11,
8a06131c-0014-4b9f-9ce4-f672e3de2614,2026-03-27,msg_00096,U476acbdef8e9a16d24575e4f6d7b0f31,Ua8f645a505563be0cca870ba67cc4cc5,imagemap,opened,2026-03-27 20:58:01,
60e89863-8a3c-4b02-bfe4-7a2735b38b2c,2026-01-26,msg_00115,U3bae1603803a839c0cb52f511d9cb8f6,U657c74f4671b2ede256b9b80a691612a,imagemap,delivered,2026-01-26 12:02:40,
3abd0c5a-574c-48d4-b94e-e7cc8edf7635,2026-02-14,msg_00042,U3bae1603803a839c0cb52f511d9cb8f6,Ue5b729301a85babe45b0848669e56249,video,opened,2026-02-14 08:47:49,
45049ed6-6f83-4676-a8c1-83e8c64f4588,2026-01-01,msg_00027,U4784fc8a8e1e4eb2435ad84e0ad052f2,Ub2e0f96125a03b16169e794c68ed4071,image,opened,2026-01-01 05:11:13,
c2d72804-c1e5-4af1-90e1-9f8cd7c179c8,2026-03-25,msg_00079,U743849e63f8101ac616f8fd0ba84a167,U61097c3170b11215bc165e6923c1ca0d,text,delivered,2026-03-25 22:08:11,
eea18932-40ca-46d5-8f3f-b0d4b235dab3,2025-12-25,msg_00045,Ue7310890b01058478be93761a56d0aa0,U86f5eea2a04935e38a8b7a4e779c9eba,video,clicked,2025-12-25 05:19:32,https://example-saas.jp/survey
15a0734d-4f03-4525-8660-dcd558ab17d4,2025-12-24,msg_00062,Ub0341314a5534ea92b26fa8adc30543f,U5fec6a178eadf41fb2dc2fe1be39aee5,video,delivered,2025-12-24 16:28:11,
c851bf66-461b-490e-abcb-54f30cbf75ad,2026-03-20,msg_00057,Ub0341314a5534ea92b26fa8adc30543f,f4537ef49c70817ec199e9a0c63c736f,video,opened,2026-03-20 20:13:36,
4abbf031-4cd7-47a1-8442-793fe965b76a,2026-03-20,msg_00106,U3bae1603803a839c0cb52f511d9cb8f6,97b948bb668d7b916679d12a2cf8805c,video,delivered,2026-03-20 03:31:54,
da615be1-9d94-4df3-978b-6ca8d2320cfa,2025-12-23,msg_00061,Ub0341314a5534ea92b26fa8adc30543f,U8f38b633ca6efe13e1a53c22a135e41b,imagemap,delivered,2025-12-23 13:23:48,
0da7e4b3-53f5-4e6e-b794-b2417376532f,2026-03-06,msg_00068,Ub0341314a5534ea92b26fa8adc30543f,Uba37b9b588dcf5998ac8b41fdaa2b575,video,delivered,2026-03-06 03:17:22,
7511f10f-a639-4d14-b8a8-27a41bab2c29,2026-03-05,msg_00014,U3bae1603803a839c0cb52f511d9cb8f6,Ucc626e285833a614300325c3abec7b38,flex,opened,2026-03-05 06:47:02,
64ede5d1-5af7-4c0d-9562-bf478203785c,2026-01-20,msg_00108,Ub0341314a5534ea92b26fa8adc30543f,Uef9659442b06e06b4e7501bceb9978ea,flex,opened,2026-01-20 21:51:54,
0ad5ba8d-4342-4104-ac01-4959a8541cd4,2025-12-25,msg_00045,Ue7310890b01058478be93761a56d0aa0,Uceb5d139f5714574b0ae1c6eb4b92adb,video,opened,2025-12-26 00:59:51,
f9132272-6885-42d8-a48c-ab2dee847b6e,2025-12-22,msg_00013,Ub0341314a5534ea92b26fa8adc30543f,Ua2497cac21e44c9d76200e7dc6c98110,image,delivered,2025-12-22 06:54:47,
921de66b-b24e-4c22-8a15-53c371263c10,2026-03-04,msg_00056,U1ca413826b7044d134c9c3132420c9de,Uc18d26e781746c0aad38a91019cc6d71,text,delivered,2026-03-04 18:07:49,
7789142e-e8e3-454a-b9bc-42e1845a2eec,2026-01-31,msg_00035,U7e808d11d6f9901a954a542a7ee09918,U69de92de990421dc7a425c7853a83208,text,opened,2026-01-31 06:35:39,
e6cf9b6c-087e-4f65-90cc-32bad8444bcb,2025-12-24,msg_00091,U3bae1603803a839c0cb52f511d9cb8f6,Ub72ac2e4985686521083d94da1f176e2,imagemap,opened,2025-12-24 11:02:54,
9a3e43b5-c196-4ae9-a6d6-700ce448e5da,2026-02-14,msg_00042,U3bae1603803a839c0cb52f511d9cb8f6,Ufdec662e3727d35f08215ab1ac66b63f,video,delivered,2026-02-14 19:13:22,
8e204f3c-b9c3-4a14-b915-ccdb16ffe244,2026-01-29,msg_00031,U3bae1603803a839c0cb52f511d9cb8f6,8414ed6f69fd45b4c1793e70558f3ba5,video,delivered,2026-01-29 10:25:03,
40b0ee26-d158-4b9c-9915-0614513dffe1,2025-12-18,msg_00070,Ue9a1e8a5b83a6b296d43c957a8cfba4a,U71d8826e8a221504d48f1c9c12f2b174,imagemap,delivered,2025-12-18 12:58:46,
17082ae1-979c-48c2-9563-751600ca189a,2025-12-14,msg_00085,U743849e63f8101ac616f8fd0ba84a167,Ub489ca9d19b68d4f04c63fc825a2174b,image,opened,2025-12-14 16:39:38,
4a487228-1584-4ce0-a307-3e7734f62b3f,2026-01-26,msg_00103,U3bae1603803a839c0cb52f511d9cb8f6,U6f6bd7ade92887a5d37ef1358e0a7f9b,flex,clicked,2026-01-26 16:08:39,https://example-saas.jp/survey
43db25ec-b7c3-46dc-ba04-b82e02c6ff05,2025-12-23,msg_00061,Ub0341314a5534ea92b26fa8adc30543f,U588af6d15360e5d650094ca37268d69a,imagemap,opened,2025-12-23 20:15:58,
552dc0e5-1401-4338-8928-f41bb924e078,2026-02-15,msg_00087,U3bae1603803a839c0cb52f511d9cb8f6,U6fb1e4e5f6029dd3517c30e21b4fb385,imagemap,delivered,2026-02-15 18:51:20,
b4e79f48-802c-4658-aef4-c556ec168145,2026-03-18,msg_00080,U22a93bc29b1df104af6b1ba1cd91fc56,Uc22bdead52b57088a7b6f9a76c6e172d,flex,failed,2026-03-18 16:57:05,
33f13c5c-bfab-4393-b372-5bece73e7925,2026-01-31,msg_00035,U7e808d11d6f9901a954a542a7ee09918,U450c943c6f36d6eb59f101543ee36988,text,delivered,2026-01-31 14:43:34,
ae8e6b92-0a06-4233-bb56-a6fc7843f93b,2025-12-25,msg_00077,U743849e63f8101ac616f8fd0ba84a167,U76c9962ce49b5063dee28e2d66fc86c5,text,opened,2025-12-25 06:28:35,
c14aa559-94c1-40f9-b505-c59eb9286dab,2026-02-20,msg_00036,U879eb903ad90cd9c2874f6df7651267a,U2d92f01e6149ec49544d5d0267921ff0,video,delivered,2026-02-20 00:26:15,
aa67051b-1757-4bbb-9239-f8ec50ed44d5,2026-03-26,msg_00040,U3bae1603803a839c0cb52f511d9cb8f6,Ubee2da92ebeca26a87e5db6862997b2b,imagemap,opened,2026-03-26 09:24:30,
dbfecc75-8721-4f67-87e3-e7bf1812aa5a,2026-03-23,msg_00073,Ud4a92c8c8050eed40ef171cc2784d638,Uceb87c834056706ca30158a2544d5661,imagemap,delivered,2026-03-23 10:09:20,
137adfc2-c8d8-44cc-bcbc-5b572a225e4e,2025-12-03,msg_00012,U743849e63f8101ac616f8fd0ba84a167,U7c4211543fdb546ba25a54babbd86fe4,imagemap,delivered,2025-12-01 14:36:50,
fadb7b6b-ff23-410e-9e50-a7f7e71ff705,2026-01-09,msg_00052,U743849e63f8101ac616f8fd0ba84a167,Ucba2245e1831e292767fe6b15d4b9f4a,video,delivered,2026-01-05 09:11:49,
2013c312-d614-491b-8c08-2563d1057256,2026-03-27,msg_00096,U476acbdef8e9a16d24575e4f6d7b0f31,U7a2c2eb8571063dae2bc4e0715c3f631,imagemap,delivered,2026-03-27 18:58:03,
6f2bae66-d03d-4388-a27f-32b56b4dc3e3,2026-04-12,msg_00120,U227d1cd1a801c367de206ec4bbca7330,U1eb569dcc8d56883adac18cbfa57bd85,text,delivered,2026-04-12 00:13:58,
25861157-a550-482f-ac99-243eccb8f88b,2026-03-11,msg_00104,Ub0341314a5534ea92b26fa8adc30543f,U3fee35ea423507f054265524bcfb3809,image,delivered,2026-03-11 14:17:28,
ebda44e9-9b57-4d4a-bc35-e5c90d8795e5,2026-03-11,msg_00067,U7e808d11d6f9901a954a542a7ee09918,U5f97a3f2759cea9285ef31f92a4e35c8,video,delivered,2026-03-11 04:41:41,
de6d9182-cf16-40fa-be13-19a0c68d5fe8,2025-11-30,msg_00045,U743849e63f8101ac616f8fd0ba84a167,U605e3a14aa52e51bcb80a0fe087cc23e,imagemap,open,2025-11-30 06:22:06,
c022aa5c-6085-4bc9-bf0c-c66580e40532,2025-11-24,msg_00033,U3bae1603803a839c0cb52f511d9cb8f6,U797232f41133e78e7b138789e2a3faf0,text,clicked,2025-11-24 12:54:30,https://example-saas.jp/coupon/500off
f31d9a65-cb99-4aa6-896a-437a7d87fb07,2025-11-16,msg_00011,U837b70463a585f85743b5bfb3b49c9fd,U56462e9e3d10e34f3ca85b2106939fd9,flex,delivered,2025-11-16 19:22:11,
1fefe8c6-dfdb-4ab1-b71b-5e602ce1d717,2026-02-15,msg_00006,U743849e63f8101ac616f8fd0ba84a167,U2f2eae0a1c3cf1c187d55e291fcb2388,flex,delivered,2026-02-15 18:40:21,
6501990e-2789-4fca-9428-7366301320fc,2025-11-24,msg_00033,U3bae1603803a839c0cb52f511d9cb8f6,U4dbbcaddf60cf536334d52f653ffc5b6,text,delivered,2025-11-24 14:37:42,
3eae3921-6109-42e0-994c-8bb40d91fd5d,2025-12-23,msg_00061,Ub0341314a5534ea92b26fa8adc30543f,Ueffefbc2314abe5d036af268c87dc5d8,imagemap,delivered,2025-12-23 03:37:00,
d05a1c2f-bfb1-40a9-95a0-c4c6b660307c,2026-02-16,msg_00021,U743849e63f8101ac616f8fd0ba84a167,Ud4bc28afea9413b57fb1be8e7a56a3a8,flex,delivered,2026-02-16 17:53:40,
50118d70-3bd9-4fff-ad70-e9bf21b96f2a,2026-01-24,msg_00007,Ub0341314a5534ea92b26fa8adc30543f,U42daed873c64fed391de2264ddc7f763,imagemap,delivered,2026-01-24 22:12:54,
6c048580-0ceb-4c4d-961a-4553706ef81b,2026-03-20,msg_00106,U3bae1603803a839c0cb52f511d9cb8f6,U331541e5e68e92fbc82b2f33a356dce2,video,opened,2026-03-20 16:35:37,
82bad40f-6606-477b-8f20-733b8154cf6a,2026-04-10,msg_00101,U743849e63f8101ac616f8fd0ba84a167,Ue19d658f4a392da71644190b03efa260,imagemap,blocked,2026-04-10 19:44:29,
3bcd1798-47d6-41b9-8d36-777f809f2650,2025-12-21,msg_00022,U3bae1603803a839c0cb52f511d9cb8f6,U7e257340b8e7cbc724161c20420cec1e,video,delivered,2025-12-21 04:31:55,
b140d2a2-3d0c-4ef2-83a9-40abd47cb088,2026-01-26,msg_00005,Ub0341314a5534ea92b26fa8adc30543f,Ube08815f8247b9a6a0b0bf8f32906165,image,opened,2026-01-27 01:17:28,
e25da9d8-8067-4374-ae85-7206920c4e8b,2026-02-09,msg_00083,U3bae1603803a839c0cb52f511d9cb8f6,Ubf8cceca09bd40dfcc4d15c198981381,flex,delivered,2026-02-09 18:41:59,
4b6254f7-d330-4b87-bf39-8152e08a9c3f,2026-03-05,msg_00014,U3bae1603803a839c0cb52f511d9cb8f6,U1fd99a79f2ad18b66c344fdefcfe656f,flex,opened,2026-03-05 22:34:50,
395f6560-e833-48b5-9fde-8cfa1c84a41b,2026-02-24,msg_00111,Ub0341314a5534ea92b26fa8adc30543f,U9067c20863b64ec94f36e68604750c8a,flex,delivered,2026-02-24 04:39:09,
1f9238ce-0569-4ad3-86e0-a93b8901f96d,2026-03-27,msg_00096,U476acbdef8e9a16d24575e4f6d7b0f31,Ua21197836887d77bdfccc6311e00f4ba,imagemap,delivered,2026-03-27 20:17:07,
f8d8b9f4-3dd9-4713-b2f2-f2d47782a0af,2026-01-24,msg_00007,Ub0341314a5534ea92b26fa8adc30543f,U1f88fe082b1705ff985abbca1aa41b18,imagemap,opened,2026-01-24 22:14:46,
fe5b9e89-4a30-4bef-ab84-a9b1248604cf,2025-12-21,msg_00022,U3bae1603803a839c0cb52f511d9cb8f6,Ucaae128f541a5b4e693aad999fc10150,video,opened,2025-12-21 08:32:18,
d256be87-1f31-441a-bf7b-d93cc5d7a29e,2026-03-11,msg_00067,U7e808d11d6f9901a954a542a7ee09918,U0c81fc55e17f5e8b1d35ee7e302195d7,video,opened,2026-03-11 02:25:51,
a88bf542-da47-4fcf-8a07-6983cb2e1010,2025-11-23,msg_00053,U743849e63f8101ac616f8fd0ba84a167,U84cfcdcce0c019b9f115968dbebad216,video,opened,2025-11-23 19:45:50,
a94804ff-1420-4188-859e-439b246f13b0,2026-03-23,msg_00073,Ud4a92c8c8050eed40ef171cc2784d638,U2d118c2cdc3d8f331c276391f9a1c486,imagemap,opened,2026-03-23 02:10:10,
9f583637-ddbd-45ca-868d-e11f5ec6cbc0,2026-03-08,msg_00112,U3bae1603803a839c0cb52f511d9cb8f6,ad1f8f655078c225a578c54a4ca0a99e,image,opened,2026-03-08 00:50:54,
d89f793c-af06-4f67-b51b-ae059a125006,2025-11-24,msg_00033,U3bae1603803a839c0cb52f511d9cb8f6,Uad563e465abe88a2679178b27d3cf809,text,delivered,2025-11-24 14:28:11,
4f0d9011-369e-4910-a896-5c4b3fb4a7ce,2025-12-25,msg_00077,U743849e63f8101ac616f8fd0ba84a167,U344e034a6e7bc6ea6746258e7227fc96,text,failed,2025-12-25 02:01:47,
eb8fe559-cf34-49da-bad1-41b929e9aa37,2026-03-25,msg_00079,U743849e63f8101ac616f8fd0ba84a167,U7ae93b1060b3e267055a46a59ec05157,text,opened,2026-03-25 20:02:56,
0bd890e0-199c-4907-b2ab-1f8124b77456,2025-11-23,msg_00053,U743849e63f8101ac616f8fd0ba84a167,Uf510dc5fb2e82686c4ad5fc90b45051d,video,delivered,2025-11-23 10:56:40,
b6dda8cc-3b95-4cd4-b4f7-6eeddf06e66f,2026-01-24,msg_00007,Ub0341314a5534ea92b26fa8adc30543f,Uf427a9a387c2c4fc012732d248e36726,imagemap,delivered,2026-01-24 23:28:42,
d7e0152a-4151-40ab-8eb5-b9871e40eeab,2026-02-08,msg_00051,U3bae1603803a839c0cb52f511d9cb8f6,aead23cf02ff1a132962522e8636a3c5,image,delivered,2026-02-08 03:28:18,
d4d7830e-2025-4bf2-aa2f-3b3cbab7722b,2026-02-14,msg_00098,U743849e63f8101ac616f8fd0ba84a167,U4807ba9a7b372cd3a678e082fb97a0e6,imagemap,delivered,2026-02-14 11:41:32,
34546a6c-2f98-4bec-bfa1-5d0a6716bc25,2025-11-19,msg_00019,U743849e63f8101ac616f8fd0ba84a167,U755fe7bb21059fcfcb09023ec690a08f,flex,clicked,2025-11-19 16:22:43,https://example-saas.jp/coupon/500off
d0af0ad7-ecf5-476c-91b3-d7f91aa4b71c,2025-12-12,msg_00004,Ub0341314a5534ea92b26fa8adc30543f,Udc0d14e276f204b7676c79e03de7c51b,video,opened,2025-12-12 17:37:12,
918b7f87-8b5a-49a0-aac6-5bf41a9c30ce,2026-04-10,msg_00101,U743849e63f8101ac616f8fd0ba84a167,U7ac4ad9f9daec86b4898a01deb55eb92,imagemap,delivered,2026-04-10 16:19:22,
76e1758b-7ad7-4f0e-ac77-cae56de306f9,2026-04-08,msg_00078,Ud4a92c8c8050eed40ef171cc2784d638,e606453ae44b85d05d389b7c4c9ed39e,image,opened,2026-04-08 03:53:38,
92074367-bb5b-44a3-8209-fc79344d62f7,2026-03-26,msg_00040,U3bae1603803a839c0cb52f511d9cb8f6,Ud478b241fe6795752da344815c4cb9ef,imagemap,opened,2026-03-26 14:43:39,
3d3bf192-8dd0-4fd1-b280-c4e31767c7d9,2026-03-12,msg_00084,U68d2301028fb66b51d9111f1af067e34,U70200235da8c2aa3985574031d8689be,video,delivered,2026-03-12 13:39:29,
dead9a73-8a82-427c-b2d9-3b73ed5fb0ba,2025-12-09,msg_00094,U227d1cd1a801c367de206ec4bbca7330,U50a95efe9122a4c664c44bcaafe20437,flex,clicked,2025-12-09 22:49:35,
ee5099d8-163e-4e44-b7fa-70cfcd1642be,2026-01-26,msg_00005,Ub0341314a5534ea92b26fa8adc30543f,U270072853b44c967e6ee749e96137700,image,delivered,2026-01-26 15:39:22,
b809cb60-9d3e-4227-8088-60b3e092dcd9,2025-12-18,msg_00114,Ub0341314a5534ea92b26fa8adc30543f,U04702eaf2c53bb7950bf36f1463544e9,flex,opened,2025-12-18 10:19:49,
41186b87-d0c7-4387-870a-47107602c4a9,2026-04-04,msg_00049,U476acbdef8e9a16d24575e4f6d7b0f31,U6fbaca42bdf8e1cb3ae81484f782ccf3,text,delivered,2026-04-04 04:29:42,
d478601f-49db-49bf-9142-2bed9d4e6523,2026-03-22,msg_00119,U3bae1603803a839c0cb52f511d9cb8f6,U1259db3ec250ae97885707b7edd7fa4a,imagemap,delivered,2026-03-22 13:33:32,
a015b6fb-76a2-4a6d-a86a-56fcf219201f,2026-02-08,msg_00051,U3bae1603803a839c0cb52f511d9cb8f6,U010cb10f1e8806c658672ad2e856d452,image,delivered,2026-02-08 06:44:00,
4e226f7e-c69f-4afe-b64f-0278d6e497b6,2026-03-08,msg_00112,U3bae1603803a839c0cb52f511d9cb8f6,U7ac006366bc21ba78b2e91f126ee52e3,image,delivered,2026-03-08 20:40:45,
f900f149-0cb0-4a66-b853-6ecd1a81d8e9,2026-01-26,msg_00005,Ub0341314a5534ea92b26fa8adc30543f,Ue31e293b3258b9ff7aa173dc75197f91,image,delivered,2026-01-26 20:04:12,
1ba0216b-bf6f-4808-bcb0-0160ab2f6b64,2026-04-10,msg_00101,U743849e63f8101ac616f8fd0ba84a167,f55d5db282e017e82e5129b423462f06,imagemap,delivered,2026-04-10 17:42:35,
e17af430-27c3-426d-b75d-6ff57c817795,2026-04-08,msg_00078,Ud4a92c8c8050eed40ef171cc2784d638,U7753b0119980c4a7fe78810de1eeb5da,image,delivered,2026-04-08 19:37:38,
98e43d0d-dbfd-4945-8ae8-2da0e56dc0af,2025-11-16,msg_00020,U3bae1603803a839c0cb52f511d9cb8f6,Uc449e4cb8dd31155a126a5d28353dab5,text,delivered,2025-11-16 11:09:52,
20de608d-ba06-4bb9-98a9-28c2434e7502,2025-12-23,msg_00061,Ub0341314a5534ea92b26fa8adc30543f,Ubb017406ad377e5fffea1b1aeefd16c6,imagemap,delivered,2025-12-23 07:47:15,
bd7aae67-cdf5-499c-84e8-4b25c7f7fa6b,2026-03-31,msg_00046,U4784fc8a8e1e4eb2435ad84e0ad052f2,Uf88e685702fa9c99853a88f379472375,flex,delivered,2026-03-31 01:47:21,
4acb19b0-5306-4c63-9dfe-34ec2e3e6eb9,2025-11-21,msg_00010,Ue7310890b01058478be93761a56d0aa0,U7e1203f4e85a99cfa9df3431544d47ce,imagemap,opened,2025-11-21 07:42:14,
4cb85fbb-da24-4bf6-8d7d-af649d2b638d,2025-12-25,msg_00045,Ue7310890b01058478be93761a56d0aa0,Uc2d4eaed33c4b63dc4a83fb8d2473c56,video,delivered,2025-12-25 01:28:17,
3ba7e6f3-3dc7-48d3-91be-d36104a05283,2025-12-12,msg_00029,U743849e63f8101ac616f8fd0ba84a167,bd27ad13786ca32050a74e1aef415524,imagemap,delivered,2025-12-12 21:25:05,
399bf3bb-f2da-4090-a00a-42560438ce76,2026-03-13,msg_00001,U4784fc8a8e1e4eb2435ad84e0ad052f2,cd778d1168331d8ad583dd3a3acd8500,image,opened,2026-03-13 09:28:34,
a281f7e0-dc0d-461b-b134-6c27d4124018,2026-03-26,msg_00040,U3bae1603803a839c0cb52f511d9cb8f6,46da6c55ca4f73d3a5e2fcc25c6a4c10,imagemap,delivered,2026-03-26 01:56:24,
f0153e94-6b95-4ef3-b198-4a9618a7ebdc,2026-03-22,msg_00119,U3bae1603803a839c0cb52f511d9cb8f6,Ud81fc683e6c1cac5b9e3d9d0b070d27f,imagemap,clicked,2026-03-22 16:37:24,https://example-saas.jp/campaign/spring
e8679a6a-6c11-431e-8737-86dec9e9b07a,2026-03-03,msg_00093,U743849e63f8101ac616f8fd0ba84a167,Uf869ee72f489ee69145a15cc76a4336b,imagemap,delivered,2026-03-03 19:49:06,
c8d10cd7-0b8b-4c50-9934-f39ebca5210c,2026-01-24,msg_00007,Ub0341314a5534ea92b26fa8adc30543f,U78958a751dd5854585c10b70776ecf68,imagemap,delivered,2026-01-24 16:26:21,
fa235692-3b45-42c9-a452-8219f6af5bb7,2026-02-15,msg_00006,U743849e63f8101ac616f8fd0ba84a167,U5bb9faa0c68e909890f6ceb7cca5af45,flex,delivered,2026-02-15 16:08:40,
cc386528-8d3b-4b63-9092-2f2e0af4c580,2026-01-13,msg_00060,U3bae1603803a839c0cb52f511d9cb8f6,U0faecf9fb33e0c66ef792f1c5ce56b38,image,delivered,2026-01-13 23:59:30,
20412801-9556-4019-8d17-c09c028a6bdb,2025-12-23,msg_00109,Ue7310890b01058478be93761a56d0aa0,U40c0e1c106253756c1b708dfc0d3f191,text,clicked,2025-12-23 15:41:59,https://example-saas.jp/survey
20a14aeb-888c-4af6-ade8-a78056a6e956,2025-12-24,msg_00062,Ub0341314a5534ea92b26fa8adc30543f,b0d80c9d4315f0e265224d8f19240462,video,delivered,2025-12-24 23:44:05,
c737f49b-1601-44a1-9d6c-04a809759afe,2026-02-08,msg_00051,U3bae1603803a839c0cb52f511d9cb8f6,e022d9091a9392271eb93fdc0ea44b5e,image,delivered,2026-02-08 00:37:47,
e4e199e5-ffca-47b2-9d14-479016f3a6a9,2025-11-16,msg_00020,U3bae1603803a839c0cb52f511d9cb8f6,Udb543724d51a7b707810012cdf308161,text,clicked,2025-11-17 00:02:23,https://example-saas.jp/survey
bdf0b54e-e718-422b-8702-683a80cf78d2,2026-04-01,msg_00072,U4784fc8a8e1e4eb2435ad84e0ad052f2,U868bee778460cf69a97b56a2adb73c85,image,delivered,2026-04-01 17:20:55,
609fa3b2-cf9d-4772-a53b-c1ad7a856410,2026-03-11,msg_00067,U7e808d11d6f9901a954a542a7ee09918,Ue438b55ea29ea3d80e707bc93c2d7d79,video,delivered,2026-03-11 06:49:47,
5ead48d9-56d5-4158-8b03-f1e68c706176,2025-12-21,msg_00022,U3bae1603803a839c0cb52f511d9cb8f6,U9930fe32fd2f78e4b48332dc2525ef48,video,delivered,2025-12-21 20:54:05,
895a7e32-0abc-4b25-9ba6-1388273f3c69,2026-01-30,msg_00050,U3e5dd3a641c58ad50e49f095c6f1e306,Uae268a10ff5e10b6c43d9630ea1c2302,image,delivered,2026-01-30 19:23:59,
41dc9dde-e07c-4abe-ab6f-4dc1c0cdf837,2026-03-31,msg_00046,U4784fc8a8e1e4eb2435ad84e0ad052f2,ec03a67ba322e2bf97e0318154c5f65d,flex,delivered,2026-03-31 18:06:55,
f0e2f8aa-5a50-4dc4-88ed-adcda5aee05b,2025-11-24,msg_00033,U3bae1603803a839c0cb52f511d9cb8f6,U016718cc677603c1ead3a375f3be8585,text,failed,2025-11-24 20:18:58,
d1d3cbab-7194-4a01-a157-ef0aeaf813cb,2026-02-19,msg_00016,U837b70463a585f85743b5bfb3b49c9fd,faca2efbb837e7c66444c000d5803923,flex,delivered,2026-02-19 11:15:14,
9bd26302-dbca-4632-bafd-22b0949f3b38,2026-03-20,msg_00018,U743849e63f8101ac616f8fd0ba84a167,U014dafe2e5fbec2d2b35ec31c1593645,imagemap,CLICK,2026-03-20 13:18:09,
8fa634c0-85d3-4ca3-8529-464872753397,2025-12-31,msg_00082,U227d1cd1a801c367de206ec4bbca7330,Ua86c792398cde62d2922e9c4f2c8f0ac,imagemap,delivered,2025-12-31 00:34:47,
b7c99755-db73-4a04-bff6-de7ac247bb19,2026-01-26,msg_00115,U3bae1603803a839c0cb52f511d9cb8f6,U454d6a792c5d3a982326568cdc717f9a,imagemap,delivered,2026-01-26 12:09:40,
cf73e131-a6a3-4a86-a7ee-bc988eb54638,2026-02-10,msg_00058,Ue9a1e8a5b83a6b296d43c957a8cfba4a,Ud78ec5b7ef371058efc2305012b5a815,video,opened,2026-02-10 20:24:40,
dc1d9451-1292-44e5-92bb-a96def354a8b,2026-03-11,msg_00067,U7e808d11d6f9901a954a542a7ee09918,U42fe0191b95d1db03125ee52f7907c92,video,opened,2026-03-11 05:48:42,
3067c537-9d48-4bab-aeea-1fbba20327cf,2026-01-09,msg_00052,U743849e63f8101ac616f8fd0ba84a167,U1f11173bb42295728da2751ed216d40f,video,delivered,2026-01-09 08:02:06,
14739555-a020-4df7-9a33-a24f2168684c,2026-01-26,msg_00005,Ub0341314a5534ea92b26fa8adc30543f,Ub7b0a7c712df7c8a7e3c86e9fa9b0b4b,image,delivered,2026-01-26 11:32:22,
9020b27e-c7cf-4f9f-9846-b277c21e7b25,2026-02-28,msg_00117,U743849e63f8101ac616f8fd0ba84a167,U398161e119fdf90fca39fb783edc6080,video,delivered,2026-02-28 04:33:03,
0a9f030d-ad7b-4e53-abbf-bb03642aea88,2025-12-24,msg_00091,U3bae1603803a839c0cb52f511d9cb8f6,Uff24ee6f7baedd38482b4bb794d3aaa2,imagemap,delivered,2025-12-24 03:17:06,
a244b331-4bfc-41ff-bfc0-0c49e449a4fe,2026-02-28,msg_00117,U743849e63f8101ac616f8fd0ba84a167,Ud22f0472e31ed84510306c6346da8ae8,video,opened,2026-02-28 09:07:12,
7bca94d0-fc5d-4b44-a91d-9db558475524,2026-01-07,msg_00110,Ub0341314a5534ea92b26fa8adc30543f,Ud251a95edd06ad93214d33fb49f7f399,video,delivered,2026-01-07 02:04:42,
2c711e9b-8665-4bbd-b6ac-84383316293b,2026-01-10,msg_00044,U30ad60bba5da9837ca5dd0230ca8f531,Ub4f6739b524c8a8c1c1abf17d8a150c5,video,clicked,2026-01-10 16:07:54,
ed3e0299-60f9-4acc-8202-fed2335bca96,2026-01-07,msg_00110,Ub0341314a5534ea92b26fa8adc30543f,U30712c8494b25b81a6ab50811f1f23a2,video,delivered,2026-01-07 05:20:24,
efa4a519-4eb8-44be-b69b-35734c9d502c,2026-03-21,msg_00023,U743849e63f8101ac616f8fd0ba84a167,46253961fa16f7a2d7087cf2b659dcd5,imagemap,delivered,2026-03-21 08:29:07,
b75255c9-9634-4a9a-ade2-d9fc83413dab,2026-03-22,msg_00119,U3bae1603803a839c0cb52f511d9cb8f6,U22acf9bbebc40f0a0f7eab2b359826ab,imagemap,opened,2026-03-22 03:55:22,
d7fc4356-6fbc-4078-9a0d-5a1f3dcd6837,2026-01-26,msg_00005,Ub0341314a5534ea92b26fa8adc30543f,Uf70aab4468eae32cd56f1ca45810533c,image,delivered,2026-01-26 09:38:46,
3b103865-acba-4b87-a82f-51687c1be749,2026-01-30,msg_00050,U3e5dd3a641c58ad50e49f095c6f1e306,U8777e0477e871ca7a9c35102785edad9,image,failed,2026-01-30 05:06:40,
d4e1f5de-2948-4ef0-b392-13e22b5c7183,2025-12-18,msg_00070,Ue9a1e8a5b83a6b296d43c957a8cfba4a,U79322f28d0a8068a22bcf7039ffc8f71,imagemap,delivered,2025-12-18 04:29:31,
84bb1938-7258-40ee-85fd-a83c4c5fbe08,2026-01-24,msg_00066,U3bae1603803a839c0cb52f511d9cb8f6,Ub5a8fdd77d5ea85573c6100f22c6e21b,image,delivered,2026-01-24 06:47:40,
5654b25b-9427-4a3a-bc52-cbf4ec507489,2026-01-26,msg_00103,U3bae1603803a839c0cb52f511d9cb8f6,U77b8d1fd63d1a7a3eac6f2b489d7a8eb,flex,opened,2026-01-26 04:25:13,
f4a17094-ac67-4604-a365-6bcf7c64a92b,2025-11-25,msg_00043,U3e5dd3a641c58ad50e49f095c6f1e306,ee71460b8001c3414705143bbe857ff9,flex,delivered,2025-11-25 06:09:05,
26436334-a5d2-4722-a5aa-3558a54801ba,2026-03-06,msg_00068,Ub0341314a5534ea92b26fa8adc30543f,U41bea07176cd021ecb277fa9abe3a441,video,delivered,2026-03-06 12:44:35,
dfb6267c-6f23-45f1-b981-2b4a6b7267ab,2026-01-07,msg_00110,Ub0341314a5534ea92b26fa8adc30543f,U3799ffd3db84c9201ff1c7d3b02d072d,video,opened,2026-01-07 07:44:43,
e3824969-340e-410d-a445-4eb657bc9984,2025-12-31,msg_00082,U227d1cd1a801c367de206ec4bbca7330,U600797a1cf2dd3827b055e4ad88eb8ed,imagemap,delivered,2025-12-31 15:55:12,
77292638-7157-491d-a643-cf7bc1c8d055,2025-12-21,msg_00022,U3bae1603803a839c0cb52f511d9cb8f6,bcefc65f457c74d7854206ca73267e4e,video,blocked,2025-12-21 13:59:18,
8fdeb196-baa9-4ed2-94a7-bab95aa225d4,2026-03-11,msg_00067,U7e808d11d6f9901a954a542a7ee09918,U9b3caffdb9a53c21047ed992218a0155,video,delivered,2026-03-11 10:35:26,
702cf1a8-b891-43f5-8629-096a41ba3539,2026-04-01,msg_00072,U4784fc8a8e1e4eb2435ad84e0ad052f2,U9f4cb1281de294b0bc5e8183d6643f17,image,delivered,2026-04-01 07:47:40,
54c58d85-afd2-4c2c-a6e4-cfb5de62c686,2025-12-12,msg_00029,U743849e63f8101ac616f8fd0ba84a167,Ufc9e908e5615e4db3448f68ec84902d1,imagemap,opened,2025-12-12 03:51:15,
12a99e59-3c7a-40a7-8970-edf075524b01,2025-12-22,msg_00013,Ub0341314a5534ea92b26fa8adc30543f,Ucc959d8003754bd4fa783fd382833e7d,image,delivered,2025-12-22 10:09:49,
e8838abd-99af-4bb1-9af7-e0489a60a3f7,2026-02-20,msg_00048,Ue7310890b01058478be93761a56d0aa0,5ccdda7d2ca99c0b1ca7ebc6a3506600,flex,opened,2026-02-20 10:34:53,
bf530626-5c87-455a-a86f-d7a592fa9584,2026-03-05,msg_00014,U3bae1603803a839c0cb52f511d9cb8f6,d74f97eb2a5908359e47b2aac3a70de4,flex,clicked,2026-03-05 06:33:32,https://example-saas.jp/lp/newmenu
370e4715-7ad1-4364-9bb5-82b37ae742ae,2025-12-18,msg_00070,Ue9a1e8a5b83a6b296d43c957a8cfba4a,U17f3f933b6a9b244ea8f70684623b65c,imagemap,delivered,2025-12-18 02:18:05,
f8d6e0f7-389c-46ce-ad0e-167cc036ab75,2026-03-29,msg_00097,Ub0341314a5534ea92b26fa8adc30543f,U7cfb80fbf1ce3ed7667abd3b56d22883,text,delivered,2026-03-29 11:33:10,
6aae7f3d-3de4-4309-84f4-01f1fef54b3b,2025-12-02,msg_00100,U3bae1603803a839c0cb52f511d9cb8f6,Ucff93f627d74b1e1430974a3a8536a75,text,delivered,2025-12-02 22:51:05,https://example-saas.jp/lp/newmenu
10f26610-9c99-486d-a373-d07b65e11c64,2026-02-08,msg_00051,U3bae1603803a839c0cb52f511d9cb8f6,U12bd4e49d11d595bf7a17e86a076156f,image,delivered,2026-02-08 05:24:34,
c9dd8d95-822b-44e1-908e-7e3e7db4f8c5,2026-02-14,msg_00042,U3bae1603803a839c0cb52f511d9cb8f6,U250b469c2ee78c6a73fc08a530cc8481,video,delivered,2026-02-14 08:30:50,
370b4bdf-e09c-4cb8-b141-eaa30b1c4449,2026-01-26,msg_00063,Ub0341314a5534ea92b26fa8adc30543f,U94136440b0e47c4b1814d292e988c4e4,imagemap,delivered,2026-01-26 17:00:53,
21c6cd81-1992-4c67-958f-c56fd9738b37,2025-12-03,msg_00012,U743849e63f8101ac616f8fd0ba84a167,U4cd7a474e41d2919dab7f31cd25e8d84,imagemap,delivered,2025-12-03 14:56:04,
1898460f-a46a-4815-bce1-70dc0797f085,2025-11-23,msg_00053,U743849e63f8101ac616f8fd0ba84a167,U49aa4508ecc1a66ca5a0958582f8c629,video,opened,2025-11-23 21:02:36,
9a314e1e-c05c-4b51-9030-208f55b3cfbc,2025-12-07,msg_00003,U227d1cd1a801c367de206ec4bbca7330,6a4cab908c561a65260bc38a33760ff7,image,delivered,2025-12-07 17:12:08,
645575ea-86ea-4639-a78c-f617c76ba4a5,2025-12-21,msg_00022,U3bae1603803a839c0cb52f511d9cb8f6,Ue5490cf2be984cf1fa5d83d62443cb8b,video,clicked,2025-12-21 07:53:49,https://example-saas.jp/coupon/500off
982affb1-2187-4a1d-8c21-487e5210f28a,2026-02-20,msg_00048,Ue7310890b01058478be93761a56d0aa0,Uba718c39b7dcbdf5fb06111269292d7a,flex,opened,2026-02-20 23:59:07,
8807b493-287b-4b09-afd4-ddaa055c9b2e,2026-03-08,msg_00112,U3bae1603803a839c0cb52f511d9cb8f6,U7ac006366bc21ba78b2e91f126ee52e3,image,clicked,2026-03-08 21:22:43,
9048fab8-8b14-4ff2-b26c-509b8bfad071,2025-12-25,msg_00045,Ue7310890b01058478be93761a56d0aa0,Uf9effb8c11b9c3beb9eb4cbf42937654,video,delivered,2025-12-25 01:39:34,
5e896978-37e4-4472-8a9a-018d70d2951a,2026-02-05,msg_00107,U3bae1603803a839c0cb52f511d9cb8f6,U7271df7d13b258efd34cdb60b3f3581b,text,delivered,2026-02-05 13:21:32,
1b3714d2-f686-4641-ac5d-1e4ccf643d15,2026-02-05,msg_00107,U3bae1603803a839c0cb52f511d9cb8f6,1502b06fea8880ac11dba412b6ab09d3,text,opened,2026-02-05 21:34:33,
592c3ee7-5b80-4ad5-a325-92291c11fe20,2026-02-14,msg_00042,U3bae1603803a839c0cb52f511d9cb8f6,99efa9bc1f53a7dd9050447be1b165d1,video,opened,2026-02-14 01:13:36,
fd963478-a4a9-4c28-ba54-5d434d5df587,2026-01-26,msg_00063,Ub0341314a5534ea92b26fa8adc30543f,U1e2ffc8fd7afff4ce13c8cddb38f497a,imagemap,delivered,2026-01-26 21:36:17,
2ad64f44-c428-40c7-88af-e90749c8dd16,2025-12-12,msg_00029,U743849e63f8101ac616f8fd0ba84a167,U2ffefc81a10296c37030150249a76c28,imagemap,delivered,2025-12-12 15:48:46,
0f5404d9-5906-4911-b852-1c0a81983c28,2025-12-12,msg_00004,Ub0341314a5534ea92b26fa8adc30543f,2ed61b19519cb996bbfdefb3f60fa57e,video,opened,2025-12-12 20:16:33,
8fcd156c-7ad0-4c72-830b-3dd573a00dcc,2025-12-12,msg_00004,Ub0341314a5534ea92b26fa8adc30543f,Ubdb348debc4770c19731e1efb5a5f760,video,opened,2025-12-12 17:12:06,
4f972066-1940-4a0e-9308-299c0efb9f4e,2025-12-25,msg_00077,U743849e63f8101ac616f8fd0ba84a167,U57b5f7f8c7459403c61f05b0f977798a,text,delivered,2025-12-25 01:12:50,
aa769aa7-b649-4338-bbb4-10f5c1fd9114,2026-03-31,msg_00046,U4784fc8a8e1e4eb2435ad84e0ad052f2,U6776a46927f73eaa0c7192b15ba972cb,flex,delivered,2026-03-31 22:31:51,
73d2a4ea-5121-46cc-81fb-0df8e48a1495,2026-03-21,msg_00023,U743849e63f8101ac616f8fd0ba84a167,U9af22fd8d747d8495a1cc78ccf7f79b6,imagemap,delivered,2026-03-21 04:32:42,
50fa4419-1252-4f92-a8d8-88d27a18e0b6,2026-02-08,msg_00051,U3bae1603803a839c0cb52f511d9cb8f6,U214f14804f9e4e415df21982829aced2,image,delivered,2026-02-08 22:31:32,
0572895a-3d9f-47c1-a1a4-7639870771e8,2026-03-23,msg_00073,Ud4a92c8c8050eed40ef171cc2784d638,U4c94ac7a8404d1765b1cb3c95da20e8c,imagemap,delivered,2026-03-23 16:32:47,
8b5aa5d6-81ef-426b-99d4-8591859d7d28,2026-02-09,msg_00083,U3bae1603803a839c0cb52f511d9cb8f6,U3fe7d370487505c49cd5a54fcdc8e50e,flex,delivered,2026-02-09 20:42:28,
ae39a153-ece7-4033-bc42-497758c6e85e,2025-12-25,msg_00045,Ue7310890b01058478be93761a56d0aa0,Ub994f724b0792c0bbc8e561b8d87e2c5,video,delivered,2025-12-25 12:36:38,
a8987303-32ef-4cb0-8963-67c64ef99ba3,2026-01-26,msg_00063,Ub0341314a5534ea92b26fa8adc30543f,U7759a36329a954ff7ac300f9f6689f68,imagemap,opened,2026-01-26 18:34:35,
a1830254-1c23-471f-8060-5d3dfeae765a,2026-03-23,msg_00116,Ud4a92c8c8050eed40ef171cc2784d638,7d6efa8010db6e5aca3de92178faa969,text,delivered,2026-03-23 05:10:35,
633e7922-51b4-423b-9604-5d6cacb263c9,2025-12-09,msg_00094,U227d1cd1a801c367de206ec4bbca7330,U51de349076b64517dbecb51c3b17cc0f,flex,delivered,2025-12-09 20:55:36,
a6de1fe0-44ad-453c-b266-c30950bd98e7,2026-01-24,msg_00113,Ub0341314a5534ea92b26fa8adc30543f,U5a15f93172bac0b444d4366c68c3f4f0,text,delivered,2026-01-24 16:24:38,
950c3961-17de-4078-b676-9264d00bdf07,2025-12-18,msg_00070,Ue9a1e8a5b83a6b296d43c957a8cfba4a,U11497e0bc435883db53948951fe1618c,imagemap,opened,2025-12-18 17:24:45,
996545d4-92c0-484a-b277-600fb428180f,2026-04-12,msg_00120,U227d1cd1a801c367de206ec4bbca7330,U364fde8b4bcf0d079eeb6dd7633a50c3,text,opened,2026-04-12 23:47:30,
9639bb41-da0d-4af6-8077-b411e705a674,2026-02-20,msg_00048,Ue7310890b01058478be93761a56d0aa0,Uaf9a106070a062103c2de703bcdf188a,flex,failed,2026-02-20 21:16:37,
fbd97105-a8fc-4ccc-afe4-1125b3948fa8,2025-12-23,msg_00061,Ub0341314a5534ea92b26fa8adc30543f,U4c3da1bfc1de8900c910e2ec95e480cd,imagemap,delivered,2025-12-23 12:52:18,
ec15d6c4-7ab0-420c-8083-28e8a5013bd4,2026-01-26,msg_00005,Ub0341314a5534ea92b26fa8adc30543f,U98555e949d611a6d563258e723c4dd69,image,clicked,2026-01-26 18:28:03,https://example-saas.jp/lp/newmenu
21b9e867-e1ac-404f-b998-c59404cc351c,2025-11-25,msg_00043,U3e5dd3a641c58ad50e49f095c6f1e306,U2c19978b6c71d4508a0c721336768333,flex,delivered,2025-11-25 17:40:21,
d4b9d84f-798d-4847-bd8c-f9b79630cf60,2025-12-03,msg_00012,U743849e63f8101ac616f8fd0ba84a167,U01f92db904eeac226648925747862844,imagemap,opened,2025-12-03 18:24:27,
3e8e788e-d56c-4bec-aa92-76afa28726d9,2025-12-18,msg_00070,Ue9a1e8a5b83a6b296d43c957a8cfba4a,Uccdcf84979e84871e854d711955406ce,imagemap,delivered,2025-12-18 15:31:55,
84fe8ca5-a79d-4e07-8395-4d8b41b2bee8,2026-03-22,msg_00119,U3bae1603803a839c0cb52f511d9cb8f6,Uc3ae653507b27eefe35ea8eb9aa0f26a,imagemap,delivered,2026-03-22 17:57:40,
cf240eae-37b0-4e63-ae61-617c5bbebda1,2025-12-18,msg_00070,Ue9a1e8a5b83a6b296d43c957a8cfba4a,Uf6e6fe98c74f0307be06f5b5d51e6b0f,imagemap,delivered,2025-12-18 10:26:37,
3086773c-74dc-4c66-a72b-80de6e623b1e,2026-03-05,msg_00014,U3bae1603803a839c0cb52f511d9cb8f6,Uc09eeb1e4433633e4db20285ab7c9591,flex,delivered,2026-03-05 08:26:35,
1a1e8ba7-99ea-4bc1-9974-017a9faf4dff,2026-03-23,msg_00071,U3bae1603803a839c0cb52f511d9cb8f6,U6bb707b18ce487bb2f280868f2a12564,imagemap,delivered,2026-03-23 07:58:09,
7543dc8a-ce61-499c-ad4d-44d8de661587,2025-12-14,msg_00085,U743849e63f8101ac616f8fd0ba84a167,Uf506c593c16af59aa181da87dfc60148,image,opened,2025-12-14 05:34:06,
f469f1bc-b03a-4a74-8597-34b114aa84eb,2026-03-11,msg_00104,Ub0341314a5534ea92b26fa8adc30543f,U64b460feadd137e082eeceadb9ce0599,image,delivered,2026-03-11 05:08:45,
adfbaae0-9c98-4204-b7c1-6c3dc2ea0986,2025-11-23,msg_00053,U743849e63f8101ac616f8fd0ba84a167,U9b1730de077a5e8932eb04f789a98cff,video,delivered,2025-11-23 13:36:45,
83690474-83ec-4174-ad95-2c1166a4b92a,2026-03-05,msg_00014,U3bae1603803a839c0cb52f511d9cb8f6,674facb2a68708c4251fced019c1f5f7,flex,delivered,2026-03-05 07:06:11,
c49d21c6-9d42-49ac-b79f-653a5c79f68f,2025-12-18,msg_00114,Ub0341314a5534ea92b26fa8adc30543f,U153089a94095c4fe1e5cc6e0c7e66a89,flex,opened,2025-12-18 04:34:37,
149d4254-3bc1-442c-8a93-3c69d53ab0a7,2025-11-30,msg_00025,Ub0341314a5534ea92b26fa8adc30543f,Uc8a0063dac290fe02d2af59f37600e3a,imagemap,opened,2025-11-30 02:51:37,
301c5b2e-33e7-4ee6-9950-69440e34d800,2026-02-08,msg_00051,U3bae1603803a839c0cb52f511d9cb8f6,Uddc1a0cd4aea7312fa03768092f93083,image,failed,2026-02-08 05:57:14,
b745dcca-d6de-4075-ad6f-3626f5441d74,2026-01-18,msg_00102,U227d1cd1a801c367de206ec4bbca7330,Uf3a3f2ed66fa378d646d2f39d0ca0be3,video,opened,2026-01-18 09:15:35,
e1433eec-16ae-479e-8e6f-7eda5ac62661,2025-12-22,msg_00013,Ub0341314a5534ea92b26fa8adc30543f,Uefc3dd7dcebf5c6e58e32598435562be,image,delivered,2025-12-22 01:12:27,
d7a865c8-d3f9-4d58-9f4e-bf35587723b6,2026-03-26,msg_00040,U3bae1603803a839c0cb52f511d9cb8f6,U2b311a505a35b68224c366567fd96272,imagemap,delivered,2026-03-26 16:56:39,
1cf817cc-2a52-48b1-8060-2e867859c339,2026-02-14,msg_00042,U3bae1603803a839c0cb52f511d9cb8f6,U0cb686fb590d68a46535318ae203c7ce,video,delivered,2026-02-14 18:42:29,
7f1d5a44-aaf9-43d6-b9f9-6fb1e653b7e8,2026-03-03,msg_00093,U743849e63f8101ac616f8fd0ba84a167,6331ffe66678a0331211bfcb0c22f1fc,imagemap,delivered,2026-03-03 23:10:05,
d6c5153b-9b6e-4228-bbb4-1f9ea826fa52,2026-02-05,msg_00107,U3bae1603803a839c0cb52f511d9cb8f6,875b8496608bd793ceaee1deec898afc,text,delivered,2026-02-05 19:28:30,
7d61bb33-446f-42d7-ad9b-e4f04fdab055,2026-01-24,msg_00066,U3bae1603803a839c0cb52f511d9cb8f6,U4a3f4e263524c73ca44664eef9699e30,image,delivered,2026-01-24 11:09:06,
f40806d5-c96f-4497-844a-721495e2c737,2025-11-17,msg_00034,U743849e63f8101ac616f8fd0ba84a167,a1cfa5a1bc32e977b2868cfbda1ca067,text,clicked,2025-11-17 04:21:59,https://example-saas.jp/coupon/500off
f62a2513-fb54-418a-b668-423d5fcc46b7,2026-03-11,msg_00104,Ub0341314a5534ea92b26fa8adc30543f,U0095ae269de18f027d96200bc78d3a98,image,delivered,2026-03-11 03:24:10,
edf247c2-b084-4910-8baa-95fa256dca6c,2025-12-23,msg_00061,Ub0341314a5534ea92b26fa8adc30543f,U70a63e50e3466e8db26117e0a1ff0d69,imagemap,delivered,2025-12-22 01:17:06,
8072cde1-42c7-47ff-a4d9-02a8802ec8c5,2025-12-03,msg_00012,U743849e63f8101ac616f8fd0ba84a167,U7076bf6ccaea6f7bb5c73acd1baa44f3,imagemap,opened,2025-12-03 03:30:44,
082ea47a-4f4a-425e-a9fb-04ee3622fb11,2025-11-17,msg_00099,U3bae1603803a839c0cb52f511d9cb8f6,Ue20b4429f8e942912b1a0298cc35e696,text,delivered,2025-11-17 18:46:02,
0e1cc4e5-bc42-46d7-822f-0d5ee041497e,2026-03-14,msg_00009,U743849e63f8101ac616f8fd0ba84a167,95aabd39202d97a5c06adc4c662e2461,imagemap,opened,2026-03-14 12:32:02,
8074a617-5d9b-42fd-81ae-181fbd1efe12,2025-11-22,msg_00047,Ue7310890b01058478be93761a56d0aa0,U517ce51a9053d4f56fb2b1ff44739988,video,delivered,2025-11-22 06:06:43,
5938ca68-0ac3-4ecc-993c-52b9e71fba5f,2025-11-23,msg_00024,Ue8d9224ecde331ce692edfce0b5ecdc4,U2783b27f5cd3e5ce2920b4e41c3cc09d,text,opened,2025-11-23 20:15:38,
0a45e6cd-de17-46a2-9978-e62dcd125c05,2026-02-08,msg_00051,U3bae1603803a839c0cb52f511d9cb8f6,U104922bcf18e0e08a01df673961d0b07,image,clicked,2026-02-08 02:46:59,https://example-saas.jp/coupon/500off
e05fd17a-1609-4797-b90b-5054e07d6f2b,2026-01-26,msg_00103,U3bae1603803a839c0cb52f511d9cb8f6,Ueae8d9780a1c8b2d4a192ba131536c9c,flex,opened,2026-01-26 05:01:56,
275e517f-79c0-4731-8fa3-b53bc7b981f8,2026-03-08,msg_00112,U3bae1603803a839c0cb52f511d9cb8f6,c116f9610274b63091e0bae8c26be9e8,image,delivered,2026-03-08 00:38:33,
cf1ae7b6-9851-4a41-bd50-50029564ff1b,2026-03-22,msg_00119,U3bae1603803a839c0cb52f511d9cb8f6,U8fd813342d85b07cc3670b18459d878c,imagemap,delivered,2026-03-22 02:37:02,
d3ff9568-27e5-4022-88fd-12c45c3e99d8,2025-12-19,msg_00118,U4784fc8a8e1e4eb2435ad84e0ad052f2,Uda8e457157ff65f82cfbd24f3509d302,image,clicked,2025-12-19 11:17:49,https://example-saas.jp/lp/newmenu
46fc745f-5800-4fa8-99c1-3516a5de4f21,2026-01-01,msg_00027,U4784fc8a8e1e4eb2435ad84e0ad052f2,U22c9491623af72aeeebd4ffa6698581d,image,opened,2026-01-01 19:53:21,
63ca58bd-d724-4ab0-8df1-be0335ae1006,2025-11-21,msg_00010,Ue7310890b01058478be93761a56d0aa0,U29b571f9703cbb72b6fe6a353e2c5104,imagemap,delivered,2025-11-21 18:15:24,
d6cfa024-cb59-433d-a7d4-37c3f51b4423,2025-12-08,msg_00015,Ub0341314a5534ea92b26fa8adc30543f,U3920049f7ef3bde3a06f54999263c2f0,text,delivered,2025-12-08 04:37:45,
a9eb08f3-6fc5-40a3-87f2-ab02a8ee4ff1,2026-03-07,msg_00107,U1ca413826b7044d134c9c3132420c9de,U406aa03cd682dcfb5ce8f8f326abcaef,text,open,2026-03-07 02:24:58,
fb5d0d08-8f76-4898-93ff-68c7181328c1,2026-02-20,msg_00036,U879eb903ad90cd9c2874f6df7651267a,U8f160cc1e82bd9f1783d3833ae1cf09c,video,delivered,2026-02-20 00:42:41,
e244c1dd-3685-480a-b118-fd9d16247d82,2025-12-15,msg_00030,U3bae1603803a839c0cb52f511d9cb8f6,Ueeae9ed9e17d2b00e0e6a1de8d83a314,video,opened,2025-12-15 14:17:30,
5338757a-e349-4103-a8c2-58cb7c42e77c,2025-12-25,msg_00077,U743849e63f8101ac616f8fd0ba84a167,U76c9962ce49b5063dee28e2d66fc86c5,text,delivered,2025-12-25 06:34:16,
42802292-1479-4420-b61b-fb0ca2417172,2026-04-04,msg_00049,U476acbdef8e9a16d24575e4f6d7b0f31,Ud5dc41e82efcba954a2e1121ff5175ab,text,delivered,2026-04-04 20:36:29,
8eac5474-921e-427e-b297-6081b426aabe,2025-12-22,msg_00038,Ub0341314a5534ea92b26fa8adc30543f,Udb32c79fac679dfb4ccd3cf529134bf3,image,opened,2025-12-22 20:57:44,
cd6f8b0d-220e-4c5e-840d-aafeec184119,2025-12-12,msg_00004,Ub0341314a5534ea92b26fa8adc30543f,U442057361b55d3ec5b855eba672bb640,video,failed,2025-12-12 12:34:07,
0a256709-1763-4ab6-8ae6-e62cb1558a3e,2026-03-25,msg_00079,U743849e63f8101ac616f8fd0ba84a167,Uddb531657d970713854326b6858becd4,text,clicked,2026-03-25 04:52:30,https://example-saas.jp/lp/newmenu
90847f7a-9165-4989-9e65-80472151c3c8,2026-03-06,msg_00068,Ub0341314a5534ea92b26fa8adc30543f,U3a8adc0baaae433ea797ea312c15f5de,video,delivered,2026-03-06 06:22:38,
51d42ae7-90d5-4372-9d28-44131ee90708,2025-12-22,msg_00013,Ub0341314a5534ea92b26fa8adc30543f,U1e8651e9e847daf780c773a025860b80,image,opened,2025-12-22 15:06:01,
93131ef6-1d18-483e-b56d-96bd182d97a7,2025-12-25,msg_00045,Ue7310890b01058478be93761a56d0aa0,Ud7339d100a5890c009af229f28771959,video,delivered,2025-12-25 03:49:59,
185b9fbe-1b87-4f83-8c82-dbe2923c5ce1,2026-01-30,msg_00050,U3e5dd3a641c58ad50e49f095c6f1e306,U33ed088ffece59245b0a9c5ae7adeae3,image,opened,2026-01-30 18:53:36,
b6a84dab-b5cb-4b83-98a2-7a821c120b49,2026-02-19,msg_00106,U3bae1603803a839c0cb52f511d9cb8f6,U02e2a8e3c7473795653c370efaf9c968,imagemap,delivered,2026-02-19 00:13:39,https://example-saas.jp/survey
e19ef3ca-b2e7-4bf2-9e2b-076f6f66593a,2025-12-19,msg_00064,Ub0341314a5534ea92b26fa8adc30543f,U1afb6dc9235efc6dc5afdad78548a7eb,image,delivered,2025-12-19 16:58:55,
3379b763-78f1-4bed-8504-d3fa53ddfe3c,2026-04-04,msg_00100,U743849e63f8101ac616f8fd0ba84a167,Ubf92a17e64acca51989377bbf8042efe,image,delivered,2026-03-31 17:09:22,
86ec0cdb-fafd-44dc-a479-6da01892ab8e,2026-02-24,msg_00039,U743849e63f8101ac616f8fd0ba84a167,Ubd6c188fa3c38ea71520466e538ca7ea,flex,delivered,2026-02-24 13:14:26,
2dbf6ac3-9634-4ace-b29a-f2c9a5b395bc,2026-04-08,msg_00041,Ue7310890b01058478be93761a56d0aa0,Ud25600be477392777a022d6305360641,text,opened,2026-04-08 09:40:30,
100632f9-e81c-4d3a-9f91-9e3cb526d77d,2026-01-20,msg_00108,Ub0341314a5534ea92b26fa8adc30543f,Ubcccb37254e7bb1fabab73a5a1ae4f7b,flex,delivered,2026-01-20 18:49:22,
50dfef90-1fbc-43a8-9105-e718116eb950,2025-11-23,msg_00053,U743849e63f8101ac616f8fd0ba84a167,U49aa4508ecc1a66ca5a0958582f8c629,video,clicked,2025-11-23 21:38:26,https://example-saas.jp/survey
b32902ff-d2e2-435d-8c50-6bbe0be91603,2026-01-19,msg_00071,U7e808d11d6f9901a954a542a7ee09918,U12b10f623a62b5e214947e85c5e7c563,imagemap,delivered,2026-01-19 00:06:02,https://example-saas.jp/lp/newmenu
46292733-d1fc-4660-93ac-c6d9edc980b1,2026-01-26,msg_00115,U3bae1603803a839c0cb52f511d9cb8f6,Uba08b14537c9b6d341d0aab8f7c27dd2,imagemap,opened,2026-01-26 08:54:15,
a693f0ae-5f6c-4e9d-bc65-5230a934101f,2026-02-14,msg_00042,U3bae1603803a839c0cb52f511d9cb8f6,2beb79dba59a9c5edded3842ad76f8a8,video,delivered,2026-02-14 19:23:10,
bcbeac5d-6b1e-4b22-91a5-59bcf2dc36c4,2026-03-27,msg_00096,U476acbdef8e9a16d24575e4f6d7b0f31,f4af733c2afd42339b9d73c08c24214f,imagemap,delivered,2026-03-27 19:19:24,
96f2659b-e4eb-4e09-ad55-1a6a7cc84155,2025-11-23,msg_00053,U743849e63f8101ac616f8fd0ba84a167,U07705699e1a500fbd232c0a1251e4a0a,video,delivered,2025-11-23 17:12:14,
e289d81b-a496-441c-9e9d-ff6aa104f2f5,2026-02-05,msg_00107,U3bae1603803a839c0cb52f511d9cb8f6,U381177cb9ef851d17ffd10f6aa09ed63,text,delivered,2026-02-05 07:56:53,
e65068f6-a30c-4860-8ca6-fe10730b00f1,2026-01-20,msg_00026,Ud4a92c8c8050eed40ef171cc2784d638,Ue9f15e22879c2e3952e7e2e250f57c63,imagemap,delivered,2026-01-20 23:31:27,
8ef6db8f-8572-403b-8fb6-8fe540ab466f,2025-11-25,msg_00043,U3e5dd3a641c58ad50e49f095c6f1e306,U065d87ca1d890e5303cb383da504cb51,flex,delivered,2025-11-25 02:32:59,
4929f121-9bc4-4225-8226-3d17283dbf6d,2025-12-07,msg_00003,U227d1cd1a801c367de206ec4bbca7330,Uf131699d728db12b487531fea60865dd,image,opened,2025-12-07 16:23:49,
e5f2bd88-0850-4cfb-ac8e-6e87aa1ec43a,2026-03-06,msg_00055,U3bae1603803a839c0cb52f511d9cb8f6,U15d9031e510efc9cfb16cb8f7749107c,flex,delivered,2026-03-06 00:46:17,
b4ffeb04-cf0f-450f-8147-5b12b574d4be,2025-12-23,msg_00109,Ue7310890b01058478be93761a56d0aa0,U17b89c3dbde9df468374d2ad93cdb79d,text,delivered,2025-12-23 11:12:15,
e20b5a01-0903-4ded-939f-e4157c654bc9,2025-12-17,msg_00032,U3bae1603803a839c0cb52f511d9cb8f6,U476642952da4e04d4da61e7ce9d563d4,video,delivered,2025-12-17 21:07:01,
a9447cf5-946c-4797-83e3-561af6be506f,2026-01-01,msg_00027,U4784fc8a8e1e4eb2435ad84e0ad052f2,U3cafb710c4e658c3bb55113cd60043ed,image,opened,2026-01-01 17:01:56,
44a88be3-3388-4b23-80e8-c0305fc4162a,2025-11-23,msg_00053,U743849e63f8101ac616f8fd0ba84a167,Uc0f5b2b92f885d844c93840fb87c8131,video,delivered,2025-11-23 22:03:55,
d43296d5-09fe-43eb-a3f3-ab2b666f9350,2026-04-08,msg_00041,Ue7310890b01058478be93761a56d0aa0,U674ed72b09e0a0e4ee41982498c8e9c6,text,clicked,2026-04-08 03:34:58,https://example-saas.jp/lp/newmenu
9e3d4e88-e48f-4333-8f83-95b221cb2462,2026-04-05,msg_00054,U3bae1603803a839c0cb52f511d9cb8f6,U458091f28de300baf3f7304db26fa168,image,delivered,2026-04-05 04:46:03,
09393038-c390-42d6-b11d-20f9a32700c9,2026-03-04,msg_00056,U1ca413826b7044d134c9c3132420c9de,U7ec378ac88c692a1331592ece5f3f095,text,delivered,2026-03-04 16:24:18,
a5cd90df-56ca-4574-942b-0b1f06390c12,2025-11-16,msg_00011,U837b70463a585f85743b5bfb3b49c9fd,U50854f62cf648eda2fcbbb662306f2d2,flex,delivered,2025-11-16 03:28:06,
b91c1977-cc2b-4500-9277-6424ec0f4bae,2026-02-15,msg_00096,U743849e63f8101ac616f8fd0ba84a167,U13fa8b14fae028b2be412987953e8663,flex,open,2026-02-15 07:05:32,
a2a3c03b-9340-478c-8db1-01b7e7f1b12b,2026-03-26,msg_00040,U3bae1603803a839c0cb52f511d9cb8f6,1669973bb371449b5b72333134cee71c,imagemap,delivered,2026-03-26 15:00:56,
6443dfa7-bb28-47a4-814c-5492de59ae42,2026-02-10,msg_00058,Ue9a1e8a5b83a6b296d43c957a8cfba4a,Uc39d6bb0fc8d535f3cab8a3a0ebcb149,video,opened,2026-02-10 03:27:26,
58ba6571-c770-436b-9a8b-de1dd5a4b723,2026-02-24,msg_00111,Ub0341314a5534ea92b26fa8adc30543f,Uf1defbcfa669598b25bbc4015c2f2edf,flex,delivered,2026-02-24 13:32:54,
87941c7d-f94c-4fa2-b669-d7b76eb2933e,2026-03-05,msg_00014,U3bae1603803a839c0cb52f511d9cb8f6,U8341766281b2f555718face59d4a2018,flex,delivered,2026-03-05 08:07:35,
8c10c10a-b310-4027-89a2-227e183fb38c,2026-03-06,msg_00055,U3bae1603803a839c0cb52f511d9cb8f6,Uf0c5dd5923fd7bf6241bdf9d4ed95d1b,flex,clicked,2026-03-06 10:08:37,
e799f6d5-48f5-4553-a9eb-f24bb68b0943,2025-11-16,msg_00020,U3bae1603803a839c0cb52f511d9cb8f6,270293b16a2984d816faf3c8242ca53a,text,delivered,2025-11-16 07:00:51,
155130fa-a0f6-4dd2-b39b-25f2d6505ff4,2025-12-18,msg_00114,Ub0341314a5534ea92b26fa8adc30543f,U038f710796a9e3f0adeb799efb8d7675,flex,clicked,2025-12-18 08:56:50,https://example-saas.jp/survey
addf2690-3f0e-47be-9593-1cfa887d6db7,2025-12-19,msg_00118,U4784fc8a8e1e4eb2435ad84e0ad052f2,U6a15485d47b9cba6d70a1a4226f7511c,image,failed,2025-12-19 06:51:17,
fd609319-ec6a-4192-95fd-f444f2441d2b,2026-01-09,msg_00052,U743849e63f8101ac616f8fd0ba84a167,U2062254c9ac24411c5ca7f3f20a49e31,video,delivered,2026-01-09 12:04:25,
a65b64fe-3ad0-4cc8-8bbf-baf42a4817eb,2025-11-17,msg_00034,U743849e63f8101ac616f8fd0ba84a167,U70e74580a507129030a499b13cd6c6bd,text,delivered,2025-11-17 04:42:14,
f6a3bbd7-71de-4001-ac9f-8b8bffaddec8,2025-12-23,msg_00061,Ub0341314a5534ea92b26fa8adc30543f,U09fad465b60f01c26bf5f4ec198c143e,imagemap,failed,2025-12-23 12:44:29,
36d7eca6-1012-4616-8844-f724d70c31ed,2026-03-21,msg_00023,U743849e63f8101ac616f8fd0ba84a167,U8e0154f3caea9cc125ddca8993374085,imagemap,opened,2026-03-21 01:23:09,
13ade21e-f864-4351-bb95-d3072782b55a,2026-03-20,msg_00106,U3bae1603803a839c0cb52f511d9cb8f6,U78c461edbe1ed325c23b351928a55a77,video,delivered,2026-03-20 10:49:48,
3416ac21-463f-4609-9865-ae691afa72e4,2026-03-16,msg_00002,U3bae1603803a839c0cb52f511d9cb8f6,U4a32a0677bababcc86e56b6727574531,text,delivered,2026-03-16 03:48:42,
4dabcd6c-e015-4331-835f-00c42d246521,2026-03-14,msg_00009,U743849e63f8101ac616f8fd0ba84a167,U4603051ca6ea7d82d5a796378c7795e1,imagemap,delivered,2026-03-14 12:00:33,
655f70ac-7184-4457-97be-a1dd45a85931,2026-02-20,msg_00036,U879eb903ad90cd9c2874f6df7651267a,U656f6f04e845e846466fecbf5e0fb813,video,delivered,2026-02-20 20:02:26,
fda14cce-9da5-445c-9bc1-99c1f6b6e558,2026-01-09,msg_00052,U743849e63f8101ac616f8fd0ba84a167,Uc6da2f8d3b2a50afaaf578e02c9efe46,video,delivered,2026-01-09 17:22:28,
e1c19186-3aab-4c05-83da-4532ca17afb3,2026-01-24,msg_00066,U3bae1603803a839c0cb52f511d9cb8f6,Ubfba64052d96840a5b8becf7818f5afc,image,delivered,2026-01-24 00:47:54,
fe7afd14-98eb-42ed-bf50-2baa992fc0eb,2026-02-24,msg_00039,U743849e63f8101ac616f8fd0ba84a167,U2a4dcfbb9a26d82f27cb1a525337f979,flex,delivered,2026-02-24 05:49:03,
510e2879-b0e2-46ce-a16e-9224a3e6e37d,2025-11-22,msg_00047,Ue7310890b01058478be93761a56d0aa0,U2d15ce962dfa308035742baebd70b10a,video,opened,2025-11-22 09:21:50,
1e678979-f7e8-40d9-8ab1-bcdf12ceff27,2026-02-10,msg_00058,Ue9a1e8a5b83a6b296d43c957a8cfba4a,U0ad5770d64d0569aeba78c27a8f74d93,video,clicked,2026-02-10 00:48:01,https://example-saas.jp/coupon/500off
890f2cb5-e4d0-4c9e-92d8-da369538712a,2026-03-30,msg_00076,U743849e63f8101ac616f8fd0ba84a167,U68bfd01788261778533a1db06cb9250b,image,delivered,2026-03-30 20:46:16,
f5a95122-f183-453d-93af-a3a58a6fbfcd,2026-03-31,msg_00046,U4784fc8a8e1e4eb2435ad84e0ad052f2,2c56f95541e5153f8c0bf39efe40b7fe,flex,delivered,2026-03-31 20:47:01,
b5006cf1-debd-4d03-96bd-564020d1d04f,2026-02-28,msg_00117,U743849e63f8101ac616f8fd0ba84a167,333aa67a8e9135c9b3dbdd59aed1f665,video,delivered,2026-02-28 12:24:10,
197a3f7a-a8b6-4de2-abef-3a31452d336d,2026-03-30,msg_00076,U743849e63f8101ac616f8fd0ba84a167,Ue1da9c073322972abf1c402dd8bc7e9e,image,delivered,2026-03-30 08:58:11,
cc8d96fe-47c0-437b-8aeb-ff9da67d31bc,2026-02-09,msg_00083,U3bae1603803a839c0cb52f511d9cb8f6,U89c9a9f491268e7a7154ad61fd84fe41,flex,opened,2026-02-09 02:50:01,
cd9de57d-c634-412d-8dde-e76b3a59f0ac,2025-11-22,msg_00047,Ue7310890b01058478be93761a56d0aa0,U8f2281b949ec3cd403ddb2dedfe94d70,video,failed,2025-11-22 02:18:35,
e48173d0-4438-42b4-9886-fc2c45c1d378,2026-02-15,msg_00006,U743849e63f8101ac616f8fd0ba84a167,U4dc168d78908649f95886889444efd58,flex,opened,2026-02-15 22:45:14,
b2af6b74-9685-4f28-9957-373e5e6c3979,2026-01-29,msg_00031,U3bae1603803a839c0cb52f511d9cb8f6,U75744d2127388522cad45aef99e8d629,video,opened,2026-01-29 08:10:11,
a3fdfa07-7b1a-4a6d-94c5-f3c59853ba5e,2026-02-28,msg_00117,U743849e63f8101ac616f8fd0ba84a167,U8e9d0507983e3863f4186f1e2d77dcf7,video,clicked,2026-03-01 01:17:05,https://example-saas.jp/lp/newmenu
d814c3ac-b1b0-4834-96cb-1077e9e3a7f2,2026-01-13,msg_00060,U3bae1603803a839c0cb52f511d9cb8f6,U2e7e98ce21cfaeb45b2e536d85e5938f,image,delivered,2026-01-13 10:02:28,
e123e97a-aabc-405d-8dd9-d3ae96101963,2025-12-19,msg_00118,U4784fc8a8e1e4eb2435ad84e0ad052f2,66fdd82b798499de8a8c5e5754629a54,image,delivered,2025-12-19 08:08:17,
714cf6fb-3b06-46be-bac5-3eba9ca98d66,2025-12-24,msg_00091,U3bae1603803a839c0cb52f511d9cb8f6,U489a49983086547156f84bbcc2f10a4c,imagemap,delivered,2025-12-24 02:44:11,
5eec628f-30d3-4f7a-bb15-5dbcf55a212b,2026-03-20,msg_00092,U743849e63f8101ac616f8fd0ba84a167,U5bc8a8171821502884462b617a01d932,video,clicked,2026-03-20 09:10:34,https://example-saas.jp/coupon/500off
18f4044b-d8de-4df2-a00f-761a4dc3b286,2026-03-20,msg_00106,U3bae1603803a839c0cb52f511d9cb8f6,U1f0a6f46c65269ae1b25e9ea8b1af81b,video,delivered,2026-03-20 18:50:29,
fdb2bf28-86b8-4510-8703-98446ae6bd8a,2025-12-15,msg_00030,U3bae1603803a839c0cb52f511d9cb8f6,U1729303779bf3d40e9e5ca1b67d7efa8,video,delivered,2025-12-15 16:57:01,
480a7ee2-19c7-4927-8fed-c34f0da88b85,2025-12-09,msg_00059,U3bae1603803a839c0cb52f511d9cb8f6,U6e26985ef041bc7a9a4526cafdd3aa7c,imagemap,delivered,2025-12-09 07:10:43,
d516c2c5-12e7-4351-a112-594173ed729a,2025-11-24,msg_00033,U3bae1603803a839c0cb52f511d9cb8f6,U86a7a2e8e76e2cfbf05be8281ef92b25,text,delivered,2025-11-24 15:31:27,
cfe45f53-a100-4453-aebf-4254aa25c511,2025-12-12,msg_00029,U743849e63f8101ac616f8fd0ba84a167,cf278e7da9e09b9c86498366111f0828,imagemap,delivered,2025-12-12 18:46:01,
15ff36c3-5090-468b-86ed-5c672a79bd22,2025-11-17,msg_00099,U3bae1603803a839c0cb52f511d9cb8f6,U88346f4ca414763f7feeaec3bd89b152,text,delivered,2025-11-17 07:34:11,
a941258c-f3d6-43f3-8025-14406b738b38,2025-11-16,msg_00020,U3bae1603803a839c0cb52f511d9cb8f6,U14d6cb31ddb9348d0935382331cdef9f,text,delivered,2025-11-16 23:32:31,
39e6c6fb-07a7-452a-a7c2-d15290957586,2026-01-26,msg_00063,Ub0341314a5534ea92b26fa8adc30543f,U0930276273bee4160d91d22673044e59,imagemap,delivered,2026-01-26 18:53:18,
d23e4787-a81d-4277-90ae-726c23b8f60b,2026-01-20,msg_00108,Ub0341314a5534ea92b26fa8adc30543f,Uff666d0829763badf41169869045c0fc,flex,delivered,2026-01-20 06:53:21,
2f900324-fb5f-48bd-876b-14af6cc7806b,2026-01-26,msg_00115,U3bae1603803a839c0cb52f511d9cb8f6,Ua1046f5b2a976f98e1473c0deeaba7fa,imagemap,delivered,2026-01-26 20:28:22,
2cfba192-1288-4b16-966b-cfed4b4e7204,2025-11-26,msg_00028,U3bae1603803a839c0cb52f511d9cb8f6,Uc1ac3ca53b867a4d26fd69ef834eaed6,image,delivered,2025-11-26 04:56:29,
63567e64-48e1-4147-9d07-f985340d03d2,2026-04-04,msg_00049,U476acbdef8e9a16d24575e4f6d7b0f31,06eb036943fed1377065d1a7f7fdd58f,text,delivered,2026-04-04 11:49:38,
09247c61-967b-46ec-97e2-17533f2e4f61,2026-02-15,msg_00087,U3bae1603803a839c0cb52f511d9cb8f6,U1fd9a68fb43144c08b2167d7bbc36e70,imagemap,opened,2026-02-15 08:26:49,
840f8e75-14bb-4143-83fe-3ae86463721f,2025-12-25,msg_00077,U743849e63f8101ac616f8fd0ba84a167,U0ac87b4e9c236f9cd1c181a32062c2ec,text,delivered,2025-12-25 18:35:12,
458436f7-1daa-4f45-b1fc-4ab8cf4c4056,2026-04-04,msg_00100,U743849e63f8101ac616f8fd0ba84a167,U3274c493851655c2a9430fad938a57d1,image,failed,2026-04-04 15:46:01,
8faf8ceb-b8a5-491e-889d-718c9109c864,2025-12-23,msg_00061,Ub0341314a5534ea92b26fa8adc30543f,b2d6237e0ef176b1f3216363612f4c97,imagemap,opened,2025-12-23 05:59:16,
14ad4fbf-2952-47f2-9985-72d86cc4d609,2025-12-24,msg_00091,U3bae1603803a839c0cb52f511d9cb8f6,Ue8ba3448f9d6c46362bdbe618f36c43d,imagemap,delivered,2025-12-24 17:13:33,
386c1f29-1167-4e97-9cd8-5c52f681d9f1,2025-12-19,msg_00118,U4784fc8a8e1e4eb2435ad84e0ad052f2,U90358d1eab5cc5da48e8900881ef8abf,image,delivered,2025-12-19 21:24:35,
d7091c7a-2783-4c65-9d7a-8357b3179f59,2026-01-18,msg_00102,U227d1cd1a801c367de206ec4bbca7330,a2148b151b201d58d167723f5df63be5,video,opened,2026-01-18 14:04:00,
3cfc5c66-aa1d-413e-897a-2d79435a492b,2025-11-22,msg_00047,Ue7310890b01058478be93761a56d0aa0,U6810186b26ad6e3a8c74806d40ec01d5,video,delivered,2025-11-22 03:25:32,
ad08e518-0911-443b-b5fd-6bc981f2c2f6,2026-03-31,msg_00046,U4784fc8a8e1e4eb2435ad84e0ad052f2,Uc27f731ea80585c45264cb8ae8044dde,flex,opened,2026-03-31 08:03:15,
c0f219cc-ac85-4509-afad-10dd5ecf69c8,2025-12-18,msg_00070,Ue9a1e8a5b83a6b296d43c957a8cfba4a,U1a731665394ddc97e9b4c6a4d45fcb5a,imagemap,opened,2025-12-18 09:18:17,
07aa1eee-5193-44d3-92c4-8507019edc56,2026-03-05,msg_00014,U3bae1603803a839c0cb52f511d9cb8f6,U6e258c5783d7cc311bbef05d0ee5c6e6,flex,clicked,2026-03-05 18:07:41,https://example-saas.jp/survey
47aab872-dc69-462d-8cfb-1db0e865430b,2026-01-07,msg_00110,Ub0341314a5534ea92b26fa8adc30543f,U9af79ad25b27d5a5188642c4f0d7d8df,video,delivered,2026-01-07 17:29:59,
859628b3-227d-48ac-a483-02f6b39d6a1f,2026-01-10,msg_00044,U30ad60bba5da9837ca5dd0230ca8f531,U86dd40c022b07d8d27a1e06830e57fbf,video,delivered,2026-01-10 01:35:01,
80dcf83f-9326-44db-8a9a-ca049290a508,2026-02-20,msg_00017,U22a93bc29b1df104af6b1ba1cd91fc56,U91d68a5014e11f00acf1db2bd5eaf747,video,opened,2026-02-20 23:23:22,
a28f2a8b-e1b9-4310-85a6-f4ecd02b810e,2026-04-08,msg_00078,Ud4a92c8c8050eed40ef171cc2784d638,U2fc8cf88ba2ab46c80d877e0b29ad778,image,delivered,2026-04-08 08:11:40,
e73c3417-a19d-4a1c-9a29-bb84c5a27362,2026-02-07,msg_00090,U4784fc8a8e1e4eb2435ad84e0ad052f2,Uc340d0b34adba2bcc39d697f96d0b92a,imagemap,opened,2026-02-07 14:15:06,
45c49e56-3869-4b40-a2f5-8fcbf9be50f4,2026-02-16,msg_00021,U743849e63f8101ac616f8fd0ba84a167,Ufbad6d6c63c41c1912c461ffbacf7248,flex,delivered,2026-02-16 08:48:53,
f810cdda-f6ca-4b0c-8676-ae66d0a27aaf,2025-12-15,msg_00030,U3bae1603803a839c0cb52f511d9cb8f6,U8a9523642f73cab5ea35bbb58673578a,video,delivered,2025-12-15 08:10:26,
eb5591dc-ce71-4e9f-bc7b-529aedbe408a,2025-12-25,msg_00045,Ue7310890b01058478be93761a56d0aa0,U30ba972bc5849f9a586e99982e7c1d1e,video,blocked,2025-12-26 01:01:52,
22b23030-8537-41f6-b828-dc4628636666,2025-12-16,msg_00037,U227d1cd1a801c367de206ec4bbca7330,Ufe0a8dca9fa4817747a19ed956e79296,imagemap,delivered,2025-12-16 16:32:54,https://example-saas.jp/survey
fa0a2fc5-20eb-45d7-906a-e29fb98b5de3,2026-04-08,msg_00041,Ue7310890b01058478be93761a56d0aa0,Ub3e17f91c4ac4a180dc6c785e1f54c13,text,delivered,2026-04-08 00:44:38,
64129693-8a75-4b92-af84-5568cf4dbc83,2025-12-31,msg_00082,U227d1cd1a801c367de206ec4bbca7330,U0653f22da43edeb30c57b41de6222bc0,imagemap,blocked,2025-12-31 17:18:26,
a7e0dfb2-08eb-4eb4-b71e-63bd4a6bc866,2026-03-20,msg_00106,U3bae1603803a839c0cb52f511d9cb8f6,U1d93b837a1198a7a9cd8039008f7a88f,video,delivered,2026-03-20 21:14:56,
558b4bc7-7a5c-4c2d-af0a-5664290d4ca3,2026-03-04,msg_00056,U1ca413826b7044d134c9c3132420c9de,U4383e09f13ef392f911f8e1dfcfa28bb,text,delivered,2026-03-04 10:22:09,
21ae3353-c813-4938-b524-5520bb19fbda,2026-01-04,msg_00057,Ub0341314a5534ea92b26fa8adc30543f,Uf69d6938e184b5115a36845dad891887,video,deliverd,2026-01-04 16:49:59,
6fd9b609-4e16-492f-b932-a054239c18e9,2025-12-12,msg_00029,U743849e63f8101ac616f8fd0ba84a167,Ubbc907a46b238e3abc87cc070ce1d2b3,imagemap,delivered,2025-12-12 22:16:00,
e3986917-7f2b-4523-b19a-b77b636e8b9c,2026-04-01,msg_00072,U4784fc8a8e1e4eb2435ad84e0ad052f2,Ud6783a50551d74da84cb4e0f711154c6,image,opened,2026-04-01 21:34:30,
78fbb4b8-90ea-493c-a4bd-6c9f4a313fab,2026-03-25,msg_00079,U743849e63f8101ac616f8fd0ba84a167,Ua68c882a1fd27d43779720437b78b030,text,delivered,2026-03-25 23:03:03,
ef7309c7-e070-4199-8bb3-0cd41f57bbf3,2026-03-29,msg_00097,Ub0341314a5534ea92b26fa8adc30543f,Ue68638e0ca16fed8f86a169798564794,text,delivered,2026-03-29 09:39:16,
7c170690-7183-4911-b5fa-b0aed1fa6d2c,2025-12-19,msg_00064,Ub0341314a5534ea92b26fa8adc30543f,Uaa77af3cb59c00208faf1a3c0868cd5c,image,delivered,2025-12-19 08:23:17,
60231db2-9ec6-4fe6-a189-2127dfe3728e,2026-01-29,msg_00031,U3bae1603803a839c0cb52f511d9cb8f6,U882fa6ad857a4f7df0c871a0ca6cb04f,video,delivered,2026-01-29 11:04:01,
4d98a6c6-50a1-4d27-80e2-4b7a94357e3d,2025-12-24,msg_00062,Ub0341314a5534ea92b26fa8adc30543f,U312ddfbebb915e8b3f5e30831aa26f4a,video,delivered,2025-12-24 21:35:28,
f4b5634f-b60d-4d6b-acbf-f5e1751d2c79,2026-01-20,msg_00026,Ud4a92c8c8050eed40ef171cc2784d638,Ubda2584f3677938dd6a875b47bbf9c49,imagemap,opened,2026-01-20 22:08:02,
b5897d7b-fd4f-4c61-859f-44f202f0367d,2025-12-23,msg_00109,Ue7310890b01058478be93761a56d0aa0,U17b89c3dbde9df468374d2ad93cdb79d,text,opened,2025-12-23 12:02:45,
a2d02300-3dd6-4052-8497-7f135db93dd3,2025-11-23,msg_00053,U743849e63f8101ac616f8fd0ba84a167,Ubaf5dfc71c23432c314ca839fcac2aa1,video,opened,2025-11-23 13:30:13,
826374eb-8158-4711-b085-d6dfe34044b9,2026-01-10,msg_00044,U30ad60bba5da9837ca5dd0230ca8f531,U95ea8626da8ac921a25a5f9c3a584867,video,delivered,2026-01-10 08:30:15,
2ba82cfa-d507-4de2-aed3-c2a0565585ef,2025-12-09,msg_00094,U227d1cd1a801c367de206ec4bbca7330,5d6f49f363824e5ba6e3e64a046b77f1,flex,delivered,2025-12-09 13:16:32,
4bc6b393-82be-4b49-b04b-3f375b2ade09,2026-02-09,msg_00083,U3bae1603803a839c0cb52f511d9cb8f6,Uc64f7936c5484d04819105a13e5ef67b,flex,delivered,2026-02-09 08:10:52,
363fe50f-5d22-470d-a56c-02181e6fb6c8,2026-03-23,msg_00116,Ud4a92c8c8050eed40ef171cc2784d638,U9f57d5db01efdd21c74cee205ae66c1c,text,opened,2026-03-24 00:04:36,
dc714f9f-87fd-425e-9938-d4aeff688e6a,2026-03-22,msg_00119,U3bae1603803a839c0cb52f511d9cb8f6,Ueb738f29028639a174aad13048505b45,imagemap,delivered,2026-03-22 01:26:26,
d2753b74-7334-48da-99ec-1527bfe70ba0,2026-02-20,msg_00095,Ub0341314a5534ea92b26fa8adc30543f,Ud7dea2614618dc3fed431258c4317daf,text,clicked,2026-02-20 02:54:58,https://example-saas.jp/coupon/500off
6a7fcf4b-868d-4f2b-8be4-405ed45d2701,2026-01-26,msg_00005,Ub0341314a5534ea92b26fa8adc30543f,Ua54fd8a389052d5927ed8829e91e0325,image,delivered,2026-01-26 02:35:04,
7c584896-4bf8-4496-bd10-5039e2e5c830,2026-01-18,msg_00102,U227d1cd1a801c367de206ec4bbca7330,U54a6b90f30bc649e16c5284c56d8403b,video,delivered,2026-01-18 09:02:54,
83a6f810-d692-4cef-8c58-22b62e3fbe6d,2025-11-25,msg_00043,U3e5dd3a641c58ad50e49f095c6f1e306,Ua01b7a9efb5b3bcf63a90480f978d8d4,flex,opened,2025-11-25 07:57:41,
a9fb0e10-de05-4e5b-91c0-9b919f1c1ad6,2026-03-04,msg_00056,U1ca413826b7044d134c9c3132420c9de,Ub8d9bb40caf3c8ceeb1040214f530e51,text,delivered,2026-03-04 00:25:32,
24637e1e-e4b4-4a4d-bd9a-79c0ca022949,2025-11-23,msg_00053,U743849e63f8101ac616f8fd0ba84a167,Ub879d7299f30aee5f061020e25bcb1f4,video,delivered,2025-11-23 04:11:21,
4089163b-b846-40a0-873d-3b2f61896821,2025-12-12,msg_00004,Ub0341314a5534ea92b26fa8adc30543f,U314ade0617a876bfbd467b7b619ff5c1,video,delivered,2025-12-12 00:13:23,
2ca7f26c-856c-4db9-b130-9ed6d78c61ca,2026-02-14,msg_00042,U3bae1603803a839c0cb52f511d9cb8f6,U048b707dfb6ce9cf51460fda10033b08,video,delivered,2026-02-14 04:38:18,
254a49fd-6973-4273-b12f-b3fd68963658,2025-12-17,msg_00032,U3bae1603803a839c0cb52f511d9cb8f6,U1e22fb9e2f8d155932e02a745b5e5322,video,delivered,2025-12-17 04:58:56,
0be05177-2fdc-422c-b462-26ab1b6ac651,2026-04-08,msg_00078,Ud4a92c8c8050eed40ef171cc2784d638,U99881e78b9613da6a0aa85698704ef42,image,opened,2026-04-08 03:43:31,
835b202a-6e92-4732-b7ed-e07e6624bc73,2026-03-13,msg_00001,U4784fc8a8e1e4eb2435ad84e0ad052f2,Ua430d5d48d0e3f77835c6c2b780c9608,image,opened,2026-03-13 06:54:35,
2cedd837-dd46-4027-8c1d-9c4dd276026d,2026-03-11,msg_00067,U7e808d11d6f9901a954a542a7ee09918,U49f6fb84d032231edaf05d5743fcd640,video,delivered,2026-03-11 09:09:03,
f27cef2e-5004-4e89-8baa-00e9526275df,2026-03-20,msg_00092,U743849e63f8101ac616f8fd0ba84a167,Ua88971cd405c058fadf78b11959fba65,video,delivered,2026-03-20 05:28:53,
33ac66ba-a58e-479c-8956-9ff9533c7a77,2025-11-24,msg_00033,U3bae1603803a839c0cb52f511d9cb8f6,U5f4007ca7a7d37359c6f551d31f5d3f6,text,delivered,2025-11-24 02:02:01,
68b8f18b-08c0-483e-9c6c-747456204854,2026-04-05,msg_00054,U3bae1603803a839c0cb52f511d9cb8f6,Ud258a68caf8d80239147fe474961b1bb,image,delivered,2026-04-05 01:27:25,
3b448f1e-d195-449a-bae8-a8bb104e12f8,2026-02-15,msg_00087,U3bae1603803a839c0cb52f511d9cb8f6,bfa23648fba821820d064678e0221f96,imagemap,delivered,2026-02-15 17:04:57,
cb3f2eb1-585b-486c-8012-1b320af300cb,2025-12-25,msg_00077,U743849e63f8101ac616f8fd0ba84a167,U59ddf0e59b615dc1a74c2634a22710a1,text,delivered,2025-12-25 21:53:08,
879d3c8c-2c63-40c0-84bf-b7e50a363042,2026-01-26,msg_00063,Ub0341314a5534ea92b26fa8adc30543f,11e786cb776bf639882efa4a666219aa,imagemap,delivered,2026-01-26 09:51:47,
fd767bc3-dec7-4388-8094-d2ee72996eea,2026-01-26,msg_00103,U3bae1603803a839c0cb52f511d9cb8f6,U579082a24495cef215157e56a1f260c3,flex,delivered,2026-01-24 08:55:51,
c66e6e59-fd53-414d-b6e6-e9c4ba316ca5,2026-03-05,msg_00014,U3bae1603803a839c0cb52f511d9cb8f6,U41aed4e5d59327f690e2d81c7d45963f,flex,opened,2026-03-05 17:44:50,
730f6c5f-31b7-4cb6-993b-03677bc6a221,2026-03-20,msg_00092,U743849e63f8101ac616f8fd0ba84a167,Ua88971cd405c058fadf78b11959fba65,video,opened,2026-03-20 06:10:36,
77972be6-d046-49ec-b557-be56183e678f,2026-02-07,msg_00090,U4784fc8a8e1e4eb2435ad84e0ad052f2,Uef6719f4082017521ed8a35808794ec4,imagemap,clicked,2026-02-07 18:02:58,https://example-saas.jp/campaign/spring
37bc5b6c-80dd-4d10-bd59-83cf8672ab18,2025-12-09,msg_00069,Uc20f9c7e9b662bedec3cb78e127885c7,Uf92b9ff06b62cedcbb1538648c344857,imagemap,delivered,2025-12-09 09:18:45,
2fd2c0c1-d995-475a-a134-d06d32527bed,2025-11-19,msg_00019,U743849e63f8101ac616f8fd0ba84a167,U7fe0942bed1ccce3ce417b39dd8eaf51,flex,clicked,2025-11-19 22:21:24,
2c9f9c73-a4ba-4f91-90ba-650b7a4c5187,2026-03-22,msg_00119,U3bae1603803a839c0cb52f511d9cb8f6,U03b639d8aa18f672cfdea7de544aa699,imagemap,delivered,2026-03-22 06:17:06,
f848cf73-c46c-47d1-8398-ebc01ba94c71,2025-12-17,msg_00032,U3bae1603803a839c0cb52f511d9cb8f6,U768b110b1367ac99ec3a0be343d5e3d2,video,delivered,2025-12-17 19:44:14,
da0396a4-e712-48d7-9aef-6597c7914f21,2026-01-24,msg_00007,Ub0341314a5534ea92b26fa8adc30543f,U31eae4b6c30501ead2d1f48ea9e067dc,imagemap,delivered,2026-01-24 00:21:42,
3180e3c4-4b92-4505-a8bb-ef6090ea7998,2026-03-20,msg_00057,Ub0341314a5534ea92b26fa8adc30543f,Uf6869d1a0e47d44db8fcde3c9c47b768,video,delivered,2026-03-20 13:05:50,
f3d2f0e7-f4e3-4d69-9cd9-0dffbab7bad0,2026-02-14,msg_00042,U3bae1603803a839c0cb52f511d9cb8f6,U15a55fd4edfc56b87a5f63da91e71a93,video,delivered,2026-02-14 11:27:47,
25338935-4af6-465c-af65-693e69c00c5b,2025-12-21,msg_00022,U3bae1603803a839c0cb52f511d9cb8f6,Ueb72fb2afd581d3d20d6c30f64b67b50,video,delivered,2025-12-21 16:29:12,
92c54f1e-dfb5-4028-9452-1d692d3e9781,2026-03-27,msg_00096,U476acbdef8e9a16d24575e4f6d7b0f31,U5199d92eda65a5d75f35aab5cafb5383,imagemap,opened,2026-03-27 06:00:52,
bfe0222a-c197-4024-b2ad-a4ae39d9b62e,2026-02-25,msg_00008,Ub0341314a5534ea92b26fa8adc30543f,U87e99f075cf7f693b4c5a5ed2a462946,image,clicked,2026-02-25 04:11:51,https://example-saas.jp/coupon/500off
f37bca2e-eefe-4e6f-8a48-5b5fb826d5aa,2026-01-24,msg_00066,U3bae1603803a839c0cb52f511d9cb8f6,U6bcd89276ec036436a4bb96baa081bbd,image,delivered,2026-01-24 20:32:48,
3f2d311e-5bc3-4499-9f9c-330ff63d6220,2026-01-26,msg_00115,U3bae1603803a839c0cb52f511d9cb8f6,Ue147c5a0f2c5322d8af1f21cf5a1934c,imagemap,delivered,2026-01-26 14:14:36,
d0dfc8ab-1a73-4985-940d-4e6627f3344f,2026-01-26,msg_00063,Ub0341314a5534ea92b26fa8adc30543f,U003fd1775459df16b724380affa8aaf8,imagemap,opened,2026-01-26 21:54:43,
cd3168a4-9325-4048-b8e2-5b3d79d0f78b,2025-12-23,msg_00061,Ub0341314a5534ea92b26fa8adc30543f,Ube0ebefbd196cb85a8b3c4a05d50c154,imagemap,opened,2025-12-23 05:05:54,
d89e8012-4414-44a8-bf73-8fe16948950a,2025-12-25,msg_00045,Ue7310890b01058478be93761a56d0aa0,Ue3c48b38de275a30e3df76a4a41ca056,video,clicked,2025-12-25 08:18:51,https://example-saas.jp/campaign/spring
7ae5979e-9db8-462d-9d7c-930470cef233,2026-02-24,msg_00111,Ub0341314a5534ea92b26fa8adc30543f,U6da6d341858d6f373b0b8889ca71fbd5,flex,failed,2026-02-24 09:28:03,
e063a5e0-2629-43fa-ab45-56104a9c20b5,2026-01-24,msg_00007,Ub0341314a5534ea92b26fa8adc30543f,U500c47691afe029e1ef167dfda4b38cc,imagemap,opened,2026-01-24 17:47:26,
dafeaed9-3e0d-4e58-bc8c-6e8a4be6c738,2025-11-24,msg_00033,U3bae1603803a839c0cb52f511d9cb8f6,Ub0c6bbf7017240f1b76282a429485028,text,opened,2025-11-24 03:49:32,
8639f871-e9bd-4262-b71f-57125b214a28,2026-01-29,msg_00031,U3bae1603803a839c0cb52f511d9cb8f6,U73ef519661d49e0834d7135e5acf1114,video,opened,2026-01-29 11:02:06,
e360e6e7-d659-4718-b101-9e6b8f14bfdd,2026-03-22,msg_00119,U3bae1603803a839c0cb52f511d9cb8f6,Ud633fdbffc8162704f596768d8f564fc,imagemap,delivered,2026-03-22 15:37:17,
f90f6b6c-84c4-4c4d-9517-41bb07c9da04,2025-12-23,msg_00061,Ub0341314a5534ea92b26fa8adc30543f,U3e28393ebe2019c9586537942f1a62f8,imagemap,delivered,2025-12-23 06:46:08,
0c6424b9-254b-452a-963e-ce9ee325e252,2026-02-20,msg_00036,U879eb903ad90cd9c2874f6df7651267a,78cbd64af351a34c20c2de4b3d8546ca,video,opened,2026-02-20 10:34:23,
6ac98aeb-56a1-4af4-a1d7-1d535b505e6a,2025-12-22,msg_00013,Ub0341314a5534ea92b26fa8adc30543f,0d922ca6218e881bb43f7b04d755b4bc,image,delivered,2025-12-22 16:45:25,
da08680e-463e-4749-b198-b0eacb706721,2026-01-24,msg_00066,U3bae1603803a839c0cb52f511d9cb8f6,U1aa53b8c3112bf64c601c198a52a155a,image,delivered,2026-01-24 22:23:59,
795834b3-d343-43da-ac34-b0546350238e,2026-01-26,msg_00063,Ub0341314a5534ea92b26fa8adc30543f,Ua44d023aacc18e1f666f097d9a7c6201,imagemap,opened,2026-01-26 16:00:02,
103b3d54-8756-4ad1-b776-3158c6811261,2026-04-05,msg_00054,U3bae1603803a839c0cb52f511d9cb8f6,8ed16ec1bca14126870ce4f5977e3d96,image,delivered,2026-04-05 08:15:37,
14f417d1-f567-41fa-9b69-ef8f478e57b2,2026-02-14,msg_00042,U3bae1603803a839c0cb52f511d9cb8f6,Ue959db569024782c824fa9d21268b00a,video,opened,2026-02-14 19:15:42,
5a6083d3-9c36-482f-95ab-3ef8d60f9e89,2026-02-08,msg_00051,U3bae1603803a839c0cb52f511d9cb8f6,U12bd4e49d11d595bf7a17e86a076156f,image,clicked,2026-02-08 06:11:24,https://example-saas.jp/coupon/500off
c41abbeb-e1ba-4eee-bf27-63c31d13f499,2026-02-09,msg_00083,U3bae1603803a839c0cb52f511d9cb8f6,Ucfb6198a78961189cdc06847583ccf3c,flex,clicked,2026-02-09 02:26:25,https://example-saas.jp/coupon/500off
93995c0d-d6ee-443c-b587-569ec0569e22,2026-02-20,msg_00036,U879eb903ad90cd9c2874f6df7651267a,Ub2ba34d98fe964c05df68c8f882daf83,video,opened,2026-02-20 22:35:55,
51fd13d9-67ff-44f8-b5f0-90e15ef62a01,2026-03-23,msg_00116,Ud4a92c8c8050eed40ef171cc2784d638,U57b1cd4324fe18c254462bbd948dfa12,text,opened,2026-03-23 19:04:26,
a1794dc3-f66b-45fb-b8a6-3c383072f6af,2026-01-10,msg_00044,U30ad60bba5da9837ca5dd0230ca8f531,U17fbfd9169a35c222487f04de79bcd0e,video,opened,2026-01-10 22:37:38,
7d65d2d8-a795-4504-ae36-9b6142890ed5,2026-01-26,msg_00005,Ub0341314a5534ea92b26fa8adc30543f,U7f991ec9c482ed68a3948c81345e8279,image,delivered,2026-01-26 11:50:29,
4cf7af6c-f252-4362-ac37-a9c4dd376b76,2025-12-12,msg_00004,Ub0341314a5534ea92b26fa8adc30543f,Udebeb722a0525ea295c64a5798b37ad5,video,delivered,2025-12-12 11:05:01,
765b18f5-5a0e-4007-bf60-2db2b29fffa2,2025-12-31,msg_00082,U227d1cd1a801c367de206ec4bbca7330,U78dcb83975765c181022e3457558976a,imagemap,delivered,2025-12-31 09:32:42,
dae57a68-3b2a-4400-80dc-4bc75cd4e2ae,2026-03-11,msg_00067,U7e808d11d6f9901a954a542a7ee09918,bb1d0489e8ef11dac689eae073c1607f,video,delivered,2026-03-11 00:45:08,
4bf61c2f-a13e-4a22-932b-4cb61cd6a637,2025-11-16,msg_00011,U837b70463a585f85743b5bfb3b49c9fd,Uc3e63220150026e7d57aa0aec4536d81,flex,opened,2025-11-16 10:27:09,
f34f2e16-3a8b-405d-9deb-c0304d5fc38e,2025-11-16,msg_00020,U3bae1603803a839c0cb52f511d9cb8f6,U0b944de5bf116691a21f7df1dca6faf4,text,delivered,2025-11-16 02:22:44,
e4a20589-a284-454b-aff2-e8c16d3a03ee,2025-12-18,msg_00070,Ue9a1e8a5b83a6b296d43c957a8cfba4a,U42952bf64333d9d2f3e434bc63e8d445,imagemap,delivered,2025-12-18 19:10:38,
75b20362-8894-4be7-a3ea-a9f0c6272a1d,2026-01-26,msg_00115,U3bae1603803a839c0cb52f511d9cb8f6,U8cfafcfde8493c545f27f36ba6eae4a6,imagemap,opened,2026-01-26 13:40:32,
4161df5d-d4a8-45d0-8d60-5ff989c8e116,2025-12-19,msg_00118,U4784fc8a8e1e4eb2435ad84e0ad052f2,bb27cf0251c5dcc18c218c8443f4fd98,image,delivered,2025-12-19 22:40:11,
fcb60e5a-78ef-47eb-aa79-1594ed598f59,2026-03-05,msg_00014,U3bae1603803a839c0cb52f511d9cb8f6,Ud10b664a0c8af597e752e5168e50ceef,flex,delivered,2026-03-05 05:30:09,
a65389e4-f182-45ec-a8ec-3370e8ba6ff4,2026-03-05,msg_00014,U3bae1603803a839c0cb52f511d9cb8f6,2e02b78a83511e1aecf44e150251af1c,flex,delivered,2026-03-05 21:03:19,
b6148a54-7996-4cb6-b41d-3e958d7c1696,2026-01-24,msg_00007,Ub0341314a5534ea92b26fa8adc30543f,Ude2e5ca531bb9a6b8828919a3c118b8e,imagemap,delivered,2026-01-24 13:04:21,
1e5f205f-8ff5-463a-8470-e0e49aff7ed1,2025-11-23,msg_00053,U743849e63f8101ac616f8fd0ba84a167,Ue005540b401cd5febb5b180d5253d685,video,delivered,2025-11-23 23:03:45,
6c3c35af-5186-4440-9204-d0c55ca3c44a,2026-01-30,msg_00050,U3e5dd3a641c58ad50e49f095c6f1e306,55fee6faf4ca3e7ff65f6553b470af86,image,delivered,2026-01-30 21:43:18,
43b9ca33-506e-4e07-8a2f-08aaed167111,2025-12-18,msg_00070,Ue9a1e8a5b83a6b296d43c957a8cfba4a,36384638eeedcbda30bfbb85d7e2bdbb,imagemap,clicked,2025-12-18 15:44:28,https://example-saas.jp/campaign/spring
ce9233e0-f01f-42ad-9c46-c76267cdd03a,2025-11-24,msg_00033,U3bae1603803a839c0cb52f511d9cb8f6,Ucea40d9935e3fb93f48b8e1b11f81afd,text,delivered,2025-11-24 13:21:06,
9a3096b9-33c3-4e01-9819-d4d5a0c7d14e,2026-04-08,msg_00078,Ud4a92c8c8050eed40ef171cc2784d638,U5698dbe12a518abd0ebb8e80e83aaa14,image,delivered,2026-04-08 04:58:18,
6836743d-7452-4b20-a6ae-c206adbf2f34,2025-11-22,msg_00047,Ue7310890b01058478be93761a56d0aa0,U3a6913586c56ff3300711bc149839f65,video,delivered,2025-11-22 05:44:13,
a235c5b2-3e98-4fda-ad4d-78365d502907,2026-03-21,msg_00118,Ub0341314a5534ea92b26fa8adc30543f,U3d63b8c174bd420f2875bc6a746bcdc2,imagemap,open,2026-03-21 07:33:35,https://example-saas.jp/campaign/spring
9b1601a1-1093-444f-9195-7534cf5f9143,2026-02-15,msg_00087,U3bae1603803a839c0cb52f511d9cb8f6,U6dc11b7106aa6d3e65518068f7575300,imagemap,clicked,2026-02-15 06:47:35,https://example-saas.jp/campaign/spring
e6c97ff9-658b-45cb-a579-5afaead8ea8e,2025-11-23,msg_00024,Ue8d9224ecde331ce692edfce0b5ecdc4,Uf11edceefb3b3ebad0b2a92788ff9d8c,text,delivered,2025-11-23 07:07:08,
e254b356-748f-4b96-ba9f-d3c7571c907d,2026-02-08,msg_00051,U3bae1603803a839c0cb52f511d9cb8f6,U49abe89cad634b2b347921875fe907a7,image,delivered,2026-02-08 23:19:37,
f2add36d-3f2e-4452-a493-c8f4fcfeaaf4,2026-01-07,msg_00110,Ub0341314a5534ea92b26fa8adc30543f,U2f95c850f8d93df1180d8b9c6e900fd2,video,delivered,2026-01-07 02:51:09,
877ce269-7f0a-4226-bb5e-c96558c8dba8,2026-03-20,msg_00092,U743849e63f8101ac616f8fd0ba84a167,U6f1a75501949837661a9403e28204d5e,video,opened,2026-03-20 14:51:43,
171c753a-3a4e-4e72-a273-8cccacf1bc0f,2026-04-04,msg_00100,U743849e63f8101ac616f8fd0ba84a167,U3ac7aefc1cafd6001125da93c67adb94,image,opened,2026-04-04 06:01:50,
7005192c-b829-4394-80e4-ca197e0c4248,2026-02-09,msg_00083,U3bae1603803a839c0cb52f511d9cb8f6,U8f78b09714d5b30fe03950772fb5c5a5,flex,delivered,2026-02-09 00:51:34,
fe998e41-091d-4f26-bcd0-6716035ba6da,2026-01-09,msg_00052,U743849e63f8101ac616f8fd0ba84a167,U2062254c9ac24411c5ca7f3f20a49e31,video,opened,2026-01-09 13:56:39,
4579bfe6-6b89-4d55-9c8b-4061ec554f57,2026-03-08,msg_00112,U3bae1603803a839c0cb52f511d9cb8f6,U6c20c9e84512e2211bbac5b80d1e34b9,image,opened,2026-03-08 07:24:43,
bddea397-b695-45a4-a23a-f208f013d1ee,2025-12-15,msg_00030,U3bae1603803a839c0cb52f511d9cb8f6,U0f3643a8dd57826c3efc4e6905415496,video,delivered,2025-12-15 06:52:29,
d8708113-ae28-4795-a045-51196ffec0fa,2026-03-27,msg_00096,U476acbdef8e9a16d24575e4f6d7b0f31,U30896c136fad533df9e99d7db6d5289b,imagemap,opened,2026-03-27 08:29:33,
93e93122-b532-434e-b283-239c987c429f,2025-12-23,msg_00061,Ub0341314a5534ea92b26fa8adc30543f,U78ccb6891120448b834d6bd694456611,imagemap,delivered,2025-12-23 01:10:34,
9e5c2bc3-ba2c-4b35-8951-8823bc85faec,2025-11-16,msg_00020,U3bae1603803a839c0cb52f511d9cb8f6,U0e28c436fda5c04140e7648d83e3ee6b,text,opened,2025-11-16 02:00:53,
4eee6f73-2a5f-4535-a76d-528f226f5e17,2026-02-05,msg_00107,U3bae1603803a839c0cb52f511d9cb8f6,Uef9ac7807df9d59f98c4b0eb7cf4c217,text,delivered,2026-02-05 18:26:49,
d3f4158d-5a2f-4d8d-a2a5-e9fb89b42e38,2026-01-20,msg_00108,Ub0341314a5534ea92b26fa8adc30543f,U71aee45c3ab111b6ef916b14bdfd52a7,flex,delivered,2026-01-20 02:18:19,
3e780a03-69e6-48e1-b14e-cfbb09e7b52e,2026-03-27,msg_00096,U476acbdef8e9a16d24575e4f6d7b0f31,Uc767add522667d3c50f1d77b80c8eb0b,imagemap,delivered,2026-03-27 11:19:30,
cdf7b75e-9bf8-4202-92d0-45aeacee8f3b,2025-11-23,msg_00024,Ue8d9224ecde331ce692edfce0b5ecdc4,U7ea22f4ed775084b0595c238f7406bbe,text,blocked,2025-11-23 20:53:48,
b34a8ec7-2393-4bb1-b03f-d6563765f9c3,2025-12-21,msg_00022,U3bae1603803a839c0cb52f511d9cb8f6,Uc3810f9536236a6d3f7adeb58c6f0f4d,video,delivered,2025-12-21 03:35:27,
a237146e-d25b-4f0e-8d6a-a2a92902b108,2026-02-24,msg_00039,U743849e63f8101ac616f8fd0ba84a167,d4ed6f0892d6003eba45e3a58319eec4,flex,delivered,2026-02-24 07:05:34,
bdff53f7-00b4-4f7d-a762-b2d5380313d1,2026-02-20,msg_00017,U22a93bc29b1df104af6b1ba1cd91fc56,U7ef295378ba3197eaddce23a4beb927f,video,delivered,2026-02-20 16:58:58,
c3dacb6d-68ee-4148-ad36-19a3c4bb6347,2026-03-21,msg_00023,U743849e63f8101ac616f8fd0ba84a167,Ubb3954e6e8ca3ec6c5e63fd473a2f0f0,imagemap,delivered,2026-03-21 00:00:42,
a319564d-368c-4791-b2ac-e48c7848c6ee,2026-02-28,msg_00117,U743849e63f8101ac616f8fd0ba84a167,Uf41f3ec09f86e903bb2ca09b33ab16cb,video,opened,2026-02-28 05:11:52,
75567d66-9c05-40ba-97bc-b05faa183de3,2025-12-24,msg_00062,Ub0341314a5534ea92b26fa8adc30543f,U562f9d8ca42013f6db7364f0457652be,video,opened,2025-12-24 19:43:35,
8477ced8-74e3-4939-9756-378949f3ba72,2025-12-09,msg_00069,Uc20f9c7e9b662bedec3cb78e127885c7,Ud77b91899db2a70fd822267862b129cc,imagemap,opened,2025-12-09 16:11:29,
2fce9832-ea77-4040-963c-5fc5dd9df0c6,2026-01-17,msg_00037,U7e808d11d6f9901a954a542a7ee09918,U6182235937e180e3edf03ef72259f339,text,opened,2026-01-17 04:48:40,
056cc781-fa8e-488d-a601-d79e8bca4754,2026-02-28,msg_00117,U743849e63f8101ac616f8fd0ba84a167,Ue7339ce710c9b132550b5f4ef999239b,video,delivered,2026-02-28 11:20:03,
a6964f5b-d2c2-4f6f-906e-7690e9cd9bf6,2026-04-04,msg_00049,U476acbdef8e9a16d24575e4f6d7b0f31,Ufffaaafc6a715141aa4a19a7f6f40af6,text,delivered,2026-04-04 21:37:09,
2c00f947-2c97-483a-880f-c656d6fddc11,2025-12-15,msg_00030,U3bae1603803a839c0cb52f511d9cb8f6,U7f78b69dfd98c7a5bf4a67a5ed191fe2,video,opened,2025-12-15 09:59:08,
64122db0-0d36-44e9-9ce2-73ed6b3a37ce,2025-12-22,msg_00038,Ub0341314a5534ea92b26fa8adc30543f,Udffc026d7a5e5eedab09c8e20d432ea6,image,clicked,2025-12-22 11:04:52,
d0cb1403-382e-46c1-ada3-d0dbbd0622f9,2026-02-25,msg_00008,Ub0341314a5534ea92b26fa8adc30543f,U505e6823884409b97d2bd2d3a405df71,image,delivered,2026-02-25 14:22:51,
1f91117f-3271-4617-855c-659a276017b6,2025-11-23,msg_00053,U743849e63f8101ac616f8fd0ba84a167,U8cf2383aef904e3a750462bff2e4ffda,video,delivered,2025-11-23 11:11:31,
dc254507-6198-47e3-9bb8-57d8d72bb988,2026-01-26,msg_00086,U4784fc8a8e1e4eb2435ad84e0ad052f2,U87473f77eb38c5c88795d2e8ae95ef10,text,opened,2026-01-26 06:57:14,
68c69d47-d9c4-48f4-8699-b7b9340b9842,2026-04-12,msg_00120,U227d1cd1a801c367de206ec4bbca7330,Uf2547658f3421b182729e6365bd93278,text,delivered,2026-04-12 13:12:10,
7d44cde8-721f-4686-aac5-b1e75ecdd839,2025-12-09,msg_00069,Uc20f9c7e9b662bedec3cb78e127885c7,Ub613954425c4ca2354c3bab176e6022c,imagemap,delivered,2025-12-09 01:31:40,
ffdd41a9-e4d9-40f0-9105-d273f5a0c6d9,2025-12-21,msg_00022,U3bae1603803a839c0cb52f511d9cb8f6,U4994d5be71009c87d5035550e1256742,video,delivered,2025-12-21 12:59:04,
3e9fc6a4-8c1b-4e36-bc9f-049f6247d35b,2025-11-16,msg_00011,U837b70463a585f85743b5bfb3b49c9fd,U24d5eeb57eba38aab6f6285526e68dfc,flex,delivered,2025-11-16 04:17:18,
c7ed9d49-a91c-4fbb-b743-5ca0212372f1,2026-01-18,msg_00102,U227d1cd1a801c367de206ec4bbca7330,U9698ee56d27b99dd46eeeefc92b7ba20,video,delivered,2026-01-18 08:42:54,
a06800ec-4d53-4ad1-8fd7-5271fa356a3c,2025-11-24,msg_00033,U3bae1603803a839c0cb52f511d9cb8f6,U2d1ae72a403e1b6c47701de0155fd51a,text,delivered,2025-11-24 07:41:05,
5aeb89f2-3691-439a-9f34-26dd21a752f7,2026-01-18,msg_00102,U227d1cd1a801c367de206ec4bbca7330,U989ce0cf43099c4710aba798e0d94eab,video,delivered,2026-01-18 04:49:23,
73eb343a-8d22-4ef0-9204-15ca754cad8f,2026-03-31,msg_00046,U4784fc8a8e1e4eb2435ad84e0ad052f2,995e044fcc7b271a2dd8f408c8e4f1b1,flex,opened,2026-03-31 23:16:37,
49c87dfb-34f2-4951-8c9b-696e0190b582,2026-02-10,msg_00058,Ue9a1e8a5b83a6b296d43c957a8cfba4a,U41b1d175fe1f5f9320551dec05ade19c,video,clicked,2026-02-10 03:31:53,https://example-saas.jp/coupon/500off
221ceeda-8876-4a7d-ab2a-81fa3f014fb9,2025-12-18,msg_00070,Ue9a1e8a5b83a6b296d43c957a8cfba4a,Uad870e53c3838a412d21e95b5fbd63a7,imagemap,delivered,2025-12-18 19:01:08,
482d48e4-1f3a-4e0d-902c-caca502a6dcb,2026-01-18,msg_00102,U227d1cd1a801c367de206ec4bbca7330,U68e139e5d3992138c94fe424d1e2e22b,video,clicked,2026-01-18 19:04:58,https://example-saas.jp/campaign/spring
5b2b6c46-ed76-4050-bfe6-c8bf015f32c1,2026-02-09,msg_00083,U3bae1603803a839c0cb52f511d9cb8f6,8ab033eb22b77ea88c5ebd77cd195c38,flex,blocked,2026-02-09 02:36:44,
53256de2-b8a9-44ba-b8cb-2c8149647b8e,2026-03-31,msg_00046,U4784fc8a8e1e4eb2435ad84e0ad052f2,Ueb34841dca295fe22db1deb32add70aa,flex,delivered,2026-03-31 08:53:34,
758a093f-1f24-46e7-ab5e-bc781a07d602,2026-02-07,msg_00090,U4784fc8a8e1e4eb2435ad84e0ad052f2,Ub0c541e5fb006e5f18ef69839eae91aa,imagemap,opened,2026-02-07 11:59:43,
732ff49f-c396-46d7-b1ea-8311a41719ff,2026-02-08,msg_00051,U3bae1603803a839c0cb52f511d9cb8f6,Ue8220e3300f76dcb36d75464ae0e0ddc,image,delivered,2026-02-08 07:30:53,
f05709d3-fc2d-47d2-a651-23e8dd49e0c8,2025-12-19,msg_00064,Ub0341314a5534ea92b26fa8adc30543f,U7e1d6811c1bcd4b594a39a0f52b4d84f,image,opened,2025-12-19 19:28:05,
cdbaaf43-57f0-4e79-b46a-0dae05664c12,2026-02-14,msg_00042,U3bae1603803a839c0cb52f511d9cb8f6,U396e8c2139dbd5e1a6fa90e26321a19c,video,delivered,2026-02-14 02:36:22,
041fe5ff-9988-4a9b-941e-46201c098749,2026-04-04,msg_00100,U743849e63f8101ac616f8fd0ba84a167,U3274c493851655c2a9430fad938a57d1,image,opened,2026-04-04 17:33:56,
1504190b-1a00-46dc-92da-a088642ce41c,2026-01-07,msg_00110,Ub0341314a5534ea92b26fa8adc30543f,U41d1bab3fb1681ed41a0db6382cb284e,video,delivered,2026-01-07 07:04:15,
e0c0f087-5b9f-4783-ac01-0ae5e97ad8a7,2025-11-19,msg_00019,U743849e63f8101ac616f8fd0ba84a167,1fc1e38455690b6de4bea30058f0a559,flex,opened,2025-11-19 23:41:53,
88c20132-5ce9-4fa3-9da7-a1befb9aa485,2026-01-26,msg_00063,Ub0341314a5534ea92b26fa8adc30543f,a58764fe7aac232315f61dfe726b48c6,imagemap,delivered,2026-01-26 07:12:49,
44a0a9fe-8f49-4b9f-9aec-75bfcff2cf79,2026-03-26,msg_00040,U3bae1603803a839c0cb52f511d9cb8f6,Uc568126ab6a1120b96847659ae733d65,imagemap,delivered,2026-03-26 21:00:57,
664c7180-69f0-4d52-aae3-d53ddb52709e,2026-01-24,msg_00066,U3bae1603803a839c0cb52f511d9cb8f6,Uae5c6c1ad9cf34badaebe4982a3f373f,image,delivered,2026-01-23 09:49:24,
27b3648f-3fb7-4890-b239-f96b3a8bdbbd,2026-01-18,msg_00102,U227d1cd1a801c367de206ec4bbca7330,Ud2dfa23df02c215d42443fc4ae768876,video,delivered,2026-01-18 08:20:03,
d58b30c6-42e8-44aa-a721-bd131fcedf95,2026-03-08,msg_00112,U3bae1603803a839c0cb52f511d9cb8f6,U8f5e75e9f1e3aaac15a9e1b8b36e425e,image,delivered,2026-03-08 03:09:37,
ad35e476-1d6f-498f-984d-4cef808ff462,2025-11-23,msg_00031,U7e808d11d6f9901a954a542a7ee09918,U90dddd2c150c90db72030d8a47c5b91c,image,delivered,2025-11-23 02:15:26,https://example-saas.jp/campaign/spring
1fd19726-05a4-448f-b505-5aa044ac5ccb,2026-03-05,msg_00014,U3bae1603803a839c0cb52f511d9cb8f6,U034c76245e0b6604a0f93713d4f75d04,flex,opened,2026-03-05 11:00:20,
22d9f82d-9225-4046-94d1-3b6f3a5392c0,2026-04-05,msg_00054,U3bae1603803a839c0cb52f511d9cb8f6,Uf42feea6fd8bf2eb73f757e031a7d5f9,image,delivered,2026-04-05 21:56:11,
6e07b26a-e470-4769-9e67-7d94ea36a232,2026-02-20,msg_00095,Ub0341314a5534ea92b26fa8adc30543f,U1529e3a8052f20731dd0e9eafb1a0cd4,text,delivered,2026-02-20 21:37:36,
5c9081fb-c6dd-44da-9284-6a88544945b6,2026-02-14,msg_00065,U743849e63f8101ac616f8fd0ba84a167,U8b73ab16d50d67fe271eef89bb878b3f,image,delivered,2026-02-14 11:48:58,
56957f13-7df1-4be8-bf24-fef8cd9b324d,2025-12-18,msg_00070,Ue9a1e8a5b83a6b296d43c957a8cfba4a,U6ac912b05ce974a65ae8a8cf4a4fe630,imagemap,opened,2025-12-18 16:07:48,
70bc2966-9b86-4697-a9eb-8c13a9c2f8fe,2025-12-22,msg_00013,Ub0341314a5534ea92b26fa8adc30543f,Uf8b3c9d373b4455daff705c35946ac23,image,opened,2025-12-22 20:36:13,
e2b07fc2-c8c6-43d4-8c69-092c37b456da,2026-02-20,msg_00048,Ue7310890b01058478be93761a56d0aa0,U818d23e4de41c982453cdbab3d71f6b7,flex,delivered,2026-02-20 03:32:10,
8ed9f59e-56a9-4e05-b59b-2f56b5e40e22,2025-11-22,msg_00047,Ue7310890b01058478be93761a56d0aa0,U09b78c84145b4cbcbb2cdfd7ff3c5c4f,video,delivered,2025-11-22 06:32:47,
d40bbd43-64b3-49b1-9cd3-fe9f0daf99ad,2025-11-23,msg_00053,U743849e63f8101ac616f8fd0ba84a167,U8c9578588e581c75f27e8bbdc20f6568,video,opened,2025-11-23 05:10:12,
436e603a-fcd5-4ce3-b9b2-9f8049d1fc2d,2026-03-11,msg_00104,Ub0341314a5534ea92b26fa8adc30543f,Ue1ddafa8cb07f64a95b6d81d02453312,image,delivered,2026-03-11 04:24:35,
2aad1cbe-9696-4c0e-af49-b0c686a98413,2026-03-16,msg_00002,U3bae1603803a839c0cb52f511d9cb8f6,Ua4e77c680a3061ba119591e55d944da7,text,failed,2026-03-16 23:52:48,
bc9dc7d8-6c6e-4514-ad93-55d2d192fbdb,2025-12-21,msg_00022,U3bae1603803a839c0cb52f511d9cb8f6,U96564cfb5972c183acd7d2f20e0338e1,video,delivered,2025-12-21 08:03:53,
a02ee305-dcb3-4c0f-b412-745bddff26e1,2026-01-30,msg_00050,U3e5dd3a641c58ad50e49f095c6f1e306,U7d7c751901de8643fd4b696f0e56b300,image,opened,2026-01-30 16:14:12,
611671bd-f10b-4cf0-afa6-effe329c96cc,2025-11-25,msg_00043,U3e5dd3a641c58ad50e49f095c6f1e306,U5b7ed4255b8103ab5a7d9f64cab88fc8,flex,opened,2025-11-25 11:33:26,
6a410334-7115-4089-8f98-47c6c9efa4c4,2026-04-01,msg_00072,U4784fc8a8e1e4eb2435ad84e0ad052f2,c694c3c5458f6751e086e064c4256b15,image,delivered,2026-04-01 23:41:39,
68ec76a5-1464-4148-b0f6-14bbe9e060fe,2026-02-14,msg_00065,U743849e63f8101ac616f8fd0ba84a167,Ucda439b1f628af536c4aa3f722fced47,image,delivered,2026-02-14 03:16:00,
244e84ff-6bd4-4583-862d-5a6474e891e8,2026-01-01,msg_00027,U4784fc8a8e1e4eb2435ad84e0ad052f2,Uaec20f8072f32546ead8617572f86104,image,delivered,2026-01-01 00:07:55,
b1a4ef2d-5c56-437c-890b-3eb680fd4a51,2025-12-23,msg_00109,Ue7310890b01058478be93761a56d0aa0,U96972f8a7ef42e7a86ea294e19d76222,text,delivered,2025-12-23 06:10:27,
461a2d43-23f2-44ee-acc6-54bded5f2c7a,2026-01-31,msg_00035,U7e808d11d6f9901a954a542a7ee09918,U81cb8ad83112ed7b32a7938769ba829f,text,delivered,2026-01-31 08:41:17,
b0b1bee5-f12b-4e4d-ae7d-973c5bef10cc,2025-11-16,msg_00020,U3bae1603803a839c0cb52f511d9cb8f6,270293b16a2984d816faf3c8242ca53a,text,opened,2025-11-16 08:46:36,
cc09a910-407a-4c69-a791-decd9560873a,2026-04-06,msg_00074,U3bae1603803a839c0cb52f511d9cb8f6,Ufa67d5ef7df306a8b6ed9b09087fb8fa,text,clicked,2026-04-06 03:39:38,https://example-saas.jp/survey
aae6a29f-b637-4e5c-a352-c38992f8f520,2026-01-26,msg_00103,U3bae1603803a839c0cb52f511d9cb8f6,Ue48f1fee269f9b561844dd7d691897cb,flex,clicked,2026-01-26 03:15:03,https://example-saas.jp/coupon/500off
0dac3fdc-116d-44d6-bd27-81310a6c6d36,2025-12-18,msg_00070,Ue9a1e8a5b83a6b296d43c957a8cfba4a,U2057af9fb0aff3650157f81ad0610102,imagemap,delivered,2025-12-18 18:49:56,
0eae3675-2cf5-459d-920a-6e605605aeae,2026-02-20,msg_00036,U879eb903ad90cd9c2874f6df7651267a,U2bb62276b506651b36810d590c26a5d7,video,delivered,2026-02-20 03:46:13,
c4283445-b11e-4e6e-b118-3217c7cedba0,2025-12-09,msg_00094,U227d1cd1a801c367de206ec4bbca7330,U75aad293287b7c7bf5f2e1f66ac7f5b8,flex,delivered,2025-12-09 20:55:38,
c6a668fb-4db4-4aa2-adf8-7ff6581aa022,2026-02-01,msg_00075,Ub0341314a5534ea92b26fa8adc30543f,U2bddf69e6d9498b82906f67299bcc382,imagemap,delivered,2026-02-01 06:14:40,
6e9b7bbc-9cb5-4f85-ae57-86e845e3436e,2026-01-14,msg_00081,Ue7310890b01058478be93761a56d0aa0,U5a94beb2bdcdf68026737f9a616b6cf4,video,delivered,2026-01-14 00:02:08,
925fc666-5b53-40dd-b539-9320f839ffad,2025-11-16,msg_00011,U837b70463a585f85743b5bfb3b49c9fd,Ud57b1704964babcf5766fd23b6ad0f1b,flex,delivered,2025-11-16 16:51:01,
06e57ec2-b953-416a-99c0-7b6d497d199d,2026-01-26,msg_00063,Ub0341314a5534ea92b26fa8adc30543f,Ub2abd3484814809ebdadb7f7eb058175,imagemap,delivered,2026-01-26 22:53:38,
12c70f5d-4de0-42e9-b92a-6bfd9e68cb17,2026-03-07,msg_00118,U3bae1603803a839c0cb52f511d9cb8f6,U84a59500039aa1da5e4bd75efa21af1f,text,delivered,2026-03-07 01:39:54,https://example-saas.jp/lp/newmenu
08a4b0db-2552-4bcc-8638-b1a114c03ec1,2025-12-03,msg_00012,U743849e63f8101ac616f8fd0ba84a167,ce628a2780a3fcecb7b2206e2dde5a70,imagemap,opened,2025-12-03 14:47:21,
5e7a8e7a-a17a-4e43-b507-7a42833c03ac,2026-03-08,msg_00112,U3bae1603803a839c0cb52f511d9cb8f6,U292ef231d3fa0fe5cda85fdeb5700b29,image,delivered,2026-03-08 11:21:02,
3a1c4123-976b-4fb4-9188-34d0971778f1,2025-12-09,msg_00059,U3bae1603803a839c0cb52f511d9cb8f6,Uddc865f22c3e80537c86b65886949cd3,imagemap,delivered,2025-12-09 16:47:49,
80de4ffb-dab3-43f0-af00-7998c6514bef,2026-03-05,msg_00014,U3bae1603803a839c0cb52f511d9cb8f6,Ue46fb4eaab0fd0c88ca1e247d87294cb,flex,delivered,2026-03-05 08:36:05,
6497f6d1-05e2-457e-b697-55fa5c607f99,2026-01-13,msg_00060,U3bae1603803a839c0cb52f511d9cb8f6,Ueb18c6e7a80e0a7bd544d8829c84aa63,image,delivered,2026-01-13 17:59:25,
bc26c111-41d0-464b-a41e-4adf1f176737,2025-12-17,msg_00032,U3bae1603803a839c0cb52f511d9cb8f6,U9e03a865b2c9cb58cc1ca99f2c3142f5,video,delivered,2025-12-17 10:37:30,
93b3bec1-6b91-4b87-a7b0-5820ed9fae69,2026-02-16,msg_00021,U743849e63f8101ac616f8fd0ba84a167,U97ae33ae773344f220fe6cd90f8c4f1c,flex,delivered,2026-02-16 20:33:35,
ac55324c-4fcd-4a55-a975-4be60675df9f,2025-12-03,msg_00012,U743849e63f8101ac616f8fd0ba84a167,U3bbf9ab976b1a19d91a9541d0e853227,imagemap,delivered,2025-12-03 15:25:30,
2d18bca2-1f2f-44d6-b674-eb5aff140551,2026-03-06,msg_00055,U3bae1603803a839c0cb52f511d9cb8f6,U079fc8151d2097df68e4bb37d8f5a8b3,flex,clicked,2026-03-06 12:51:51,
375ee82f-9186-4ce2-bc3e-df80f0d75cff,2025-12-22,msg_00013,Ub0341314a5534ea92b26fa8adc30543f,39f83403766dcc312754289261c9c350,image,delivered,2025-12-22 03:10:15,
d83c6de2-a1eb-42b4-a798-3338cd9324a8,2026-02-10,msg_00058,Ue9a1e8a5b83a6b296d43c957a8cfba4a,U71483dbdc3bf35aa9c957f99f4d0edb6,video,failed,2026-02-10 21:55:40,
c5c36f5b-ced1-4dfb-b548-cec9a976ea2e,2026-01-31,msg_00035,U7e808d11d6f9901a954a542a7ee09918,U6174744452fe305546756305226cc3ce,text,delivered,2026-01-31 21:15:16,
815523b4-0dc7-4a9d-85a9-3d0b5c68fcbd,2026-01-24,msg_00007,Ub0341314a5534ea92b26fa8adc30543f,Ubd02871cad3f9a203c629b01264b0eca,imagemap,clicked,2026-01-24 08:53:11,https://example-saas.jp/coupon/500off
c6a6cd22-8cb6-48d6-b17b-9adb81fa5e06,2026-01-20,msg_00026,Ud4a92c8c8050eed40ef171cc2784d638,U9629e08c745a6f0263fbd6d1e824496a,imagemap,delivered,2026-01-20 16:47:28,
fff7f87d-10ba-4934-9602-6399f6782c1c,2026-02-21,msg_00083,U4784fc8a8e1e4eb2435ad84e0ad052f2,U8515d4ea8061aac9561ff5618787329a,image,delivered,2026-02-21 11:35:04,https://example-saas.jp/campaign/spring
a24ad1d7-66ac-4c61-a106-0f44691b51e8,2025-12-12,msg_00029,U743849e63f8101ac616f8fd0ba84a167,Ueaf24adfa50a2b2a0c744d887dc7eb7b,imagemap,clicked,2025-12-12 19:44:11,https://example-saas.jp/survey
f240e519-0d83-4908-ad66-cb18adb44b98,2026-03-13,msg_00001,U4784fc8a8e1e4eb2435ad84e0ad052f2,Ue5e16bac4cdff10cc00aa286b915b45b,image,delivered,2026-03-13 16:15:52,
79d1cb52-4c56-4ae8-adfa-0f37a40e3087,2025-11-23,msg_00053,U743849e63f8101ac616f8fd0ba84a167,U6d9e0bf8cfa44ea2ddc34f7a2b078ae7,video,delivered,2025-11-23 13:02:30,
25021b8c-dcda-448c-80c7-552fc0bcffee,2026-03-21,msg_00023,U743849e63f8101ac616f8fd0ba84a167,Ube44b8af9907b23981dbbdfdf87b2fd1,imagemap,opened,2026-03-21 23:43:24,
ef9eb184-7758-477f-831e-a796bdd47ee0,2026-03-12,msg_00084,U68d2301028fb66b51d9111f1af067e34,Uda4d0859d616773e8efd1b66d4c5e68f,video,delivered,2026-03-12 04:09:47,
0a4bde6b-e631-40be-94cc-e5d6ab049b01,2025-12-18,msg_00114,Ub0341314a5534ea92b26fa8adc30543f,Ua9dddfea691c294b47031d9aa1446473,flex,delivered,2025-12-18 14:16:09,
4cd28988-fd5d-4168-b6c7-c895f4fa427b,2026-02-20,msg_00036,U879eb903ad90cd9c2874f6df7651267a,U94dcaef7822526ae0aea78e62d9b7b48,video,delivered,2026-02-20 06:21:09,
ce19f1f6-61bf-4f33-b547-983a6b3807ac,2025-12-25,msg_00045,Ue7310890b01058478be93761a56d0aa0,1fad8ded9cb348eddbe40eda2eed0359,video,delivered,2025-12-25 10:49:03,
d3516baa-f9a6-443f-937a-39d5ccb09769,2025-11-16,msg_00020,U3bae1603803a839c0cb52f511d9cb8f6,U2c6ff7fd5fb76db954d341a166a1de95,text,delivered,2025-11-16 18:23:44,
22664274-4f70-416a-a278-969b9c39e5d0,2026-01-26,msg_00115,U3bae1603803a839c0cb52f511d9cb8f6,Ud9d44141ac157ef109eab9607b63d306,imagemap,delivered,2026-01-26 02:41:49,
ba56a4dc-8e5f-4f1f-bb1a-b3d77c3c8520,2025-12-07,msg_00003,U227d1cd1a801c367de206ec4bbca7330,U2bca860ee62f4739aaeb5eff1e174009,image,delivered,2025-12-07 23:25:27,
284e2242-3a47-4bda-9880-c83b348faaf9,2026-01-30,msg_00050,U3e5dd3a641c58ad50e49f095c6f1e306,U1f1e58de6caf93571adecf57fda235d8,image,failed,2026-01-30 04:39:43,
3df095cf-dedd-4bd7-88bd-ca7de845b6d2,2026-01-24,msg_00007,Ub0341314a5534ea92b26fa8adc30543f,7818b3f72eda7054da5cedf1a5b48161,imagemap,delivered,2026-01-24 05:55:54,
3f8f140f-a845-4a02-b9ea-3ec0d9e36658,2026-04-06,msg_00090,Ub0341314a5534ea92b26fa8adc30543f,U44cffe8cd14ccd688ca421c85b51579b,text,delivered,2026-04-06 05:22:49,https://example-saas.jp/coupon/500off
784524ab-8443-47ae-b2d3-a4c47d82a3f4,2025-11-24,msg_00033,U3bae1603803a839c0cb52f511d9cb8f6,526be87962ee6af561dc900d06d3b923,text,clicked,2025-11-24 06:34:51,https://example-saas.jp/survey
fb00155a-03f2-41d5-8bb4-a7a8ad72e00d,2026-03-25,msg_00079,U743849e63f8101ac616f8fd0ba84a167,Ua333c1f8c06494e5659d40d0668b7722,text,delivered,2026-03-25 09:23:54,
be3f8867-0a9b-4cd0-9517-3df01086385e,2025-12-23,msg_00109,Ue7310890b01058478be93761a56d0aa0,U975c6e5d27773670f0a7eadc6505e59b,text,delivered,2025-12-23 02:49:19,
b0a71fab-b93a-42d1-b3f4-8555d9f764d6,2026-03-20,msg_00057,Ub0341314a5534ea92b26fa8adc30543f,Uab2d69e2701bef37299f181d38d94ef9,video,delivered,2026-03-20 12:33:32,
8668be92-0154-4ae6-a6d3-56f968446ed8,2026-01-24,msg_00007,Ub0341314a5534ea92b26fa8adc30543f,Ucd07a1efd6b3c0d4e4a0919fd693f816,imagemap,clicked,2026-01-24 18:19:46,https://example-saas.jp/coupon/500off
a3a1fb56-37b6-4adb-985d-4d36f9caec28,2025-12-12,msg_00029,U743849e63f8101ac616f8fd0ba84a167,65d6b5f492d9b270181f9cacfa296551,imagemap,opened,2025-12-12 20:24:43,
ab313a98-01f6-4617-bf82-e2c9fd60df3f,2026-01-26,msg_00005,Ub0341314a5534ea92b26fa8adc30543f,Ua18195bef3709d16ec9d3e31f8ac13ba,image,opened,2026-01-26 18:57:09,
c1036f6c-5895-4d1c-bd34-11b5ecad0a26,2026-03-30,msg_00076,U743849e63f8101ac616f8fd0ba84a167,U9e93b4bf9a608c55ecfa84f8074d0144,image,delivered,2026-03-30 05:29:03,
aa3d27aa-6115-4746-bf4f-1581ddb16f63,2026-03-14,msg_00009,U743849e63f8101ac616f8fd0ba84a167,Ud48fa27b48619705f07731c733f80307,imagemap,delivered,2026-03-14 09:33:05,
a5eeef2f-bca3-41cb-b3e5-634aae4cdcda,2026-03-11,msg_00067,U7e808d11d6f9901a954a542a7ee09918,U3e7a7a85d286693b15cb35a99a72d33b,video,delivered,2026-03-11 05:43:39,
b27b3a1c-d029-4ede-99ea-b1148403b2b7,2026-01-24,msg_00007,Ub0341314a5534ea92b26fa8adc30543f,U785865f7c957ed5bced13017c4ad969f,imagemap,delivered,2026-01-24 19:58:41,
50666b81-6df1-413b-a3e9-125403d55a59,2026-03-11,msg_00104,Ub0341314a5534ea92b26fa8adc30543f,U5ec201b6a045a5a4d23767a57537793e,image,opened,2026-03-11 02:39:32,
7c0bf915-ca62-443f-9a6b-aaac66267650,2025-12-07,msg_00003,U227d1cd1a801c367de206ec4bbca7330,U981417062ba1de2b2ee42e2c22329fb9,image,delivered,2025-12-07 11:09:26,
cba9c1a9-e201-4348-9d71-06b95e3614b1,2025-12-14,msg_00085,U743849e63f8101ac616f8fd0ba84a167,U9100d8c5b91e28f702cecb70438a0c2e,image,delivered,2025-12-14 17:55:16,
9f7fde81-fd43-4f67-8b30-d1f665e9bb7c,2026-03-26,msg_00040,U3bae1603803a839c0cb52f511d9cb8f6,U423ad20acb4f217d2698b46926d18e97,imagemap,delivered,2026-03-26 18:17:09,
a0622026-39b4-4242-a8fe-7d1a6098447d,2026-04-04,msg_00100,U743849e63f8101ac616f8fd0ba84a167,Uf6fb8b6b0378098ee58ad61a2caac1e9,image,delivered,2026-04-04 05:53:54,
c16e7ff9-12c0-43f5-b742-ac6281f0d837,2026-01-26,msg_00063,Ub0341314a5534ea92b26fa8adc30543f,U8374c353c3b1435cdcab0982646aec7b,imagemap,opened,2026-01-26 11:15:49,
74a2371f-d055-4d26-8c2e-54497f54c36f,2026-03-08,msg_00112,U3bae1603803a839c0cb52f511d9cb8f6,Udc2c926c41b6d2f762beb7085a76170a,image,opened,2026-03-08 14:23:38,
cf76b9b8-d554-4583-a9d0-a5d55ee86219,2026-01-26,msg_00103,U3bae1603803a839c0cb52f511d9cb8f6,389da344e60e4d1c5c35d90e15eb83fd,flex,opened,2026-01-26 06:44:08,
f58e0993-5353-449f-bbe7-a5a9dec9ebee,2025-11-16,msg_00011,U837b70463a585f85743b5bfb3b49c9fd,U9d757eb6cdbc7ad93b6cd394fe3753c6,flex,opened,2025-11-16 10:29:43,
a3523e02-c8b4-4745-8cdb-d6bba4d73207,2026-01-18,msg_00102,U227d1cd1a801c367de206ec4bbca7330,Uc59536ae8a49dd7857d41452a9abae7a,video,delivered,2026-01-18 06:20:30,
eaf7b24d-ee32-44b2-b777-39b5d2c49646,2026-03-21,msg_00023,U743849e63f8101ac616f8fd0ba84a167,U25e45f746d9ad5a571fe1f42f7084ebe,imagemap,clicked,2026-03-21 20:58:59,https://example-saas.jp/coupon/500off
37a6a056-ed0f-4083-ae66-4f7d64303911,2026-03-25,msg_00079,U743849e63f8101ac616f8fd0ba84a167,U20a1e28910d8f6ba33c037f551900ee6,text,opened,2026-03-25 12:02:22,
bb22c303-389e-4604-b565-098c0ced7d42,2025-12-19,msg_00118,U4784fc8a8e1e4eb2435ad84e0ad052f2,U246dbbcd731c0651cdd45b1cd135676d,image,delivered,2025-12-19 20:49:11,
63f7f811-78c4-4a0a-8ec4-54a8d3f0e002,2026-03-06,msg_00055,U3bae1603803a839c0cb52f511d9cb8f6,U7254e7f8d776fe00c70ab2dcc4877756,flex,opened,2026-03-06 12:26:12,
f052b014-1179-4633-b74e-a12fcfb5950a,2025-12-17,msg_00032,U3bae1603803a839c0cb52f511d9cb8f6,Udda20aae7d918483e49e471d3ef64482,video,delivered,2025-12-17 08:21:07,
76821e4c-3f9d-4df6-b99f-a0b9d229b3f2,2026-03-05,msg_00014,U3bae1603803a839c0cb52f511d9cb8f6,Uead7cd02e6b1a650b30792dc10799d4f,flex,blocked,2026-03-05 15:57:35,
af6ad5b7-64a6-4990-bfd5-27edc487962f,2025-12-21,msg_00022,U3bae1603803a839c0cb52f511d9cb8f6,Ua135648ea2f5b3ac9790ba066d7b3ba7,video,opened,2025-12-21 02:09:59,
beb1f6cf-6ede-49a8-b6b3-3f3ddb1cbec1,2026-03-04,msg_00056,U1ca413826b7044d134c9c3132420c9de,U354a6e1d015104e1e77131abde8bfb9e,text,delivered,2026-03-04 17:36:03,
219cef4f-66fb-443e-8b9c-5cbd9e7b040f,2025-11-16,msg_00020,U3bae1603803a839c0cb52f511d9cb8f6,Udef27d6a884af6143c3f4c917682c749,text,delivered,2025-11-16 22:08:40,
92802be3-418d-4e2c-8938-200d302a8fb5,2025-12-12,msg_00029,U743849e63f8101ac616f8fd0ba84a167,U9c119913695de6df679ca170af1ca61d,imagemap,opened,2025-12-12 20:41:28,
225a0f4f-7e12-4811-909a-b68877d37588,2025-12-03,msg_00012,U743849e63f8101ac616f8fd0ba84a167,e72f25ce9d943b8f228171d71e6d67a7,imagemap,opened,2025-12-03 20:23:52,
c51aef74-1386-400d-a08e-9f54c7486bff,2026-02-07,msg_00090,U4784fc8a8e1e4eb2435ad84e0ad052f2,U122bd90bb4d2538cf76ac574670fc6fd,imagemap,opened,2026-02-07 08:11:14,
0dd153f3-b4cd-47d5-8447-063a19cbebe3,2026-01-26,msg_00086,U4784fc8a8e1e4eb2435ad84e0ad052f2,ad7c0ced1934b95cdf477503e04372dc,text,delivered,2026-01-26 08:28:00,
8d7aaa20-907a-47be-aedc-aee3b106fd70,2026-04-10,msg_00101,U743849e63f8101ac616f8fd0ba84a167,U3d8635216df80e7baf181f62369bac69,imagemap,delivered,2026-04-10 21:40:24,
6ffa4bd8-eadf-4af6-ad68-f78ae15ea0f5,2025-12-07,msg_00003,U227d1cd1a801c367de206ec4bbca7330,U584dc5995273c39cf4c56c7e5e88d186,image,delivered,2025-12-07 12:11:05,
499a17cc-20d2-4663-9e7b-eaddffd55bea,2025-11-19,msg_00019,U743849e63f8101ac616f8fd0ba84a167,U8a40ada58bd62bdbb1de76aa3d9e400c,flex,delivered,2025-11-19 04:37:07,
1f3610fb-41cf-42db-a898-6564b721c62e,2026-01-24,msg_00066,U3bae1603803a839c0cb52f511d9cb8f6,Ubef58cb476653d7d49e0188ffc4fd5f4,image,opened,2026-01-24 21:45:54,
9f8ee8aa-7fd7-4ac7-a87a-1a4be16a76de,2026-01-29,msg_00031,U3bae1603803a839c0cb52f511d9cb8f6,Uf4f9cdb0b3bb18d936867ba9c218184c,video,delivered,2026-01-29 01:48:44,
d993fd98-51af-42a7-8bec-7888f797d5e1,2025-11-19,msg_00019,U743849e63f8101ac616f8fd0ba84a167,U03bb5e659af7f31e983905d4b1b7430b,flex,clicked,2025-11-19 01:35:41,https://example-saas.jp/survey
5c505ff0-7a50-4e4d-93f6-af5d441fe226,2026-02-25,msg_00008,Ub0341314a5534ea92b26fa8adc30543f,Ua116b9a7ee92793b380801365d17ee46,image,delivered,2026-02-25 15:12:05,
6855037c-a7b9-472d-900d-2f3ec2ea9324,2026-03-27,msg_00096,U476acbdef8e9a16d24575e4f6d7b0f31,3a20f53e44daab2c83918678b3f144bb,imagemap,delivered,2026-03-27 19:56:54,
0c65a3d9-267a-438a-8bfb-15000c7faa30,2025-11-26,msg_00028,U3bae1603803a839c0cb52f511d9cb8f6,Uf7a2677a817b2d7a49c9d6f67784a8fe,image,delivered,2025-11-26 18:21:56,
4ba057e0-31ec-4a6c-8a27-5086fe2faf94,2025-12-02,msg_00088,U3bae1603803a839c0cb52f511d9cb8f6,U9f2ff72c7415de6ee47f8ceb1394aade,image,clicked,2025-12-02 08:38:42,https://example-saas.jp/survey
437456c5-6020-4eb8-95b0-3878a5233745,2026-03-11,msg_00067,U7e808d11d6f9901a954a542a7ee09918,U2c9aebb23efc85b9c36c04934b86af46,video,delivered,2026-03-11 07:19:27,
9b803953-15cc-4e71-9a5f-29d0273e21d4,2026-01-20,msg_00108,Ub0341314a5534ea92b26fa8adc30543f,U952d3794c4024e3cdc97ea571be43e08,flex,clicked,2026-01-20 11:10:05,
78c0d9c4-3161-4ce0-bc40-78625967f5e7,2026-01-26,msg_00115,U3bae1603803a839c0cb52f511d9cb8f6,U30965cdcbbc70d76bf8f87f658bcbacd,imagemap,opened,2026-01-26 08:55:03,
e8e8591d-7620-4e89-a02e-9ea1df019db0,2025-11-19,msg_00019,U743849e63f8101ac616f8fd0ba84a167,14404117841cc30087aa357c0193d928,flex,delivered,2025-11-19 15:16:29,
ced08d3c-7fc9-4b06-9209-2ca18a01a8c0,2026-02-20,msg_00095,Ub0341314a5534ea92b26fa8adc30543f,cce86b242513b66510a2e9ab53f61608,text,delivered,2026-02-20 14:42:33,
59f5a901-b46c-469f-bbc6-a0a6294d5039,2025-12-18,msg_00114,Ub0341314a5534ea92b26fa8adc30543f,U095912cd86215c8f06e090225ab8387e,flex,clicked,2025-12-19 01:15:49,https://example-saas.jp/lp/newmenu
314a5678-c98e-436e-8c13-6e62dfec6f8e,2026-02-20,msg_00036,U879eb903ad90cd9c2874f6df7651267a,Ub2ba34d98fe964c05df68c8f882daf83,video,delivered,2026-02-20 22:09:08,
8bc18bfc-c706-4023-8320-f2d55d8a7b86,2026-02-10,msg_00058,Ue9a1e8a5b83a6b296d43c957a8cfba4a,Udf1e913680f65e044a2b4e81ceab87ae,video,delivered,2026-02-10 06:23:19,
6987957d-666c-4495-91d7-4fa6f3d2e53a,2026-03-06,msg_00055,U3bae1603803a839c0cb52f511d9cb8f6,U0dc7638d8d2dcd7ff7eb09e5089a551b,flex,delivered,2026-03-06 04:07:44,
0be3fd30-87ff-4db4-8793-335813714166,2025-12-12,msg_00004,Ub0341314a5534ea92b26fa8adc30543f,Uca808ea65b5c79825642d59be03e3bef,video,delivered,2025-12-12 10:34:48,
9cb9dd8f-c75f-4dfb-b702-647a6443a63d,2026-03-26,msg_00040,U3bae1603803a839c0cb52f511d9cb8f6,Uca6fe5bb1aa9349f9764077e20a20afc,imagemap,clicked,2026-03-26 11:58:34,https://example-saas.jp/campaign/spring
93f73b73-e81c-420d-927e-595083d597e0,2025-12-17,msg_00032,U3bae1603803a839c0cb52f511d9cb8f6,U929e5890e42df6bf5c660027589f0e77,video,delivered,2025-12-17 17:46:59,
988d56af-9447-4e56-b89e-dec4a3a21402,2025-11-16,msg_00020,U3bae1603803a839c0cb52f511d9cb8f6,Ud62bd93815fd26c6da217280a0ea2375,text,opened,2025-11-16 22:57:15,
79021740-d3e8-4bc9-814d-7ba81fa4f4a7,2026-04-05,msg_00054,U3bae1603803a839c0cb52f511d9cb8f6,5dd00711b4330e6633cfeeac678cec43,image,delivered,2026-04-05 04:55:18,
146642e0-ebd9-4f2e-b52d-e06820ae3f1b,2025-11-23,msg_00053,U743849e63f8101ac616f8fd0ba84a167,U5f93b83f3220d19edba260179ffafe2f,video,delivered,2025-11-23 19:17:19,
0c944931-aee7-4b87-b24b-3e1b27be9ff5,2026-03-26,msg_00040,U3bae1603803a839c0cb52f511d9cb8f6,Ub6a8875a1b22f3e4b2524d23b9c3fba0,imagemap,delivered,2026-03-26 22:30:25,
beec8162-20a8-49a1-ae74-363219140a70,2026-01-07,msg_00110,Ub0341314a5534ea92b26fa8adc30543f,U92ef76af440dacdea31a8221d5392163,video,opened,2026-01-07 09:42:52,
36b281f1-8a5d-4ac8-8ad0-0c8c51e6bdcc,2025-12-09,msg_00094,U227d1cd1a801c367de206ec4bbca7330,U44d8cb9d08c52dc752729865a715acc4,flex,opened,2025-12-09 04:26:55,
044bb5eb-5cae-4727-a56e-5b76d5198f97,2025-12-21,msg_00022,U3bae1603803a839c0cb52f511d9cb8f6,U5c77faaa557902cf899d7e617ee0bdbc,video,delivered,2025-12-21 16:58:57,
6c0357a8-e674-4cec-9692-301908757742,2025-12-12,msg_00004,Ub0341314a5534ea92b26fa8adc30543f,Ued00696c008b9533e32295045c2da287,video,opened,2025-12-12 21:08:00,
56ada893-f119-404d-8536-970951ad5717,2025-12-12,msg_00029,U743849e63f8101ac616f8fd0ba84a167,Udd2e0a141b2b9bdbcd0093fa92a257b4,imagemap,delivered,2025-12-12 20:30:42,
ca2b959f-432e-4682-87aa-c02236df9354,2026-03-03,msg_00093,U743849e63f8101ac616f8fd0ba84a167,U0bf20337262ace5bd50a431d01495d8b,imagemap,delivered,2026-03-03 11:31:24,
8b5d0f2b-527b-4dbf-9981-3c7e680d5b80,2025-11-27,msg_00018,U3e5dd3a641c58ad50e49f095c6f1e306,Uee2aac6beaf78f069579b956fe6d2e3f,imagemap,delivered,2025-11-27 15:15:23,
6707c5d6-372e-4754-9623-fac76aac2453,2026-04-12,msg_00105,Ud4a92c8c8050eed40ef171cc2784d638,U7423f73e6a0d9fd084160ad23ca38a31,flex,delivered,2026-04-12 11:22:46,
529f0a8b-eea1-443f-b7e0-62f1b12b2efc,2025-12-25,msg_00077,U743849e63f8101ac616f8fd0ba84a167,U2da419f2d90b9bdb25caec23ddb5def3,text,delivered,2025-12-25 06:28:32,
9eebdca6-8d59-488e-96dd-072e46414061,2025-12-07,msg_00003,U227d1cd1a801c367de206ec4bbca7330,Ufaaa3462e4c3d4171bba6beaacaeeaa8,image,clicked,2025-12-07 11:10:44,https://example-saas.jp/campaign/spring
0919ed8c-44af-44b1-98dd-eeec89bd1ff3,2026-04-12,msg_00105,Ud4a92c8c8050eed40ef171cc2784d638,U69640771a220eb5e4bbdf7dc84b56c22,flex,opened,2026-04-12 03:01:39,
64515bad-967f-4534-b6dc-e9c54a12e1f5,2026-03-12,msg_00084,U68d2301028fb66b51d9111f1af067e34,Ua031d854d989f0d3d227f8724b1fd3d6,video,opened,2026-03-12 19:45:33,
3042b2df-a071-4c35-bb97-e95731155b12,2026-01-30,msg_00050,U3e5dd3a641c58ad50e49f095c6f1e306,Uf80c91d0e23fe924cc50fe420bb73fdf,image,delivered,2026-01-30 02:39:53,
855a2796-a93d-4282-8b54-e611beea7c36,2026-04-10,msg_00101,U743849e63f8101ac616f8fd0ba84a167,U71fd9569e8d14713c6ffa7be030b436e,imagemap,delivered,2026-04-10 05:26:05,
6fd237ee-3c3e-4b45-9f27-8c72bf5ed4a2,2025-11-17,msg_00099,U3bae1603803a839c0cb52f511d9cb8f6,Ue99960c716827afd6e55df62b73d7dcd,text,opened,2025-11-17 18:45:42,
e90cb698-8847-41a2-b3ed-1525164ee162,2025-11-21,msg_00010,Ue7310890b01058478be93761a56d0aa0,U504fd872e27c78f45e13dd24d0ac9a1e,imagemap,opened,2025-11-21 16:02:51,
960caf6e-8e18-4abd-81dd-642fb1a9a1ed,2026-02-07,msg_00090,U4784fc8a8e1e4eb2435ad84e0ad052f2,Uf0573c508e8c37051b57412cfd3493e4,imagemap,delivered,2026-02-07 19:46:53,
ddfb2a2e-98b0-4edf-bb7f-dc3f8756649b,2025-12-19,msg_00064,Ub0341314a5534ea92b26fa8adc30543f,U6d7ee28af919e58032d62f9b77c935b3,image,opened,2025-12-19 23:26:49,
00f38cc8-45c9-4150-9c75-915bc558a041,2026-02-14,msg_00098,U743849e63f8101ac616f8fd0ba84a167,U2ae14d5f57054387937a3a66eb3967a9,imagemap,clicked,2026-02-14 20:19:04,https://example-saas.jp/campaign/spring
d5132b5a-7c70-4855-a03e-4bece1756f86,2026-01-10,msg_00044,U30ad60bba5da9837ca5dd0230ca8f531,Uc726934ec332c8776082aac2593e1952,video,delivered,2026-01-10 17:19:24,
65a9801f-88ad-493a-9c40-3bca64543b51,2026-01-24,msg_00007,Ub0341314a5534ea92b26fa8adc30543f,Ub562309f43433c0185afacf5d299dc4f,imagemap,opened,2026-01-24 02:59:50,
30f43752-f811-4c5a-a1df-d5153e0e166c,2025-12-12,msg_00004,Ub0341314a5534ea92b26fa8adc30543f,U419dcff8c9f208f9ed3d7a120e510e62,video,delivered,2025-12-12 20:30:28,
66e65991-370c-4243-a840-37ccca95b710,2026-03-14,msg_00009,U743849e63f8101ac616f8fd0ba84a167,U3d29ee6b42a6f9911e5b6ef86c1006bb,imagemap,delivered,2026-03-14 15:08:49,
ba6b7f89-66db-49de-8d6d-0f62b789824a,2025-11-24,msg_00033,U3bae1603803a839c0cb52f511d9cb8f6,U159e302f975a1dca5c5efaa3466af0d1,text,failed,2025-11-24 08:37:12,
d6c3f676-f608-4bab-bf03-761351df3554,2025-12-21,msg_00022,U3bae1603803a839c0cb52f511d9cb8f6,U4928a13c88b0902c2466f07a3cf5bd1a,video,delivered,2025-12-21 09:25:28,
ab582002-5920-48a3-ac63-8b0e671d3d79,2026-03-06,msg_00055,U3bae1603803a839c0cb52f511d9cb8f6,Ub50de4478cc4c8795d5b5027f5e59985,flex,delivered,2026-03-06 22:41:34,
7e15c008-2e69-4690-a45b-751a695355ac,2025-12-12,msg_00029,U743849e63f8101ac616f8fd0ba84a167,U85c8c59f5f6c108a4cbba8ad19eb85ed,imagemap,clicked,2025-12-12 13:18:48,https://example-saas.jp/survey
ad92d95f-d716-4739-955c-66af345d5085,2026-02-07,msg_00090,U4784fc8a8e1e4eb2435ad84e0ad052f2,354982a8c44a79f929828359ef9f0b0d,imagemap,delivered,2026-02-07 01:01:45,
a42f93eb-2476-4902-9ade-6e1e02b11511,2026-04-12,msg_00120,U227d1cd1a801c367de206ec4bbca7330,U1099a10bdc4ad4bc6710618e9a1868db,text,clicked,2026-04-12 16:18:42,https://example-saas.jp/campaign/spring
9cd09c2a-a306-40b5-8c8b-f0d4e4b8dfb3,2026-03-27,msg_00096,U476acbdef8e9a16d24575e4f6d7b0f31,U5199d92eda65a5d75f35aab5cafb5383,imagemap,clicked,2026-03-27 06:51:26,https://example-saas.jp/coupon/500off
6ed6a2fe-b952-4b0e-afb3-9634a827c923,2026-03-29,msg_00097,Ub0341314a5534ea92b26fa8adc30543f,U199f9c10d178dca6416173665f16d48d,text,delivered,2026-03-29 03:42:51,
50524e23-17b6-47ee-8966-a60b02432f0b,2026-01-09,msg_00052,U743849e63f8101ac616f8fd0ba84a167,U8010795a1d05e818f8ec68eb67ef93a7,video,delivered,2026-01-09 04:39:17,
52474394-b0bb-4349-91a3-9b0aa6ab7093,2026-01-20,msg_00026,Ud4a92c8c8050eed40ef171cc2784d638,Uf783c96f47b5fb13c8f9ba59ca1c2554,imagemap,delivered,2026-01-20 00:40:08,
5e758cf6-a2c7-4e48-b69e-7a5bc5f5aa14,2025-11-17,msg_00099,U3bae1603803a839c0cb52f511d9cb8f6,U48dd419b69603fc61322ed097b920161,text,delivered,2025-11-17 06:03:03,
b5e86180-521d-4173-a0d4-bc131598ece5,2026-01-14,msg_00081,Ue7310890b01058478be93761a56d0aa0,U268d76f29c670c5128ed38b0a18748cc,video,delivered,2026-01-14 09:08:09,
7662de2c-bfa2-470b-a872-cd83ea0d02fe,2025-12-07,msg_00003,U227d1cd1a801c367de206ec4bbca7330,U584dc5995273c39cf4c56c7e5e88d186,image,opened,2025-12-07 12:15:52,
085e28c6-9b10-40ed-9718-2d1feafb6291,2026-02-14,msg_00065,U743849e63f8101ac616f8fd0ba84a167,Ud5ab2d6e48fa53dca38d40c4977cadf5,image,opened,2026-02-14 13:16:12,
428be351-f98b-47c9-906b-b6dd653f25a5,2026-03-08,msg_00112,U3bae1603803a839c0cb52f511d9cb8f6,U0155a1c0665c83ebf04e43ae15ba6a17,image,delivered,2026-03-08 20:31:12,
20fb4af3-963f-435d-b3fe-c03385615995,2025-11-17,msg_00034,U743849e63f8101ac616f8fd0ba84a167,Uabe45b49d33c374b619df64cadf2cb34,text,delivered,2025-11-17 21:51:13,
20ebb0d6-63f5-41a9-b94a-358d9cbd9314,2026-02-14,msg_00065,U743849e63f8101ac616f8fd0ba84a167,U704839461d041a01ae8b56053303f7c3,image,clicked,2026-02-14 06:10:12,https://example-saas.jp/survey
123b9923-4c27-4185-b1e1-1551ac4e2320,2025-12-22,msg_00013,Ub0341314a5534ea92b26fa8adc30543f,U04c9d1dabfe02a5bce4f4dd70e03efe9,image,clicked,2025-12-22 21:26:17,https://example-saas.jp/survey
5db927f6-6625-4cab-9f29-8818617655fb,2025-12-09,msg_00059,U3bae1603803a839c0cb52f511d9cb8f6,U40e681df02aae05b435701336abca1d2,imagemap,opened,2025-12-09 03:39:38,
0fd9d2c7-6aa8-4fa2-ba08-6dc6696f4124,2026-03-08,msg_00112,U3bae1603803a839c0cb52f511d9cb8f6,U80102be78ffcccca2ee53a3ff867d994,image,opened,2026-03-08 23:22:00,
c14cfdb9-a43c-474e-bae2-adadaec497e8,2026-02-05,msg_00107,U3bae1603803a839c0cb52f511d9cb8f6,Uffeb561167204091348db535c9d96d0b,text,delivered,2026-02-05 16:04:35,
a85b1ad1-efc1-4cb3-be25-a22886865dc3,2026-03-20,msg_00106,U3bae1603803a839c0cb52f511d9cb8f6,U5dd9797296fa11b4cddcda696fb9cef0,video,opened,2026-03-20 22:13:35,
e3686123-42eb-4560-87bf-85d41c5a4ca2,2026-02-09,msg_00083,U3bae1603803a839c0cb52f511d9cb8f6,Uffc916c1862a2d63af4f62a96e55901d,flex,clicked,2026-02-09 13:28:04,https://example-saas.jp/coupon/500off
2c7b39e3-85a8-4ad7-b9f2-2d1a80a05f69,2025-12-31,msg_00082,U227d1cd1a801c367de206ec4bbca7330,U5bb06e928ba980c6a845ab40e86bc436,imagemap,delivered,2025-12-31 23:34:16,
52222ed7-02b7-47d3-bfd3-c4b765d945b8,2026-04-12,msg_00120,U227d1cd1a801c367de206ec4bbca7330,U8a9bc19176ad0da38708da0b5c5a354d,text,delivered,2026-04-12 12:52:57,
641a04b0-9feb-49a6-a7e5-dd93f9f8b631,2026-01-26,msg_00063,Ub0341314a5534ea92b26fa8adc30543f,Uf2e5316e20a139cdf342182c61cc345c,imagemap,opened,2026-01-26 04:58:10,
1fe1dc4c-5ba9-43dd-a7ea-297b92df3ba2,2026-02-20,msg_00095,Ub0341314a5534ea92b26fa8adc30543f,U1328837976566f90032a2465cd557049,text,delivered,2026-02-20 18:27:18,
4b59f811-32cf-4d08-9bbb-dbb3e89d8f54,2025-12-23,msg_00109,Ue7310890b01058478be93761a56d0aa0,Ub2258f003fcd710cd1bc984c7e739a98,text,opened,2025-12-23 22:54:27,
3702e464-8d47-4c53-9489-c7e54701b538,2026-03-05,msg_00014,U3bae1603803a839c0cb52f511d9cb8f6,Ufe88c2895f954401a1a1d5ef6dcd2772,flex,delivered,2026-03-05 14:54:04,
ae6dae72-4542-4db9-8037-8d5e39c5dd22,2025-12-07,msg_00003,U227d1cd1a801c367de206ec4bbca7330,Ue8e9952206dd9abdfc28d77e6e915d86,image,opened,2025-12-07 14:29:41,
a35c7c50-3c2a-4951-a94c-c98a63406369,2026-01-24,msg_00113,Ub0341314a5534ea92b26fa8adc30543f,Ufa510d646a1df1750152dbd95ae4502f,text,opened,2026-01-24 09:07:40,
cc473547-4c00-42e7-a6b8-1dc313cc978c,2026-01-24,msg_00007,Ub0341314a5534ea92b26fa8adc30543f,U2c49dd99b2192722b0850d5d71f4a080,imagemap,delivered,2026-01-24 23:50:26,
2cee543a-99ee-4353-a61a-f82bcdcfafe3,2026-02-20,msg_00095,Ub0341314a5534ea92b26fa8adc30543f,Ua72d971372bf9d51ed40c99fd69f52bf,text,delivered,2026-02-20 18:04:51,
13c76d94-c508-4b51-beb2-952db7a3de4f,2025-12-03,msg_00012,U743849e63f8101ac616f8fd0ba84a167,U25bda2c1cf28ef539b67436372d16cac,imagemap,delivered,2025-12-03 02:11:12,
1bdb599f-823a-443b-a656-4ccf6377f16f,2025-12-24,msg_00091,U3bae1603803a839c0cb52f511d9cb8f6,Ud473d690e4763c1a341ec4899dd6ac3c,imagemap,delivered,2025-12-24 15:39:46,
5a13d538-5c53-4095-a10f-06b86ba96d48,2026-03-26,msg_00040,U3bae1603803a839c0cb52f511d9cb8f6,9e2e57cb4cfced8e82b90410fb4d226b,imagemap,opened,2026-03-26 16:40:05,
339a38fb-085d-4d50-863b-5cb0126b9ce3,2026-01-14,msg_00081,Ue7310890b01058478be93761a56d0aa0,U879a1503d664dbae2d029e068b4fc575,video,delivered,2026-01-14 01:06:23,
4e630af3-cbce-4d66-9444-44e5c0133958,2026-01-14,msg_00081,Ue7310890b01058478be93761a56d0aa0,Ubc85d5207093ff10d358df3dd0a79757,video,opened,2026-01-14 15:26:08,
3a52b9e9-537c-465e-b1ce-cc7f35f3c37e,2025-12-02,msg_00088,U3bae1603803a839c0cb52f511d9cb8f6,efbf8f85c0c2e91d8342069b0f25e0af,image,delivered,2025-12-02 07:18:30,
16295643-60e5-4bef-a469-34e41b210560,2026-03-06,msg_00068,Ub0341314a5534ea92b26fa8adc30543f,U4aa3a94462788382d0b9f77496eac3d6,video,delivered,2026-03-06 22:19:18,
2e18f71b-c9a4-4884-936e-7c0eeb27101f,2026-01-20,msg_00026,Ud4a92c8c8050eed40ef171cc2784d638,Ub94c71bf51c3dff5f2b20ed70c9902b3,imagemap,delivered,2026-01-20 14:14:11,
1e788cdd-74c3-468a-af58-9cd8f3fabb6d,2025-11-27,msg_00018,U3e5dd3a641c58ad50e49f095c6f1e306,U72908fd45e328ebf7c3cefde571d33c4,imagemap,delivered,2025-11-27 15:19:28,
622c85cf-1a88-4c80-8308-0ed6173ecf37,2026-03-03,msg_00093,U743849e63f8101ac616f8fd0ba84a167,U2e6f6fc5b2cf778bb3adca7fc8072bee,imagemap,opened,2026-03-03 12:42:48,
86d79164-d401-48c3-a3ed-2e07ddf46d48,2025-11-24,msg_00033,U3bae1603803a839c0cb52f511d9cb8f6,526be87962ee6af561dc900d06d3b923,text,delivered,2025-11-24 06:02:36,
50c4648f-058d-485d-b509-7898654c8f13,2026-03-04,msg_00056,U1ca413826b7044d134c9c3132420c9de,583970dbfaa9c925c9dd24e2f1879854,text,delivered,2026-03-04 14:17:08,
eae93b2d-8a99-463a-af31-ed831f01bd2d,2026-02-09,msg_00083,U3bae1603803a839c0cb52f511d9cb8f6,Uee61f4922adc41e3bfc070904f338778,flex,opened,2026-02-09 21:13:44,
c0e3e5ab-21da-4b75-857d-e5744e5a4d52,2026-02-20,msg_00036,U879eb903ad90cd9c2874f6df7651267a,Ud8a1c13526b5fc6dfcebfd9688bfd58a,video,delivered,2026-02-20 18:03:02,
d519896e-5102-4a40-b4b1-68798a504573,2026-02-14,msg_00065,U743849e63f8101ac616f8fd0ba84a167,679fd2e53e4d77476d7341c0d926ffba,image,opened,2026-02-14 09:24:37,
cb944350-becd-4458-b814-c6a0fab0dfa2,2025-12-15,msg_00030,U3bae1603803a839c0cb52f511d9cb8f6,U13b2c9ae2c3256345016891e9518d767,video,delivered,2025-12-15 19:29:05,
1114d77b-dca1-4570-adb8-50892a3400af,2025-12-31,msg_00082,U227d1cd1a801c367de206ec4bbca7330,U0653f22da43edeb30c57b41de6222bc0,imagemap,delivered,2025-12-31 14:26:45,
38412ff1-3e46-4c22-80c0-b177f77b381d,2025-12-03,msg_00012,U743849e63f8101ac616f8fd0ba84a167,U7076bf6ccaea6f7bb5c73acd1baa44f3,imagemap,delivered,2025-12-03 01:42:40,
bdea182a-3f7b-4511-9a6e-a09d63fe3fbd,2026-01-24,msg_00066,U3bae1603803a839c0cb52f511d9cb8f6,U79b144bf324081aea30f4e2898194f40,image,delivered,2026-01-24 05:48:38,
1fb4397e-a949-4a94-912f-5f01d3dc55d0,2025-12-25,msg_00077,U743849e63f8101ac616f8fd0ba84a167,U47b55362df66462d35962097542f5e92,text,delivered,2025-12-25 10:36:22,
973d039d-baa7-4e69-afef-37ce2369bc8f,2025-12-09,msg_00059,U3bae1603803a839c0cb52f511d9cb8f6,U5d7478805afbb267bbfa51d68c71be7c,imagemap,delivered,2025-12-09 20:45:14,
843f9a54-2c76-4453-be2b-1ed7c927d7e0,2026-02-25,msg_00008,Ub0341314a5534ea92b26fa8adc30543f,Ued532fe95a43762c52f93932f08f1bbd,image,delivered,2026-02-25 14:47:57,
203d966b-ec7c-4946-9aa1-7d8fe2bb85fa,2025-11-25,msg_00043,U3e5dd3a641c58ad50e49f095c6f1e306,U94347d385179ff9ba2ff7ad68469e1a4,flex,delivered,2025-11-25 12:23:19,
7a9f6783-5505-4df6-be76-bffc2b1244b1,2026-03-06,msg_00068,Ub0341314a5534ea92b26fa8adc30543f,U90ba0653cf7042313774b717ab033617,video,delivered,2026-03-06 02:43:35,
023470a9-e7d5-489e-861c-1d967d29cc34,2026-03-22,msg_00119,U3bae1603803a839c0cb52f511d9cb8f6,Ub4f0b2f7ee9c9ca75dd72248a968a238,imagemap,delivered,2026-03-22 21:56:11,
65e3debb-9879-43e4-a03c-50e9437031b7,2026-01-26,msg_00005,Ub0341314a5534ea92b26fa8adc30543f,U88af480aeab0814af16a955e2cd5cbe6,image,delivered,2026-01-26 03:09:13,
504a3398-4a23-4d51-9cd8-e75571281095,2025-12-23,msg_00109,Ue7310890b01058478be93761a56d0aa0,Udd10b50bd470dedd65db0eb6f4fa0724,text,delivered,2025-12-23 00:16:29,
6f197e3b-b7f8-4175-bd79-0dfdbf6ed4c4,2025-12-24,msg_00062,Ub0341314a5534ea92b26fa8adc30543f,U1cdad5e700aec1ea225ea80ab789d105,video,delivered,2025-12-24 04:37:27,
474df1d9-f4eb-41cc-a05c-dc87b4f25edc,2026-04-12,msg_00120,U227d1cd1a801c367de206ec4bbca7330,8848daa4af5150172248930d5f7b7467,text,delivered,2026-04-12 19:30:59,
8e462084-cc87-461b-a5af-2fb31ec45694,2025-12-15,msg_00030,U3bae1603803a839c0cb52f511d9cb8f6,Ueeae9ed9e17d2b00e0e6a1de8d83a314,video,delivered,2025-12-15 13:33:10,
d25445e8-52c2-4eb8-91dc-e2230728175e,2025-12-23,msg_00061,Ub0341314a5534ea92b26fa8adc30543f,U588af6d15360e5d650094ca37268d69a,imagemap,clicked,2025-12-23 20:25:03,
c60fc8ed-296d-425c-9864-99d3da251382,2025-11-25,msg_00043,U3e5dd3a641c58ad50e49f095c6f1e306,Ua8bf76dcfa2465a73cce978f471c2577,flex,delivered,2025-11-25 06:45:22,
a0ebfde4-8c00-4a5f-be1d-6fd62d385428,2026-02-14,msg_00098,U743849e63f8101ac616f8fd0ba84a167,c4baa8fa7f96b87bb1699bead6c8e64d,imagemap,delivered,2026-02-14 21:36:40,
2d6ae181-d9fe-4b27-be52-338af0297e45,2026-03-30,msg_00076,U743849e63f8101ac616f8fd0ba84a167,Uafb16a866fc22d9195739738307a37c0,image,delivered,2026-03-30 01:33:57,
dfb06448-be24-4e34-86c8-9cfbdc824e66,2025-12-31,msg_00082,U227d1cd1a801c367de206ec4bbca7330,U6ff7aaa66013cdcebf0922601a1f9437,imagemap,delivered,2025-12-31 02:01:45,
91ccbcdd-efa3-4a0a-9812-18055d4604d1,2026-02-28,msg_00117,U743849e63f8101ac616f8fd0ba84a167,U69683434088769516acc9288861c1ef7,video,delivered,2026-02-28 13:07:31,
440f6e47-83f4-44b3-9e1a-52106303b9e8,2025-11-17,msg_00034,U743849e63f8101ac616f8fd0ba84a167,62af0149dff2d17f0c72a24bbbf065d2,text,delivered,2025-11-17 13:37:41,
33fb4ff1-122c-4f15-b937-5f9f68d25ec4,2026-01-30,msg_00050,U3e5dd3a641c58ad50e49f095c6f1e306,U8d910164083c7821c19acee58aac8555,image,opened,2026-01-30 09:15:18,
dd79a93b-aebc-41e4-95a9-04fbb82fefba,2026-04-05,msg_00054,U3bae1603803a839c0cb52f511d9cb8f6,U63fdf808ea95c84ca3944d6672e1b492,image,opened,2026-04-05 15:26:31,
543f3c46-f92a-4a04-aa6a-12493cba0f7c,2026-02-09,msg_00083,U3bae1603803a839c0cb52f511d9cb8f6,U140357987aafad5b1554a3b22ba38bcd,flex,clicked,2026-02-09 06:04:08,https://example-saas.jp/survey
9a3112e2-49ab-4a88-9cc8-fa3f1b04afdc,2026-03-21,msg_00023,U743849e63f8101ac616f8fd0ba84a167,U12a8659ab8802106a925fb07f2850866,imagemap,delivered,2026-03-21 18:03:54,
8fe2b2ac-2b67-4d4b-a032-d7edb849790d,2025-12-12,msg_00004,Ub0341314a5534ea92b26fa8adc30543f,Udb22fb861aa0c8bd00591cebcd411106,video,opened,2025-12-12 06:17:32,
b774572e-3400-4bdc-8ad0-2b16f38c121f,2026-03-23,msg_00071,U3bae1603803a839c0cb52f511d9cb8f6,U25d4656f03e4ea5b3dd03dabfbded97e,imagemap,delivered,2026-03-23 06:19:07,
7c3c08b1-dfda-4d89-b691-d861ad0de538,2026-04-01,msg_00072,U4784fc8a8e1e4eb2435ad84e0ad052f2,U2dbfa0ff6defcf820c0b127de827433c,image,delivered,2026-04-01 11:39:26,
74afe8ae-0b42-43c4-86d3-c406ac17c38c,2026-03-14,msg_00009,U743849e63f8101ac616f8fd0ba84a167,U47393be15a0a3cb9d7c2a510754d4552,imagemap,delivered,2026-03-14 14:14:10,
ca1239a7-9d75-4861-9c27-087ed7d8e795,2026-02-20,msg_00017,U22a93bc29b1df104af6b1ba1cd91fc56,U49c18e99630a82a29dbcf867ef2090d0,video,opened,2026-02-20 16:36:35,
71eacc46-0c6a-4a21-854c-c806bf5199a9,2026-01-26,msg_00115,U3bae1603803a839c0cb52f511d9cb8f6,Ue2686523dc9cb090f5b726e24dffed4e,imagemap,delivered,2026-01-26 02:04:14,
a07d0e2b-88c3-413f-bb9d-ad576c2a63ff,2025-11-30,msg_00025,Ub0341314a5534ea92b26fa8adc30543f,Ub992d1252e54f70a886a30c022535dd2,imagemap,delivered,2025-11-30 20:38:20,
3492b925-0393-4bb7-8794-401f786b1e53,2025-11-21,msg_00010,Ue7310890b01058478be93761a56d0aa0,U1d7c59b1c82177ccbf3f323b1336dafb,imagemap,clicked,2025-11-21 17:58:29,https://example-saas.jp/lp/newmenu
0414c347-978e-4bb2-bf02-6a23e1834df5,2026-03-27,msg_00096,U476acbdef8e9a16d24575e4f6d7b0f31,Ued56c723f565f78953a21e21e038864f,imagemap,delivered,2026-03-27 01:11:42,
782823f7-4422-411e-9ea4-0ea000618d9d,2025-11-23,msg_00053,U743849e63f8101ac616f8fd0ba84a167,U43ce8e3c7495a4e73d46fdccdd160ae6,video,failed,2025-11-23 11:32:36,
43cf2daa-734e-4a53-a4fa-654d2be62d37,2026-03-31,msg_00046,U4784fc8a8e1e4eb2435ad84e0ad052f2,U4f716c9a5ba00b1fe9e7eeb7f7cf881b,flex,opened,2026-03-31 20:21:58,
3bfa9369-fab4-4da7-b1ab-c05f91dcf654,2026-02-14,msg_00065,U743849e63f8101ac616f8fd0ba84a167,U415ecedd0bd1d23d58f6d129f92afc8f,image,clicked,2026-02-14 07:35:52,https://example-saas.jp/coupon/500off
188f5d1d-7425-4970-a685-412bde1c2a11,2025-12-03,msg_00012,U743849e63f8101ac616f8fd0ba84a167,Uc519fff48c08b8c1e3ed8db6014983c7,imagemap,delivered,2025-12-03 10:33:46,
a1f37243-5cfe-44a5-aad8-5297b7bd365d,2026-02-07,msg_00090,U4784fc8a8e1e4eb2435ad84e0ad052f2,Ub52661526f8e6714a7f29f8c0f4d6bc8,imagemap,opened,2026-02-07 23:05:39,
a3cb4b86-da4f-441c-8fec-3669f2f00919,2025-11-19,msg_00019,U743849e63f8101ac616f8fd0ba84a167,U1356537ce2bea724cf3980e01e60ac1c,flex,delivered,2025-11-19 00:31:09,
a5989d13-dd59-4afd-8c16-b570afa07255,2026-03-06,msg_00068,Ub0341314a5534ea92b26fa8adc30543f,U23f9c2c40c089210c1de6d003bf81959,video,delivered,2026-03-06 11:10:51,
a07cab4c-1aff-4140-b0f7-af31c16d0450,2026-01-14,msg_00081,Ue7310890b01058478be93761a56d0aa0,U63c8e6d4aeedd4f2b3e81766371fa978,video,opened,2026-01-14 14:52:53,
a9d5bc28-ccb3-4944-8d46-fbb250918f87,2025-12-03,msg_00012,U743849e63f8101ac616f8fd0ba84a167,Ua6be9e9a90cc9b0609c91656aaf6c0d6,imagemap,delivered,2025-12-03 12:31:43,
ae02a802-ce57-4802-9009-250e321aeca1,2026-03-21,msg_00023,U743849e63f8101ac616f8fd0ba84a167,Ua21f6adaf1f01a9da377dc0dc0fb537c,imagemap,opened,2026-03-21 03:48:42,
7bd77d42-36e9-44be-9293-bea6ded43f9a,2025-11-23,msg_00053,U743849e63f8101ac616f8fd0ba84a167,U78cec339119d5484b1c1ea49939907c2,video,delivered,2025-11-23 08:19:53,
9953ea3f-0084-42e5-b793-e329e7839a17,2026-04-04,msg_00049,U476acbdef8e9a16d24575e4f6d7b0f31,U8df80a23de96e923ea7aac7681e67c2d,text,delivered,2026-04-04 05:52:28,
df2ec6a9-ba76-4e56-b731-b19bf7cab005,2026-03-27,msg_00096,U476acbdef8e9a16d24575e4f6d7b0f31,Ucdd547a5b91bcb8d7771588ae6baf26c,imagemap,delivered,2026-03-27 02:15:42,
df666277-aa79-4285-b09e-1e4c45cde1ad,2025-12-25,msg_00045,Ue7310890b01058478be93761a56d0aa0,U9d354b10dd8f520f85571b5b180c29c1,video,opened,2025-12-25 18:00:15,
ac455d35-dea0-4ec8-afda-8b369efdee03,2025-11-21,msg_00010,Ue7310890b01058478be93761a56d0aa0,U95b2f47dcb0e86ad21b2c1657a0d3402,imagemap,delivered,2025-11-21 12:07:40,
df9771f7-ab39-48a0-92b5-fcb4101408b1,2025-12-09,msg_00059,U3bae1603803a839c0cb52f511d9cb8f6,31b010f683731a065bf468aee1091f9a,imagemap,opened,2025-12-09 21:38:09,
fe43bb16-5fab-45f1-b90c-ac66783462ba,2026-02-14,msg_00098,U743849e63f8101ac616f8fd0ba84a167,U4c03db96886a862e8baf3286ffa35f45,imagemap,delivered,2026-02-14 08:04:16,
5e6d7dc1-b72f-4c99-b25f-0336c0c2ca2a,2025-12-12,msg_00029,U743849e63f8101ac616f8fd0ba84a167,U35d45e71520a95d2561aec45b0e21d43,imagemap,delivered,2025-12-12 01:57:18,
faed908f-6eb7-428f-8c7d-05fec4804e3b,2025-12-14,msg_00085,U743849e63f8101ac616f8fd0ba84a167,U849a475787bc85a325a665c6321f9793,image,delivered,2025-12-14 23:38:16,
3873bb46-5cf8-436f-b965-aea903a7a7ad,2025-12-25,msg_00077,U743849e63f8101ac616f8fd0ba84a167,9929ff7e3b8e1a731dfda8a3cc818ae0,text,clicked,2025-12-25 21:05:41,https://example-saas.jp/campaign/spring
1ba0b19e-f6ff-4fef-a521-a6ba47481979,2026-01-20,msg_00108,Ub0341314a5534ea92b26fa8adc30543f,Ub134e5a618a1c4d4b7bd4bb2b61fb07c,flex,delivered,2026-01-20 10:10:33,
8ecb14a3-453a-44b0-a71e-5d5c6a9acb05,2026-03-20,msg_00092,U743849e63f8101ac616f8fd0ba84a167,U2cfdf44ad282be12bbeb0ea00258e59c,video,opened,2026-03-20 22:31:34,
96ca87aa-f4fb-4dd3-a8b5-32c09a9d5d46,2025-11-25,msg_00043,U3e5dd3a641c58ad50e49f095c6f1e306,U7a17fe6afbbdee29927e0ce267a09b58,flex,delivered,2025-11-25 09:05:27,
ec8bb4b0-f866-44ff-9ed6-fcb832c402c5,2026-02-28,msg_00117,U743849e63f8101ac616f8fd0ba84a167,U43814f888a413dcb209f9f891c46f02b,video,delivered,2026-02-28 13:55:44,
5a548fe5-7ef0-4b81-a543-6a20ed5990f7,2025-12-24,msg_00091,U3bae1603803a839c0cb52f511d9cb8f6,U9b39c4247faea0b7962c08c0566c8197,imagemap,delivered,2025-12-24 16:06:56,
87cdf399-8b0b-47ac-9b32-47a81b88e31a,2025-11-17,msg_00099,U3bae1603803a839c0cb52f511d9cb8f6,U018e150851f5475d517a75da2ae471aa,text,delivered,2025-11-17 07:09:01,
cf2a1a8d-8fc7-4b9e-b45b-ae090d6a0245,2026-02-05,msg_00107,U3bae1603803a839c0cb52f511d9cb8f6,Uc9d5a0d9563409b716fd1de86ba966db,text,delivered,2026-02-05 20:10:56,
54c4e95f-2406-47ac-9d79-614178dea76f,2025-11-19,msg_00019,U743849e63f8101ac616f8fd0ba84a167,U54d215dfddd456047b150afd6371d81a,flex,opened,2025-11-19 01:13:58,
85d8552b-8d31-4356-91ee-ae480f59800e,2026-02-07,msg_00090,U4784fc8a8e1e4eb2435ad84e0ad052f2,U0b4e441fc743d8febf3d641c42b3df57,imagemap,blocked,2026-02-07 04:03:20,
c3b9f603-8275-4e8b-bec5-9c60af5522df,2025-12-21,msg_00022,U3bae1603803a839c0cb52f511d9cb8f6,U4928a13c88b0902c2466f07a3cf5bd1a,video,opened,2025-12-21 09:21:32,
67dcf10b-a854-400e-b0c5-244f1496e805,2026-03-05,msg_00014,U3bae1603803a839c0cb52f511d9cb8f6,Ua7f5d88fb1710f4f3b752d2909e34fe5,flex,delivered,2026-03-05 17:56:36,
084fe62b-926d-4045-bdaf-b5920efde336,2025-12-17,msg_00032,U3bae1603803a839c0cb52f511d9cb8f6,U9c10a6fbad999b5ff311db40b6695851,video,delivered,2025-12-17 23:23:43,
d115a7b9-4a9c-432c-b458-96f323c79d98,2026-01-26,msg_00005,Ub0341314a5534ea92b26fa8adc30543f,U436148811f5ed57df1031eae3d83ce5d,image,delivered,2026-01-26 06:19:58,
b455ae24-6ba1-4473-b33a-56b6ed1efa18,2026-01-10,msg_00044,U30ad60bba5da9837ca5dd0230ca8f531,U7d16e686b26b04735f6238206730b798,video,delivered,2026-01-10 18:24:59,
5870a80a-1cba-4e25-9945-66c686cebc46,2026-03-23,msg_00073,Ud4a92c8c8050eed40ef171cc2784d638,U54508a7b57b4c507107ea205f6c2cb4f,imagemap,delivered,2026-03-23 23:30:33,
451521db-804d-4617-8659-f625dc56776a,2025-11-24,msg_00033,U3bae1603803a839c0cb52f511d9cb8f6,U01b7b0d8377443dc38145f50f0a38732,text,opened,2025-11-24 13:10:48,
35be7239-38f9-458f-9f14-927f253c121c,2026-02-20,msg_00036,U879eb903ad90cd9c2874f6df7651267a,Ua0454421ca7f7ceaa8f59023a38ae527,video,delivered,2026-02-20 02:39:19,
e0b71bde-9b3e-4e5e-99e8-41a1197e4ce7,2025-11-24,msg_00080,U743849e63f8101ac616f8fd0ba84a167,Uffb23f3e552ecda41b89f97492a548d9,flex,open,2025-11-24 05:58:43,https://example-saas.jp/survey
1d36d7d2-5e09-43f6-8db4-24af6a7f1fdd,2026-03-04,msg_00056,U1ca413826b7044d134c9c3132420c9de,Uc49c05009a8fd74cc43d940e380ad54d,text,delivered,2026-03-04 21:24:16,
b1818725-63b5-4c13-839b-d9ee7acc36a0,2025-12-25,msg_00077,U743849e63f8101ac616f8fd0ba84a167,1a22dfed128e1d6c6e5fe3335e9e4dfb,text,clicked,2025-12-25 11:27:48,
33ce05c9-c3e6-40b5-ad4f-33a63c8f3ca6,2025-11-23,msg_00053,U743849e63f8101ac616f8fd0ba84a167,U8744de54a300173416fa91af322ecc20,video,delivered,2025-11-23 20:28:35,
56db9f97-369d-4f10-a04a-b3e083de4381,2026-03-22,msg_00119,U3bae1603803a839c0cb52f511d9cb8f6,Uf7fd4617ef24a82b92c434433b70de0d,imagemap,clicked,2026-03-22 17:51:15,https://example-saas.jp/coupon/500off
b2e737bf-29e6-4119-8740-11e545611052,2026-01-09,msg_00052,U743849e63f8101ac616f8fd0ba84a167,Uef1fb8c3c8842f36f9e44565069f58fc,video,delivered,2026-01-09 22:58:15,
282443b9-62d2-4769-a419-807a37d76e0c,2026-01-26,msg_00063,Ub0341314a5534ea92b26fa8adc30543f,U0930276273bee4160d91d22673044e59,imagemap,clicked,2026-01-26 21:12:43,https://example-saas.jp/coupon/500off
e28d05ae-d038-4746-ac52-36d890d588b0,2026-04-12,msg_00105,Ud4a92c8c8050eed40ef171cc2784d638,Ue17fc23ffb2c84e16c1c54be4f666385,flex,clicked,2026-04-12 16:43:10,https://example-saas.jp/survey
9638814f-aee3-4d94-9cb3-e6b1eb55cf26,2026-01-26,msg_00063,Ub0341314a5534ea92b26fa8adc30543f,U2dd020a305655de810487702a730cd90,imagemap,delivered,2026-01-26 03:14:15,
a0e68f8c-f56a-4af4-bd79-eeff46e31118,2025-11-21,msg_00010,Ue7310890b01058478be93761a56d0aa0,Ua13cb8b508385ee96cbf58531329dec1,imagemap,failed,2025-11-21 15:24:07,
888316b8-505e-46a2-86a0-2fbc7ff9a7a2,2026-03-27,msg_00096,U476acbdef8e9a16d24575e4f6d7b0f31,Uef7a0e4c7977e13016f87fa9f4a5f131,imagemap,delivered,2026-03-27 18:43:17,
90bbb4ef-46a9-4299-b7c4-6ec2db562431,2025-11-21,msg_00010,Ue7310890b01058478be93761a56d0aa0,Ue6c52f118167ae9c51ab4171de7d2aed,imagemap,opened,2025-11-21 02:28:13,
a41cc26e-56fb-47ed-9ed3-c457da6f5770,2025-12-07,msg_00003,U227d1cd1a801c367de206ec4bbca7330,Ud9af0c04d93f0b69db1d5fda36d6ccc6,image,delivered,2025-12-07 18:02:54,
0b729022-144c-47a6-b989-955ed623c455,2026-03-08,msg_00112,U3bae1603803a839c0cb52f511d9cb8f6,Uf967789e5c2937357888654e2e745d93,image,delivered,2026-03-08 06:23:50,
a058494f-d8e1-44c6-9478-c53f14d950cf,2026-04-08,msg_00078,Ud4a92c8c8050eed40ef171cc2784d638,Udefc5f6b31526f7765a6f8988138822c,image,delivered,2026-04-08 15:52:26,
1a9a68d9-8c2c-44b2-91ad-04adab727335,2026-03-20,msg_00057,Ub0341314a5534ea92b26fa8adc30543f,Ua4c1d78b82e7036e0d8aca33697572fa,video,opened,2026-03-20 02:33:59,
c3ca987b-9f24-4909-a3aa-058c24fd458e,2025-12-03,msg_00012,U743849e63f8101ac616f8fd0ba84a167,24884cd2faeccfdbcc013d3bbf1c4141,imagemap,delivered,2025-12-03 04:10:40,
396f5963-564e-4bb9-9166-6ddf847e35ef,2026-02-20,msg_00095,Ub0341314a5534ea92b26fa8adc30543f,Udfb04825095e001faf728e0c7922f954,text,delivered,2026-02-20 05:15:18,
5cc9f107-52a4-44d2-ba31-aafbce89911a,2025-11-17,msg_00099,U3bae1603803a839c0cb52f511d9cb8f6,U0aaba50df7cf4ec8dfc47c156e7b0f83,text,delivered,2025-11-17 08:05:55,
bd71b1f1-5048-4bb1-b312-eb7de2c317f3,2026-03-26,msg_00040,U3bae1603803a839c0cb52f511d9cb8f6,U4073d198e62306dc9126f3c7c172efb4,imagemap,delivered,2026-03-26 20:46:12,
05b9b174-ab66-4a3b-b21f-d405db71ff1f,2026-01-26,msg_00086,U4784fc8a8e1e4eb2435ad84e0ad052f2,U12a1025c2022f9a3e08e10fef20d528c,text,clicked,2026-01-26 11:49:58,https://example-saas.jp/survey
abb4b0eb-cb6f-41ee-9cbe-6b9393edfcb3,2025-12-03,msg_00012,U743849e63f8101ac616f8fd0ba84a167,Uc1d05e3ff985a2fa64fa22b9eeafcbcd,imagemap,clicked,2025-12-03 02:32:00,https://example-saas.jp/survey
fadb4f18-4ecc-473e-b29d-c14b01b41c73,2026-01-20,msg_00108,Ub0341314a5534ea92b26fa8adc30543f,U19dffab34d2d14e619df8e510e4136c6,flex,delivered,2026-01-20 13:46:13,
c32ad22b-5f4a-4029-8a4f-e4e4221154cc,2026-04-05,msg_00054,U3bae1603803a839c0cb52f511d9cb8f6,Ubf7751e172a866c7134ad7796cf85f75,image,delivered,2026-04-05 07:07:14,
32fd091a-2f94-4853-bca8-83f5a75afdb4,2026-03-26,msg_00040,U3bae1603803a839c0cb52f511d9cb8f6,U78e4dee1a66eba1b37ebd9db7b1170dc,imagemap,delivered,2026-03-26 12:11:12,
ffbd210d-7486-45d0-9716-a3c6fe9d2724,2026-03-21,msg_00023,U743849e63f8101ac616f8fd0ba84a167,Uef00c7ebf3f20a4c2c4fe1e68ffc6918,imagemap,delivered,2026-03-21 12:13:07,
eb9c06a4-a348-4efa-85f1-8dea5b57b0ec,2026-01-26,msg_00063,Ub0341314a5534ea92b26fa8adc30543f,U3fb64be87e4dc7797c69ea6d128b9018,imagemap,delivered,2026-01-26 07:23:34,
c238052f-aa97-4574-8160-306194ecd905,2026-01-30,msg_00050,U3e5dd3a641c58ad50e49f095c6f1e306,47a1048f53005b359e25471cbd440b3b,image,delivered,2026-01-30 12:52:02,
c048cf8c-3f9b-4b52-994b-9c22795f8247,2026-02-08,msg_00051,U3bae1603803a839c0cb52f511d9cb8f6,Ubbad2aa68764390e682d39e0ffddfcf1,image,delivered,2026-02-04 18:19:55,
e19d4232-96a9-4e68-8078-d9c6388ae924,2026-02-08,msg_00051,U3bae1603803a839c0cb52f511d9cb8f6,U38ca1e8e8b90501cba4b93e1949d2dd2,image,delivered,2026-02-08 22:26:44,
bfcdbe52-125a-4e4d-8b82-e0beb5141180,2026-01-14,msg_00081,Ue7310890b01058478be93761a56d0aa0,U5cb03512b0f8224629937be2abb004c8,video,delivered,2026-01-14 04:42:58,
ff30cb97-84de-4567-9339-9d2acb812736,2026-02-15,msg_00089,U3bae1603803a839c0cb52f511d9cb8f6,U7e313e9f480fb8f94f56248371c141a9,text,delivered,2026-02-15 09:26:18,
5f0f651a-3cb2-4e8b-808d-9a0964c4dacb,2025-12-18,msg_00114,Ub0341314a5534ea92b26fa8adc30543f,Uc30c94289d6c4ccb694d2f6a16963fa3,flex,delivered,2025-12-18 05:02:42,
6ee02229-0c13-4919-8920-0f975f1e3ed6,2025-11-22,msg_00047,Ue7310890b01058478be93761a56d0aa0,U4506821123329bce7ebc4bb59d7151df,video,opened,2025-11-22 09:15:59,
8aa03056-7a0c-44fa-ba12-192115e45313,2025-12-25,msg_00045,Ue7310890b01058478be93761a56d0aa0,Uc0844b0680cd306ec16d3cb2f9b94569,video,delivered,2025-12-25 11:16:17,
3ac1081c-dd4e-4ed8-94ee-0aa163946fc0,2026-02-07,msg_00090,U4784fc8a8e1e4eb2435ad84e0ad052f2,Ud92c218750e4c5bafcbda5d715d8f912,imagemap,delivered,2026-02-07 20:31:58,
3d762d5f-b637-4c74-bd56-3e16dcc36ba6,2026-03-23,msg_00073,Ud4a92c8c8050eed40ef171cc2784d638,U018dcc5471bb948043bd171607407b7e,imagemap,delivered,2026-03-23 09:08:55,
046d6efa-4287-468d-b775-e16b5648c644,2026-02-14,msg_00098,U743849e63f8101ac616f8fd0ba84a167,3310cebcb3d3caa58a45f45577778d44,imagemap,delivered,2026-02-14 20:47:50,
9c8f92f2-1bc5-4b6f-b6b4-dd26b4c78a4b,2025-11-26,msg_00028,U3bae1603803a839c0cb52f511d9cb8f6,U99aa6aa55604064ff585e8a0d3ee0c13,image,delivered,2025-11-26 22:08:33,
2695bb4a-5ca6-4fc5-9508-5ad7e7953d13,2025-12-21,msg_00022,U3bae1603803a839c0cb52f511d9cb8f6,U2bab36158919f202723c4462b9f513c9,video,opened,2025-12-21 07:36:36,
5c83801c-838b-4452-adc7-60a99d321dd4,2025-12-09,msg_00094,U227d1cd1a801c367de206ec4bbca7330,Uf317f535616fb00330635fc2dccd22cf,flex,blocked,2025-12-09 15:10:24,
12bd96c0-f02b-43f9-883f-0b0bd7d0ed11,2025-12-09,msg_00059,U3bae1603803a839c0cb52f511d9cb8f6,U0eaabcac1dba8dd75d12fa1760f70954,imagemap,delivered,2025-12-09 13:39:27,
db5f7566-268f-440a-b804-b9e8b5530bed,2026-01-01,msg_00027,U4784fc8a8e1e4eb2435ad84e0ad052f2,U12377d52812e8359d5d94d7a2c8f593b,image,delivered,2026-01-01 20:36:44,
3a82bf6f-245d-4df9-aa77-14ae22b4fa9b,2026-01-26,msg_00115,U3bae1603803a839c0cb52f511d9cb8f6,Uab44a373fc9c382123468bd3c9eecf2a,imagemap,delivered,2026-01-26 09:21:23,
2d76b6aa-b752-4d3e-814c-de3b8d8e9f0f,2026-03-27,msg_00096,U476acbdef8e9a16d24575e4f6d7b0f31,U2fe293f7fe1f090985bd308f9e6eb229,imagemap,delivered,2026-03-27 06:56:07,
579aa670-335b-496b-a0ee-607cf06a8f3f,2026-02-07,msg_00090,U4784fc8a8e1e4eb2435ad84e0ad052f2,Ub683e349900d76efc1eeadd34a8b311a,imagemap,delivered,2026-02-07 17:01:46,
6b62203b-2e47-4d7f-9564-81d5ba32c390,2026-03-06,msg_00068,Ub0341314a5534ea92b26fa8adc30543f,Ud166e1bb0b9fbd516edbea95ce4381c7,video,delivered,2026-03-06 00:25:03,
ed899890-f774-458e-aea2-462140fcb97a,2026-01-13,msg_00060,U3bae1603803a839c0cb52f511d9cb8f6,Uf0d25ca65b2aae5b2654516ac6c15852,image,delivered,2026-01-13 02:22:54,
19b76243-83e0-45a2-b02e-31919af69c09,2026-02-05,msg_00107,U3bae1603803a839c0cb52f511d9cb8f6,U8094410fcd7289d4c040c0cdeb99275c,text,delivered,2026-02-05 22:36:01,
965a3ab7-7818-450e-9424-747c9ea8c601,2026-01-26,msg_00063,Ub0341314a5534ea92b26fa8adc30543f,Ub2abd3484814809ebdadb7f7eb058175,imagemap,opened,2026-01-26 23:19:24,
98dd2af6-eb17-4d91-8ca9-c643f65b2831,2025-11-22,msg_00047,Ue7310890b01058478be93761a56d0aa0,Ubbcb34b9ef2e6d82a81a34a671b5a230,video,delivered,2025-11-22 21:49:15,
63f68ab0-1206-4a2e-b274-2f4c1f3cbd99,2026-02-25,msg_00008,Ub0341314a5534ea92b26fa8adc30543f,U87e99f075cf7f693b4c5a5ed2a462946,image,opened,2026-02-25 03:45:18,
705e3cf5-9698-4d09-a4ee-16609644afe1,2026-03-05,msg_00014,U3bae1603803a839c0cb52f511d9cb8f6,Udc2bafbe6070618cfb3bc6bd7c76b674,flex,opened,2026-03-05 18:57:17,
6377fc58-b7ed-45d5-9aed-febc6e85080b,2026-03-31,msg_00046,U4784fc8a8e1e4eb2435ad84e0ad052f2,Ubccd49f67d1710027c348dde2a85c252,flex,delivered,2026-03-31 00:10:12,
d2d1a574-7f11-48c8-a463-17234a887ee2,2026-02-24,msg_00111,Ub0341314a5534ea92b26fa8adc30543f,U2d783d9ec9e0c0942b9a6b99eb6c4f96,flex,opened,2026-02-24 14:42:01,
0983bc00-bf56-4a47-b34d-7b1e4e46fa97,2026-02-15,msg_00006,U743849e63f8101ac616f8fd0ba84a167,U38a1db2ba7b38b56481980748854a126,flex,clicked,2026-02-15 03:12:13,https://example-saas.jp/campaign/spring
84f91a95-1396-4f3b-b1c6-7eb52518c064,2026-02-10,msg_00058,Ue9a1e8a5b83a6b296d43c957a8cfba4a,Ubce5d643c246df91bda7b1e88670fa08,video,clicked,2026-02-10 15:41:29,https://example-saas.jp/coupon/500off
57d2f037-4bdc-4a42-a806-36b1c7bad6cb,2026-01-31,msg_00035,U7e808d11d6f9901a954a542a7ee09918,U7f5576a2b33f0a26113e2ef1801a7243,text,delivered,2026-01-31 14:31:00,
9e008af8-00b8-4f3c-8e88-1ea81755a8f7,2026-03-25,msg_00079,U743849e63f8101ac616f8fd0ba84a167,Ufaaf69b80be56b731fb318a8cae526cf,text,delivered,2026-03-25 02:58:52,
895a4e8f-ef7a-47e3-90cf-c35f19f216cd,2026-02-28,msg_00117,U743849e63f8101ac616f8fd0ba84a167,Udbd461db69b01d114210b8c7a530428c,video,opened,2026-02-28 12:34:08,
5c99f614-f6d6-4605-8603-e950cc4bc184,2025-12-19,msg_00118,U4784fc8a8e1e4eb2435ad84e0ad052f2,U9b450f659d6b5153c514490d269181ce,image,delivered,2025-12-19 08:51:01,
d681aa03-7e96-468c-9b9e-74639a6d1e07,2026-02-19,msg_00016,U837b70463a585f85743b5bfb3b49c9fd,U524ec70ea9fa464010862fac9f639d5a,flex,opened,2026-02-19 10:31:50,
4676309d-9dec-4de2-a8e8-9f1d92a88c57,2026-01-26,msg_00086,U4784fc8a8e1e4eb2435ad84e0ad052f2,U4610c926ddedb87638dc5b2c51829681,text,delivered,2026-01-26 15:10:46,
ab35916f-cbbf-41fd-8f33-e69963f5ff2f,2025-12-14,msg_00085,U743849e63f8101ac616f8fd0ba84a167,Ud14383f486bf57adda237763f016eff1,image,clicked,2025-12-14 23:12:34,
fcfda116-cac3-4d28-a188-3b61d98b04f0,2026-03-14,msg_00009,U743849e63f8101ac616f8fd0ba84a167,a4774b721396a0dbd1597a316107e29e,imagemap,delivered,2026-03-14 06:14:25,
bdcdd77c-ef2a-441f-a1a7-3df2fa722093,2026-03-23,msg_00073,Ud4a92c8c8050eed40ef171cc2784d638,Uc3bfb24b6c10d7eca6a7ad6fbc5790fd,imagemap,delivered,2026-03-23 02:13:19,
2b77940f-0c3d-426e-91a2-71947aa5d659,2026-01-18,msg_00102,U227d1cd1a801c367de206ec4bbca7330,45e03f97853c1bae83022678e06496e1,video,delivered,2026-01-18 04:07:28,
d35ef56b-706e-41c4-b14f-2abf09d1e934,2025-12-09,msg_00059,U3bae1603803a839c0cb52f511d9cb8f6,U766d50501129ada7c20c20b623fa6cae,imagemap,opened,2025-12-09 13:16:52,
806522bd-8d37-438e-a1c2-5b58c8a2d4e1,2026-03-06,msg_00055,U3bae1603803a839c0cb52f511d9cb8f6,U9dd48484360ed8621661d4564a1e223b,flex,delivered,2026-03-06 03:06:48,
eacfd767-9173-4599-96ba-9a27fbdf0304,2026-01-09,msg_00052,U743849e63f8101ac616f8fd0ba84a167,U0fa4ef25948842ba43fc072ef6b27bd1,video,clicked,2026-01-09 22:59:41,
41e95e47-1377-4b40-8a9c-80476b31bc3c,2025-12-25,msg_00045,Ue7310890b01058478be93761a56d0aa0,U57cbb4875051e706ccc66b1707304a51,video,clicked,2025-12-25 17:28:52,https://example-saas.jp/lp/newmenu
4adeb3fd-cd29-455f-af3d-a33528fa8fcf,2026-03-21,msg_00023,U743849e63f8101ac616f8fd0ba84a167,Ufa1eb21a85ed8d92cecd2f2380326371,imagemap,delivered,2026-03-21 22:59:23,
2ef4307d-821c-48a3-89f3-e6ecce41200f,2026-02-24,msg_00111,Ub0341314a5534ea92b26fa8adc30543f,U91facfffa28650ebc652355276378521,flex,delivered,2026-02-24 17:01:54,
35dfffe0-9bfd-4634-9f79-6964f99aa8e5,2025-12-08,msg_00015,Ub0341314a5534ea92b26fa8adc30543f,U1b13a6f2e06dcfb1c20a6827e960e17b,text,delivered,2025-12-08 03:36:32,
67bb49c8-ee12-4352-b728-898120afcf1e,2026-02-14,msg_00065,U743849e63f8101ac616f8fd0ba84a167,U691edf3cff8976e0be5a06335f091fbe,image,delivered,2026-02-14 00:23:07,
285908b5-1797-4aa5-b9da-b441902ec86d,2026-02-05,msg_00107,U3bae1603803a839c0cb52f511d9cb8f6,U57c7f9bf7eefdf29ce04c9b662f1c034,text,delivered,2026-02-05 07:00:31,
0e0e85af-994b-48c4-8376-868f1c4525d1,2026-03-08,msg_00112,U3bae1603803a839c0cb52f511d9cb8f6,Ua05061b04e87944f2835a556c9d92fef,image,delivered,2026-03-08 01:45:19,
5e2d8c3f-e3b0-4634-a687-1c17a936b5f9,2025-12-09,msg_00069,Uc20f9c7e9b662bedec3cb78e127885c7,U2ebbd3976d9023c4552ef66e6aa2db5d,imagemap,opened,2025-12-09 21:56:14,
04d0f4b5-f1cc-4784-ac72-a3663eaae483,2026-04-12,msg_00105,Ud4a92c8c8050eed40ef171cc2784d638,U6f6c592df1ecf64f614ecfec92a50216,flex,delivered,2026-04-12 14:07:11,
43bb9078-64fd-463e-96d1-b2b899ce32ba,2025-11-23,msg_00024,Ue8d9224ecde331ce692edfce0b5ecdc4,U90ff6a8836655e9333bb241a73c26be1,text,delivered,2025-11-23 11:00:36,
7f8d1ea9-3101-4d08-84f6-c7c5fb7d47a2,2026-02-20,msg_00048,Ue7310890b01058478be93761a56d0aa0,Ubd72b4747ced87028c53924317be5557,flex,delivered,2026-02-20 06:40:43,
0fe3ec3e-a0b0-4502-bf93-41a9034a62ff,2025-11-21,msg_00010,Ue7310890b01058478be93761a56d0aa0,U1d7c59b1c82177ccbf3f323b1336dafb,imagemap,delivered,2025-11-21 17:15:58,
42b5dd6a-cc24-44a0-9179-93ae16c88cb9,2026-04-04,msg_00049,U476acbdef8e9a16d24575e4f6d7b0f31,U8338144c09558f2ebbb3f3557d3df5b5,text,delivered,2026-04-04 23:02:37,
305cd014-36b3-4516-878c-05e41262d4d9,2026-02-10,msg_00058,Ue9a1e8a5b83a6b296d43c957a8cfba4a,U4170679c78e018f4ad3d9c971e6d3c25,video,opened,2026-02-10 14:56:00,
1cc873bd-2d37-476c-92b3-80061e712aff,2026-03-14,msg_00009,U743849e63f8101ac616f8fd0ba84a167,U2019c9ec74dcc10ce0b5c431c96d5dc3,imagemap,opened,2026-03-14 07:46:27,
8a68c735-4056-468f-915a-4bf62a6a22b8,2026-03-04,msg_00056,U1ca413826b7044d134c9c3132420c9de,U8773a00935857e8c0405606f226f3480,text,opened,2026-03-04 16:34:04,
6ab87b3e-cc48-4c9d-b7da-67a810cbb4e6,2026-02-05,msg_00107,U3bae1603803a839c0cb52f511d9cb8f6,U2fab5f7fb1e7b5837934cda8ef708f31,text,opened,2026-02-05 20:18:10,
ff2e391e-b17a-4230-9f48-b236ab11f4fd,2026-04-12,msg_00105,Ud4a92c8c8050eed40ef171cc2784d638,U5946044d09d7abd0f873f49b3133130f,flex,delivered,2026-04-12 18:12:25,
b839416e-6399-40bf-8fc4-34a59213f73b,2026-03-05,msg_00014,U3bae1603803a839c0cb52f511d9cb8f6,U134ac5173aa2e70dba15a1a7209e6b35,flex,opened,2026-03-05 20:15:17,
e03887d8-75b7-4f13-8f98-8437dd44bcee,2026-03-08,msg_00112,U3bae1603803a839c0cb52f511d9cb8f6,U78d008ebdb9c661acb9c111074831656,image,delivered,2026-03-08 10:28:09,
55b8ba2e-e834-4277-8faf-16660adfb009,2025-12-23,msg_00109,Ue7310890b01058478be93761a56d0aa0,U9010d4652e4d7504217d84541497008b,text,delivered,2025-12-23 11:19:46,
ea334516-6948-417f-b25e-e497253d5f4a,2026-01-14,msg_00081,Ue7310890b01058478be93761a56d0aa0,U1b1f8b38d5487ac0856016293d67e9b2,video,opened,2026-01-14 02:41:53,
35d69b80-00d7-4160-89e8-3a547b837bb4,2025-11-25,msg_00043,U3e5dd3a641c58ad50e49f095c6f1e306,U5c1db0f911d4c8c01bb0243c25522490,flex,delivered,2025-11-25 13:09:19,
522e787f-b361-45b2-9a43-f2869e66703b,2026-01-26,msg_00103,U3bae1603803a839c0cb52f511d9cb8f6,U50bbf006bdc6fab841e8ad5cd1b0977a,flex,delivered,2026-01-26 17:37:43,
0d669cba-de98-48bf-9d71-cc08974577e2,2025-12-03,msg_00012,U743849e63f8101ac616f8fd0ba84a167,U266b9703139edb0906f31588e38a40ff,imagemap,clicked,2025-12-03 04:33:32,https://example-saas.jp/lp/newmenu
24ddfc3a-6c48-4ef1-b044-86bebcc6e4e3,2026-03-22,msg_00119,U3bae1603803a839c0cb52f511d9cb8f6,U0901789a3ef4fcabd813226356ade4f7,imagemap,opened,2026-03-22 10:58:49,
31020077-6019-4597-8829-5b624643c192,2026-02-28,msg_00117,U743849e63f8101ac616f8fd0ba84a167,U6c5a5a19fe5e561559ed06b96cd87436,video,delivered,2026-02-28 14:24:20,
19ae8f46-aa4c-4194-84ea-616582a59f25,2025-12-03,msg_00012,U743849e63f8101ac616f8fd0ba84a167,U01f92db904eeac226648925747862844,imagemap,delivered,2025-12-03 16:46:41,
1928a5b8-cc12-4ddd-a540-1932dfc02e42,2025-12-15,msg_00030,U3bae1603803a839c0cb52f511d9cb8f6,U2c26a853e5a8878cb9603a78bca7a678,video,opened,2025-12-15 04:01:28,
aae18fe4-a72c-4f7d-bcdf-3892589efb99,2025-11-16,msg_00020,U3bae1603803a839c0cb52f511d9cb8f6,Ua7f36f7defc464ad9c525ae34bda6099,text,opened,2025-11-16 11:23:29,
1ebffeae-09ff-4b50-a9f1-4c72985c70cc,2026-03-25,msg_00079,U743849e63f8101ac616f8fd0ba84a167,U7ae93b1060b3e267055a46a59ec05157,text,delivered,2026-03-25 18:31:36,
19054a7c-093b-4790-9a8b-61ef75a700ec,2026-03-20,msg_00106,U3bae1603803a839c0cb52f511d9cb8f6,Uc08a2ae3cf1f65821266981c95733b9c,video,delivered,2026-03-20 01:26:33,
f1eb80c9-d34f-4d09-a9b6-07b5b4f0da2c,2025-11-17,msg_00099,U3bae1603803a839c0cb52f511d9cb8f6,U28f9be48408f9d4ab5829098049aeb00,text,delivered,2025-11-17 17:11:45,
4af8a64f-9933-45d7-a7e4-bd37e29e8551,2025-11-30,msg_00025,Ub0341314a5534ea92b26fa8adc30543f,Ubfc04e34e7a4f496a49b6ad9f50660e7,imagemap,failed,2025-11-30 02:12:08,
cab0837e-3fc4-4c54-8000-4dd1fd55675b,2026-01-31,msg_00035,U7e808d11d6f9901a954a542a7ee09918,U6a98ca4be3fe3e4546c48c718b2802a0,text,opened,2026-01-31 10:33:58,
69f7b914-9938-4d86-b80c-330bdc7b3193,2025-12-09,msg_00059,U3bae1603803a839c0cb52f511d9cb8f6,Ued168d160bef2fbce30290be1e0570b2,imagemap,opened,2025-12-09 08:44:07,
91c2ae45-fd28-4824-b8d8-8c89fa737c71,2026-03-13,msg_00001,U4784fc8a8e1e4eb2435ad84e0ad052f2,U501a13b5f37d701cab18cd5f9cc46c5b,image,delivered,2026-03-13 20:06:46,
bf70309c-8045-480a-bfab-a7ce2dbbfb3b,2026-02-15,msg_00089,U3bae1603803a839c0cb52f511d9cb8f6,U4d178e122caa0e03306e7fdd48700684,text,opened,2026-02-15 15:16:11,
48948252-bd16-4890-94ea-074c9e6a4e20,2026-03-03,msg_00093,U743849e63f8101ac616f8fd0ba84a167,U772048734b5cdcd4fd8b7b65e3ce7eff,imagemap,delivered,2026-03-03 22:39:36,
2af40518-d8ef-4828-9ea3-4302d17248fb,2026-02-28,msg_00117,U743849e63f8101ac616f8fd0ba84a167,U351732bce93ee9fcf5a79d1c0b0d7e21,video,delivered,2026-02-28 05:14:47,
a9fb425e-258d-4437-b096-b4d47d59eb66,2026-02-05,msg_00107,U3bae1603803a839c0cb52f511d9cb8f6,U2fab5f7fb1e7b5837934cda8ef708f31,text,delivered,2026-02-05 20:02:53,
b7fac44b-37ba-4cbf-be20-b8c67bb04024,2026-03-06,msg_00055,U3bae1603803a839c0cb52f511d9cb8f6,Uacb4fc5460b667f4bd530952d847220d,flex,opened,2026-03-06 23:18:34,
0366cb6d-e88a-40b0-8546-1e338e724b5b,2026-03-22,msg_00119,U3bae1603803a839c0cb52f511d9cb8f6,U1b92b6deb31c6b1803e7eba71f6f1a9e,imagemap,delivered,2026-03-22 19:35:38,
5171ded9-83c9-4db1-a4f8-e1847edf43f0,2025-12-21,msg_00022,U3bae1603803a839c0cb52f511d9cb8f6,Ud1f764ec01aa4a96b2f135b574048513,video,opened,2025-12-21 10:01:05,
699c5936-d005-465e-bd7f-72a7a5756d12,2026-01-01,msg_00027,U4784fc8a8e1e4eb2435ad84e0ad052f2,Ub2e0f96125a03b16169e794c68ed4071,image,clicked,2026-01-01 05:49:27,https://example-saas.jp/coupon/500off
8b02d230-7d54-4819-88f4-38d1ff7d728c,2025-12-23,msg_00061,Ub0341314a5534ea92b26fa8adc30543f,Uf36e3a0ff8f9e0121e7ebade3145607c,imagemap,delivered,2025-12-23 01:27:12,
8e707373-a0e1-4207-9dd5-84c432f906cb,2026-02-24,msg_00039,U743849e63f8101ac616f8fd0ba84a167,U2424f3f74ae6660770cbd49dc66c3f76,flex,delivered,2026-02-24 17:33:12,
76f6e7e8-4ecf-4b36-b5d5-13275d2bfc08,2026-02-20,msg_00036,U879eb903ad90cd9c2874f6df7651267a,U34f1d200920a547a963b3aee91c04c99,video,delivered,2026-02-20 13:35:03,
be5c9388-6474-42f9-bf92-a452ca166513,2025-12-18,msg_00114,Ub0341314a5534ea92b26fa8adc30543f,Ua370dff9c549a32de152f5ed1572c169,flex,opened,2025-12-18 10:27:24,
fabb3fe0-3503-43d3-8a9c-4c0a8a35597a,2026-03-03,msg_00093,U743849e63f8101ac616f8fd0ba84a167,U127bfa00736a9d759406da8bd3fc6cc2,imagemap,opened,2026-03-03 16:12:17,
c1e35b1c-eca1-4eaf-9993-273e9d9a4958,2026-03-12,msg_00084,U68d2301028fb66b51d9111f1af067e34,U2614943a05d3c7595dfe685ebd8e2fd5,video,clicked,2026-03-11 21:35:09,https://example-saas.jp/campaign/spring
cff46cf9-f1c3-43c2-a675-83a18cf14ef8,2026-04-08,msg_00078,Ud4a92c8c8050eed40ef171cc2784d638,9d1c8d86693eb4070fa02f5f086d076d,image,delivered,2026-04-08 14:24:14,
b2b76e3d-51d4-4e56-8cc6-1782beeb768c,2026-02-08,msg_00051,U3bae1603803a839c0cb52f511d9cb8f6,Ufb15c97dc763bd85d20d9e16f54f2fda,image,opened,2026-02-08 04:16:04,
5419a503-645b-4de6-af8a-a4d48fa36a0d,2026-04-04,msg_00100,U743849e63f8101ac616f8fd0ba84a167,Ue4d9cc95937aeb89fba185b75f1118fe,image,opened,2026-04-04 12:51:10,
11db2cb2-7176-46f0-ac5c-33814bb5d611,2026-01-09,msg_00052,U743849e63f8101ac616f8fd0ba84a167,U9355e67aca5f7ffd0032aa666c86b404,video,delivered,2026-01-09 02:45:32,
6ac117c7-eaf3-4322-bf22-d7706e912b75,2026-03-27,msg_00096,U476acbdef8e9a16d24575e4f6d7b0f31,U22bf016f7fb43150e48ea5de559f9d73,imagemap,delivered,2026-03-27 18:02:46,
e18df598-3470-4a22-a8b6-2bd5009d7c16,2026-04-12,msg_00105,Ud4a92c8c8050eed40ef171cc2784d638,Ub9374b42ce5df5a0d2a338a5bbe9c4ae,flex,delivered,2026-04-12 10:11:06,
867d68d8-169b-4e9a-bfc2-7c2b04f06a91,2026-01-10,msg_00044,U30ad60bba5da9837ca5dd0230ca8f531,U9519f3cf586ffd15ec24c2c1778d2867,video,delivered,2026-01-10 09:27:23,
23ef9e78-e5ed-4ce5-b6ed-9962464059d4,2026-01-24,msg_00113,Ub0341314a5534ea92b26fa8adc30543f,U2436779161b0be4a95f46aa9da55e99a,text,delivered,2026-01-24 06:59:49,
11106017-f8f0-4429-9380-c9f1ee8740e0,2025-12-23,msg_00109,Ue7310890b01058478be93761a56d0aa0,42dda7fe6e4d0f1168c95b8eba8141a3,text,delivered,2025-12-23 23:02:40,
ae3cd225-569d-4eba-a31c-fdae4d216732,2026-03-06,msg_00055,U3bae1603803a839c0cb52f511d9cb8f6,Uc209a562ab4336ca484e299474d06295,flex,delivered,2026-03-06 22:03:34,
05277cbc-a1b4-4d1e-ba6b-81dd83ec853b,2026-01-10,msg_00044,U30ad60bba5da9837ca5dd0230ca8f531,Ub158255003d58e3bd9ca5aa0529af85c,video,delivered,2026-01-10 12:23:06,
2e98c614-ceb6-4dea-b2be-819a3123ca63,2026-01-18,msg_00102,U227d1cd1a801c367de206ec4bbca7330,U2b8822b781e7f78b44c23fd8aebbe0cd,video,opened,2026-01-18 04:04:49,
b41e188b-9315-4554-882e-b84d8dc68565,2026-01-17,msg_00037,U7e808d11d6f9901a954a542a7ee09918,Ud32d3fe47abc77d9fc061cbf16253342,text,opened,2026-01-17 11:23:23,
f0c6438a-e860-4356-a211-9c4734ed20ec,2026-04-04,msg_00049,U476acbdef8e9a16d24575e4f6d7b0f31,690d9329e1dfe653a57a81a8ce5e45bc,text,opened,2026-04-04 19:59:00,
cb4a6aab-3063-43af-92e2-d921c86e156b,2026-01-13,msg_00060,U3bae1603803a839c0cb52f511d9cb8f6,ac22c48a5d4816577bb869958d665ab3,image,delivered,2026-01-13 09:51:37,
87f7f4ff-10bf-44b9-832e-8f2abb65b688,2026-04-01,msg_00072,U4784fc8a8e1e4eb2435ad84e0ad052f2,U1d1b6c2cbdcbba750e4e4b21e89e4831,image,opened,2026-04-01 03:03:12,
0e1ddcce-bc2d-41d2-a8b0-4e990b48d0b7,2026-01-24,msg_00007,Ub0341314a5534ea92b26fa8adc30543f,Uff04a5a8fbf6cec3771f6725e14d3914,imagemap,delivered,2026-01-24 20:52:34,
3970991d-a18d-451a-b900-fd43a2877416,2026-03-20,msg_00092,U743849e63f8101ac616f8fd0ba84a167,U0be80d55c39802b8870320d1cc83aa15,video,delivered,2026-03-20 03:08:23,
2e1a4ec7-ef03-45c2-a0b9-928feb3d540b,2026-04-08,msg_00041,Ue7310890b01058478be93761a56d0aa0,U3ee204505459129dde9328eeb2948e85,text,opened,2026-04-08 07:51:46,
1c3be9b7-ce9d-4a81-b781-f71d5169e0be,2025-12-25,msg_00045,Ue7310890b01058478be93761a56d0aa0,1546621db4a0ef38a60bfa6eefcfd851,video,opened,2025-12-25 07:16:49,
be12003d-2b6b-42e3-8a75-1308da6f4817,2026-04-08,msg_00078,Ud4a92c8c8050eed40ef171cc2784d638,U5f9fb2412bb70a51ade4b9a635c528a5,image,delivered,2026-04-08 01:59:27,
a83579de-a20f-4df7-9bc2-fb6b0b99458a,2025-12-07,msg_00003,U227d1cd1a801c367de206ec4bbca7330,U03f9a63a5a5b386bed79eca0f434fc02,image,opened,2025-12-07 16:07:52,
bce49f60-8b4c-49b0-b3b2-d0d6a12cd853,2025-12-15,msg_00030,U3bae1603803a839c0cb52f511d9cb8f6,U043a794535ad9c1f3efe1807c45829ab,video,opened,2025-12-15 23:25:05,
ffcc9f16-9545-427f-9740-7b9221cb245b,2026-01-26,msg_00103,U3bae1603803a839c0cb52f511d9cb8f6,a26210e2504d866f18954157539f58fc,flex,delivered,2026-01-26 04:06:05,
956081db-63b1-440f-be4b-2dc3d4586099,2026-02-20,msg_00017,U22a93bc29b1df104af6b1ba1cd91fc56,Ua8e90b1a0907b3d1da8dcfed16e257d3,video,opened,2026-02-20 05:35:54,
cd81f456-a5c0-4ed2-b3b0-3d2dc278f1e5,2026-02-09,msg_00083,U3bae1603803a839c0cb52f511d9cb8f6,U3c642db2204d208c3d8221bbd96a3f3a,flex,opened,2026-02-09 14:07:18,
6a4731e3-c405-4559-ab0f-68d306fca4ef,2025-12-18,msg_00114,Ub0341314a5534ea92b26fa8adc30543f,U3f409c32e3209c4da7b78e2d452ca84a,flex,opened,2025-12-18 15:51:31,
3e6e6b7e-2801-4dc4-944f-13c44762ee1d,2025-11-23,msg_00053,U743849e63f8101ac616f8fd0ba84a167,U4e66069173061f2434db272c90de5ef4,video,delivered,2025-11-23 23:56:39,
7cb78e0e-9fef-409a-a11c-d241416d5faa,2026-02-24,msg_00111,Ub0341314a5534ea92b26fa8adc30543f,6e8e6bd39109949d54246f2cf5d416d8,flex,opened,2026-02-24 20:33:45,
61f4bfb2-aee4-47e6-a62a-9d20c2faf2d2,2026-04-08,msg_00041,Ue7310890b01058478be93761a56d0aa0,Ufc74c4fdb4c4b0371d6ab2bbc792fa9c,text,opened,2026-04-08 19:23:16,
9a434666-8c1e-4024-8b02-9dac6520dee5,2025-12-25,msg_00077,U743849e63f8101ac616f8fd0ba84a167,U0ac87b4e9c236f9cd1c181a32062c2ec,text,opened,2025-12-25 18:27:38,
e6707cc7-8fb8-4266-a6fd-16f30498efa0,2026-01-07,msg_00110,Ub0341314a5534ea92b26fa8adc30543f,Uf5b9a226fcae33dae5f72e655e3c0a80,video,delivered,2026-01-07 17:10:17,
d28517be-5f0d-48fb-adbe-667f399ea305,2025-12-15,msg_00030,U3bae1603803a839c0cb52f511d9cb8f6,Ubf74677094860cd578e2d38f4b0c0e59,video,delivered,2025-12-15 04:27:36,
2d2332bf-c494-4efb-a7a3-02de53e80275,2026-02-27,msg_00003,Ub0341314a5534ea92b26fa8adc30543f,Uf9c217efb000e18efdf3a12d0ecdfb62,image,delivered,2026-02-27 19:34:13,https://example-saas.jp/survey
db2f9cb5-4d1d-4303-b8ac-6045cec6080c,2026-02-15,msg_00087,U3bae1603803a839c0cb52f511d9cb8f6,U715cfd2043dc74523c2b44da76a7cda2,imagemap,delivered,2026-02-15 03:49:30,
4ccd8084-3834-4c20-a9fc-423632da11ae,2026-04-12,msg_00105,Ud4a92c8c8050eed40ef171cc2784d638,U086d10b03f2a6f6fc5637f7763064a61,flex,opened,2026-04-12 01:26:53,
ec006d0d-8dd6-4720-9659-5d5f55a956fb,2026-01-07,msg_00110,Ub0341314a5534ea92b26fa8adc30543f,Ueebdf127f4612e0e608b57df1feef6cb,video,delivered,2026-01-05 03:41:02,
dc2383bf-2b84-41d9-be98-e42ccab1f571,2026-01-07,msg_00110,Ub0341314a5534ea92b26fa8adc30543f,Ue1c4f0f63678105b1de5b527658142b1,video,delivered,2026-01-07 09:51:10,
089c9897-6a9d-48bb-a96a-26ec3754fbaa,2026-01-07,msg_00110,Ub0341314a5534ea92b26fa8adc30543f,Uc903c52a175107daf9ff99368b4dd85c,video,opened,2026-01-07 22:22:19,
ce29630c-27a9-4a06-9f51-2ed11ba236cc,2025-12-21,msg_00022,U3bae1603803a839c0cb52f511d9cb8f6,Ue32068c9fdab05f70bb43db1f346330c,video,delivered,2025-12-21 13:44:36,
dcb320d0-7419-4b1c-bebd-007df58be79a,2025-12-14,msg_00085,U743849e63f8101ac616f8fd0ba84a167,U82c774c0225ebb79529ac8cf1e47231a,image,delivered,2025-12-14 19:39:05,
f9d07de6-1cb4-4092-93c5-af43c9507d39,2026-03-06,msg_00055,U3bae1603803a839c0cb52f511d9cb8f6,U3b2ac0e3098a92eff1344ba35ef1d827,flex,delivered,2026-03-06 00:18:31,
d63b4e26-6d9d-4966-a601-b68635e1817e,2025-11-17,msg_00034,U743849e63f8101ac616f8fd0ba84a167,U6b3170b9e0bb6c947abfa45b835deb37,text,opened,2025-11-17 03:39:49,
bc130d43-ad0c-489d-90d4-27e16bd24adc,2025-12-25,msg_00077,U743849e63f8101ac616f8fd0ba84a167,U344e034a6e7bc6ea6746258e7227fc96,text,opened,2025-12-25 02:27:43,
7af23330-c574-4d1f-b088-85e636c4660e,2026-04-10,msg_00101,U743849e63f8101ac616f8fd0ba84a167,U9880add481caddae42838a39652d1796,imagemap,opened,2026-04-11 00:09:18,
cbeed91f-5403-40d2-8bdf-c549d9fa14b6,2026-01-09,msg_00052,U743849e63f8101ac616f8fd0ba84a167,U671d7bd52ab159359761e9510f3fc1fe,video,delivered,2026-01-09 09:12:55,
3bb9c242-a1d5-4ce7-aa54-b72b59cdbafa,2026-01-24,msg_00113,Ub0341314a5534ea92b26fa8adc30543f,b477eda6b6cd09e942b6e9b8094ecb72,text,delivered,2026-01-24 23:03:46,
5310b1ed-cc03-4be4-a39f-2eaffa8e9433,2026-02-10,msg_00058,Ue9a1e8a5b83a6b296d43c957a8cfba4a,U13d15a431cdcb82744b98bb668c2917a,video,delivered,2026-02-10 22:40:15,
d0bd5769-8cb1-4eb5-9994-8b690d4814d7,2025-11-23,msg_00053,U743849e63f8101ac616f8fd0ba84a167,Ub1021edb3dbd8b0429426f513f683a59,video,clicked,2025-11-23 12:39:24,https://example-saas.jp/coupon/500off
1b15c903-c447-46aa-a23a-187dc7431a7a,2025-12-22,msg_00013,Ub0341314a5534ea92b26fa8adc30543f,U7e9d634b4c9c4d78fa1404add918f998,image,opened,2025-12-22 04:18:10,
1264df29-896f-4081-a58c-44ef45493d52,2026-03-20,msg_00106,U3bae1603803a839c0cb52f511d9cb8f6,Ubc8cf3bfc167df15580f72796ed84e2a,video,failed,2026-03-20 12:47:17,
aea1cbb5-2177-46ef-b786-0f8246362785,2026-03-23,msg_00116,Ud4a92c8c8050eed40ef171cc2784d638,U883e6d30bf5320def5b2e2b910abfeda,text,opened,2026-03-23 06:20:45,
85ce5547-78e6-4c7d-9e14-91e398bdd9dc,2025-12-12,msg_00004,Ub0341314a5534ea92b26fa8adc30543f,Ua89122b6caeb47e5e2dce2e47a6a24cf,video,clicked,2025-12-12 08:30:57,https://example-saas.jp/coupon/500off
b43f1d44-71ed-4c6f-8514-a5fecbe0408e,2026-01-07,msg_00022,Ub0341314a5534ea92b26fa8adc30543f,Ude095f88e8ac5ecbcf507238641d5837,flex,deliverd,2026-01-07 17:00:39,
dd12f1d2-7b5a-4049-9346-c888b0892b37,2026-03-06,msg_00068,Ub0341314a5534ea92b26fa8adc30543f,Ufab6a6b1b654f6f19896196da848ceb0,video,delivered,2026-03-06 08:28:33,
caf8e639-4237-4b47-b599-dc95db79997d,2026-01-14,msg_00081,Ue7310890b01058478be93761a56d0aa0,U95aa18594457dadf1edc7f7731bb2eb9,video,delivered,2026-01-14 14:14:47,
607a59c6-87b3-4563-8ed5-f83c96f8468b,2026-04-01,msg_00072,U4784fc8a8e1e4eb2435ad84e0ad052f2,U0900b8e1ccb87f074e49abe2b2085246,image,delivered,2026-04-01 16:39:42,
3bb2f35d-8398-4c74-8ea1-4de06d1511d4,2026-03-26,msg_00040,U3bae1603803a839c0cb52f511d9cb8f6,U52007fb54209d40ce003df9e927cf086,imagemap,delivered,2026-03-26 16:34:26,
aa6a0ed5-0d64-4a23-b935-0d18b2888c9d,2025-12-18,msg_00114,Ub0341314a5534ea92b26fa8adc30543f,Ufc587bb7742e9d9f9b1628e516bd5cc8,flex,opened,2025-12-18 11:29:25,
25dfabb7-1494-406e-89b6-5c893d289bd8,2025-12-25,msg_00045,Ue7310890b01058478be93761a56d0aa0,U1c09c92b2afe9c14f1b8faf92cd77274,video,delivered,2025-12-25 10:17:44,
8a88f84c-70bc-49a8-b460-4376f07f75b8,2026-01-26,msg_00103,U3bae1603803a839c0cb52f511d9cb8f6,U3137446f483a08cfc391b1a55e9aed34,flex,delivered,2026-01-26 19:08:19,
ce1f7cd6-51f8-4643-bc97-44633ca789f9,2026-03-08,msg_00112,U3bae1603803a839c0cb52f511d9cb8f6,U3ecb1d3693551489d5843c6fa73874d2,image,delivered,2026-03-08 01:21:36,
7f5b5c95-a86d-421d-8e82-1d697cd85c90,2026-02-28,msg_00117,U743849e63f8101ac616f8fd0ba84a167,65292502ef4de578799a03b2194807ef,video,opened,2026-02-28 18:57:45,
d9eb54df-0a64-4eed-9b9b-bd412ce175fb,2026-03-18,msg_00080,U22a93bc29b1df104af6b1ba1cd91fc56,Ub8b59c3bc23a2fe1c6eb5caf7f6e5b4e,flex,opened,2026-03-18 02:25:22,
94711424-7193-4179-b4d4-45ac6e53b3b6,2026-02-15,msg_00006,U743849e63f8101ac616f8fd0ba84a167,Uaeae6db42bbcea3fca6654765d20324e,flex,delivered,2026-02-15 10:44:44,
bbd5eea0-ce2d-4ad4-b253-49f4fb5a5550,2025-11-25,msg_00043,U3e5dd3a641c58ad50e49f095c6f1e306,U256b0686a1c1fd0d4869bd0ad0848e8c,flex,opened,2025-11-25 10:33:42,
f438928d-8534-4e26-80ae-2805febdba49,2026-03-11,msg_00104,Ub0341314a5534ea92b26fa8adc30543f,U7f21aebcd8e2b647549fa3ad42616d74,image,delivered,2026-03-11 16:20:38,
8b722cc1-7794-48c2-bc54-01cb9d1a3252,2026-03-29,msg_00097,Ub0341314a5534ea92b26fa8adc30543f,U69ba5456d079e0aaaf80b66a4d916ca5,text,opened,2026-03-30 00:38:16,
28478c72-2e71-477a-b6af-e69bbd535a3c,2026-02-09,msg_00083,U3bae1603803a839c0cb52f511d9cb8f6,d6c5356a056516f0ee14e0a1990641b3,flex,delivered,2026-02-09 14:22:51,
d99bacdd-5917-449b-b159-47d862c62825,2026-02-03,msg_00008,Ud4a92c8c8050eed40ef171cc2784d638,U5e3963af904bfa199003c4bbee189010,flex,open,2026-02-03 17:28:40,
25a7159d-1289-48b9-a829-a401bd6b93ff,2025-11-30,msg_00025,Ub0341314a5534ea92b26fa8adc30543f,4440d06357a7c39823f111ff0dd97dde,imagemap,opened,2025-11-30 21:23:13,
07ab9683-1da9-4b4f-b88c-69eed46a9e7b,2026-02-15,msg_00087,U3bae1603803a839c0cb52f511d9cb8f6,U47afe469d4a597e2e7a9b1d4f4d921b9,imagemap,opened,2026-02-15 08:27:06,
389c27cf-3f24-46d2-be11-c373977c4852,2025-12-09,msg_00059,U3bae1603803a839c0cb52f511d9cb8f6,Uf72f849c0ddf0f97c3e86a5b26bb3f4d,imagemap,clicked,2025-12-09 14:56:58,https://example-saas.jp/coupon/500off
ef7131b7-93e2-49dd-9c02-571e5038e589,2026-03-31,msg_00046,U4784fc8a8e1e4eb2435ad84e0ad052f2,Uaa3fe3bf83c7e997b373a3e63bb4046a,flex,opened,2026-03-31 15:09:25,
074a3ca7-3509-4ca0-b916-5052da6377e3,2026-01-26,msg_00103,U3bae1603803a839c0cb52f511d9cb8f6,Ud3d19a5a68737c2687799339e51baa18,flex,delivered,2026-01-26 07:56:47,
6a9cbeda-6b5d-4913-b824-040cece5f5be,2026-01-26,msg_00115,U3bae1603803a839c0cb52f511d9cb8f6,Ucd8d8ee048c528112cf044b00dec5a7f,imagemap,blocked,2026-01-27 02:45:36,
ec726fc3-2fcf-4142-a170-3c5f76c6fbb3,2026-03-31,msg_00046,U4784fc8a8e1e4eb2435ad84e0ad052f2,Ue357a66a7dfce2f91f9f8a27df50d77f,flex,delivered,2026-03-31 03:07:50,
5e8013db-069f-4400-a2a1-f8b1a08c80e5,2025-12-25,msg_00077,U743849e63f8101ac616f8fd0ba84a167,d609d5a62e472927624399431e3964da,text,opened,2025-12-25 00:10:30,
3872edcc-9cd8-46bc-8d6f-f0fec6b2251a,2025-12-25,msg_00077,U743849e63f8101ac616f8fd0ba84a167,Ua19f6b6e66e94ad41cf7429274423962,text,delivered,2025-12-25 10:10:39,
4db67a70-b9b3-452a-8f89-ea2f290cc488,2026-02-25,msg_00008,Ub0341314a5534ea92b26fa8adc30543f,U5152b0ebb921d274b8246eef5b577089,image,opened,2026-02-25 16:25:58,
86f22f11-9fff-4130-a753-9fc03cdfbe3b,2026-03-20,msg_00057,Ub0341314a5534ea92b26fa8adc30543f,U39100e19b70e629dfc8bfd5fc3b0267c,video,delivered,2026-03-20 22:49:51,
a445c00f-6ff3-41a0-8b5a-0ac6aa8e8cae,2025-12-31,msg_00082,U227d1cd1a801c367de206ec4bbca7330,Uea0ee25dc6cacaeaa4f23d37d7340489,imagemap,delivered,2025-12-31 21:26:14,
53bdd772-148e-47ac-bb66-d8071d3b2458,2026-03-30,msg_00076,U743849e63f8101ac616f8fd0ba84a167,U349728aa2005d534e43e6aba680c1a87,image,blocked,2026-03-31 03:55:40,
b634342b-bb26-4f79-acf6-a4d7913f4ede,2026-02-05,msg_00107,U3bae1603803a839c0cb52f511d9cb8f6,U451673578f0a3b391e27c0677e6c7c4e,text,delivered,2026-02-05 18:37:28,
ac27b7f9-2dc6-418e-9c95-1a9c57ed4b3a,2025-11-16,msg_00020,U3bae1603803a839c0cb52f511d9cb8f6,U2d8b34ae9b8b255c54995ee6b545c5f3,text,delivered,2025-11-16 12:00:00,
6069269b-4a6f-4062-89e5-2cc3ae3e12cf,2026-01-18,msg_00102,U227d1cd1a801c367de206ec4bbca7330,Ua3f88ef56b4f35cf34a0f17605145c99,video,delivered,2026-01-18 14:58:52,
5616ae57-5279-4836-a500-eae465915107,2025-11-23,msg_00053,U743849e63f8101ac616f8fd0ba84a167,U324564096e51e72d1f7e3019d3a3f5d6,video,delivered,2025-11-23 00:18:59,
2fa081fd-e5d4-4922-87cc-f11ec9f676b1,2025-12-19,msg_00064,Ub0341314a5534ea92b26fa8adc30543f,U02ad2f9160d09713db5af4b4251d45ec,image,delivered,2025-12-19 21:19:35,
82c73eb3-1261-496f-ad73-59a858bd6ca7,2025-12-23,msg_00109,Ue7310890b01058478be93761a56d0aa0,463092728d605dda7f382adc3cfc3abe,text,opened,2025-12-23 04:04:31,
7de1921a-cfc7-4f88-be85-ecf964ef44d4,2025-11-22,msg_00047,Ue7310890b01058478be93761a56d0aa0,Ubefdedf01185eb06aa6a952f288aa118,video,opened,2025-11-22 09:13:26,
e0e2de27-d455-4c19-bc19-3818d45842ac,2026-04-06,msg_00074,U3bae1603803a839c0cb52f511d9cb8f6,U30dcd98a7eb808d8e7d0f3f8f3c2cf42,text,opened,2026-04-07 00:09:02,
c72c2950-0d87-4ef5-b4f9-7e2d269c52bc,2026-03-06,msg_00055,U3bae1603803a839c0cb52f511d9cb8f6,U8288190fc0d932afb626319b2f4e0053,flex,delivered,2026-03-06 12:58:28,
85a0305f-1ea2-47a2-b81c-19659f3a7d2c,2026-02-08,msg_00051,U3bae1603803a839c0cb52f511d9cb8f6,U7a1f1bc66fee6be42ce41354cfbdb3e2,image,clicked,2026-02-08 18:52:58,https://example-saas.jp/coupon/500off
b5558ddc-50c5-411f-acd9-730f962961cc,2026-04-12,msg_00120,U227d1cd1a801c367de206ec4bbca7330,U85a427756c53cd64a850e2ac606bf178,text,delivered,2026-04-12 22:33:50,
a91db9dc-ac64-4dfa-8b21-2f58eff6b2ca,2025-12-07,msg_00003,U227d1cd1a801c367de206ec4bbca7330,Uc5906ee9b021ac3d0f828270d415c9ce,image,delivered,2025-12-07 17:50:25,
e46052d9-e0f5-45ee-b2cc-488bca3dce87,2026-03-25,msg_00079,U743849e63f8101ac616f8fd0ba84a167,Ua68c882a1fd27d43779720437b78b030,text,clicked,2026-03-26 00:41:52,https://example-saas.jp/lp/newmenu
1b5bd7b1-00fa-4287-89fb-c0a8b136d458,2026-03-06,msg_00055,U3bae1603803a839c0cb52f511d9cb8f6,Ufe53150a4a977873222ffe9752c01199,flex,delivered,2026-03-06 03:35:31,
4810fee6-5292-4803-92ea-37a56d95c321,2026-01-26,msg_00063,Ub0341314a5534ea92b26fa8adc30543f,c91054b2dd01eb50f30e515d7f8b86d6,imagemap,opened,2026-01-26 23:43:03,
85c7282d-d909-4a65-85a4-a3268851c119,2025-11-26,msg_00028,U3bae1603803a839c0cb52f511d9cb8f6,Ud3564ccd177df40141cda42987c50218,image,failed,2025-11-26 15:26:20,
dd46b2b2-ee52-4720-a861-e06bf7d0eed0,2025-12-19,msg_00064,Ub0341314a5534ea92b26fa8adc30543f,Uf634f59734a80ec79bba6ccbd8bbf972,image,opened,2025-12-19 07:46:09,
89c8266b-2e05-4fe4-b85f-29806d03a555,2026-01-26,msg_00005,Ub0341314a5534ea92b26fa8adc30543f,U380e94fe3d9701c5fbecfea95f2fbb93,image,clicked,2026-01-26 23:03:07,https://example-saas.jp/survey
84da60de-e623-4685-8d1b-abd0c169821b,2026-01-18,msg_00102,U227d1cd1a801c367de206ec4bbca7330,Ua23a0caff1d49279ee51e228a5192e77,video,opened,2026-01-18 16:12:30,
4b0d51ee-c86a-44ed-b859-54fb17e701a8,2025-12-23,msg_00109,Ue7310890b01058478be93761a56d0aa0,U0c300bbf671ea7c90d6ed2166b6de36e,text,delivered,2025-12-23 21:02:00,
c0b116f9-8c33-4fa3-b128-ae4e1638fb16,2026-03-22,msg_00119,U3bae1603803a839c0cb52f511d9cb8f6,Ub7b66cda06ed058bf13926af91447628,imagemap,opened,2026-03-22 15:36:58,
e6d65d10-1d55-4b53-9808-f64a49d87f28,2026-01-13,msg_00060,U3bae1603803a839c0cb52f511d9cb8f6,U39ef4b1630a1f19b54592950ba21e297,image,opened,2026-01-14 01:14:36,
c2f260f9-5278-4d6c-a783-88e1d3bea9bb,2026-03-16,msg_00002,U3bae1603803a839c0cb52f511d9cb8f6,U5c9ebaba1f15b873cc0f3d9ba47601ad,text,opened,2026-03-16 22:21:14,
422884d4-3b5a-4e6e-b1be-7dacc86654ce,2026-03-25,msg_00079,U743849e63f8101ac616f8fd0ba84a167,U776d7f55f5fa33b6fa0aea051fa2ff81,text,delivered,2026-03-25 01:05:59,
82b11ae1-167c-4392-afa6-77072aedc277,2026-01-24,msg_00113,Ub0341314a5534ea92b26fa8adc30543f,Ud43802099c6089fc7b5d5adf11425707,text,delivered,2026-01-24 01:43:47,
81a38564-e6a9-44ca-b428-e8ea67ef2d2b,2026-03-06,msg_00055,U3bae1603803a839c0cb52f511d9cb8f6,U3482ab46e01b85f4ebbca365ec1ed696,flex,delivered,2026-03-06 02:32:18,
6889da7a-4313-44ae-b46f-121b987286d6,2026-01-24,msg_00007,Ub0341314a5534ea92b26fa8adc30543f,178c048d75a44cddacdbd6a963b31ebe,imagemap,delivered,2026-01-24 15:50:20,
b8039d61-c3d4-4f26-bf78-d54a41ea0663,2026-01-24,msg_00113,Ub0341314a5534ea92b26fa8adc30543f,U64893487dab04332888823c72845c76c,text,delivered,2026-01-24 09:52:19,
3b180b02-f235-49a2-9b1f-02d852776adb,2026-02-25,msg_00008,Ub0341314a5534ea92b26fa8adc30543f,b5c5abd038d183dcdf42bc3154420da3,image,blocked,2026-02-25 22:24:46,
ddadde18-4a7f-4963-adce-6a8d952b5270,2026-04-10,msg_00101,U743849e63f8101ac616f8fd0ba84a167,Udbbec21ab564830347fe5757e3251bd2,imagemap,opened,2026-04-10 12:11:59,
b6ebdb88-9f96-4d94-b99c-c5851d99ba9a,2026-03-21,msg_00023,U743849e63f8101ac616f8fd0ba84a167,U12a8659ab8802106a925fb07f2850866,imagemap,opened,2026-03-21 18:15:24,
cbbe3ec7-bd7f-4176-bb24-36b4cc5d9b05,2026-03-08,msg_00112,U3bae1603803a839c0cb52f511d9cb8f6,Ue93f5ae7c02c0a2ca766f666cd575690,image,delivered,2026-03-08 00:26:08,
8a324d40-5d3c-426d-a598-ce4128c50e55,2025-12-25,msg_00045,Ue7310890b01058478be93761a56d0aa0,U5172f657a3f288b05cfdeb1a9b17e95b,video,delivered,2025-12-25 19:39:02,
65019e19-3436-4e78-a125-60cc9021a9a3,2025-11-25,msg_00043,U3e5dd3a641c58ad50e49f095c6f1e306,9febacc2907ab7ee20282740b08d7b9c,flex,delivered,2025-11-25 06:23:14,
834a9eeb-f175-40a8-967d-cf68af0aeb18,2026-02-20,msg_00036,U879eb903ad90cd9c2874f6df7651267a,U6c6bca17ee875afb18be00e3c0fe4af0,video,delivered,2026-02-20 18:46:56,
7780c256-e27a-4cc3-a47a-6d4fc0afbdd8,2025-12-23,msg_00061,Ub0341314a5534ea92b26fa8adc30543f,Ud9fd654e05abf3e8319045afc436a1a6,imagemap,delivered,2025-12-23 01:45:01,
7025558d-d4f9-4146-8c8c-e896f51aa82c,2026-03-04,msg_00056,U1ca413826b7044d134c9c3132420c9de,U13c2a3e3e830503604299c76fac169ba,text,delivered,2026-03-04 15:21:58,
d01db2e1-6f28-42b8-87ff-8c5e71590ca8,2025-12-03,msg_00012,U743849e63f8101ac616f8fd0ba84a167,Uf7a968206852b94367b9e9b4c299cbe3,imagemap,delivered,2025-12-03 23:56:46,
b5a31b74-eb5e-4982-9aeb-f8e06a897806,2026-02-15,msg_00087,U3bae1603803a839c0cb52f511d9cb8f6,Ubb20f10e1bc2509649b34020f5b6f659,imagemap,opened,2026-02-15 23:19:17,
0e726e47-ca4d-4a65-bbee-47273859d244,2025-11-17,msg_00034,U743849e63f8101ac616f8fd0ba84a167,U33436985919a87cef47b21a70e02e84c,text,opened,2025-11-18 00:26:24,
9268de07-97d3-4016-91b1-cf317ccf50cd,2026-02-08,msg_00051,U3bae1603803a839c0cb52f511d9cb8f6,Ub8c0bd4b25f4ffaf8312e6d0f24775b5,image,opened,2026-02-08 02:03:11,
582f3b10-b792-4016-9b9e-7b776ef2888e,2025-12-03,msg_00012,U743849e63f8101ac616f8fd0ba84a167,U807c5b95a98e046ec53a5b6c4993ee1c,imagemap,opened,2025-12-03 19:41:38,
ecf28ab0-136d-4002-8621-6b277a83e1f2,2026-04-01,msg_00072,U4784fc8a8e1e4eb2435ad84e0ad052f2,U7116bd7663ff8bca8ac16628adf7f663,image,opened,2026-03-31 01:48:37,
10c1377e-7fb1-4d1e-8df3-d252d89b946f,2026-01-01,msg_00027,U4784fc8a8e1e4eb2435ad84e0ad052f2,U22c9491623af72aeeebd4ffa6698581d,image,clicked,2026-01-01 20:16:47,
4c60581d-a281-40c5-a8b8-6949510c74de,2026-03-04,msg_00056,U1ca413826b7044d134c9c3132420c9de,Ub35bf6479a53dc9241d731b7cf45bc7f,text,delivered,2026-03-04 10:18:12,
f01d13fc-f59d-4942-a7e9-8a961ecf4732,2025-11-16,msg_00020,U3bae1603803a839c0cb52f511d9cb8f6,U260f8c6381417535ff511a3f89dd8da7,text,delivered,2025-11-16 08:54:49,
c587b8ac-26e3-4864-a2c8-2beca14a66f3,2025-11-23,msg_00053,U743849e63f8101ac616f8fd0ba84a167,f435d0294e7e8dbc5a33cfa8b75736f7,video,delivered,2025-11-23 00:36:43,
c9cdebc2-2112-435b-95f5-3277cfa83b3a,2026-04-04,msg_00049,U476acbdef8e9a16d24575e4f6d7b0f31,Uc1e5ee76c52a4867940cc098a962307a,text,delivered,2026-04-04 10:04:48,
74886b97-77db-48cc-9158-315de98fb6b4,2026-03-23,msg_00116,Ud4a92c8c8050eed40ef171cc2784d638,U2fcaaab36768bc2a52ce7e0550027821,text,delivered,2026-03-23 14:20:33,
53b61f75-4760-40f5-ad4a-c562dae32f6a,2026-03-20,msg_00106,U3bae1603803a839c0cb52f511d9cb8f6,Ud51fa58612e63e511847dca9d60b3183,video,delivered,2026-03-20 06:03:48,
44717e0f-3e31-4818-b3eb-0e5a316cd6c3,2025-11-25,msg_00043,U3e5dd3a641c58ad50e49f095c6f1e306,Ua01b7a9efb5b3bcf63a90480f978d8d4,flex,delivered,2025-11-24 06:59:03,
868903d6-54f7-4be9-b764-2eb50df6a31d,2025-11-17,msg_00099,U3bae1603803a839c0cb52f511d9cb8f6,U3e8c5a21e2bf6888e494ab247a60d3e6,text,delivered,2025-11-17 17:37:29,
3459d604-16b6-4eb7-8219-3128c5721b8c,2025-12-07,msg_00003,U227d1cd1a801c367de206ec4bbca7330,Ucf68f43b86ba3b17e8450cabbd979d6f,image,opened,2025-12-07 04:22:53,
11f2c2c5-0d49-4511-873c-52b60bc366f5,2026-03-18,msg_00080,U22a93bc29b1df104af6b1ba1cd91fc56,Uebd5c97e8ef9fb2928cd46b69dfcff92,flex,delivered,2026-03-18 01:50:50,
6dfa4807-2b47-4170-b3b7-8ba8451ed287,2025-12-25,msg_00077,U743849e63f8101ac616f8fd0ba84a167,U72af9e3b1ebceaa1526f0cee60a3922e,text,delivered,2025-12-25 20:28:28,
6d718652-9d5a-4bed-b63f-e8eee75e30d9,2026-03-13,msg_00001,U4784fc8a8e1e4eb2435ad84e0ad052f2,U4170301c08b5a187db706d81e9398807,image,delivered,2026-03-13 23:24:54,
fb9327ac-a82a-4970-9205-32ce65dfc1a7,2026-03-16,msg_00002,U3bae1603803a839c0cb52f511d9cb8f6,U55b7a4dbb2a20e307e2ad53533341531,text,opened,2026-03-16 03:15:26,
819cb688-c7d3-4ddb-bf77-8058910de8b7,2026-01-24,msg_00007,Ub0341314a5534ea92b26fa8adc30543f,U3bf948fb05091d9fcc023af7001a5e98,imagemap,delivered,2026-01-24 08:28:44,
c0a2acf2-7ecb-4def-865a-c2d2f40e60eb,2026-04-01,msg_00072,U4784fc8a8e1e4eb2435ad84e0ad052f2,U0c60306262e29220bffe10df0474aecd,image,delivered,2026-04-01 02:17:03,
550d30aa-825c-4e21-80c6-360211a9e1d7,2026-01-10,msg_00044,U30ad60bba5da9837ca5dd0230ca8f531,U7fd9aa127cb0baf822a60fd255692c48,video,delivered,2026-01-10 01:36:05,
9f4f520a-5a39-4e57-8c36-271a95759dea,2026-03-16,msg_00002,U3bae1603803a839c0cb52f511d9cb8f6,1798a6c53f8ec8be2419ca56881fc354,text,opened,2026-03-16 19:35:29,
61d03cf1-e23d-44af-8847-eef29ecd824a,2026-01-26,msg_00115,U3bae1603803a839c0cb52f511d9cb8f6,Ua77facf9c7336a0ba0fb8fa079e102eb,imagemap,delivered,2026-01-22 03:11:37,
95db9294-67d1-4298-bff5-6fe31f4cf146,2025-12-24,msg_00062,Ub0341314a5534ea92b26fa8adc30543f,bfe3b56d01bbb6a3a07bac87707558b0,video,clicked,2025-12-24 19:08:46,https://example-saas.jp/campaign/spring
ccfc7d6a-8f26-4a47-9340-71b36131fd6e,2025-12-19,msg_00064,Ub0341314a5534ea92b26fa8adc30543f,U3af591e74122f32191fa14bfda7aff27,image,delivered,2025-12-19 17:37:24,
90f608d9-2860-4219-a80d-6d8a22297456,2026-03-22,msg_00119,U3bae1603803a839c0cb52f511d9cb8f6,U639f2286a3af13ff3a83f8aebadb0cd9,imagemap,opened,2026-03-22 10:43:21,
5f0ecf2f-32f3-47ae-9467-46b57849f7dd,2025-12-19,msg_00064,Ub0341314a5534ea92b26fa8adc30543f,U3ddcfe83ac991cbe542799a2a70688a8,image,delivered,2025-12-19 23:23:30,
bed375b6-0dfe-484b-84f6-d824f69137d5,2026-03-25,msg_00079,U743849e63f8101ac616f8fd0ba84a167,U53a9c0dc915c901302d832c49c445a26,text,delivered,2026-03-25 06:48:48,
f17cac41-170b-4a34-9b90-8ecae949abb0,2026-02-08,msg_00051,U3bae1603803a839c0cb52f511d9cb8f6,U42084c2f177e189f02e4575253d10033,image,opened,2026-02-08 02:40:23,
57434b68-ba8f-48ea-800b-a85b70da5925,2025-11-16,msg_00020,U3bae1603803a839c0cb52f511d9cb8f6,b5b6b45721a8ac9342d8f8a261a74c17,text,delivered,2025-11-16 23:18:44,
b003919e-a17f-4f62-9499-cca90dcc8e0b,2026-04-05,msg_00054,U3bae1603803a839c0cb52f511d9cb8f6,Udb1a252794986109b087824975c43eaa,image,blocked,2026-04-05 15:10:15,
232d5097-6d0c-4ce0-8375-1dc2fbf02cae,2026-02-14,msg_00065,U743849e63f8101ac616f8fd0ba84a167,U061de9169bdb9c366500f2bbd785bb14,image,delivered,2026-02-14 16:37:46,
57ffc57a-7684-4472-bfe1-6a82ebde3c00,2026-04-01,msg_00072,U4784fc8a8e1e4eb2435ad84e0ad052f2,Ua9ee2b9248f3a13801b0f7717d7029ad,image,opened,2026-04-01 11:18:17,
a54c895a-777c-4cd9-a52b-1648acd0d5f7,2026-02-14,msg_00042,U3bae1603803a839c0cb52f511d9cb8f6,Ua55919ff947c05249d5c76f7a17557e9,video,delivered,2026-02-14 13:31:13,
794a83d0-0556-4d6d-a4ca-5bd6b04e40a9,2025-12-09,msg_00069,Uc20f9c7e9b662bedec3cb78e127885c7,U440875897af74b3c729920fc849d8881,imagemap,delivered,2025-12-09 18:50:32,
9d6e2dbe-cf68-4bf8-86f4-33a85ff43600,2026-02-07,msg_00090,U4784fc8a8e1e4eb2435ad84e0ad052f2,U4ce352d2295f2a4f41f9e5ba425ac65a,imagemap,opened,2026-02-07 03:04:20,
43950435-557e-44b0-8277-2d4ff65ce66e,2026-03-03,msg_00093,U743849e63f8101ac616f8fd0ba84a167,c8fbb124f4b0180774618977a435c613,imagemap,delivered,2026-03-03 18:51:49,
a3013dab-9ae9-4135-993a-995b2657f064,2026-04-05,msg_00054,U3bae1603803a839c0cb52f511d9cb8f6,Ud90ef21b13a12f59ff28bf7d1fb4b8bb,image,delivered,2026-04-05 09:17:09,
68bcda9d-32b1-4466-984d-d168a148d358,2025-11-18,msg_00047,U1ca413826b7044d134c9c3132420c9de,U141be578855dc26ea132a5a423a95857,imagemap,CLICK,2025-11-18 21:14:54,
5fa91b12-855f-4d27-aef3-f78a84f64195,2026-04-12,msg_00120,U227d1cd1a801c367de206ec4bbca7330,Ue88bc37dac1196862d6b759730bff516,text,delivered,2026-04-12 19:52:56,
5d023752-8199-4ce2-ae91-721e646cb6e7,2025-11-17,msg_00099,U3bae1603803a839c0cb52f511d9cb8f6,Ua87466e3233ac91a337919c1e6552e37,text,delivered,2025-11-17 14:34:03,
00347416-b7e5-4b74-b555-e2580cc4ad7a,2026-01-18,msg_00102,U227d1cd1a801c367de206ec4bbca7330,Ua5d6f332bdbcb81baba783583822f112,video,delivered,2026-01-18 07:09:21,
2d8c155c-07d8-43d5-af98-a43034f6077f,2026-02-07,msg_00090,U4784fc8a8e1e4eb2435ad84e0ad052f2,Udf848c5067f181186da3dd424e879379,imagemap,delivered,2026-02-07 03:57:11,
88e11a77-f567-48c6-b803-a92584e464ef,2025-11-25,msg_00043,U3e5dd3a641c58ad50e49f095c6f1e306,U9f2217a85cee20710faa4d18d1797276,flex,delivered,2025-11-25 15:19:43,
26cdc41b-f187-42f5-b8c3-5188f1d20da4,2026-03-03,msg_00093,U743849e63f8101ac616f8fd0ba84a167,Uc45ad1d43b9851bcf8e3517bb4c98fa2,imagemap,delivered,2026-03-03 20:20:37,
438c6b34-b3b3-4bee-912d-1e79f46ae5eb,2025-12-12,msg_00029,U743849e63f8101ac616f8fd0ba84a167,Uc53e6ec8acc25e15882f1d82d71ccb7d,imagemap,delivered,2025-12-12 05:48:03,
9ac0e7f3-af83-453f-bcdf-78c4d00dcbbd,2026-02-01,msg_00075,Ub0341314a5534ea92b26fa8adc30543f,Ue0c4954b5c9ae459729ce08a36d8200e,imagemap,opened,2026-02-01 06:35:45,
f7e9f80c-8639-4475-a1f5-e145de034e92,2026-03-31,msg_00046,U4784fc8a8e1e4eb2435ad84e0ad052f2,U2b67cd4ee7dd4893f92a8e496e38a949,flex,clicked,2026-03-31 16:10:30,https://example-saas.jp/coupon/500off
5c0c53db-caf6-4521-8235-2aea47d56827,2026-01-31,msg_00035,U7e808d11d6f9901a954a542a7ee09918,Uf6ef475565631835e2631f8f27f3652c,text,opened,2026-01-31 11:48:23,
8dc58856-d01a-4a57-accd-1e5c43c8ffcd,2025-11-17,msg_00099,U3bae1603803a839c0cb52f511d9cb8f6,92cfb8389132570b8f6bc408f8f1efb1,text,delivered,2025-11-17 17:35:00,
ba5881c4-a98a-4528-be56-70569c8db852,2025-11-19,msg_00019,U743849e63f8101ac616f8fd0ba84a167,U54d215dfddd456047b150afd6371d81a,flex,clicked,2025-11-19 01:42:28,https://example-saas.jp/survey
b32cf4d1-451c-41e4-92c8-7b95f04910b5,2026-02-15,msg_00089,U3bae1603803a839c0cb52f511d9cb8f6,U7d06f79824aef01488c6b892a6697948,text,opened,2026-02-15 22:38:58,
b76f8792-ed57-411b-a877-f654bf6f84be,2025-12-23,msg_00109,Ue7310890b01058478be93761a56d0aa0,Ub270f792bb3f6991879e6ba336918a42,text,delivered,2025-12-23 16:53:59,
4ec82e33-73f8-4bf2-aff1-e0685c2db8fe,2025-12-25,msg_00045,Ue7310890b01058478be93761a56d0aa0,U36a6c2486daee2442ac4fb1a678b19ee,video,delivered,2025-12-25 04:59:23,
9c808a93-dcd9-4774-86f3-8f68a192450b,2026-03-08,msg_00112,U3bae1603803a839c0cb52f511d9cb8f6,U0972fc9225ccf278de9746decc068830,image,delivered,2026-03-08 03:10:57,
c0ee8a39-1e67-4182-932e-6b0ec3386685,2025-12-07,msg_00003,U227d1cd1a801c367de206ec4bbca7330,U3a984bf7cb42d0871f8947a44b466291,image,opened,2025-12-07 15:42:07,
defcdd5d-1489-4cae-9b91-f79df8577926,2026-03-31,msg_00046,U4784fc8a8e1e4eb2435ad84e0ad052f2,U8b081bcdc9025bbea47565c3ab5eaf72,flex,delivered,2026-03-31 18:11:55,
6f737962-2ab3-44b1-9c4d-8841eeabd261,2026-01-30,msg_00050,U3e5dd3a641c58ad50e49f095c6f1e306,35fc4104733a06cd6c51656bf963faa3,image,delivered,2026-01-30 14:01:09,
e15cb0ed-03f8-4c95-84c5-dc19fbb3fa82,2026-01-26,msg_00115,U3bae1603803a839c0cb52f511d9cb8f6,a7cdd2782a2b437b4d54febccbb61f2f,imagemap,delivered,2026-01-26 17:21:34,
af09178e-92a4-471e-9f61-91741de1c41f,2026-04-08,msg_00078,Ud4a92c8c8050eed40ef171cc2784d638,U4d0aa0098864290cf8e58bb786f452a9,image,opened,2026-04-08 06:49:02,
80884571-eade-40f0-ac8b-da2e30871626,2025-12-09,msg_00094,U227d1cd1a801c367de206ec4bbca7330,U71567a5f4417f00f4ccf8f284ff7e6b5,flex,opened,2025-12-09 16:08:40,
cfdf306d-af50-4856-b300-bd123bbb7f32,2025-12-18,msg_00070,Ue9a1e8a5b83a6b296d43c957a8cfba4a,Ud9dd08843c0689d25cb5020ce38ae01a,imagemap,delivered,2025-12-18 13:17:46,
e8b91883-61f6-439f-8954-e528cf2d9ed4,2026-01-26,msg_00005,Ub0341314a5534ea92b26fa8adc30543f,U357e8f51fd878db16f6dcd2072782ce6,image,opened,2026-01-26 14:49:39,
8a8a5ddb-c1b2-47f6-8ee6-105fa2533867,2026-01-26,msg_00086,U4784fc8a8e1e4eb2435ad84e0ad052f2,U68d955eb8f2aef9296a930884472c1d6,text,delivered,2026-01-26 21:10:09,
03497c5a-92cd-48ca-a490-cbf49d9b79ae,2026-02-15,msg_00089,U3bae1603803a839c0cb52f511d9cb8f6,U1b3e86380f6d43a5fe6a52553228ea8b,text,clicked,2026-02-15 18:39:38,https://example-saas.jp/lp/newmenu
d9530001-0876-461a-aeec-2e52c61ba600,2025-11-22,msg_00047,Ue7310890b01058478be93761a56d0aa0,U2ea8345ce675e066d5a2c5f2c438b08d,video,opened,2025-11-22 15:34:05,
55b4931b-356b-408b-98db-49a92c2da8a4,2025-12-19,msg_00064,Ub0341314a5534ea92b26fa8adc30543f,Ucc732dc0b599b91f5dcce85dbd46ced8,image,delivered,2025-12-19 13:31:51,
e0152fd0-0619-4e6c-9b64-67f2d162f33e,2026-01-24,msg_00007,Ub0341314a5534ea92b26fa8adc30543f,20686898156d0470131a568ec654f971,imagemap,delivered,2026-01-24 06:16:20,
f8411711-3e56-4461-8a14-eebf1a47e004,2026-01-10,msg_00044,U30ad60bba5da9837ca5dd0230ca8f531,U0d82d241da96d4d4554b548435ded0e4,video,delivered,2026-01-10 18:25:25,
a32077c9-2d52-4865-aa07-90c8b5145f3d,2025-11-17,msg_00034,U743849e63f8101ac616f8fd0ba84a167,U6a7df12377f07bc8a8ebe2cb1cafe846,text,delivered,2025-11-17 15:05:12,
d0568029-cb98-44c0-9c11-8cd69e1c4dfb,2026-04-05,msg_00054,U3bae1603803a839c0cb52f511d9cb8f6,Uf3f8e49d6eb069a9fa212785fe332295,image,delivered,2026-04-05 17:25:16,
94b70f64-efcb-48d5-bdfa-f64a3c423e40,2026-02-25,msg_00008,Ub0341314a5534ea92b26fa8adc30543f,Uc81cf87078224aed50225ba4c9313aee,image,delivered,2026-02-25 05:17:44,
1144a431-576a-4cf1-b5cc-81c68b9693bd,2026-02-08,msg_00051,U3bae1603803a839c0cb52f511d9cb8f6,U7cb9022a85c6f44c21a8fc477be3cd98,image,delivered,2026-02-08 01:23:55,
ee5b7b68-3132-472a-bc63-43c1eeab0b4e,2025-12-09,msg_00094,U227d1cd1a801c367de206ec4bbca7330,U312f7d120725d2b3d01794bfb175aa5e,flex,delivered,2025-12-09 07:17:13,
85db5753-b8bf-4f76-b663-d2afbd487485,2025-11-23,msg_00053,U743849e63f8101ac616f8fd0ba84a167,U9fe8d84f8d4ee0310b06f2a45e26a6ac,video,delivered,2025-11-23 10:48:09,
cb8b3cb0-d7ae-41eb-a3c0-a283a4502235,2026-01-20,msg_00026,Ud4a92c8c8050eed40ef171cc2784d638,Uc48d807d5850e60dac6d37a1288b32b5,imagemap,delivered,2026-01-20 09:52:45,
a579519c-e3d6-44c2-9d07-78be697d4a20,2026-02-24,msg_00039,U743849e63f8101ac616f8fd0ba84a167,U6836c1948a35938bd12f5b73142af09d,flex,delivered,2026-02-24 13:12:22,
1b70324c-be27-41ea-98ae-66e91ea67b08,2025-12-21,msg_00022,U3bae1603803a839c0cb52f511d9cb8f6,U6969c6b6168290d84cc89ae34ef28efb,video,delivered,2025-12-21 04:12:22,
98c87fb6-27a7-4421-9cc9-d054ae722a32,2026-02-07,msg_00090,U4784fc8a8e1e4eb2435ad84e0ad052f2,Ub52661526f8e6714a7f29f8c0f4d6bc8,imagemap,delivered,2026-02-07 23:14:30,
a24013a1-212b-4f7d-8905-d09826f99d4d,2025-11-27,msg_00018,U3e5dd3a641c58ad50e49f095c6f1e306,U3596941e8496f5a74290af1d34879c63,imagemap,delivered,2025-11-27 20:15:00,
ccf272c5-4c74-4225-9006-f59fad1e998e,2026-01-17,msg_00037,U7e808d11d6f9901a954a542a7ee09918,U8baed35165a6aa7916f48dbd9eec44d7,text,clicked,2026-01-17 06:57:50,https://example-saas.jp/campaign/spring
bc79b3ac-bae8-41ad-be4a-463c4ee7a9fd,2025-12-24,msg_00091,U3bae1603803a839c0cb52f511d9cb8f6,Udc26bce54e1fdff25f4f2b6c88bd5bca,imagemap,delivered,2025-12-24 01:49:44,
245a18c9-b93e-4050-b37f-d19bf642002a,2026-04-08,msg_00078,Ud4a92c8c8050eed40ef171cc2784d638,e606453ae44b85d05d389b7c4c9ed39e,image,delivered,2026-04-08 03:11:15,
6b6c4e2c-7330-4665-b932-224fce105b53,2025-12-22,msg_00038,Ub0341314a5534ea92b26fa8adc30543f,Uc851d3c2944598b0c37acff963fb01cc,image,delivered,2025-12-22 02:42:22,
b58aaab1-8cdc-4714-a48b-ada3e9a27895,2026-04-01,msg_00072,U4784fc8a8e1e4eb2435ad84e0ad052f2,Udc138dc3a57a494594b9b9b25660801c,image,delivered,2026-04-01 12:10:10,
7a9680be-965a-4412-8ae5-4acf80d9e0b8,2025-12-25,msg_00045,Ue7310890b01058478be93761a56d0aa0,U9bf50b5046fd0b459a10ec760add5436,video,delivered,2025-12-25 08:56:54,
affcc73b-e5ee-4466-ae68-0b7180722667,2026-01-24,msg_00007,Ub0341314a5534ea92b26fa8adc30543f,Ucd07a1efd6b3c0d4e4a0919fd693f816,imagemap,delivered,2026-01-24 17:16:35,
3e84e7ef-816e-41c7-8023-6cc9476b11dc,2025-11-16,msg_00020,U3bae1603803a839c0cb52f511d9cb8f6,U539aaeccbfd5f6f6f6b9666d3f16175d,text,clicked,2025-11-16 15:40:10,
ed7f2060-c37a-4831-9e20-5654fc9cdda0,2026-03-04,msg_00056,U1ca413826b7044d134c9c3132420c9de,583970dbfaa9c925c9dd24e2f1879854,text,opened,2026-03-04 16:12:09,
db50ac6a-19be-4c39-8307-a34cd6cb5dce,2026-01-26,msg_00005,Ub0341314a5534ea92b26fa8adc30543f,Ucd5f8f4d9e4b77c7b7288c7fc902b8dc,image,delivered,2026-01-26 02:16:41,
488f09ff-d3dd-4264-9c7e-4925c1646ad5,2026-01-30,msg_00050,U3e5dd3a641c58ad50e49f095c6f1e306,Ud517fb1b91c26ee486ce270f997f95ee,image,delivered,2026-01-30 12:41:40,
e188753b-5fb8-42d0-9d63-e55cec94532c,2025-12-22,msg_00038,Ub0341314a5534ea92b26fa8adc30543f,Ua3da321c0f880f58c8e9b7922b7a1d0b,image,delivered,2025-12-22 06:43:04,
b0d853f9-8ba6-44d1-8165-d61f638e9c23,2025-11-23,msg_00114,U3bae1603803a839c0cb52f511d9cb8f6,U5806f87e75d1e6832ee610ea2f1fc5fe,flex,deliverd,2025-11-23 19:22:10,https://example-saas.jp/coupon/500off
d40fead9-e1bf-4b7e-9518-0964c6c789fd,2025-12-25,msg_00077,U743849e63f8101ac616f8fd0ba84a167,U11ccca00e81732a1266a44ab0dbee3be,text,delivered,2025-12-24 12:17:31,
2ba0e2f9-89ad-4388-b7cd-7727fb90ade6,2026-02-09,msg_00083,U3bae1603803a839c0cb52f511d9cb8f6,U051be4d8e57c53e67d1f3b92c8946c45,flex,delivered,2026-02-09 19:15:20,
61d375cc-2397-4879-8dd4-85af5cf682cb,2026-04-10,msg_00101,U743849e63f8101ac616f8fd0ba84a167,U7ac4ad9f9daec86b4898a01deb55eb92,imagemap,opened,2026-04-10 16:45:16,
095f5c4e-d695-418b-8276-37129774fd2e,2026-02-28,msg_00117,U743849e63f8101ac616f8fd0ba84a167,1601eb4973df651917496588a4320e30,video,opened,2026-02-28 21:20:27,
7d470e0b-fa0f-4aae-96e6-ad1491218b6d,2025-12-23,msg_00061,Ub0341314a5534ea92b26fa8adc30543f,Ud9fd654e05abf3e8319045afc436a1a6,imagemap,clicked,2025-12-23 02:19:29,
247b403f-82ad-4fd4-8870-810969dbc799,2026-01-14,msg_00081,Ue7310890b01058478be93761a56d0aa0,U207af9ff32c583ed0afc3c832ef9f5a3,video,delivered,2026-01-14 16:16:58,
0d11c75a-8315-4bfa-80a2-dd684d2a4c1a,2026-03-14,msg_00009,U743849e63f8101ac616f8fd0ba84a167,Uf1cf3e557266863e0047c7201ad5c339,imagemap,clicked,2026-03-14 09:02:58,
67dfcb62-dedb-4681-bf63-be2c7052793b,2026-01-09,msg_00052,U743849e63f8101ac616f8fd0ba84a167,U0be159deed8e87a1dbec56c675ea0546,video,delivered,2026-01-09 09:26:01,
e3482666-e4d4-427a-b4ba-1fe0a91b28e9,2025-11-17,msg_00034,U743849e63f8101ac616f8fd0ba84a167,U7d3add7abd0572917fc6cd8296332389,text,delivered,2025-11-17 21:37:57,
8de08ddf-7f6b-4061-97a9-043f152f1289,2025-12-21,msg_00022,U3bae1603803a839c0cb52f511d9cb8f6,a143b1a87237592ac55f036a21ba9c69,video,opened,2025-12-21 23:55:04,
06b6ddbf-2ab7-4525-81c4-0dc79ef98f9f,2026-03-25,msg_00079,U743849e63f8101ac616f8fd0ba84a167,Uc16458f157890b7b86c2ed2bfa7a38b7,text,opened,2026-03-25 12:15:32,
3518bb1e-65d2-482d-918b-21811ac88ca6,2025-11-16,msg_00011,U837b70463a585f85743b5bfb3b49c9fd,U14e24553970a566efd4e1134dabd60b4,flex,delivered,2025-11-16 14:06:15,
fced475c-f16b-4cee-9aeb-0810d50f605c,2026-02-15,msg_00006,U743849e63f8101ac616f8fd0ba84a167,U816f228c6b24e29fd71e7b5e5d87b6ad,flex,delivered,2026-02-15 02:19:17,
9a7f7029-c9bd-45ce-9052-08d3d759a813,2025-12-23,msg_00061,Ub0341314a5534ea92b26fa8adc30543f,U22531594d3e0808b841bf1fd9ddcbf56,imagemap,delivered,2025-12-23 02:26:57,
8f2c0a83-8ba7-4c8a-ba1a-64d81536930a,2025-12-31,msg_00082,U227d1cd1a801c367de206ec4bbca7330,U0912763811b1c25576aef9bc247de355,imagemap,delivered,2025-12-31 22:45:42,
4d75846e-5372-4be5-9bc3-cb7040f01cfc,2026-03-27,msg_00096,U476acbdef8e9a16d24575e4f6d7b0f31,Ua529f396c1437e098c59f3f49d250d63,imagemap,opened,2026-03-27 02:13:14,
d7ffa17d-055a-45a2-82cb-91d3a3c31446,2026-01-26,msg_00115,U3bae1603803a839c0cb52f511d9cb8f6,U9fd0eff6ee1b119d4f79926cc5048b67,imagemap,delivered,2026-01-26 10:39:21,
2b9d61e7-cc90-4f25-8c6b-efdacc4b9626,2026-03-27,msg_00096,U476acbdef8e9a16d24575e4f6d7b0f31,U185b41f8ea664f5630651c72f4926955,imagemap,delivered,2026-03-27 16:24:45,
f0b37aa9-e308-4a48-884d-ecad70f49cec,2026-02-28,msg_00117,U743849e63f8101ac616f8fd0ba84a167,U351732bce93ee9fcf5a79d1c0b0d7e21,video,opened,2026-02-28 05:52:39,
0a2a0e03-68ea-4bb8-83eb-ba07badbb7a2,2026-01-07,msg_00110,Ub0341314a5534ea92b26fa8adc30543f,Ub4d3feb85a04886e554832c3f4edc405,video,delivered,2026-01-07 11:10:18,
f3871562-4eb4-4476-b599-ec7e29b6a089,2026-01-17,msg_00037,U7e808d11d6f9901a954a542a7ee09918,U4e04f16c3825c5f088c8eb6eecb64a9b,text,delivered,2026-01-17 21:38:39,
bab4ca61-2922-4803-8046-179d45d46afd,2026-02-05,msg_00107,U3bae1603803a839c0cb52f511d9cb8f6,U6ca4bd0409b9f59c6c42dd2bfe5090ca,text,opened,2026-02-05 13:40:27,
b9982956-f0f2-429c-a2cb-2e82cbeaa4a3,2026-03-20,msg_00057,Ub0341314a5534ea92b26fa8adc30543f,U51e9e853505993086cdc072ae70f492d,video,delivered,2026-03-20 16:13:57,
1458c231-7591-46ea-9b33-83b285b5ee4a,2026-01-30,msg_00050,U3e5dd3a641c58ad50e49f095c6f1e306,U3431589f7d9ff5761ba064d52f22b9af,image,delivered,2026-01-30 09:11:05,
63deaefa-cc96-493e-9b49-40826673b61f,2026-02-05,msg_00107,U3bae1603803a839c0cb52f511d9cb8f6,U6e1c4ff2c1ed6b4cc20e0e28e831dde5,text,opened,2026-02-05 23:22:28,
27dea61a-8ee8-4e65-b7b4-b67573214b75,2025-11-16,msg_00011,U837b70463a585f85743b5bfb3b49c9fd,U4459f4e589ad7b801139604677940d65,flex,opened,2025-11-16 04:49:28,
723078a4-7796-46c0-95b4-e09206a51dae,2026-02-05,msg_00107,U3bae1603803a839c0cb52f511d9cb8f6,U75672922398b837019029b28bdb59006,text,delivered,2026-02-05 14:30:15,
4a01ece3-7516-40b3-a5df-7416b5c62d3a,2026-02-15,msg_00006,U743849e63f8101ac616f8fd0ba84a167,U8856bd4bec068763fe6b3a9e31318d81,flex,delivered,2026-02-15 15:02:20,
49842acc-9bac-4e50-896c-ad6f978a0913,2026-02-08,msg_00051,U3bae1603803a839c0cb52f511d9cb8f6,U15060bf73b30a17485eb64871d572040,image,opened,2026-02-08 02:28:32,
603e1d37-1168-4b84-9db1-c2ab586e5e60,2025-11-23,msg_00024,Ue8d9224ecde331ce692edfce0b5ecdc4,U93c37a6902b9c033bc7206fb1f159d47,text,delivered,2025-11-23 17:23:06,
195480ff-2ce0-4169-a485-60e49d08c753,2025-11-16,msg_00020,U3bae1603803a839c0cb52f511d9cb8f6,U96e6ed32a05113160a733cfde42ec10f,text,delivered,2025-11-16 17:32:19,
77191152-afb4-4a72-9b10-38bff85ad6fd,2026-03-12,msg_00084,U68d2301028fb66b51d9111f1af067e34,Uad3d6ca6e10a3aea8b6c270c6b235fb9,video,delivered,2026-03-12 14:01:52,
474ae03c-b027-4a92-a95b-f47a0247a975,2026-01-14,msg_00081,Ue7310890b01058478be93761a56d0aa0,215961d428f598ed0028c8e6dfc1267a,video,delivered,2026-01-14 00:31:19,
4aaa4bf0-cfd2-4502-8d3e-62adb424f6d0,2026-04-01,msg_00072,U4784fc8a8e1e4eb2435ad84e0ad052f2,U17165c5ed6be26f0f5fa53b967f125b9,image,delivered,2026-04-01 02:01:59,
905f6da1-0c5f-4f00-a7f6-27d6d87eb599,2025-12-21,msg_00022,U3bae1603803a839c0cb52f511d9cb8f6,Uae2ee8cd0277060165abf422504d4f7a,video,delivered,2025-12-18 05:59:21,
e5f2458e-2f6c-43dd-97bf-de37a5f41de1,2026-01-29,msg_00031,U3bae1603803a839c0cb52f511d9cb8f6,U9bb0ea4bd378e7943cb82fc5abfe920d,video,delivered,2026-01-29 08:40:44,
3682d2ea-bc7b-4baa-a2ca-9d7573f47156,2026-03-06,msg_00055,U3bae1603803a839c0cb52f511d9cb8f6,Ube14f2bad7e48896e5284f495f9babdd,flex,delivered,2026-03-06 02:59:23,
26cad14b-08c0-4051-a0ee-e0a396b18f38,2026-02-09,msg_00083,U3bae1603803a839c0cb52f511d9cb8f6,74c9b63e2a4448de679d8cc9cfd3d95f,flex,blocked,2026-02-09 23:25:17,
6ad78b61-d9fe-474b-a891-6e82b84996a9,2026-03-08,msg_00112,U3bae1603803a839c0cb52f511d9cb8f6,U08ba8c1ab40034873f7dd789b18a93f0,image,delivered,2026-03-08 20:14:25,
c763402e-f84b-4109-a85f-1e206f5822a4,2025-12-22,msg_00013,Ub0341314a5534ea92b26fa8adc30543f,Ud5339cf46f40c9bbd1b80e5c9248a179,image,delivered,2025-12-22 09:21:14,
474393f5-90f2-421e-b030-2ce241a31d13,2025-12-07,msg_00003,U227d1cd1a801c367de206ec4bbca7330,U04ec8368e5d152eb4a83d44e9e8d2b47,image,opened,2025-12-07 02:44:10,
8e1aed0f-51f9-4efd-9239-14476cfec3cf,2025-11-23,msg_00053,U743849e63f8101ac616f8fd0ba84a167,U545c85189217cbb87b6b2870fe73084d,video,delivered,2025-11-23 07:41:28,
4a00da23-ae3e-46a5-ae9c-519e88997c33,2026-03-30,msg_00076,U743849e63f8101ac616f8fd0ba84a167,Ued07ad44a73f93b73bf688077997d2e8,image,clicked,2026-03-30 08:06:15,https://example-saas.jp/coupon/500off
f7e63bd4-5072-47c1-bdc6-21d3e2707641,2026-03-05,msg_00014,U3bae1603803a839c0cb52f511d9cb8f6,U80abe70cf662d03346b3dbf7000aac40,flex,delivered,2026-03-05 15:55:48,
d1f9b50b-7169-4de3-81dd-52c2291d8a5c,2026-04-08,msg_00041,Ue7310890b01058478be93761a56d0aa0,U2147736ce1aa44d249cff9cf088a05d9,text,delivered,2026-04-08 16:39:43,
1a8978b6-4ab6-4f6f-adcb-f12ebcd46e7b,2026-02-14,msg_00065,U743849e63f8101ac616f8fd0ba84a167,5358103c6e438f8ba84ffd931f480d9b,image,opened,2026-02-14 17:07:44,
1cc019d7-b031-4e4f-804e-22a794c45770,2026-04-04,msg_00049,U476acbdef8e9a16d24575e4f6d7b0f31,U498ec3f4ea8584c044bd8ecb28cd0ba1,text,delivered,2026-04-04 03:09:57,
74290b6f-2313-487f-babd-f76a61a26240,2025-11-25,msg_00043,U3e5dd3a641c58ad50e49f095c6f1e306,U2cc30775a71482fd228446b86e9ac8bf,flex,delivered,2025-11-25 08:22:42,
7dc12ebf-929a-4a7a-aeb7-339c31a70304,2026-03-29,msg_00097,Ub0341314a5534ea92b26fa8adc30543f,42e525bc97f253d7b5759871426b1d96,text,clicked,2026-03-29 22:40:52,https://example-saas.jp/coupon/500off
194cfbd8-bd5c-48f8-8b61-4c14ddb7b2a7,2026-03-21,msg_00023,U743849e63f8101ac616f8fd0ba84a167,Udcd9ebd7fb1fb5b5c58758900b59bff5,imagemap,delivered,2026-03-21 02:57:39,
675e6b68-0b05-4573-81c3-96edf5756fbd,2026-01-26,msg_00063,Ub0341314a5534ea92b26fa8adc30543f,Ua69970c2863281c37df733ea8a3613fa,imagemap,delivered,2026-01-26 23:51:22,
6e6b5fea-1171-4b31-80f5-8e78d4ca8ec1,2025-12-07,msg_00003,U227d1cd1a801c367de206ec4bbca7330,U08af7c19bf1ce4825e74e9e5dc07d6f4,image,delivered,2025-12-07 15:15:52,
c95acd68-fa96-42a6-9736-1942cea67707,2025-12-07,msg_00003,U227d1cd1a801c367de206ec4bbca7330,Ubcc52d509df913eb1d60d8cd9f8379d4,image,delivered,2025-12-07 09:48:38,
2199e9a8-1f68-4d27-9a05-a1be1f3ff328,2025-12-19,msg_00064,Ub0341314a5534ea92b26fa8adc30543f,U187402804f0bc3436e36d359ddaf5996,image,delivered,2025-12-19 16:41:54,
db7ab229-257c-4fd7-853a-a01a68d10be6,2025-12-22,msg_00013,Ub0341314a5534ea92b26fa8adc30543f,Uc5b9694010d2a69611f08691d8346517,image,delivered,2025-12-22 08:33:54,
fa09a32e-894c-4b11-8b56-83ab03eaa247,2026-01-26,msg_00005,Ub0341314a5534ea92b26fa8adc30543f,U0ca296c67bd4f6cb0d7cea870a563d31,image,delivered,2026-01-26 17:14:18,
65ed75a7-9026-4e8a-aa5d-113d683e4877,2026-01-18,msg_00102,U227d1cd1a801c367de206ec4bbca7330,U9d44772a368c852abbf429204bb813c7,video,delivered,2026-01-18 14:49:06,
e1facc45-c947-4923-81d7-fafa6c12d52e,2026-02-08,msg_00051,U3bae1603803a839c0cb52f511d9cb8f6,757a3918e54469ce43bb939cf2a037cf,image,opened,2026-02-08 23:19:36,
8981b982-2bcb-497f-b823-401971f84c7a,2025-12-24,msg_00091,U3bae1603803a839c0cb52f511d9cb8f6,U857338f5a7ec2cc666a6db1464299609,imagemap,delivered,2025-12-24 12:32:39,
3405e20a-4b07-403f-9cad-f26370b63775,2026-02-14,msg_00065,U743849e63f8101ac616f8fd0ba84a167,U18aed61c82ba31c9c1baaba3949ea50f,image,opened,2026-02-14 10:50:13,
553b3b1e-1a38-4492-8b7f-da2816f4f3d1,2026-03-11,msg_00067,U7e808d11d6f9901a954a542a7ee09918,e48c86a59ed075e6c22c7261c7d350ab,video,clicked,2026-03-11 08:11:34,https://example-saas.jp/campaign/spring
bf3864a7-0ce0-45b1-af97-e0d3e9b8a00a,2026-01-10,msg_00044,U30ad60bba5da9837ca5dd0230ca8f531,U6f22776886f57077a5dfdf7e3aa16466,video,opened,2026-01-10 15:38:26,
a68e1a77-3a5e-45b2-87b8-ba1b3ee357fc,2026-01-29,msg_00031,U3bae1603803a839c0cb52f511d9cb8f6,661b5cd979f006ed92593c76410ecf30,video,delivered,2026-01-29 00:46:23,
9752a68c-546b-42f2-89ab-34c680913dc5,2026-02-14,msg_00065,U743849e63f8101ac616f8fd0ba84a167,U667330e9ca0def193e4b8f71f9c4a5bc,image,delivered,2026-02-14 23:11:21,
71ae4d40-9c69-4ed4-b172-21a87ca1bccf,2026-03-11,msg_00067,U7e808d11d6f9901a954a542a7ee09918,U1a718ff2242c9139d58e4b541bb60b99,video,delivered,2026-03-11 20:20:42,
3b217d33-d906-4671-986a-6146a611cbd0,2026-02-05,msg_00107,U3bae1603803a839c0cb52f511d9cb8f6,U495980448325d2d271754a1a7c10f845,text,delivered,2026-02-05 21:13:30,
afa478ba-eba9-4c37-aecb-0abc1ffe80c0,2026-03-11,msg_00067,U7e808d11d6f9901a954a542a7ee09918,U729a0a7c120859c4275827d03d776854,video,delivered,2026-03-11 07:41:11,
a23b5913-1b3f-4dcf-8dc6-26dbbb0d6166,2026-01-26,msg_00115,U3bae1603803a839c0cb52f511d9cb8f6,U30965cdcbbc70d76bf8f87f658bcbacd,imagemap,delivered,2026-01-26 07:24:00,
53bc955e-3f17-4fda-864d-024e6354b3c2,2025-12-23,msg_00109,Ue7310890b01058478be93761a56d0aa0,U3b2b5b8cfeffbbcb2f57c5eb318fc9d5,text,delivered,2025-12-23 11:56:56,
20baa2cc-18ce-401a-a514-44ca81217b6c,2026-02-28,msg_00117,U743849e63f8101ac616f8fd0ba84a167,U74b596a7f8af45cee2490828035bcceb,video,delivered,2026-02-28 12:05:04,
9c885690-6e84-4ff4-a5ba-121b26d781a8,2026-01-07,msg_00110,Ub0341314a5534ea92b26fa8adc30543f,Udaae09e1e64d534996dd56878642812d,video,opened,2026-01-05 02:13:17,
cae32c78-4f1c-4329-8bf2-ade21f1a931a,2026-03-26,msg_00040,U3bae1603803a839c0cb52f511d9cb8f6,Ub96575cf437e19ff982c09947b6c96d3,imagemap,delivered,2026-03-26 07:31:48,
53d87e34-b28b-4a06-96c8-5fb2ec0903ae,2026-03-23,msg_00073,Ud4a92c8c8050eed40ef171cc2784d638,U909b9a6519197048e36fa31bf8e77b65,imagemap,delivered,2026-03-23 14:05:01,
6ad37d4e-6a80-4d2a-bace-607fe3b6d8a2,2026-01-26,msg_00103,U3bae1603803a839c0cb52f511d9cb8f6,Ub2a743d07196be437d83598dce62f09d,flex,clicked,2026-01-26 17:33:19,https://example-saas.jp/coupon/500off
3046f03b-6436-40d0-bbc7-dba5812489f0,2026-02-24,msg_00111,Ub0341314a5534ea92b26fa8adc30543f,c4845b51bd9e803e0cc81d40473b3ab0,flex,opened,2026-02-24 19:14:03,
4508fe3b-5e04-418d-83e7-383e8a04cfb8,2026-02-14,msg_00042,U3bae1603803a839c0cb52f511d9cb8f6,U250b469c2ee78c6a73fc08a530cc8481,video,opened,2026-02-14 08:41:46,
3d1b5fd0-851a-43eb-a872-f9a9397821a3,2025-12-21,msg_00022,U3bae1603803a839c0cb52f511d9cb8f6,U4e847cf2a2161de41b7da4859b4b6442,video,failed,2025-12-21 04:28:16,
469e10c4-5997-4d73-a1af-b6b1d4c97428,2026-03-27,msg_00096,U476acbdef8e9a16d24575e4f6d7b0f31,Uf1d115c3acbf36807c008a0376a0eab4,imagemap,delivered,2026-03-27 20:33:28,
1e542925-3327-4acb-817e-16a76bef59f4,2025-12-24,msg_00091,U3bae1603803a839c0cb52f511d9cb8f6,Uade384088c77041bf869d4c5b464e97f,imagemap,failed,2025-12-24 10:13:31,
1ae22a9b-f66d-4ec7-bbde-2742080ea897,2026-03-12,msg_00084,U68d2301028fb66b51d9111f1af067e34,U83f58f57377c9d5a2323d7725337c0ba,video,delivered,2026-03-12 12:54:08,
d511092b-92a2-462c-8074-00eec6bf12ea,2026-03-31,msg_00046,U4784fc8a8e1e4eb2435ad84e0ad052f2,Uc24a414a5206e716da4a48a923356680,flex,blocked,2026-03-31 04:51:02,
f58a5162-185c-427b-9661-e9a0dd591465,2026-02-05,msg_00107,U3bae1603803a839c0cb52f511d9cb8f6,U980a48cab026c194a8d2ad9bf8b320af,text,opened,2026-02-03 11:22:17,
ebebbb6c-b820-42de-abd0-4e4e1e9cf2dc,2026-01-26,msg_00103,U3bae1603803a839c0cb52f511d9cb8f6,Ued2bc32f527ffcc675fbe029d181e489,flex,delivered,2026-01-26 11:39:45,
9d1f7a5b-bbf0-43a8-93a2-cb0343f96ac8,2025-12-08,msg_00015,Ub0341314a5534ea92b26fa8adc30543f,Ucf7e2aec62de62e69033079c13039962,text,delivered,2025-12-08 11:53:48,
c7f8d2a6-4dc5-4b5c-97b2-01f289c040cf,2026-02-20,msg_00017,U22a93bc29b1df104af6b1ba1cd91fc56,Ubcea18019be1f1e123da24b41fbe2828,video,delivered,2026-02-20 17:14:53,
a896a27e-95ce-4187-b326-5ea9b3ffae87,2026-02-19,msg_00016,U837b70463a585f85743b5bfb3b49c9fd,U7d50409d29313c990cef8617260eb842,flex,delivered,2026-02-19 09:32:01,
c7cfd78d-ac81-432f-a378-f9388cb2b7c2,2025-12-17,msg_00032,U3bae1603803a839c0cb52f511d9cb8f6,U9e8e4364a828b5ed2a9a709a741defcf,video,delivered,2025-12-17 18:39:58,
cce97757-1203-4518-b720-d8cb8d565244,2025-12-18,msg_00114,Ub0341314a5534ea92b26fa8adc30543f,Ufe1e524e8c3d506e5873a1b629a3dde1,flex,delivered,2025-12-18 16:50:03,
fa2a71bd-cc0b-4c28-8c64-eb99092b232d,2026-02-09,msg_00083,U3bae1603803a839c0cb52f511d9cb8f6,Ub9611c463df4c84c270d423a40cd2daf,flex,opened,2026-02-09 01:17:02,
3a865c5e-663d-4d69-b225-d338dde0883b,2026-01-01,msg_00027,U4784fc8a8e1e4eb2435ad84e0ad052f2,U999339afd47919d75f95091db1626dba,image,delivered,2026-01-01 05:50:50,
a22cce42-e525-4155-bf0b-2a7907cd9ad1,2025-11-22,msg_00047,Ue7310890b01058478be93761a56d0aa0,U2e34f5aed8cc5328835ce172c7a93fcc,video,failed,2025-11-22 16:46:01,
dfb5477b-260b-4200-b500-d6bdbc3029b8,2026-01-07,msg_00110,Ub0341314a5534ea92b26fa8adc30543f,Ucb0b05cacc30e2b93b42908a38a47aab,video,delivered,2026-01-07 11:01:46,
f7da78b7-4742-409d-a89c-52a8ee55240d,2025-12-12,msg_00004,Ub0341314a5534ea92b26fa8adc30543f,U89e702c2c3ddbc71a5be1872f676704b,video,delivered,2025-12-12 21:04:08,
8a836faf-5551-44c5-a575-23ecc4ff0608,2026-02-20,msg_00048,Ue7310890b01058478be93761a56d0aa0,U9b4577cb855e4f96f52a9100f849b47a,flex,delivered,2026-02-20 22:50:13,
35b3a316-498e-43a4-b3bc-06c5bc1f8161,2026-01-09,msg_00052,U743849e63f8101ac616f8fd0ba84a167,U63cfec9d2479d32fed983e18b054e6a9,video,delivered,2026-01-09 19:57:29,
340655b8-5765-40a2-abca-61dc15888985,2026-03-31,msg_00046,U4784fc8a8e1e4eb2435ad84e0ad052f2,Uc7a317a84bcf61322f1d273480ed841c,flex,opened,2026-03-29 19:32:37,
73af1caf-132f-44d2-96c9-7ebe6e959c27,2026-02-08,msg_00051,U3bae1603803a839c0cb52f511d9cb8f6,U7a773c2c9a0a1372bc09319fbaeb8396,image,delivered,2026-02-08 00:09:03,
5b8fb344-976a-4a6b-bc62-c2359106c9e1,2025-12-23,msg_00061,Ub0341314a5534ea92b26fa8adc30543f,Uc5bd0842366b93b9cca126fa4a25dbd0,imagemap,delivered,2025-12-23 03:47:17,
f338c148-b072-4718-96a3-36073573e2f1,2025-12-17,msg_00032,U3bae1603803a839c0cb52f511d9cb8f6,U9e03a865b2c9cb58cc1ca99f2c3142f5,video,opened,2025-12-17 11:51:03,
ac998157-6755-4b8a-ad7b-1fb3040af05f,2026-03-22,msg_00119,U3bae1603803a839c0cb52f511d9cb8f6,Uedde4359189c289d63d3e6fae055f1ad,imagemap,delivered,2026-03-22 11:30:03,
1a142fce-91b1-4881-ab0c-6a5b2313dcd1,2026-01-26,msg_00005,Ub0341314a5534ea92b26fa8adc30543f,Uf2541c3b36d67bff35e0c6b1be4d2427,image,opened,2026-01-26 06:59:51,
3193e151-0b32-4a5c-891d-1feb88be31f5,2025-12-23,msg_00061,Ub0341314a5534ea92b26fa8adc30543f,U39e8da7e34fdfc80ec1ca81fd196a232,imagemap,delivered,2025-12-23 22:44:58,
77cc0f43-25f4-43e3-a5d8-089549ef2dcd,2025-12-19,msg_00118,U4784fc8a8e1e4eb2435ad84e0ad052f2,Ub52d704742d6dbd2243d932670c4089e,image,delivered,2025-12-19 23:12:29,
d15ff0c9-9c23-44e4-ae7e-ba36dde2830d,2026-02-20,msg_00017,U22a93bc29b1df104af6b1ba1cd91fc56,Ue00a8a883602669e381360c6ca813b0c,video,delivered,2026-02-20 14:06:06,
40b2a135-dc40-49e1-b3fc-12935001dd59,2026-01-07,msg_00110,Ub0341314a5534ea92b26fa8adc30543f,Ucb0b05cacc30e2b93b42908a38a47aab,video,opened,2026-01-07 12:09:56,
93bca2ee-d1ca-4a10-a092-a5c1dea068fc,2026-01-20,msg_00108,Ub0341314a5534ea92b26fa8adc30543f,Uba518f7742332a7d6617e2b7e6692436,flex,delivered,2026-01-20 23:06:11,
d9af8027-5498-4ee0-a1b1-ce6326b3aa06,2026-03-06,msg_00068,Ub0341314a5534ea92b26fa8adc30543f,U90ba0653cf7042313774b717ab033617,video,clicked,2026-03-06 03:09:48,https://example-saas.jp/lp/newmenu
8ff01431-c3d7-465c-96b1-4697d83ece59,2025-12-23,msg_00109,Ue7310890b01058478be93761a56d0aa0,Uc6e6399876fbaa46cad9537f1bc2f216,text,delivered,2025-12-23 19:06:43,
2f839883-3ea0-4a6f-80b6-08ab77f54feb,2026-04-04,msg_00049,U476acbdef8e9a16d24575e4f6d7b0f31,7efebce66059c22d5d8b7e7242da3ff7,text,delivered,2026-04-04 20:44:27,
dd478d99-2f76-43f5-a3d4-8dc726945594,2026-04-04,msg_00049,U476acbdef8e9a16d24575e4f6d7b0f31,U9a944e40707ebc2a3c37d15cc128edb1,text,clicked,2026-04-04 02:54:35,https://example-saas.jp/lp/newmenu
01174c04-1f67-4712-bfbf-78d9e71c96a8,2025-12-17,msg_00032,U3bae1603803a839c0cb52f511d9cb8f6,Ufa25aaa2a1ddb3a40ab7f7922c02dfda,video,delivered,2025-12-17 05:11:14,
4b0b8bc9-deb6-4d50-aacb-84ddb6684371,2025-11-16,msg_00011,U837b70463a585f85743b5bfb3b49c9fd,U39ec77f9ab047fd1d8e2817f3f5fec44,flex,delivered,2025-11-16 14:01:31,
61d26ac4-99bb-40ef-8880-76d2dcd6da98,2026-01-26,msg_00115,U3bae1603803a839c0cb52f511d9cb8f6,U5e098027ca81fd711b42033bef946435,imagemap,delivered,2026-01-26 22:14:35,
d033945b-6e62-4bc4-9645-bf419a92cc82,2026-03-05,msg_00014,U3bae1603803a839c0cb52f511d9cb8f6,Uf1711025c295ca13c7928dcc3ca85f2a,flex,delivered,2026-03-05 16:44:12,
0486f797-47a4-4c17-8aa9-db6f344cea47,2026-03-11,msg_00067,U7e808d11d6f9901a954a542a7ee09918,U7be5e7b1afc30d12ba117ed5405f7224,video,opened,2026-03-11 16:42:30,
5746788b-aa9d-4ad8-8e8e-3e32b6afe6b1,2026-01-20,msg_00026,Ud4a92c8c8050eed40ef171cc2784d638,U87ddf66b04b6e753e46a8c309355a565,imagemap,opened,2026-01-21 00:06:21,
48fe7826-2f08-414d-a4b6-8eddfc11da9e,2026-03-27,msg_00096,U476acbdef8e9a16d24575e4f6d7b0f31,14781314dc69d6a5266dbabe8e220dad,imagemap,delivered,2026-03-27 01:04:03,
4a34786a-85e5-4ef2-8c07-6d9037358923,2025-11-24,msg_00033,U3bae1603803a839c0cb52f511d9cb8f6,Uf620aa1ef0658c064e0aa3e1a907ac9b,text,delivered,2025-11-24 21:49:58,
4fb12677-7641-4682-879a-9d76a507a1e1,2026-01-26,msg_00063,Ub0341314a5534ea92b26fa8adc30543f,U3471640277bc49599b95abf0d87c803e,imagemap,delivered,2026-01-26 01:17:34,
cac85cbe-f88e-43ba-8acf-e3b0505d3057,2025-11-27,msg_00018,U3e5dd3a641c58ad50e49f095c6f1e306,U562f02b131dda5e5b6ae14bfc92bd5d6,imagemap,delivered,2025-11-27 15:41:41,
31342d3a-364c-4767-aaba-e45eac982f32,2025-12-09,msg_00094,U227d1cd1a801c367de206ec4bbca7330,U0c23c8705e60fcbafd7ef1b5ac5c6fb0,flex,delivered,2025-12-07 08:10:33,
1f68e03d-967a-48ca-b478-197f87aa1ea4,2026-02-08,msg_00051,U3bae1603803a839c0cb52f511d9cb8f6,U32ba08c0efb919ffef4e03d97a8063ff,image,failed,2026-02-08 02:51:31,
134f5762-78d3-4743-9046-ef09b0b21832,2025-11-22,msg_00047,Ue7310890b01058478be93761a56d0aa0,U303420b542cca40f8cbb152d55460361,video,delivered,2025-11-22 01:02:39,
be0ef822-32d6-4ff3-a5f7-5d84e827f284,2026-02-16,msg_00021,U743849e63f8101ac616f8fd0ba84a167,Ue9e17ad3a5dc6ee957a7dd6a4f88bb67,flex,opened,2026-02-16 05:39:03,
fb1d7b24-06c3-4936-a852-cff3197cab97,2026-01-13,msg_00060,U3bae1603803a839c0cb52f511d9cb8f6,U5ebf205a746277eca458fbda9c28f440,image,delivered,2026-01-13 13:53:35,
52ca77b0-af41-4e27-8858-185c9e39d8a3,2026-01-24,msg_00007,Ub0341314a5534ea92b26fa8adc30543f,U8edb3bc31b18fb7ccfedbf70a016af04,imagemap,opened,2026-01-24 20:27:29,
7a4630f4-6785-4fc2-ac1a-fbcff098a886,2026-03-05,msg_00014,U3bae1603803a839c0cb52f511d9cb8f6,Ufcaf72a954e3ccf2d66046e155fccaa3,flex,delivered,2026-03-05 21:50:08,
f41af7d8-b95e-41cf-91a7-e0d7580d9656,2026-03-11,msg_00067,U7e808d11d6f9901a954a542a7ee09918,Udc1dd570b422d29d9a6a6af82196eca9,video,opened,2026-03-11 23:39:58,
c1a5f2ef-8075-439e-a2c6-7f5250773718,2025-11-23,msg_00053,U743849e63f8101ac616f8fd0ba84a167,1e1460d1160d8da410c3fa7a15065648,video,delivered,2025-11-23 03:54:34,
c2972446-2936-40d7-9209-f6bbeaffbfed,2026-04-12,msg_00120,U227d1cd1a801c367de206ec4bbca7330,U5cd8ed08856b7eba7f41afd98c3abcf9,text,opened,2026-04-12 06:12:34,
8b601763-4371-4a50-bdb3-b1daaecf8cc9,2026-01-17,msg_00037,U7e808d11d6f9901a954a542a7ee09918,U18a5bc6acdc048cbb630c6ff9abb4d70,text,delivered,2026-01-17 20:08:23,
da532eb8-21ef-4d2a-904f-358504145043,2026-02-20,msg_00036,U879eb903ad90cd9c2874f6df7651267a,Uce443be7a018ca5e4af8734a9cca674e,video,clicked,2026-02-20 05:54:13,https://example-saas.jp/campaign/spring
3acd4764-15b9-430f-a3b6-d73bd504437b,2026-02-28,msg_00117,U743849e63f8101ac616f8fd0ba84a167,U398161e119fdf90fca39fb783edc6080,video,opened,2026-02-28 05:41:16,
c1936246-0650-4ba2-9a3f-ce4ac0be2cf5,2026-02-15,msg_00087,U3bae1603803a839c0cb52f511d9cb8f6,Ubd068bfe67195421fa0cc22459f2bf4a,imagemap,opened,2026-02-15 06:26:56,
0b114759-ab7e-4b7a-82f4-a55dda5a5dde,2025-12-24,msg_00062,Ub0341314a5534ea92b26fa8adc30543f,U30951cbc2c9e11e983864bdf29a3a317,video,delivered,2025-12-24 20:09:47,
28037bbf-f80c-489f-a69a-b7f4e05c8628,2026-01-26,msg_00103,U3bae1603803a839c0cb52f511d9cb8f6,U48b376a2f708f68a2bd1258abf1fefc2,flex,opened,2026-01-26 12:34:17,
86f5de70-edf5-4d45-a12d-abb7df1dfb55,2026-01-10,msg_00044,U30ad60bba5da9837ca5dd0230ca8f531,U6a4f2858a2f52a4504807b9d94ac8a9d,video,delivered,2026-01-10 06:30:40,
e17ccadf-b1bd-4602-ae11-af207c1a14cd,2026-02-16,msg_00021,U743849e63f8101ac616f8fd0ba84a167,U3783f3593490df21b406b17fcb26f58d,flex,opened,2026-02-16 19:41:22,
c358fdcb-a12d-4fd4-bb3d-c27953ccf59c,2026-01-26,msg_00063,Ub0341314a5534ea92b26fa8adc30543f,Ub0d68c56680fc44bbd5feeb8319f573b,imagemap,delivered,2026-01-26 18:34:14,
f9aca477-f988-48b5-ba84-dcfbb776af93,2026-02-14,msg_00098,U743849e63f8101ac616f8fd0ba84a167,Uee178dc4d699b3b69a25b912a71d9ad2,imagemap,delivered,2026-02-14 18:42:50,
9edc2d99-7b6f-4706-9043-de9b8aa81211,2026-01-10,msg_00044,U30ad60bba5da9837ca5dd0230ca8f531,U242d7d42b3fa2ce9ebc6f033ec81c7ff,video,delivered,2026-01-10 01:51:09,
027127de-02de-41b9-b322-a9c51eac2f01,2026-03-08,msg_00112,U3bae1603803a839c0cb52f511d9cb8f6,U75e547af94a60a383eb842ca1a74d5ab,image,delivered,2026-03-08 01:17:07,
9f3b8bd5-752f-4d33-b9e0-7cfa74cb6874,2026-02-14,msg_00098,U743849e63f8101ac616f8fd0ba84a167,U66e4cf3588aebbe0ef5bd3be5b5f8a11,imagemap,clicked,2026-02-14 10:36:42,https://example-saas.jp/coupon/500off
040630d4-4a7a-4df0-8d5d-017ae14222e8,2025-12-19,msg_00118,U4784fc8a8e1e4eb2435ad84e0ad052f2,U99596b0763603c68f79351cef76f391d,image,delivered,2025-12-19 02:34:38,
24afc593-bd84-41d2-a902-79048a2bc63c,2025-12-09,msg_00059,U3bae1603803a839c0cb52f511d9cb8f6,U603e42097de3a0aa248dfab7d299510d,imagemap,delivered,2025-12-09 15:08:19,
5ffebd90-d214-445d-97e7-2f20fb6926ce,2026-02-08,msg_00051,U3bae1603803a839c0cb52f511d9cb8f6,U7d68048ab97b70a35518e818c151e7e0,image,clicked,2026-02-08 05:52:15,https://example-saas.jp/survey
7a232f76-5763-4860-9a88-71243c071724,2026-02-16,msg_00021,U743849e63f8101ac616f8fd0ba84a167,U7ddde5de20278a5cbb95309276a2c2fb,flex,delivered,2026-02-16 18:40:01,
2bef712c-4f58-4675-9452-31ce9a1011c1,2026-01-10,msg_00044,U30ad60bba5da9837ca5dd0230ca8f531,U52cf86db40b0ccf5a95bdc24fef89a3d,video,delivered,2026-01-10 14:45:14,
6b56916c-a501-44bb-a050-ffc8b51b5501,2025-12-21,msg_00022,U3bae1603803a839c0cb52f511d9cb8f6,U8e9f59f8e0d24b6ff6370eea9a76edef,video,delivered,2025-12-21 22:54:31,
555ac706-640c-45db-b64f-6fd0c4ddf799,2026-03-14,msg_00009,U743849e63f8101ac616f8fd0ba84a167,U59ad5ee4ef060bfc8d7f12c8764edced,imagemap,opened,2026-03-14 12:25:19,
ed5260be-533e-457e-94c4-0beb32555fbf,2025-12-25,msg_00077,U743849e63f8101ac616f8fd0ba84a167,U57b5f7f8c7459403c61f05b0f977798a,text,opened,2025-12-25 01:08:42,
0a3e9ad5-c463-4bc8-a6e1-0717a03848d1,2025-12-18,msg_00070,Ue9a1e8a5b83a6b296d43c957a8cfba4a,Uc7a90c98904a4700b5d213b428a09024,imagemap,delivered,2025-12-18 17:47:43,
e87e5fba-8f22-41dc-8734-978661fb2b0a,2025-11-17,msg_00099,U3bae1603803a839c0cb52f511d9cb8f6,U9efcbdd4a57b0e126397038773327088,text,clicked,2025-11-17 22:18:05,https://example-saas.jp/survey
97554d17-e20d-4973-91d9-f73071270c8f,2026-01-24,msg_00007,Ub0341314a5534ea92b26fa8adc30543f,U7f936ea7c6c0d7dd7e636080a3f492e7,imagemap,opened,2026-01-24 04:36:04,
c8779bb3-df30-4711-88a5-9dcc8a243507,2025-12-17,msg_00032,U3bae1603803a839c0cb52f511d9cb8f6,Uaf9375f0414fff2c0142dfe676267935,video,opened,2025-12-17 05:25:56,
07251094-f934-4959-8e46-84072cb07d9a,2025-11-17,msg_00099,U3bae1603803a839c0cb52f511d9cb8f6,Uea7f51b04adb7696d80a96b5baa8c8ae,text,opened,2025-11-17 04:19:53,
b8658d52-9655-45dd-b7e8-fae094abc7bd,2026-02-24,msg_00111,Ub0341314a5534ea92b26fa8adc30543f,U355ed66b28ed7a15843435b40ac07fd8,flex,failed,2026-02-24 19:29:57,
e7f9dfcc-82f4-4714-83a4-eebac4c94380,2026-02-14,msg_00065,U743849e63f8101ac616f8fd0ba84a167,U061de9169bdb9c366500f2bbd785bb14,image,opened,2026-02-14 17:02:00,
71e6bcb9-3b02-4e44-9613-9753c80a3a04,2026-02-15,msg_00006,U743849e63f8101ac616f8fd0ba84a167,Uf8334c7903c53d229601d67cf90e0b92,flex,delivered,2026-02-15 21:16:19,
99820765-eef8-4558-b729-4c3f904089b1,2026-02-16,msg_00021,U743849e63f8101ac616f8fd0ba84a167,U0e2661d83171be474b21604153eb5905,flex,clicked,2026-02-16 19:35:15,https://example-saas.jp/campaign/spring
d1610361-45e4-497c-9c7f-cf4b947870cd,2025-12-12,msg_00029,U743849e63f8101ac616f8fd0ba84a167,U71caab2ec506de5f0a2b72a90c56aa59,imagemap,delivered,2025-12-12 18:26:20,
703089ec-7498-4ec8-95b3-313a58c4198f,2026-01-14,msg_00081,Ue7310890b01058478be93761a56d0aa0,U268d76f29c670c5128ed38b0a18748cc,video,clicked,2026-01-14 10:09:51,https://example-saas.jp/campaign/spring
869cc05e-2b12-4d21-abe2-ac1afe639717,2026-03-14,msg_00009,U743849e63f8101ac616f8fd0ba84a167,Uc53465311b12447df0b4b71276294008,imagemap,delivered,2026-03-14 13:30:48,
81aee0d7-d062-4995-9f2a-d12239187610,2025-12-02,msg_00088,U3bae1603803a839c0cb52f511d9cb8f6,U26add0ed1cd7353255482033ebb088f7,image,delivered,2025-12-02 08:02:00,
2e41008e-0892-410e-8cd4-bd7457157f9e,2025-12-07,msg_00003,U227d1cd1a801c367de206ec4bbca7330,U95e11d3f8e75d012ad24db252fb06642,image,delivered,2025-12-07 20:11:49,
01641f0f-3403-4322-8d6a-3adccb06d7d5,2025-11-16,msg_00011,U837b70463a585f85743b5bfb3b49c9fd,U1a5f28b835c7289d7f3b158ef46fbfbc,flex,delivered,2025-11-16 17:44:59,
ed3267b2-54c2-4a96-a087-7657e89b7080,2026-02-25,msg_00008,Ub0341314a5534ea92b26fa8adc30543f,U672d4096d8a4bd65226f89406e9d21b2,image,delivered,2026-02-25 00:35:21,
bd36ea37-edc3-49d3-9ff6-d1465affc661,2025-12-21,msg_00022,U3bae1603803a839c0cb52f511d9cb8f6,U72f49380b8c66097af68cfc643c93a4b,video,delivered,2025-12-21 00:40:05,
b9a409fe-ea83-42f4-b999-a3733df15763,2026-01-20,msg_00108,Ub0341314a5534ea92b26fa8adc30543f,Uf88fa10d136188e3b0999868295b0b08,flex,delivered,2026-01-20 11:00:32,
73a701cb-ce57-4690-a602-86bbb0dc904a,2026-01-14,msg_00081,Ue7310890b01058478be93761a56d0aa0,U20066c4d4d7a6ce0a2d7b935364e37c5,video,delivered,2026-01-14 17:16:10,
e7c44d08-fe78-4d09-b50c-cee69e5dfefe,2025-12-12,msg_00004,Ub0341314a5534ea92b26fa8adc30543f,U315799f309530991569fa5a0932d3e54,video,delivered,2025-12-12 09:49:57,
f721e9a8-501d-4d4b-9453-91ca9c53871b,2026-02-15,msg_00087,U3bae1603803a839c0cb52f511d9cb8f6,U9f0f421798100e263a05557ae6eb43ca,imagemap,delivered,2026-02-15 00:30:04,
3395a258-53a1-4ae6-9b19-4b16c5c887b9,2025-11-23,msg_00013,U3bae1603803a839c0cb52f511d9cb8f6,Uddd69da795f95925434a4c12d2fa1681,text,deliverd,2025-11-23 20:21:35,
26fe7c2a-7ac4-474d-af0c-8df7f8614c87,2025-12-25,msg_00045,Ue7310890b01058478be93761a56d0aa0,U25398b784fafc38b16f3537d856ec1e2,video,delivered,2025-12-25 12:34:48,
1f1d6ef1-4b58-479d-b8e6-2ce5f0e76687,2026-02-14,msg_00042,U3bae1603803a839c0cb52f511d9cb8f6,U3fb78839072f0f82139194eef85180fd,video,delivered,2026-02-14 21:38:00,
fb1adeb6-334b-4443-8a92-bef9f8b51981,2025-11-23,msg_00053,U743849e63f8101ac616f8fd0ba84a167,06851e91c7a99fb9b8f025d34918d145,video,clicked,2025-11-23 16:12:18,
0d1cdfd3-db7b-4543-b450-43a6e99deea8,2026-03-31,msg_00046,U4784fc8a8e1e4eb2435ad84e0ad052f2,Udffe4728f973ec86923662069517ae90,flex,opened,2026-03-31 08:52:04,
4ecfe2e1-2649-4ce7-8476-cdbcd9a1042f,2026-02-07,msg_00090,U4784fc8a8e1e4eb2435ad84e0ad052f2,U36afe297590c9ae84b67ee28d816fd79,imagemap,delivered,2026-02-07 06:48:40,
58602829-6087-4b55-be88-e72239ffa803,2026-02-07,msg_00090,U4784fc8a8e1e4eb2435ad84e0ad052f2,U616d662a2256024ac8d1c1c7906aa7bd,imagemap,delivered,2026-02-07 05:47:22,
4a433bd8-5a2b-4de1-83b2-f5ff9b22f61e,2026-04-01,msg_00072,U4784fc8a8e1e4eb2435ad84e0ad052f2,Ude56c474dcf51e3d9237cea94aeab94f,image,delivered,2026-04-01 19:45:27,
b9c31ef3-67d1-4b27-bac9-c70c332345c6,2026-03-05,msg_00014,U3bae1603803a839c0cb52f511d9cb8f6,Ue43bd6ab81849e89c1d91e4f04a19f94,flex,delivered,2026-03-05 04:29:17,
4f3419b5-3a38-4e6a-b173-00a2fd99dfd7,2026-01-24,msg_00113,Ub0341314a5534ea92b26fa8adc30543f,U412df1464a37a99104324734452a8c89,text,clicked,2026-01-24 19:54:55,https://example-saas.jp/campaign/spring
0f13e2cf-22f7-4df5-af40-3c6d09b8e01b,2025-12-12,msg_00004,Ub0341314a5534ea92b26fa8adc30543f,Ubfd35f37737922e402d0b2d789652aa9,video,clicked,2025-12-12 01:32:56,https://example-saas.jp/campaign/spring
0fa8028f-599d-4258-a1bc-1944c8667ee1,2025-12-22,msg_00013,Ub0341314a5534ea92b26fa8adc30543f,fe9ceb36226db35e2b651ccc559cc14d,image,clicked,2025-12-23 00:26:24,
7bccf8a9-4fa0-46ac-84a4-b29c1785f11d,2026-01-24,msg_00066,U3bae1603803a839c0cb52f511d9cb8f6,U5b87c2cc4298f3c0f37a76783911a82b,image,delivered,2026-01-24 01:03:55,
73aa84a2-9dc3-400e-adc9-c67d2fd285ac,2025-12-24,msg_00091,U3bae1603803a839c0cb52f511d9cb8f6,U857338f5a7ec2cc666a6db1464299609,imagemap,clicked,2025-12-24 14:25:25,https://example-saas.jp/lp/newmenu
99c9cc98-bbb8-4e9d-ab00-2f7b5e403451,2026-01-24,msg_00066,U3bae1603803a839c0cb52f511d9cb8f6,U2544552eedd81529b32f08b378ff40e0,image,delivered,2026-01-24 18:19:46,
ece52687-82ed-4214-9e60-0ef63b586830,2025-11-16,msg_00011,U837b70463a585f85743b5bfb3b49c9fd,Uc3e63220150026e7d57aa0aec4536d81,flex,clicked,2025-11-16 10:32:09,https://example-saas.jp/survey
63b31d22-4c92-4283-8510-c9547d651065,2026-01-14,msg_00081,Ue7310890b01058478be93761a56d0aa0,U59ecd6bb785b16e117bccbe2e29c57eb,video,delivered,2026-01-14 11:35:37,
51def3f7-a261-4679-b4ef-5ea5e8a76c52,2026-03-08,msg_00112,U3bae1603803a839c0cb52f511d9cb8f6,Uc90a96f47a10eb19956a2c8944503f05,image,delivered,2026-03-08 09:02:19,
3e14f3df-aa52-4c89-89c2-eff58727a797,2026-04-04,msg_00100,U743849e63f8101ac616f8fd0ba84a167,U77781384ad54cc9035a0bfce0aab9858,image,delivered,2026-04-04 08:25:17,
ef3afdc7-dc7a-4206-a224-11480ba7c094,2026-01-24,msg_00066,U3bae1603803a839c0cb52f511d9cb8f6,U8f94b18e2c0f83e00e32ac3a82f0ce86,image,delivered,2026-01-24 15:21:07,
9d69941d-f324-4608-9904-e912ab2758be,2026-01-26,msg_00063,Ub0341314a5534ea92b26fa8adc30543f,U33392e1a07d9e745372cf0dcba58c97f,imagemap,delivered,2026-01-26 16:58:39,
60db7811-c859-41ff-bb40-7f32c6c4e6e5,2026-03-06,msg_00055,U3bae1603803a839c0cb52f511d9cb8f6,U3c94443b953fb8d5c8eb57b4a25629f9,flex,delivered,2026-03-06 01:56:32,
a4ab366f-4810-4d85-8edb-46459af45ee4,2025-12-17,msg_00032,U3bae1603803a839c0cb52f511d9cb8f6,U598f341057bc5b3b796910717b4af116,video,delivered,2025-12-17 01:21:56,
c477ae5f-0edf-4a4e-94ef-866aba8f2a07,2025-11-21,msg_00010,Ue7310890b01058478be93761a56d0aa0,U5481725ca51fe904fd5fae443e519e68,imagemap,delivered,2025-11-21 19:32:38,
661bf135-b400-4cba-90aa-864298c7346d,2025-11-27,msg_00018,U3e5dd3a641c58ad50e49f095c6f1e306,Uc58820df488a696b656ba3b1324a90ac,imagemap,delivered,2025-11-27 23:02:27,
0f7e9567-4f01-4ded-9a85-a0da38ada404,2026-03-06,msg_00068,Ub0341314a5534ea92b26fa8adc30543f,Ud166e1bb0b9fbd516edbea95ce4381c7,video,opened,2026-03-06 01:10:52,
a914c177-6010-4a08-8320-c6f02ceb250f,2026-02-05,msg_00107,U3bae1603803a839c0cb52f511d9cb8f6,Udf0a2bde726298b2edb73623e0564b11,text,delivered,2026-02-05 08:36:35,
369b45fe-80b1-42c0-9e57-0a15b53f1d73,2026-02-09,msg_00083,U3bae1603803a839c0cb52f511d9cb8f6,Uc060ce5746f50cd88f8b7228460519cb,flex,opened,2026-02-09 06:50:52,
9be7fca4-2e11-4023-9ca2-2513620bd6ba,2025-12-18,msg_00114,Ub0341314a5534ea92b26fa8adc30543f,Ub231cb2936c255251c0f41b885e58a9f,flex,delivered,2025-12-18 17:42:11,
bcf643e2-c4dd-451f-88d4-4baaf34199fa,2026-02-24,msg_00111,Ub0341314a5534ea92b26fa8adc30543f,U2b4cf54cb7155d7d301893007181cb8a,flex,delivered,2026-02-24 17:32:46,
f182885d-7200-4717-9675-20c629a8e945,2026-02-15,msg_00087,U3bae1603803a839c0cb52f511d9cb8f6,U9f923cd73f9d03768f5986d0e916ff9c,imagemap,delivered,2026-02-15 19:06:36,
063141e0-3806-48c5-8125-116981b8432f,2026-02-07,msg_00090,U4784fc8a8e1e4eb2435ad84e0ad052f2,U578dfa9e1704fcbb6a9ba3e78912f338,imagemap,delivered,2026-02-07 20:39:59,
9cc44666-2fac-4fd8-9094-c233ec08d87f,2026-02-14,msg_00098,U743849e63f8101ac616f8fd0ba84a167,Uf15798978a593c3082d68dd4d983b0b4,imagemap,delivered,2026-02-14 03:10:29,
907698bd-826b-48fd-957c-1eb90785a8d0,2025-12-07,msg_00003,U227d1cd1a801c367de206ec4bbca7330,Ubb50a393b6c7ce202e1b9cc6640ecaa1,image,delivered,2025-12-07 15:46:46,
44ed4129-a326-4bfe-bb7f-864c0cbcadc3,2025-11-30,msg_00025,Ub0341314a5534ea92b26fa8adc30543f,Udfa74719141bf82ab131ee671ba88b88,imagemap,delivered,2025-11-30 07:04:32,
a8f680c6-1aee-47ac-8379-5db47aa92df4,2026-02-14,msg_00065,U743849e63f8101ac616f8fd0ba84a167,Ubcb40d1d331e272dcae59048ad755cbf,image,delivered,2026-02-14 07:46:24,
2d549938-1539-4b96-bad3-bb9bc8388832,2025-12-19,msg_00064,Ub0341314a5534ea92b26fa8adc30543f,U3ac794b554a02a5a1d5221ef89b0f208,image,delivered,2025-12-19 10:03:57,
5fba2d07-da84-4391-833b-b4b08720f7c7,2026-02-15,msg_00087,U3bae1603803a839c0cb52f511d9cb8f6,U6dc11b7106aa6d3e65518068f7575300,imagemap,delivered,2026-02-15 06:09:59,
94900d7d-ef8d-4eea-bad9-73b5a9b125dd,2026-04-12,msg_00120,U227d1cd1a801c367de206ec4bbca7330,U1bf286e23ed290b47f4a34ec44b11a7d,text,delivered,2026-04-12 10:19:28,
d1416d8f-3910-415e-8c7b-74c68fb8d3b3,2026-03-05,msg_00014,U3bae1603803a839c0cb52f511d9cb8f6,U52f1894a6550a32744284dd9b7f98cd2,flex,opened,2026-03-05 09:12:47,
3cd08bbc-ad9f-4faf-aae0-489c16a5d94a,2026-02-15,msg_00087,U3bae1603803a839c0cb52f511d9cb8f6,U305ca6b59b90a5bde9e06993a5623313,imagemap,clicked,2026-02-15 13:00:37,https://example-saas.jp/survey
6d9d71e2-acbf-4c85-8450-a25a1df49d47,2026-02-08,msg_00051,U3bae1603803a839c0cb52f511d9cb8f6,Ua93be530f50f5c41db1457d160a22631,image,delivered,2026-02-08 11:25:18,
e3c7e56c-819e-4d70-898e-c86fae74aca9,2026-03-20,msg_00092,U743849e63f8101ac616f8fd0ba84a167,44b7e17ec01d817fb91c45500169106b,video,blocked,2026-03-21 06:13:28,
1367fbfe-c443-4bb7-813a-d3e4cefcebc5,2026-03-22,msg_00119,U3bae1603803a839c0cb52f511d9cb8f6,U51e3b297ef7c0f02da62eb08d90cbfee,imagemap,delivered,2026-03-22 02:56:37,
de7397e5-b53e-4e48-84bb-521f484499a6,2025-12-19,msg_00118,U4784fc8a8e1e4eb2435ad84e0ad052f2,U601aeadf1ac5ff8d802066a41b0b3c94,image,opened,2025-12-19 01:43:39,
c0bc8186-4b8f-4b76-99e8-bf01001878d5,2026-04-01,msg_00072,U4784fc8a8e1e4eb2435ad84e0ad052f2,Ue1ef8f521533f5e6542c0902b461a643,image,delivered,2026-04-01 18:46:11,
56560925-2575-4b72-81a8-17a409b0bb0e,2026-04-12,msg_00120,U227d1cd1a801c367de206ec4bbca7330,U4afd5287a0c12013e4ae83728fb2b14b,text,delivered,2026-04-12 08:00:39,
3d7cb3fe-8496-44f9-b82a-3e2c12912a73,2025-12-24,msg_00091,U3bae1603803a839c0cb52f511d9cb8f6,885c0c2323c3203c538af4d4d20f57c1,imagemap,delivered,2025-12-24 21:01:48,
b3c249ef-e029-4cf0-909e-f1a9cd485216,2026-03-25,msg_00079,U743849e63f8101ac616f8fd0ba84a167,Ued3247b3bba8dcfd2e2fc2e736a41656,text,delivered,2026-03-25 05:55:13,
e5b7e8cf-b058-4648-9139-03ccbb93c3bd,2025-11-27,msg_00018,U3e5dd3a641c58ad50e49f095c6f1e306,U8a0d5841b2b4ab643b5f2e2801c28a13,imagemap,delivered,2025-11-27 23:43:32,
81f896be-e1d6-4c1f-95ab-a8d3e5540c5e,2025-12-23,msg_00061,Ub0341314a5534ea92b26fa8adc30543f,U8cc79e48cf27bea6c596e145d4a15988,imagemap,delivered,2025-12-23 08:11:25,
65b3d6fc-c4e9-4ce0-b4d6-a63acc68fb31,2026-03-25,msg_00079,U743849e63f8101ac616f8fd0ba84a167,Uf8132d15fe75c582a0a5de44adccb8a7,text,delivered,2026-03-25 10:13:59,
9a592712-11ab-4aff-bc78-64ef209990e9,2026-02-09,msg_00083,U3bae1603803a839c0cb52f511d9cb8f6,U8ba93fa4e3109554f09412bcff874bb5,flex,delivered,2026-02-09 22:44:19,
5591ba7d-7554-4b4c-a48e-9b22cadc8fd6,2025-11-30,msg_00025,Ub0341314a5534ea92b26fa8adc30543f,U56bc4ef71e7ca8a729aa50868a0e4bd3,imagemap,delivered,2025-11-30 08:42:51,
2aaade5c-e774-46c2-9a5c-c4bd57d2abf3,2026-03-25,msg_00079,U743849e63f8101ac616f8fd0ba84a167,Uc16458f157890b7b86c2ed2bfa7a38b7,text,delivered,2026-03-25 12:13:02,
7fc5c154-557c-4c3e-8f1a-e440c4a2b830,2026-01-20,msg_00108,Ub0341314a5534ea92b26fa8adc30543f,U504073399f37b0270591c156fd01ec40,flex,delivered,2026-01-17 04:47:51,
f9c79002-771b-4b20-b082-7f09f4c48d38,2026-02-25,msg_00008,Ub0341314a5534ea92b26fa8adc30543f,U1e6fe4718df05fd3e2961878d4afdc7e,image,delivered,2026-02-25 12:50:46,
1ef9c63f-04c0-41a9-998d-31be968dc859,2026-04-10,msg_00101,U743849e63f8101ac616f8fd0ba84a167,9084d38f6dbb256d8cca6cc41d6fe57a,imagemap,delivered,2026-04-10 02:18:17,
112ecdc8-e77c-48c9-ab97-18af96603277,2025-12-21,msg_00022,U3bae1603803a839c0cb52f511d9cb8f6,U10b6dd097be2db1ff96e03531a206c50,video,delivered,2025-12-21 13:58:07,
13bc2021-3490-41ed-be5e-b15499b36d66,2026-03-04,msg_00056,U1ca413826b7044d134c9c3132420c9de,U2d79cdeec26ff22ec2ce0bbc24241331,text,opened,2026-03-04 08:26:57,
31f5ad17-0374-4bf6-8f67-22c082e1b1cb,2025-12-25,msg_00077,U743849e63f8101ac616f8fd0ba84a167,U2b8afd5ccaea28499367eb4b332e068b,text,delivered,2025-12-25 15:53:28,
1c7c8fe7-3d0a-404e-8adc-3d6409b36260,2025-12-19,msg_00064,Ub0341314a5534ea92b26fa8adc30543f,Uf634f59734a80ec79bba6ccbd8bbf972,image,clicked,2025-12-19 08:21:53,https://example-saas.jp/campaign/spring
83f2d52f-007b-4358-8847-f7751d204a84,2026-04-04,msg_00049,U476acbdef8e9a16d24575e4f6d7b0f31,Ud830465cdad68d662a7b8c3c7874c336,text,clicked,2026-04-04 17:26:00,https://example-saas.jp/survey
cb77143c-f22d-498f-ab66-d15761cdd3fd,2026-03-18,msg_00080,U22a93bc29b1df104af6b1ba1cd91fc56,U2300509edfda0c8d59d41bf558915666,flex,opened,2026-03-18 20:51:03,
f1b2d7fc-1cac-4a54-bf8f-0ca03f55b9b5,2026-01-24,msg_00007,Ub0341314a5534ea92b26fa8adc30543f,U7ea85268f57096391dd1fed8b878ffb6,imagemap,delivered,2026-01-24 21:50:16,
dba42a16-4ced-4eaa-b530-61f19642eceb,2026-03-05,msg_00014,U3bae1603803a839c0cb52f511d9cb8f6,Ub0dc1dcb41d92454ae2e63fce1fd51d2,flex,delivered,2026-03-05 15:24:50,
56eb987c-9344-409c-a2ae-1ae51dcb10fb,2026-04-04,msg_00100,U743849e63f8101ac616f8fd0ba84a167,Ue9a62bdfe460b6af9306b85c810590e7,image,delivered,2026-04-04 19:03:32,
4ec04bf0-b07e-4bba-aa23-843745e2f36c,2026-03-31,msg_00046,U4784fc8a8e1e4eb2435ad84e0ad052f2,2c56f95541e5153f8c0bf39efe40b7fe,flex,opened,2026-03-29 21:01:53,
c018088c-8fda-4158-8b04-925d7bb22ba4,2025-12-12,msg_00004,Ub0341314a5534ea92b26fa8adc30543f,U2baa3a46a8b59060761375c859d91268,video,delivered,2025-12-12 00:39:33,
f00fea35-99e5-4647-a2e1-cc9b02beeda5,2025-12-12,msg_00004,Ub0341314a5534ea92b26fa8adc30543f,Uf28c5a9e219b633b0ecfeb58faaa13a5,video,opened,2025-12-12 16:23:01,
1dbd2822-9217-4e2c-91ff-bd97534a00f2,2026-04-01,msg_00072,U4784fc8a8e1e4eb2435ad84e0ad052f2,Ub06f43b7f6117f66dc3c2f29aa334ee5,image,delivered,2026-04-01 03:05:21,
34eb556c-3103-4728-8119-fd2f7338b30f,2026-02-15,msg_00006,U743849e63f8101ac616f8fd0ba84a167,Uafbebac50773f77bb1a71892cb6eb9f3,flex,blocked,2026-02-16 20:40:01,
d3089399-f759-4ea3-83fa-990e784a4b8f,2025-12-22,msg_00013,Ub0341314a5534ea92b26fa8adc30543f,Uab3ee4e80f52bcec94a6fadfa7b18916,image,delivered,2025-12-22 23:16:30,
650584c6-10f5-4656-988b-7441303dd79e,2026-03-11,msg_00067,U7e808d11d6f9901a954a542a7ee09918,U4b47d9b94d56891feaf1702fe804c182,video,delivered,2026-03-11 17:39:37,
82a60fc5-9df8-4072-a0bc-613e1833e636,2026-01-07,msg_00110,Ub0341314a5534ea92b26fa8adc30543f,U35fb77e46d1a4c81168f051d405f4cfc,video,opened,2026-01-07 22:14:16,
9fd751df-bbd3-4823-a063-67eaf9a99434,2026-01-26,msg_00115,U3bae1603803a839c0cb52f511d9cb8f6,Ucd8d8ee048c528112cf044b00dec5a7f,imagemap,opened,2026-01-26 23:47:09,
2a66d8d5-0e53-4713-9daa-3eb01037299c,2025-11-30,msg_00025,Ub0341314a5534ea92b26fa8adc30543f,Ua91b1d28d1d98733d8305748f49ac8a9,imagemap,delivered,2025-11-30 13:47:50,
602d92f9-7412-48e6-ac1b-5e6769eb9571,2026-01-10,msg_00044,U30ad60bba5da9837ca5dd0230ca8f531,U2d7e84bba2741377cb3c397811375873,video,delivered,2026-01-10 03:22:32,
dc60817d-0536-405c-a29f-dadc29bbe137,2026-03-23,msg_00071,U3bae1603803a839c0cb52f511d9cb8f6,Ua90f157bc265707db72b7b08aa9ce367,imagemap,opened,2026-03-23 08:11:44,
42a64c26-2339-4943-8570-03a93f5457c4,2026-01-30,msg_00050,U3e5dd3a641c58ad50e49f095c6f1e306,U11be3edcfec71f10d7eb54b9999219cb,image,delivered,2026-01-30 13:17:30,
b2909222-ea3e-462e-8d61-5e41af8981b8,2026-01-30,msg_00050,U3e5dd3a641c58ad50e49f095c6f1e306,Ub167b9304b832cfbd17dcd7b5b55cee1,image,opened,2026-01-30 17:22:29,
0aaa5d46-32dc-425f-8515-7aab9ba090c5,2026-02-15,msg_00089,U3bae1603803a839c0cb52f511d9cb8f6,U2fd48486bffaaab2b4a18d39f8033d0e,text,delivered,2026-02-15 03:57:43,
f3614e35-2782-4861-8c4f-9f5f71b93cf7,2026-04-12,msg_00120,U227d1cd1a801c367de206ec4bbca7330,U1099a10bdc4ad4bc6710618e9a1868db,text,delivered,2026-04-12 14:28:40,
bc508425-2aa3-4feb-bc41-81776c083099,2025-11-16,msg_00011,U837b70463a585f85743b5bfb3b49c9fd,U5089f47d0b58627e3390de20e1b12fb4,flex,delivered,2025-11-16 21:59:12,
6eb4da4f-7fd8-48c5-beed-4441f70954e8,2026-01-26,msg_00103,U3bae1603803a839c0cb52f511d9cb8f6,U305c9d909f8e70812b5a556a1b837b8a,flex,delivered,2026-01-26 06:57:11,
009ab81d-1fab-4528-a8a7-ca0654778ba2,2026-02-20,msg_00048,Ue7310890b01058478be93761a56d0aa0,U0452c300aaba7d99ea63a8a281801c70,flex,delivered,2026-02-20 09:39:03,
98cd955f-f482-4ad7-b502-48868740225b,2026-01-07,msg_00110,Ub0341314a5534ea92b26fa8adc30543f,Udaae09e1e64d534996dd56878642812d,video,delivered,2026-01-07 01:51:11,
5f354335-be7f-49c1-bd9e-6ff072dc6460,2026-03-31,msg_00046,U4784fc8a8e1e4eb2435ad84e0ad052f2,Uf9716269dc70821405bb69ff0d448e42,flex,opened,2026-03-31 02:22:43,
c088e942-a22f-4d38-9fea-b480dc40d06e,2026-03-31,msg_00046,U4784fc8a8e1e4eb2435ad84e0ad052f2,Ub5bc79bb3acac22ab361325e247e3c49,flex,delivered,2026-03-31 11:36:33,
4bdc2156-65db-49a7-bb7a-010fac848891,2026-04-05,msg_00054,U3bae1603803a839c0cb52f511d9cb8f6,Uaf301873937580371a59c20c7394cef4,image,delivered,2026-04-05 16:33:47,
9d65a4e0-40f0-4839-876d-57d2f71c0cb3,2026-02-10,msg_00058,Ue9a1e8a5b83a6b296d43c957a8cfba4a,U7a2a6e99fa5269e1229a93504061786a,video,delivered,2026-02-10 15:28:53,
c559d311-3e8b-471a-bfac-7b8be9476ad4,2026-02-20,msg_00048,Ue7310890b01058478be93761a56d0aa0,U1df0b3a4d5bfeae767ef96dcb1bf0bdb,flex,delivered,2026-02-20 06:43:36,
01cda289-035f-4871-8528-aad58b04768e,2025-11-19,msg_00019,U743849e63f8101ac616f8fd0ba84a167,Uc4b8b59b003a4952cd7e6aae49983920,flex,delivered,2025-11-19 10:56:47,
d9f56d62-3447-44eb-b90c-c66e02a899ba,2025-12-19,msg_00064,Ub0341314a5534ea92b26fa8adc30543f,U166f0b248674d5052c8294edfbcc5c0e,image,opened,2025-12-19 10:42:56,
0933c9a2-e02f-4633-8fbc-5eadcc91dd3c,2026-02-24,msg_00111,Ub0341314a5534ea92b26fa8adc30543f,27857b4f4e01f5ceeaf7b40f2af0b577,flex,delivered,2026-02-24 21:40:48,
79b4007e-c99f-4416-b36f-71ef41103962,2025-12-18,msg_00114,Ub0341314a5534ea92b26fa8adc30543f,U4d40aec99f4542117a07608314fe4222,flex,delivered,2025-12-18 19:11:24,
8d9c855c-25fc-4327-b88c-13116e36b58a,2025-12-24,msg_00062,Ub0341314a5534ea92b26fa8adc30543f,Uafc193453b2d4638fc7291859ea9dd3e,video,opened,2025-12-24 08:14:34,
e1e1cb9f-bf00-42b4-951c-c368caeefd15,2026-03-11,msg_00067,U7e808d11d6f9901a954a542a7ee09918,U4b6d198b7ce7adfb788b0d4a67f008bb,video,delivered,2026-03-11 11:10:25,
6e82cb3e-6718-4727-a44d-478f21dcb437,2026-01-07,msg_00110,Ub0341314a5534ea92b26fa8adc30543f,U3fef091e8ba33d880919a536431f0885,video,delivered,2026-01-07 02:18:54,
f713b4d3-19b2-4156-ab17-482d04fdd408,2026-02-08,msg_00051,U3bae1603803a839c0cb52f511d9cb8f6,Ucb1f2527874d50bef5b764d963c83bd4,image,delivered,2026-02-08 17:46:40,
c2dc3489-d191-49ff-9e37-5f06e0f88605,2026-01-07,msg_00110,Ub0341314a5534ea92b26fa8adc30543f,Ud62c4a3ea1906a311e85af2ff4d5c6d5,video,blocked,2026-01-07 17:33:30,
af189151-2b36-4db3-815e-a40e73bb7926,2025-12-24,msg_00091,U3bae1603803a839c0cb52f511d9cb8f6,Uf902f321d803442fee6e5d9f58040778,imagemap,delivered,2025-12-20 19:55:31,
7d2b0d7f-63d0-4807-a600-1ec890253816,2025-11-23,msg_00024,Ue8d9224ecde331ce692edfce0b5ecdc4,U68868dbc3a0a603c62ac670fd9b7f41e,text,opened,2025-11-23 21:54:20,
92dfcc5c-85f8-4962-a9c0-192a40d32f9b,2026-03-20,msg_00106,U3bae1603803a839c0cb52f511d9cb8f6,U2d1ce173f76320a5d1d629f4804609f6,video,delivered,2026-03-20 22:59:22,
48cf4119-20ad-4280-b4c4-1c3f0f8300a2,2025-12-09,msg_00059,U3bae1603803a839c0cb52f511d9cb8f6,U37dc37d511c8ce847f2fa74a894fa744,imagemap,delivered,2025-12-09 00:02:27,
259f9bf9-cdc6-4e1c-896c-f4ed5e4314d7,2026-01-26,msg_00005,Ub0341314a5534ea92b26fa8adc30543f,Ubaec2968eb1ad7554aaa328326c663ef,image,opened,2026-01-26 06:09:39,
a9fa95a4-a27d-4077-b68c-bcf09e0bfcd1,2026-03-25,msg_00079,U743849e63f8101ac616f8fd0ba84a167,Ua549fe4863cbec9cf74aa2dcc55c3308,text,opened,2026-03-25 08:16:20,
ffaedd67-a566-432f-8b51-a9c0f468400e,2026-02-14,msg_00042,U3bae1603803a839c0cb52f511d9cb8f6,Ue959db569024782c824fa9d21268b00a,video,clicked,2026-02-14 19:26:47,https://example-saas.jp/survey
60b3064d-ef56-499e-838d-d1bd0db3d631,2026-01-10,msg_00044,U30ad60bba5da9837ca5dd0230ca8f531,U78965dab1f6961b8093524ddcf41c25b,video,delivered,2026-01-10 08:46:51,
20e3edcd-ae79-4ba5-89f2-e06318b5aee8,2026-01-26,msg_00103,U3bae1603803a839c0cb52f511d9cb8f6,be856061e5dbaf533cc2762691e0346a,flex,delivered,2026-01-26 22:06:30,
d8310ef2-49de-4886-9b9e-eea1ab503a55,2026-03-05,msg_00014,U3bae1603803a839c0cb52f511d9cb8f6,Ubd481000e355e36743b1f4dac82aab37,flex,delivered,2026-03-05 06:32:24,
ab710757-cd0d-488a-8532-3b51312c711a,2025-12-17,msg_00032,U3bae1603803a839c0cb52f511d9cb8f6,Ufa0155b3c2488d1e743ea91f735cb6ef,video,opened,2025-12-17 15:10:44,
0444d829-6c93-4bc6-bcb5-7f6d300386ba,2025-12-22,msg_00038,Ub0341314a5534ea92b26fa8adc30543f,U5bd2074b5d33d06345984e1d8ed61336,image,delivered,2025-12-22 03:01:22,
267e1a37-9494-43d4-b6e9-071611c474bd,2025-12-12,msg_00004,Ub0341314a5534ea92b26fa8adc30543f,U61af8b5e94fc1ef2138a298db63852d2,video,delivered,2025-12-12 22:20:37,
8ee117d1-1a42-4a7b-92f3-5ca7fed0780c,2026-01-01,msg_00027,U4784fc8a8e1e4eb2435ad84e0ad052f2,U5de3084f3860ff62ccc9164dc4a58976,image,delivered,2026-01-01 21:20:35,
e920eb27-ced4-4781-9cb3-037c16b8b439,2026-03-23,msg_00116,Ud4a92c8c8050eed40ef171cc2784d638,U57b1cd4324fe18c254462bbd948dfa12,text,delivered,2026-03-23 18:56:07,
53ee55e0-c0f8-4e4b-8773-e0e2d99eef90,2025-12-25,msg_00077,U743849e63f8101ac616f8fd0ba84a167,Ude5b59b0b013266cf912468aeaa6da28,text,opened,2025-12-25 23:40:17,
fb8c492e-f4f9-4ae7-b78a-75ca1a533efc,2026-01-26,msg_00103,U3bae1603803a839c0cb52f511d9cb8f6,U55cafd32d31eaff2abe4a88e1ad2d72b,flex,failed,2026-01-26 13:33:14,
e9289f1a-4b3d-4af1-8a4e-968e6a05ded4,2025-12-18,msg_00070,Ue9a1e8a5b83a6b296d43c957a8cfba4a,36384638eeedcbda30bfbb85d7e2bdbb,imagemap,opened,2025-12-18 14:56:20,
3e723d99-eb90-4d21-bcb2-e3a13cbe942d,2026-03-08,msg_00112,U3bae1603803a839c0cb52f511d9cb8f6,Ua090fb4d22076e9418751f9da85873df,image,opened,2026-03-08 06:15:51,
22c865b6-f56c-432d-b2fd-a5bfde68d018,2025-12-19,msg_00064,Ub0341314a5534ea92b26fa8adc30543f,1b235711a161cce888c94b90ebc14f85,image,opened,2025-12-19 17:26:02,
68e5fc5b-9b70-4e90-8095-49a28f364e86,2026-02-15,msg_00087,U3bae1603803a839c0cb52f511d9cb8f6,b1958292320c7a4dba88b1f6ff3f2b66,imagemap,delivered,2026-02-15 10:27:04,
0a49b538-0f6a-4d65-bf94-eb0f7eec04b1,2026-02-05,msg_00107,U3bae1603803a839c0cb52f511d9cb8f6,Uc137bdf7a3dab18688de3ab483c38788,text,delivered,2026-02-05 00:58:54,
721e2bb6-17db-48d8-8d96-d5690ad2808c,2025-12-19,msg_00018,U7e808d11d6f9901a954a542a7ee09918,Uc8c816025a236af8e56120496e9f2866,image,deliverd,2025-12-19 16:55:14,
7ef3bc78-376a-4dd5-8127-e8f766d655c4,2025-12-07,msg_00003,U227d1cd1a801c367de206ec4bbca7330,U19870c534cc507e28c832ad1bfca6da1,image,delivered,2025-12-07 00:31:40,
0f0a20f7-2528-47ab-b95d-5e4c5d5ffd8a,2026-03-04,msg_00056,U1ca413826b7044d134c9c3132420c9de,U69aaed2a670588a4d1a6cf2652f9c40c,text,opened,2026-03-04 03:50:19,
3ae18fa5-1b0d-4119-a6e5-46feed44e224,2026-02-05,msg_00107,U3bae1603803a839c0cb52f511d9cb8f6,Uf24235f67e54fd8b49b689117a9e8f10,text,delivered,2026-02-05 11:08:40,
bfc9b482-5ec1-4c2d-97ee-b42dff2bc413,2025-11-17,msg_00099,U3bae1603803a839c0cb52f511d9cb8f6,U050e39a24c97b1ed2bd52b9e8d39a02f,text,delivered,2025-11-17 23:45:36,
779d4def-d449-496d-b8ad-8df10afefe84,2025-12-09,msg_00094,U227d1cd1a801c367de206ec4bbca7330,U07b92225a9fd6effdc579276922aafd8,flex,opened,2025-12-09 03:51:29,
8436a6a9-6271-4540-937d-99745b1a7a5c,2026-01-07,msg_00110,Ub0341314a5534ea92b26fa8adc30543f,U91cafcbc315893fa1ab3050d8e435f76,video,opened,2026-01-07 05:56:55,
26bb4a9a-a019-41d2-9967-7c6ecd284d63,2026-04-04,msg_00100,U743849e63f8101ac616f8fd0ba84a167,31f4721fc6be186cac4554c16d60f8ce,image,opened,2026-04-04 14:57:37,
1628a9a3-72c8-42f9-81a0-d290ad52d272,2026-01-18,msg_00102,U227d1cd1a801c367de206ec4bbca7330,U5558bd92521f56adff69f3ba55f40b6b,video,delivered,2026-01-18 21:11:14,
43ecba10-a348-4ab2-b753-0cecba09dee5,2026-03-20,msg_00106,U3bae1603803a839c0cb52f511d9cb8f6,Ubc8cf3bfc167df15580f72796ed84e2a,video,clicked,2026-03-20 14:42:11,https://example-saas.jp/campaign/spring
2b449c2d-0074-45bd-aa22-6b158eeee989,2025-12-03,msg_00012,U743849e63f8101ac616f8fd0ba84a167,Ucd587448d9fecffd8b8c3ab1b0085c2b,imagemap,delivered,2025-12-03 09:01:06,
a6d648e9-d853-4b59-ba27-a9aca861b405,2025-11-26,msg_00028,U3bae1603803a839c0cb52f511d9cb8f6,d221bdf089b3ea85241dfdc05e5e6482,image,clicked,2025-11-26 10:33:15,https://example-saas.jp/coupon/500off
8b25d102-2d27-4807-9335-668fb0645db5,2026-02-07,msg_00090,U4784fc8a8e1e4eb2435ad84e0ad052f2,Ub21d531529b9d7de40f488fff5e8b45a,imagemap,delivered,2026-02-07 00:28:16,
a6ed4a90-fdb5-47b7-b151-22aed7780846,2025-12-31,msg_00082,U227d1cd1a801c367de206ec4bbca7330,U9af7b62591eff9e8654caba4969d0083,imagemap,delivered,2025-12-31 02:12:13,
d88ea7f4-cd51-4640-9be9-acb7d203af6c,2025-12-31,msg_00082,U227d1cd1a801c367de206ec4bbca7330,U5214055f1b8e4f8165e15f8bf67124f6,imagemap,opened,2025-12-31 16:00:55,
c89c36c0-f434-484e-978b-f7e2989cfa03,2026-02-24,msg_00111,Ub0341314a5534ea92b26fa8adc30543f,Udf8f4612bdcff2cfd301987c102e5465,flex,delivered,2026-02-24 00:26:55,
b82467a2-e1bd-42b4-912a-ba71426d3c64,2025-11-17,msg_00099,U3bae1603803a839c0cb52f511d9cb8f6,U3d1f469c24ca6a4217a69cf916e8b125,text,clicked,2025-11-17 16:02:28,https://example-saas.jp/campaign/spring
d3b60cec-9637-4ca7-90a3-61ab8c3f77ee,2026-01-24,msg_00007,Ub0341314a5534ea92b26fa8adc30543f,cf5ff3091723496460858e3a5aca9710,imagemap,delivered,2026-01-24 07:06:52,
e1b76f34-443a-4cc9-9fd6-64eb0d3af66e,2026-01-07,msg_00110,Ub0341314a5534ea92b26fa8adc30543f,U9f1d033b4421eb9773bb7b542371c773,video,delivered,2026-01-07 15:30:13,
6f2f84c0-4818-4c96-aa7d-ac56c20654ef,2026-03-26,msg_00040,U3bae1603803a839c0cb52f511d9cb8f6,U4965f6af708bdb8e7701a0ccfef7e595,imagemap,opened,2026-03-26 22:48:53,
ac8f80dc-37c3-4256-9c3c-7cdf74fcadbb,2025-12-12,msg_00004,Ub0341314a5534ea92b26fa8adc30543f,Uf28c5a9e219b633b0ecfeb58faaa13a5,video,delivered,2025-12-12 16:18:46,
c71463da-3f8f-4603-b3fa-8a818dc72daa,2026-03-21,msg_00023,U743849e63f8101ac616f8fd0ba84a167,Ud514301a2ef6edf8d9cc3fe015653652,imagemap,delivered,2026-03-21 18:11:53,
719da578-d46f-4564-9e09-0cb58330445b,2026-04-10,msg_00101,U743849e63f8101ac616f8fd0ba84a167,U46343114baa076da23a7bae2408e72af,imagemap,delivered,2026-04-10 17:01:46,
b3c8401e-6ad3-49f6-bc8f-1269b81935a2,2025-11-21,msg_00010,Ue7310890b01058478be93761a56d0aa0,Ube5806cc2ebd8aebe4c02e890b92505b,imagemap,delivered,2025-11-21 19:20:16,
fdac0b56-3d37-4537-99d2-8b848440238b,2026-04-10,msg_00101,U743849e63f8101ac616f8fd0ba84a167,Uf93a7677ca51d9e8526a614bdc9bc3e6,imagemap,delivered,2026-04-10 00:46:23,
b137b4bb-eb41-49ef-968b-6bda127b6824,2026-03-08,msg_00112,U3bae1603803a839c0cb52f511d9cb8f6,Ua090fb4d22076e9418751f9da85873df,image,delivered,2026-03-08 06:10:40,
8096e910-7143-4d89-8cd6-4805f12f77c1,2026-04-12,msg_00120,U227d1cd1a801c367de206ec4bbca7330,U06d022a9ac98d6993c873e3c58f4b0db,text,opened,2026-04-13 01:09:24,
aa936880-3797-4839-b5ab-f48afdf6f75d,2026-02-12,msg_00051,Ub0341314a5534ea92b26fa8adc30543f,U64821b07b56a21baa8869fc196a2082f,text,,2026-02-12 06:22:28,
097dfbb0-b51d-4908-afd4-efeeefbfd857,2025-11-21,msg_00010,Ue7310890b01058478be93761a56d0aa0,U079e39f8cb7740a396392eec2659a9bc,imagemap,clicked,2025-11-21 16:58:54,https://example-saas.jp/coupon/500off
6a1380ba-b0b0-4a52-a58f-b40c5393880c,2026-01-26,msg_00086,U4784fc8a8e1e4eb2435ad84e0ad052f2,U978b54a62e4b2e9f6bd70ff11b5f9f9a,text,failed,2026-01-26 23:21:47,
e2996854-ac31-4a40-a646-dc9e0e4030e8,2025-11-24,msg_00033,U3bae1603803a839c0cb52f511d9cb8f6,U923d7f0ce3cf9ecfcc0d87d4a4767ce0,text,delivered,2025-11-24 08:17:14,
c98a4082-b95c-40b3-8283-b3555a9b1396,2026-02-25,msg_00008,Ub0341314a5534ea92b26fa8adc30543f,U7de108031868c0090be20242a736830e,image,delivered,2026-02-25 08:12:43,
2964b9f9-d4eb-498f-82fa-c57e43ad99a2,2026-02-15,msg_00006,U743849e63f8101ac616f8fd0ba84a167,Udc5fb2d6d1dcb50f83709083616a2624,flex,clicked,2026-02-15 10:52:47,https://example-saas.jp/campaign/spring
a3e903fc-f5d3-405d-b93e-5c56e752a6ec,2025-12-24,msg_00091,U3bae1603803a839c0cb52f511d9cb8f6,U101cab444ed2c3474020c79e05803292,imagemap,delivered,2025-12-24 22:22:48,
97ca2852-2d8b-431e-a8cf-2de8a6beaf3a,2026-02-15,msg_00089,U3bae1603803a839c0cb52f511d9cb8f6,U249b3048643b8384156df873d551ea1c,text,delivered,2026-02-15 15:47:12,
55531147-a8d1-472f-a7b3-8c835be5aabc,2026-02-15,msg_00087,U3bae1603803a839c0cb52f511d9cb8f6,U3f661eabaf403d36da625d6f8b169d5f,imagemap,delivered,2026-02-15 10:56:44,
701a68c5-651d-49be-b1f5-e1ea7dde6f5a,2025-12-22,msg_00038,Ub0341314a5534ea92b26fa8adc30543f,Ueba001f35a7809d06000ed4109287c9c,image,opened,2025-12-22 03:41:13,
06af4351-61f5-43d1-9027-060fa49416a7,2025-11-24,msg_00033,U3bae1603803a839c0cb52f511d9cb8f6,U58bf040f1542b684636067989417e226,text,delivered,2025-11-24 07:38:48,
d6079b70-5e60-4e2d-9e26-3ecaee9273fb,2026-03-20,msg_00092,U743849e63f8101ac616f8fd0ba84a167,U2cfdf44ad282be12bbeb0ea00258e59c,video,delivered,2026-03-20 21:03:06,
b79b0194-82ae-496e-9a46-8b7933d356a5,2025-12-03,msg_00012,U743849e63f8101ac616f8fd0ba84a167,U4575b8d0ae4118c86c261d897249947c,imagemap,opened,2025-12-03 16:51:15,
0bab0101-cf1c-4a09-996c-842aad1877ec,2026-03-31,msg_00046,U4784fc8a8e1e4eb2435ad84e0ad052f2,U18950742fca0bb314961d13609aad5c2,flex,delivered,2026-03-31 03:53:25,
06fa67b0-9d78-44a6-a8f6-ecbed7579100,2025-12-19,msg_00118,U4784fc8a8e1e4eb2435ad84e0ad052f2,U5b4ae4d65129fae4a62e46f726e0e76f,image,opened,2025-12-19 12:17:26,
eb7a7c11-ca13-40ed-90c3-a3bf775fe57a,2026-02-07,msg_00090,U4784fc8a8e1e4eb2435ad84e0ad052f2,U0b4e441fc743d8febf3d641c42b3df57,imagemap,opened,2026-02-07 03:54:55,
fb7e1026-034e-4bb6-bb8e-3fd791b8397f,2026-01-14,msg_00081,Ue7310890b01058478be93761a56d0aa0,U66ba97482cb344f20aca4f86347e3ebc,video,clicked,2026-01-14 12:23:26,https://example-saas.jp/survey
e82ce68a-8295-48b7-bed5-ca6479ada8ad,2025-11-23,msg_00053,U743849e63f8101ac616f8fd0ba84a167,Uc9fa5803d400ed136b5e50846c09f216,video,delivered,2025-11-23 01:20:40,
d03887cc-ab63-46ed-9ac4-3d4fd4199294,2026-01-26,msg_00103,U3bae1603803a839c0cb52f511d9cb8f6,U821491d19717073da0b4851eef6e473e,flex,delivered,2026-01-26 18:58:10,
d3925bcd-cf82-405e-aa61-d0b08b6544d9,2026-03-26,msg_00040,U3bae1603803a839c0cb52f511d9cb8f6,61504b34364d6204706b43b1ff2ecc94,imagemap,delivered,2026-03-26 18:25:43,
0c0a799f-6449-4477-8636-16dc916736ca,2025-11-23,msg_00053,U743849e63f8101ac616f8fd0ba84a167,U8e6614b16a134387d6b20179a8a7f2d8,video,delivered,2025-11-23 20:17:34,
4baec815-2f48-44de-8544-66e38dfe9f27,2025-12-18,msg_00070,Ue9a1e8a5b83a6b296d43c957a8cfba4a,U87e328ba1212b5326c1ba2dc7636d8b3,imagemap,delivered,2025-12-18 07:59:17,
670f63b0-85b3-40d8-9eec-9ac7d8ceb424,2026-01-18,msg_00102,U227d1cd1a801c367de206ec4bbca7330,U02ada7caf9a35d08273022bd866c2e75,video,delivered,2026-01-18 04:35:16,
10bc6c57-ad12-439b-8407-6fc190dbeaa3,2026-02-14,msg_00042,U3bae1603803a839c0cb52f511d9cb8f6,Uf6fa982bf8efd24a50452d97b016861c,video,delivered,2026-02-14 21:26:24,
a9cae429-e1e0-4fc9-856a-1dbe9648c1af,2025-11-25,msg_00043,U3e5dd3a641c58ad50e49f095c6f1e306,Ue61896e599db35ea9f50da942529c78a,flex,opened,2025-11-25 18:16:19,
98ecbfc3-5f6f-4244-a113-300245ce01cd,2026-03-14,msg_00009,U743849e63f8101ac616f8fd0ba84a167,U2397ebfec65b6115191e726427c5b5ea,imagemap,delivered,2026-03-14 17:41:53,
feb8cf42-ae04-40b0-b559-32fcd7ff480d,2025-12-18,msg_00070,Ue9a1e8a5b83a6b296d43c957a8cfba4a,U4d1e69a48708bc66d459882a926ccb65,imagemap,delivered,2025-12-18 00:39:53,
ad55387b-223c-4cbf-92ba-f09742ef186b,2026-02-14,msg_00042,U3bae1603803a839c0cb52f511d9cb8f6,U5f152522493a65d04c6d809f93885c84,video,delivered,2026-02-14 03:02:44,
cb726976-4189-467d-9db9-ed0be0781767,2026-02-05,msg_00107,U3bae1603803a839c0cb52f511d9cb8f6,U473da401dbd110223b5dfdb161c95cfc,text,delivered,2026-02-05 19:09:16,
dae93090-d114-46e3-ad59-b3105a23e2e9,2025-12-12,msg_00004,Ub0341314a5534ea92b26fa8adc30543f,Uf0f8cb03a7b39e795fef2079cf16226b,video,clicked,2025-12-12 21:18:25,https://example-saas.jp/lp/newmenu
d26e24b2-5fb0-4dfc-918f-3fbe33ddefc9,2026-04-04,msg_00049,U476acbdef8e9a16d24575e4f6d7b0f31,4a2ce9490f57aaf75d6f6355930953be,text,delivered,2026-04-04 18:50:52,
08430125-4fd2-4045-9604-84505d8fb2a4,2025-12-18,msg_00070,Ue9a1e8a5b83a6b296d43c957a8cfba4a,9c56de165d170c6a1138e09e267e45a3,imagemap,blocked,2025-12-18 11:14:48,
90555e79-8b3f-418c-97c3-d97ea3c838ef,2026-04-12,msg_00105,Ud4a92c8c8050eed40ef171cc2784d638,Uf7a5655bd8044cc7f61c84e5e0a57a62,flex,delivered,2026-04-12 07:19:57,
77f67a82-d877-47ca-8493-65b8ac8816e2,2025-11-24,msg_00033,U3bae1603803a839c0cb52f511d9cb8f6,U5e6fa9fd09ffef2b34a2f95543e59e58,text,delivered,2025-11-24 21:12:55,
7bdd7e51-ff37-4001-99c5-a524aa3643e1,2025-11-23,msg_00053,U743849e63f8101ac616f8fd0ba84a167,U1768e3934c646593779211b0c63d724d,video,delivered,2025-11-23 05:45:04,
5ac77d2a-f2d7-42e1-8d93-810e5eb98315,2025-12-24,msg_00091,U3bae1603803a839c0cb52f511d9cb8f6,U51110014fba1675ea28fff7be8ac33a0,imagemap,delivered,2025-12-24 08:27:36,
877d63d0-5213-4ebe-8a2e-f0586124df81,2026-01-24,msg_00113,Ub0341314a5534ea92b26fa8adc30543f,U3bf3402d9e582da38df8954940bfc085,text,opened,2026-01-24 22:21:56,
96228252-e26e-423e-8984-c286b8ed9d3e,2026-04-12,msg_00120,U227d1cd1a801c367de206ec4bbca7330,U35f487105a67b26eb96c2090401dcd71,text,delivered,2026-04-12 22:19:53,
9ac7a124-3119-4c92-90a8-b2c508fa407a,2026-02-20,msg_00036,U879eb903ad90cd9c2874f6df7651267a,U5dcf02e663ab69f541c3246e60b4afd3,video,clicked,2026-02-20 21:37:44,https://example-saas.jp/survey
4e4e13c3-aa2b-4b1d-832d-419d1c19d31c,2026-03-03,msg_00093,U743849e63f8101ac616f8fd0ba84a167,U1af4528cf8d09d9ede4507be037361d5,imagemap,delivered,2026-03-03 11:36:22,
0a8325fe-9829-4ff5-a5d0-65c403a740ad,2026-04-05,msg_00054,U3bae1603803a839c0cb52f511d9cb8f6,U14e42985b114a941b932a053d0caf503,image,delivered,2026-04-05 14:58:44,
4f9c5713-b7fd-4a1c-a0ae-a57f10649009,2026-02-08,msg_00051,U3bae1603803a839c0cb52f511d9cb8f6,U7ab7be13967035d45f9140738ecb03e6,image,delivered,2026-02-08 04:34:14,
305281ec-01be-4c56-99c3-06b8d67c64f0,2026-01-26,msg_00005,Ub0341314a5534ea92b26fa8adc30543f,U35e776b42f520a4aa13db3b2297954e6,image,delivered,2026-01-26 00:30:10,
1eea6390-b5b7-406a-a12b-26a332ac65f8,2025-12-18,msg_00114,Ub0341314a5534ea92b26fa8adc30543f,U27302a241de0036cdfb0b6651c20a767,flex,opened,2025-12-18 04:43:57,
5d6b7b9b-36bc-4a19-85d6-fd2a44e9ba55,2025-11-16,msg_00020,U3bae1603803a839c0cb52f511d9cb8f6,Ua2453a35b963b02d394c77d58a9c259d,text,opened,2025-11-16 20:51:22,
a02519b6-3c76-4e49-bfd4-a741a3c036e1,2025-12-08,msg_00015,Ub0341314a5534ea92b26fa8adc30543f,1ea71dcee49e90340b2e79f7bd86ee6a,text,delivered,2025-12-08 08:31:13,
3af939a7-145b-434b-9bfd-9fcf2908654b,2026-03-04,msg_00056,U1ca413826b7044d134c9c3132420c9de,U5493a3c5de2b1ef972d02fa433690bda,text,failed,2026-03-04 13:20:23,
d9a8ae6d-d30b-4536-a843-3f852035fe8b,2026-04-08,msg_00078,Ud4a92c8c8050eed40ef171cc2784d638,Ubc9088ce37ea7b2299c01f9044ec939e,image,delivered,2026-04-08 21:05:21,
1b61557b-326d-4337-b756-5db472cfeb7c,2026-03-31,msg_00046,U4784fc8a8e1e4eb2435ad84e0ad052f2,Ue1cb5466cf652505e79c1bc353dc795f,flex,delivered,2026-03-31 13:48:36,
930a9cf1-b6df-4652-9351-8f46cc9d2ce9,2026-01-26,msg_00063,Ub0341314a5534ea92b26fa8adc30543f,Uc128e34d11c5582f6ecff24a84114b14,imagemap,delivered,2026-01-26 22:10:27,
25f4b3a5-f88e-44c7-b356-de2b5db2b55b,2025-11-16,msg_00020,U3bae1603803a839c0cb52f511d9cb8f6,U31c4a30c4fcdffcc15b954cffda253ed,text,clicked,2025-11-16 21:07:14,https://example-saas.jp/coupon/500off
8711af46-4717-4b7c-9a28-aa177b0b6cc3,2025-11-30,msg_00025,Ub0341314a5534ea92b26fa8adc30543f,U71044505b1498e89b61bd5705edd66f4,imagemap,delivered,2025-11-30 07:38:56,
bfecc819-e47f-4a0b-b334-1d13b7ed526c,2026-02-15,msg_00006,U743849e63f8101ac616f8fd0ba84a167,U4488dc1f552e0aec3c3ab7ab24899352,flex,delivered,2026-02-15 11:37:39,
a6a8eb51-7e71-4803-8dfb-3d24de87670a,2026-03-08,msg_00112,U3bae1603803a839c0cb52f511d9cb8f6,1c8c0af440989392eae52c5720b7ed81,image,delivered,2026-03-06 11:07:24,
194e6ace-a5b3-4c2f-bdfb-5568b3eacb14,2026-03-25,msg_00079,U743849e63f8101ac616f8fd0ba84a167,Uc2b5056fbed7f926b90418659313004f,text,opened,2026-03-25 10:01:41,
f3da4762-5a66-4c3b-bd6d-143fdb256440,2026-04-10,msg_00101,U743849e63f8101ac616f8fd0ba84a167,Uf04788f77e45a06eb0d39ea4485c2de6,imagemap,delivered,2026-04-10 21:17:29,
1dd4d191-cd6e-49d3-a0c9-beefe6774f33,2026-03-11,msg_00104,Ub0341314a5534ea92b26fa8adc30543f,Ufda001962db6143cc8c56fe15058fbe7,image,delivered,2026-03-11 03:28:29,
61ebd1ba-f2a0-49b7-96cf-f4473d314c20,2026-01-26,msg_00086,U4784fc8a8e1e4eb2435ad84e0ad052f2,U9ead0de5ec0403494d1cf0b2015402f2,text,delivered,2026-01-26 17:34:14,
dde77a57-ea27-41ba-a718-5a30f5536e8f,2026-03-20,msg_00057,Ub0341314a5534ea92b26fa8adc30543f,U0daf6906dba01e1fb5b24753db341c9f,video,opened,2026-03-20 05:17:25,
1dbc157c-f0c9-42e0-bdf6-965c30af4d94,2026-02-16,msg_00021,U743849e63f8101ac616f8fd0ba84a167,U6d43da5e5bfc74e9caaf4e34bdfc57de,flex,blocked,2026-02-17 03:41:39,
2220ffe7-47a9-445b-abb5-6de39a11a4db,2026-02-14,msg_00042,U3bae1603803a839c0cb52f511d9cb8f6,Uae8dfb1446c9787da6a88db953f23400,video,delivered,2026-02-14 05:06:23,
c5b520ce-6f35-4f74-87e9-1a70f1a647bd,2026-01-17,msg_00037,U7e808d11d6f9901a954a542a7ee09918,U8621d3e3cbd6b89512bb797d8efbec28,text,opened,2026-01-17 04:34:23,
ef37968b-dfed-4ab6-8b68-f8879fc526f6,2026-03-20,msg_00092,U743849e63f8101ac616f8fd0ba84a167,U4ad24283f29835b78abcb37ee4108a20,video,delivered,2026-03-20 19:46:51,
db699eed-050c-42e6-a187-ba08afcae629,2026-02-09,msg_00083,U3bae1603803a839c0cb52f511d9cb8f6,34d7ac428a1c325be824270a8c87719b,flex,delivered,2026-02-09 16:36:45,
fa9910ad-bdac-438f-9efb-60b7a753eda2,2026-03-27,msg_00096,U476acbdef8e9a16d24575e4f6d7b0f31,Uec9e9fe8c4c2c709da73c7866209025a,imagemap,delivered,2026-03-27 02:02:34,
0aa8b13e-b9d2-4676-8dd0-6e26c89ef155,2026-02-08,msg_00051,U3bae1603803a839c0cb52f511d9cb8f6,U7530b87baf3fb70b63482dbcf13e83f1,image,delivered,2026-02-08 14:42:53,
15c68c12-2a23-4897-bd7b-4976f700f994,2026-02-15,msg_00006,U743849e63f8101ac616f8fd0ba84a167,5ad0a28713a30cff37928d486751f8a7,flex,opened,2026-02-15 13:43:51,
b5cef695-39e0-4bb7-b57f-acaa6381dceb,2026-02-28,msg_00117,U743849e63f8101ac616f8fd0ba84a167,U5c3140e0ec4b70f1ea11927ba647723e,video,delivered,2026-02-28 07:35:26,
847c5724-06c6-407c-8cfc-ad258fdeea71,2026-02-15,msg_00006,U743849e63f8101ac616f8fd0ba84a167,U9ee5e0b30b880bf14e2516f1e5c2a914,flex,clicked,2026-02-15 08:26:22,https://example-saas.jp/survey
fd138412-f278-4317-be17-67bddb80c08d,2026-01-10,msg_00044,U30ad60bba5da9837ca5dd0230ca8f531,Uff0b01e59add361ccd95c8e1c7914e1f,video,opened,2026-01-10 17:08:04,
e89a06a7-1d8d-49a7-bac1-183ac2260e87,2026-02-19,msg_00016,U837b70463a585f85743b5bfb3b49c9fd,Uaf66335760dda752f001773881cb8546,flex,clicked,2026-02-19 05:48:04,https://example-saas.jp/coupon/500off
29e1cece-e76b-40ee-9235-63db2d8d6991,2025-11-17,msg_00034,U743849e63f8101ac616f8fd0ba84a167,U943de58dedc071199b76c2904bbbc4f1,text,failed,2025-11-17 14:10:03,
204ded27-557c-42ee-81a8-0c2dd60d9eee,2026-03-08,msg_00112,U3bae1603803a839c0cb52f511d9cb8f6,U77c27d5bcba886d17f26b0d2f2a25347,image,delivered,2026-03-08 02:00:22,
ae94e497-dd89-4bd0-8dc1-187abcc3d3fd,2026-02-19,msg_00016,U837b70463a585f85743b5bfb3b49c9fd,Ud564f47b88280c3626b088b6995e7a54,flex,delivered,2026-02-19 02:48:04,
b8205d23-e876-4f96-8eeb-648505265a24,2026-01-20,msg_00108,Ub0341314a5534ea92b26fa8adc30543f,Ubcccb37254e7bb1fabab73a5a1ae4f7b,flex,opened,2026-01-20 20:40:28,
20f1cd1d-3275-4c54-b77f-eaf43a17e73f,2026-02-07,msg_00090,U4784fc8a8e1e4eb2435ad84e0ad052f2,U4aecbb483e745f1696cdf7f4b8fd4003,imagemap,delivered,2026-02-07 12:03:55,
084e09e7-f2b3-4df7-9c70-c8730a170a9b,2025-11-21,msg_00010,Ue7310890b01058478be93761a56d0aa0,U4e3e1423989ab49c74b4d9ec61845d01,imagemap,opened,2025-11-21 01:22:51,
de69cf89-2d04-4354-baae-586d9350f0f6,2026-01-29,msg_00031,U3bae1603803a839c0cb52f511d9cb8f6,Ubc2fdb74eafdb21b38d9335272ff52fd,video,opened,2026-01-29 10:02:32,
be9c5189-b3db-40ed-9416-8bc1be060114,2025-11-30,msg_00025,Ub0341314a5534ea92b26fa8adc30543f,4efd77dc0a1cc4e949795fb3d928eb56,imagemap,delivered,2025-11-30 01:42:04,
c755550d-e616-43d2-86a8-18baae8a8816,2026-03-27,msg_00096,U476acbdef8e9a16d24575e4f6d7b0f31,Ua8f645a505563be0cca870ba67cc4cc5,imagemap,delivered,2026-03-27 20:24:13,
85a46ee5-06f1-47c3-b766-84bf1cf71efe,2026-03-20,msg_00057,Ub0341314a5534ea92b26fa8adc30543f,U58d6a554e764007313343b9dcd2f3362,video,blocked,2026-03-20 13:37:40,
f33c59ef-5447-4f16-8384-cd5cc0753096,2025-12-25,msg_00045,Ue7310890b01058478be93761a56d0aa0,U5547c2e98f7dd66fdf73c9a1c3e86cd9,video,opened,2025-12-25 05:48:42,
9abedf51-6d07-4f35-b2fa-1ae86c0ab9c9,2026-03-18,msg_00080,U22a93bc29b1df104af6b1ba1cd91fc56,Uc913131e0c9142cede491d704a822f1a,flex,opened,2026-03-18 03:28:26,
52838fee-7b9a-45b2-a506-1fc57ff8eef2,2025-12-19,msg_00064,Ub0341314a5534ea92b26fa8adc30543f,U33946abe8278a644e1d4501974221516,image,opened,2025-12-19 07:59:19,
4e16e88c-77c4-46c3-b0d7-da3584b23bd5,2025-12-23,msg_00109,Ue7310890b01058478be93761a56d0aa0,U31a8f882137903dc5c1ef703ec43cdae,text,opened,2025-12-23 04:26:54,
15ca35fa-03ee-44fa-b02b-0bf8d6e03b70,2026-01-26,msg_00005,Ub0341314a5534ea92b26fa8adc30543f,Uf9898b65f82c7eb3ff2ce2d283aea98f,image,blocked,2026-01-26 23:10:07,
227a23fa-edf5-438a-9d9c-4cf66f1b43c8,2026-03-27,msg_00096,U476acbdef8e9a16d24575e4f6d7b0f31,Ud5525603f330bf8930bda40476e8219e,imagemap,delivered,2026-03-27 01:14:34,
b2fe4296-b9e9-4db1-9523-9ec380ce2653,2026-04-12,msg_00090,U743849e63f8101ac616f8fd0ba84a167,Uef1aa52c5c5c4f5bc7c6e91caf93b326,video,unsubscribe,2026-04-12 08:33:13,https://example-saas.jp/lp/newmenu
83798ecd-5ac0-4903-9d1d-c55cfc8e50a6,2025-12-24,msg_00091,U3bae1603803a839c0cb52f511d9cb8f6,U72bfb16100a6bc0d82456ccd34ad5e19,imagemap,delivered,2025-12-24 01:36:41,
821bdd79-aab5-4343-8cb7-285b394ce07e,2026-04-08,msg_00078,Ud4a92c8c8050eed40ef171cc2784d638,e606453ae44b85d05d389b7c4c9ed39e,image,blocked,2026-04-08 10:56:48,
f2dcbe0e-ee17-43cd-b435-57d13597ae1a,2026-04-12,msg_00120,U227d1cd1a801c367de206ec4bbca7330,U0ff038e144d0585fdfae17d5a8de0534,text,opened,2026-04-12 08:49:02,
2f9c2755-cdb9-4399-8c4c-b83194f6ce00,2026-03-27,msg_00096,U476acbdef8e9a16d24575e4f6d7b0f31,Ua6bc2804f4f269a3a13e7d6ca021bfdb,imagemap,delivered,2026-03-27 04:34:44,
ba934cc9-735e-4c3c-b038-5505b4d7216a,2025-12-24,msg_00091,U3bae1603803a839c0cb52f511d9cb8f6,U517613d7bfe655128979bc839ffd23ef,imagemap,delivered,2025-12-24 14:42:16,
993438d3-c72a-4134-889c-3061cb0994df,2026-03-29,msg_00097,Ub0341314a5534ea92b26fa8adc30543f,U0ad93b7af707dca56efc36505af4b4b0,text,delivered,2026-03-29 14:31:30,
150a3bd0-9f0b-44df-82a5-0e5d92a1cf20,2026-02-20,msg_00095,Ub0341314a5534ea92b26fa8adc30543f,U08ddcf45f30f04ebb1e9ee47b97c8ea7,text,clicked,2026-02-20 11:28:55,
38ab1f25-ddaa-4f1f-9b9e-6e59e23e8d4a,2025-12-19,msg_00118,U4784fc8a8e1e4eb2435ad84e0ad052f2,Ua1cf48164284d936106589d8cd593fd2,image,delivered,2025-12-19 07:48:32,
00a35253-fec6-4930-a5be-04b6baa52100,2025-12-31,msg_00082,U227d1cd1a801c367de206ec4bbca7330,Ub9c9365720353cbc12cd8b69bb5238ff,imagemap,delivered,2025-12-31 19:57:59,
b3fa0b1e-f3de-4f26-85de-9b3a24e3e0ea,2026-02-20,msg_00095,Ub0341314a5534ea92b26fa8adc30543f,U41b716f54c06309220b6c6a72830e3c1,text,delivered,2026-02-20 10:20:36,
a2e48f97-12db-402a-bf01-81ffbcfda95e,2026-03-08,msg_00112,U3bae1603803a839c0cb52f511d9cb8f6,U47dc3391f8c69cf16e83f90f6a457f7b,image,delivered,2026-03-08 20:41:58,
36e755d0-95c0-4271-ba4c-521aba31e4e4,2026-03-20,msg_00057,Ub0341314a5534ea92b26fa8adc30543f,U4a8bfa8382f11a7d7ac0dd0d38511f55,video,delivered,2026-03-20 06:37:34,
5f345f9a-ee21-43b6-b214-02d1202add32,2026-03-29,msg_00097,Ub0341314a5534ea92b26fa8adc30543f,U199f9c10d178dca6416173665f16d48d,text,clicked,2026-03-29 06:20:05,https://example-saas.jp/lp/newmenu
a8c34456-20a0-46e9-b4b6-1bb72912a7ce,2025-12-12,msg_00029,U743849e63f8101ac616f8fd0ba84a167,U94095e6ec7e04c1bc177b20267301ebd,imagemap,delivered,2025-12-12 21:25:36,
d4f56f8c-27c9-4365-8319-07a83025e1b4,2026-01-26,msg_00086,U4784fc8a8e1e4eb2435ad84e0ad052f2,U4a4f9d3ce2e23e5437dcdeff55f383c5,text,opened,2026-01-26 17:40:56,
00b8ad2c-ce9e-4e8c-84f4-21008a1351b6,2026-01-24,msg_00066,U3bae1603803a839c0cb52f511d9cb8f6,U98cdac9525d9d0f4496d86bb606289ad,image,delivered,2026-01-24 01:36:48,
9fa1bb61-038a-45ec-b9c5-97e5cdc10a83,2026-04-01,msg_00072,U4784fc8a8e1e4eb2435ad84e0ad052f2,Uc246c800e6de77c87a4edf9446444037,image,opened,2026-04-01 05:19:10,
c85bffb4-b1a0-4731-9d02-2e9c71103a5b,2026-03-31,msg_00046,U4784fc8a8e1e4eb2435ad84e0ad052f2,U9624a6f56b1d84613222beaa65ca319b,flex,delivered,2026-03-31 12:31:48,
ae7ddb48-c12f-4c07-ac46-c1c28c969865,2026-04-05,msg_00054,U3bae1603803a839c0cb52f511d9cb8f6,Ud7c0b5b4efb29a3e9cd47ce126f46660,image,opened,2026-04-05 23:22:56,
2fafe4f5-74c7-4daa-a482-abb1cc3b28fd,2025-12-07,msg_00003,U227d1cd1a801c367de206ec4bbca7330,Ue4fc4ee6090e75e8e0f1ddaabc07a3f6,image,failed,2025-12-07 03:01:45,
2594a91e-4179-4158-a82f-f1168943062f,2025-11-30,msg_00025,Ub0341314a5534ea92b26fa8adc30543f,U79fd867bb1c734541db62d24b170eff5,imagemap,delivered,2025-11-30 21:20:08,
c7ff22b1-f76c-4bab-8535-058e4172c9f0,2026-03-20,msg_00106,U3bae1603803a839c0cb52f511d9cb8f6,Ue7162e39b005dc286c82383625560716,video,delivered,2026-03-20 21:41:21,
1bf2d154-9855-4573-afc0-5cbd54832a4c,2026-03-31,msg_00046,U4784fc8a8e1e4eb2435ad84e0ad052f2,Ufdcb339c23884bccb30bab9b91e0853a,flex,delivered,2026-03-31 01:48:42,
d78296c5-7031-4bcf-90a6-0cf843516d5a,2026-04-10,msg_00101,U743849e63f8101ac616f8fd0ba84a167,U41571d15ff3d65d2ce0c6bcd4c3232bb,imagemap,delivered,2026-04-10 05:26:37,
8b897dd3-77c4-4819-83be-79aa5a59e364,2026-03-20,msg_00057,Ub0341314a5534ea92b26fa8adc30543f,Ubf768689444ab24ed53c97bd24148b5e,video,delivered,2026-03-20 09:57:10,
dc74fcff-5796-438c-8479-6a991aac303e,2026-01-24,msg_00113,Ub0341314a5534ea92b26fa8adc30543f,Uba3bd9159e46878867ae4c13884cf754,text,clicked,2026-01-25 00:52:57,https://example-saas.jp/coupon/500off
5d71a258-266a-4a28-b486-ad446fc46dc3,2026-01-14,msg_00081,Ue7310890b01058478be93761a56d0aa0,Ud8881c4a59e2b6374621609df4f44af5,video,clicked,2026-01-14 22:17:28,https://example-saas.jp/survey
4f700f85-90c6-4b01-869c-1c159507c3ac,2025-12-24,msg_00062,Ub0341314a5534ea92b26fa8adc30543f,U3a8730cb8843a17dd1f4c58282e8d45d,video,opened,2025-12-24 09:20:03,
ca499380-4afa-474b-9b41-647c1448bdc7,2026-02-15,msg_00006,U743849e63f8101ac616f8fd0ba84a167,U8f5a6a6222ff85e26cc024afe76e2851,flex,opened,2026-02-15 20:22:25,
f8c722c3-069a-4808-9b0d-133346467c2f,2025-11-24,msg_00033,U3bae1603803a839c0cb52f511d9cb8f6,Ued2a1e7f4c6a859f463ea770a67c34ea,text,opened,2025-11-24 17:47:17,
5c93b2f3-59d5-4864-b5a2-3873e10492e2,2025-12-25,msg_00077,U743849e63f8101ac616f8fd0ba84a167,U2da35a48f4941f9e94d8d2d9f08703e5,text,delivered,2025-12-25 21:26:07,
92efe770-2a9e-4fa0-a766-65d41b40f342,2026-02-14,msg_00098,U743849e63f8101ac616f8fd0ba84a167,U4a78686e7db683ba59e0f4d6318bfcc9,imagemap,delivered,2026-02-14 01:26:11,
3481f756-07e3-49c9-893c-b431451a7071,2025-12-02,msg_00088,U3bae1603803a839c0cb52f511d9cb8f6,Uf4b2385ecf655598362ac6f143b6cac1,image,delivered,2025-12-02 06:44:19,
f2a2f7ab-78d0-4e08-9a64-219111412d1d,2026-03-14,msg_00009,U743849e63f8101ac616f8fd0ba84a167,Ufe81b070c5c593521bba28a4f86189d8,imagemap,delivered,2026-03-14 20:08:29,
17f2b492-e3b5-4126-af85-b9d790e472c4,2026-03-21,msg_00023,U743849e63f8101ac616f8fd0ba84a167,U350bc3a33a37efcc8d37293dcc253b64,imagemap,opened,2026-03-21 19:56:36,
2ee79783-08fd-44cc-950b-979139377103,2026-01-31,msg_00035,U7e808d11d6f9901a954a542a7ee09918,Ue2d5865b45c22d0d4539fe17eecb38b9,text,delivered,2026-01-31 20:28:20,
0a64acba-4187-4f59-9acb-761ec1bee3b2,2025-12-25,msg_00077,U743849e63f8101ac616f8fd0ba84a167,Ud4743ec969bea6bde8ee41762a152bb1,text,opened,2025-12-25 05:48:15,
bd87b508-3dad-4621-a310-35f3bcae80da,2026-03-06,msg_00055,U3bae1603803a839c0cb52f511d9cb8f6,U42852c5e50a4d3534e89b29b6621c361,flex,delivered,2026-03-06 10:47:19,
a2b26415-cf16-4b63-af88-31f09cf6cac1,2026-01-13,msg_00060,U3bae1603803a839c0cb52f511d9cb8f6,Ua4a13b57f7a3b1547328bc04bfe2c0e7,image,delivered,2026-01-13 19:02:23,
21e4f0ed-c2db-4ae7-b17d-16351a709ee0,2025-12-23,msg_00109,Ue7310890b01058478be93761a56d0aa0,3c4fdf1ae490b1f5fd18638bd1dd3c37,text,delivered,2025-12-23 07:54:55,
d59efd33-7d6e-48f7-8085-13f4034f886d,2026-01-26,msg_00005,Ub0341314a5534ea92b26fa8adc30543f,U3feddbca131e860ea245421f99c904d4,image,opened,2026-01-26 15:57:44,
d3f6a313-6ab9-4317-91d7-d5d72bc8228b,2026-03-13,msg_00001,U4784fc8a8e1e4eb2435ad84e0ad052f2,Uc520805beedb22ce6a9da387f53a0f96,image,delivered,2026-03-13 13:15:32,
ebe427bd-8e9a-43a4-b27a-f916bcc4d0e1,2026-03-06,msg_00068,Ub0341314a5534ea92b26fa8adc30543f,U16af189ceac55b12e8be4d3f5044bec6,video,delivered,2026-03-06 00:13:38,
f9ce7452-3de6-4032-a733-6ed43b0ae226,2026-02-14,msg_00042,U3bae1603803a839c0cb52f511d9cb8f6,U361cd3848a3df96aa1ed6f49c46b1ef8,video,delivered,2026-02-14 08:14:59,
d478e414-325a-40c1-9139-b4c4b7e3c67a,2025-11-23,msg_00024,Ue8d9224ecde331ce692edfce0b5ecdc4,Uc213ae79633e96bce1617022ad50b289,text,delivered,2025-11-23 09:02:01,
a8293b13-0c93-4535-9945-0dc14a6ee45c,2026-03-31,msg_00046,U4784fc8a8e1e4eb2435ad84e0ad052f2,Ub1dc053e20ef6035571f6ca810e6493a,flex,delivered,2026-03-31 04:57:12,
6fc4e6dc-b5ac-41e0-9816-0d39881d3025,2025-11-21,msg_00010,Ue7310890b01058478be93761a56d0aa0,U49fefe62bdd1df105f0c2031ffb68a8e,imagemap,delivered,2025-11-21 15:10:16,
3fb69fb5-7d89-49c5-a5fd-cec94b187544,2026-03-22,msg_00119,U3bae1603803a839c0cb52f511d9cb8f6,U36e98e825a733e327866e634ae1d1f55,imagemap,opened,2026-03-22 16:14:16,
643deb5b-fd65-4c74-ac71-47a8f3241083,2026-01-26,msg_00063,Ub0341314a5534ea92b26fa8adc30543f,U76b31cfb76c681e8b5d9db6d3081bfa4,imagemap,delivered,2026-01-26 23:48:07,
ed48f3f5-500f-4f07-ae15-e74ff4a763cf,2026-01-26,msg_00086,U4784fc8a8e1e4eb2435ad84e0ad052f2,U4c4d0e73c4c4510b8a28513221c8572c,text,delivered,2026-01-26 21:17:59,
baff0b17-3232-4571-8855-0172fbbb85ab,2026-03-31,msg_00046,U4784fc8a8e1e4eb2435ad84e0ad052f2,U0834a5c6b28c44b49ab42df1edd6f35d,flex,delivered,2026-03-31 19:02:16,
32bc3e42-e8b2-4e36-8544-968b2c96bb2d,2026-04-10,msg_00101,U743849e63f8101ac616f8fd0ba84a167,U17a1551538b2c9ba20bdc435173bbd66,imagemap,clicked,2026-04-10 14:45:53,https://example-saas.jp/survey
816799c1-cbb8-42ce-a4d1-ff88cdc50476,2026-02-10,msg_00058,Ue9a1e8a5b83a6b296d43c957a8cfba4a,Ua3e2b7675395ddef6dfdb1a4ce7484d8,video,delivered,2026-02-10 12:45:47,
b386e7ca-484d-4fe1-b136-13a0a3a8d782,2026-01-10,msg_00044,U30ad60bba5da9837ca5dd0230ca8f531,U6f22776886f57077a5dfdf7e3aa16466,video,delivered,2026-01-10 15:03:53,
b1443119-b163-47d9-a89b-663b11177326,2025-12-22,msg_00013,Ub0341314a5534ea92b26fa8adc30543f,472f832c4c3629e0d9c1b52706e1df7e,image,delivered,2025-12-22 09:05:54,
f36d339c-285a-4a10-8e44-419384f7511f,2026-03-14,msg_00009,U743849e63f8101ac616f8fd0ba84a167,Ueac615e434e59954733631b8b46fb105,imagemap,delivered,2026-03-14 00:43:47,
224735f8-1836-4dc6-b8a5-912956bd0153,2026-02-15,msg_00089,U3bae1603803a839c0cb52f511d9cb8f6,U4d178e122caa0e03306e7fdd48700684,text,delivered,2026-02-15 15:22:01,
43a968ef-49fe-4994-a378-d14959b32809,2026-03-04,msg_00056,U1ca413826b7044d134c9c3132420c9de,U5a19fc8176a8270955c822930539cdda,text,delivered,2026-03-04 23:41:41,
eb8ab18d-b467-40f7-9344-045aca2b33e3,2026-03-22,msg_00119,U3bae1603803a839c0cb52f511d9cb8f6,Ud803d6aacfe553a67e3053e79e78f082,imagemap,opened,2026-03-22 02:01:23,
974ca6d1-8882-4a02-9a2d-6c75d193e2db,2026-04-08,msg_00041,Ue7310890b01058478be93761a56d0aa0,U16a0ffd947933cf4d8362111d69e8b4c,text,clicked,2026-04-08 13:25:56,https://example-saas.jp/coupon/500off
3c2a338e-b59e-443e-9b72-ac7406b6de45,2026-01-24,msg_00007,Ub0341314a5534ea92b26fa8adc30543f,Ue01bdcd5ea7a562498a4d936e06be512,imagemap,clicked,2026-01-24 17:05:57,https://example-saas.jp/campaign/spring
3839234e-d9ca-4a13-975d-d17757532c47,2025-11-30,msg_00025,Ub0341314a5534ea92b26fa8adc30543f,U70bee5388b51aff7a78c16680d6bfcf9,imagemap,opened,2025-11-30 13:38:14,
85728015-da56-4687-ae51-47379fc3fc2a,2025-12-23,msg_00109,Ue7310890b01058478be93761a56d0aa0,U227df6d46fba401e83d5e2d589e49e33,text,clicked,2025-12-23 16:34:24,https://example-saas.jp/lp/newmenu
66971155-84cf-427c-9c64-db0a8ca7c9e5,2026-02-15,msg_00006,U743849e63f8101ac616f8fd0ba84a167,U3aa2c24c09217ae832b1d5cb34033c92,flex,delivered,2026-02-15 09:06:44,
3d358c9a-3b8f-41c4-bfb1-13425a3aabb2,2026-04-10,msg_00101,U743849e63f8101ac616f8fd0ba84a167,Ue0ba6fd214042eacd3bce80399357fa2,imagemap,opened,2026-04-10 09:24:06,
3c947d15-3534-4758-a562-e35881396c27,2025-12-23,msg_00061,Ub0341314a5534ea92b26fa8adc30543f,U25861e8d8da1c8ace48e75f212369526,imagemap,delivered,2025-12-23 13:54:30,
af604be4-96c4-4aa2-ac81-0d7352ca1978,2026-02-15,msg_00089,U3bae1603803a839c0cb52f511d9cb8f6,U9660a6198a916ca8b6f34be707742e00,text,delivered,2026-02-15 19:19:29,
6fe562eb-c16c-494c-822d-675cbcf177c0,2026-03-23,msg_00071,U3bae1603803a839c0cb52f511d9cb8f6,U43773b9a4c83d342ed693715a5c5b15d,imagemap,opened,2026-03-22 14:53:56,
954c663e-d620-467f-bbaf-1bd2619a2b93,2025-12-17,msg_00032,U3bae1603803a839c0cb52f511d9cb8f6,U412c7105a3d12fd10381a87510c43ddd,video,opened,2025-12-17 14:05:07,
d3f49671-ba9d-422c-91d2-2cc172e06d5d,2026-02-15,msg_00087,U3bae1603803a839c0cb52f511d9cb8f6,U8c80f69e44ad2b280d675826ccad2d69,imagemap,opened,2026-02-15 13:46:05,
c63ca223-ab0f-47c7-9942-6aab8545787d,2025-12-25,msg_00045,Ue7310890b01058478be93761a56d0aa0,U6fdc488898e3869267c4b71d3a582b22,video,delivered,2025-12-25 06:36:38,
5147df63-5c68-4222-9938-cca0ebcf1d3b,2025-11-22,msg_00047,Ue7310890b01058478be93761a56d0aa0,Uc4fd9bc56fdbf44fa009d8c5306f8058,video,delivered,2025-11-22 09:59:28,
79e4be9d-81fe-44a2-80a7-ee3710bb6210,2025-12-31,msg_00082,U227d1cd1a801c367de206ec4bbca7330,Ua86c792398cde62d2922e9c4f2c8f0ac,imagemap,opened,2025-12-31 01:47:02,
c86dd317-76a6-41ce-b8c1-b0c4891623e5,2026-03-23,msg_00116,Ud4a92c8c8050eed40ef171cc2784d638,U77b0ac600113c28b3c73e7dd2c421064,text,delivered,2026-03-23 17:22:55,
09e1b456-bbf1-48e4-8c88-3358fe5c4179,2025-12-22,msg_00038,Ub0341314a5534ea92b26fa8adc30543f,Ue7027adbc565ac54a9dc5cf57cd5ed17,image,delivered,2025-12-22 00:37:29,
f6d96a11-2517-4c26-8af7-5d61c4d80587,2025-12-12,msg_00004,Ub0341314a5534ea92b26fa8adc30543f,U83658fcaaac0c6555ff6f4d19ac82aa2,video,delivered,2025-12-12 15:05:35,
2c5a249e-cfdb-400b-ba77-66b5e9e843ca,2026-04-12,msg_00120,U227d1cd1a801c367de206ec4bbca7330,U845bafe241908c65a0fe60bb4a372374,text,delivered,2026-04-12 16:34:21,
b93806ce-8200-4f9f-840c-465a7dcdd1a5,2026-04-08,msg_00078,Ud4a92c8c8050eed40ef171cc2784d638,U63452f9230b392d95f5500525485711e,image,opened,2026-04-08 07:52:02,
658da973-0872-40c1-aadd-ffb1412bf94e,2025-12-21,msg_00022,U3bae1603803a839c0cb52f511d9cb8f6,Ucaae128f541a5b4e693aad999fc10150,video,delivered,2025-12-21 06:53:54,
3aaf1d33-6be1-4444-b5f8-4348da6763cf,2026-01-24,msg_00066,U3bae1603803a839c0cb52f511d9cb8f6,Ufb0ba00684b73f1be0b7c83078457cd2,image,delivered,2026-01-24 03:37:37,
b2af5212-ed84-418d-91c6-07588dad700a,2026-03-08,msg_00112,U3bae1603803a839c0cb52f511d9cb8f6,Ud5b5345dce543f297ee6cbd0768c651f,image,delivered,2026-03-08 20:23:42,
99dd7cc4-d273-4d8e-b1cd-4bca98794229,2025-12-12,msg_00004,Ub0341314a5534ea92b26fa8adc30543f,U6505f04e37e1f756bce2fe6a5a6282a5,video,delivered,2025-12-12 06:39:24,
b3018d92-51df-44e2-8fa3-ddd259889427,2026-03-29,msg_00097,Ub0341314a5534ea92b26fa8adc30543f,Ue68638e0ca16fed8f86a169798564794,text,clicked,2026-03-29 10:30:33,https://example-saas.jp/campaign/spring
9e958e6a-769c-4e11-9d42-86355635f441,2025-12-19,msg_00064,Ub0341314a5534ea92b26fa8adc30543f,U6d7ee28af919e58032d62f9b77c935b3,image,delivered,2025-12-19 21:43:25,
5a7d7456-b8f7-47e3-b6d6-0b55af6430f9,2026-03-20,msg_00057,Ub0341314a5534ea92b26fa8adc30543f,Ufb79a2f64b945d9075a5624e62da149c,video,clicked,2026-03-20 15:53:05,https://example-saas.jp/campaign/spring
11c02736-de5b-4df1-ae15-5c087306c66f,2026-02-15,msg_00089,U3bae1603803a839c0cb52f511d9cb8f6,U73fa4b4eeacdee44a8d7ecced00ca79c,text,opened,2026-02-15 08:12:29,
0917d7a3-6989-4678-a053-e538afb0824a,2026-02-08,msg_00051,U3bae1603803a839c0cb52f511d9cb8f6,U34de6b45f659c03a861003c1566ecdef,image,delivered,2026-02-08 07:42:16,
7521e715-cbe3-48fe-ae0f-42b96a39de54,2026-04-04,msg_00100,U743849e63f8101ac616f8fd0ba84a167,Ubf75ad863e498a3e14e57eaa7c726feb,image,delivered,2026-04-04 19:02:54,
29e3804f-5474-47e2-b3ee-02cde833cc00,2026-02-14,msg_00065,U743849e63f8101ac616f8fd0ba84a167,U704839461d041a01ae8b56053303f7c3,image,delivered,2026-02-14 05:51:03,
116dba0e-19ed-49fc-82e4-a874ceb047f1,2026-03-12,msg_00084,U68d2301028fb66b51d9111f1af067e34,U655b3592ec1ce43aa70602d98a0d9dea,video,delivered,2026-03-12 13:45:25,
6e2cd18d-6430-4070-a6a9-d5b92a9f2061,2026-03-04,msg_00056,U1ca413826b7044d134c9c3132420c9de,U3032aa90ff86b733a088579e443e1ba2,text,delivered,2026-03-04 11:48:28,
e779b6bf-8b19-485d-84ae-c112b61a06af,2026-01-01,msg_00027,U4784fc8a8e1e4eb2435ad84e0ad052f2,U342187144fe748e2f862d009809e1a1e,image,opened,2026-01-01 12:54:12,
6c6f488b-621e-426a-bc11-b81e744dcaa5,2025-11-23,msg_00053,U743849e63f8101ac616f8fd0ba84a167,U885c0aba9f4361a0c4d65336b3b9d52d,video,delivered,2025-11-23 19:20:24,
10367276-b730-4eec-935a-9d71adaae0bd,2026-01-10,msg_00044,U30ad60bba5da9837ca5dd0230ca8f531,Uff0b01e59add361ccd95c8e1c7914e1f,video,delivered,2026-01-10 16:53:26,
77c7924b-bea6-4eb5-a41f-713a9662c2ad,2025-12-23,msg_00109,Ue7310890b01058478be93761a56d0aa0,98a92e07ffe93f73d5b0dc0880fe0a28,text,delivered,2025-12-23 19:52:55,
22077086-3079-4021-bace-399806b2ded2,2025-12-23,msg_00109,Ue7310890b01058478be93761a56d0aa0,U43cec7c21f78ba902ec8a8fa4c34e6ed,text,opened,2025-12-23 16:04:25,
be7d19d3-a658-4f53-921c-d909de5396dd,2026-04-04,msg_00049,U476acbdef8e9a16d24575e4f6d7b0f31,Uf126822c40968a51e30106819ff7d4a2,text,delivered,2026-04-04 23:21:46,
7ee0b4a4-a002-4583-abce-88e5afe12cb5,2025-11-16,msg_00020,U3bae1603803a839c0cb52f511d9cb8f6,87eef4b2db2113ef407722a29dd014fa,text,opened,2025-11-17 01:06:09,
96c583ff-0b67-49e9-b8aa-d4ba2fb90689,2026-01-18,msg_00102,U227d1cd1a801c367de206ec4bbca7330,U62ee61cdc0043e0d8775a8f9e71ec220,video,opened,2026-01-18 08:21:38,
22d7eb7e-e9c2-4cc4-b158-a677721612ce,2026-04-04,msg_00049,U476acbdef8e9a16d24575e4f6d7b0f31,Ue97b9d7b7fdb83aba0183b8ea655d206,text,clicked,2026-04-05 01:03:21,https://example-saas.jp/campaign/spring
d2b4a9de-23c9-4fe8-8553-594d30bf24bd,2026-03-08,msg_00112,U3bae1603803a839c0cb52f511d9cb8f6,140431d386f229d71f40338a13f48d73,image,opened,2026-03-08 16:22:43,
44a60080-f7c2-48bb-807d-cc177132d250,2026-02-15,msg_00006,U743849e63f8101ac616f8fd0ba84a167,U8c1b6463f3fe7a0b3d34f5ae8e3f3445,flex,delivered,2026-02-15 12:01:47,
48dfb79f-b369-4bc5-afc5-7c31d6602793,2026-04-10,msg_00101,U743849e63f8101ac616f8fd0ba84a167,U8f41869e7a2b96205f1c55a7fdecb565,imagemap,delivered,2026-04-10 13:54:35,
e5aca735-700e-4a2e-8190-c9039c67ce4b,2026-01-20,msg_00026,Ud4a92c8c8050eed40ef171cc2784d638,Ub94c71bf51c3dff5f2b20ed70c9902b3,imagemap,clicked,2026-01-20 16:18:42,https://example-saas.jp/coupon/500off
3e6b7fb5-aafd-4b85-b1dd-c5a310ba446a,2025-12-09,msg_00094,U227d1cd1a801c367de206ec4bbca7330,Ud9cd2aeee34023175e2088b25ee3fb67,flex,delivered,2025-12-09 09:19:54,
bea6a5b8-a7d5-4a8d-b50b-fc5851b8521a,2025-12-25,msg_00045,Ue7310890b01058478be93761a56d0aa0,U7310a94e85d6a80faadf466a5c10e550,video,clicked,2025-12-26 00:18:01,https://example-saas.jp/coupon/500off
c64d2421-4b34-41ac-b9c8-fe4844e4cc0a,2025-11-25,msg_00043,U3e5dd3a641c58ad50e49f095c6f1e306,U9deeab928e8bc2968047f7e39763476f,flex,opened,2025-11-25 10:34:50,
eabb8058-ef35-4d06-9018-fba6f4e4e663,2025-12-09,msg_00094,U227d1cd1a801c367de206ec4bbca7330,Ud67b1043a09c354e29935adcebd7e1e2,flex,opened,2025-12-09 02:15:06,
c10c17a8-def2-43f1-be73-f80ea756ecbf,2026-04-12,msg_00105,Ud4a92c8c8050eed40ef171cc2784d638,Ub7ecd748cec55aca008e3cfcd40b283d,flex,delivered,2026-04-12 03:29:29,
66ed60de-1263-46fd-b8ec-3235b49265c1,2026-02-15,msg_00087,U3bae1603803a839c0cb52f511d9cb8f6,U8c80f69e44ad2b280d675826ccad2d69,imagemap,clicked,2026-02-15 14:09:19,https://example-saas.jp/survey
ef6fff81-07f8-4fbc-b6c8-75fb619e3eb3,2026-03-20,msg_00092,U743849e63f8101ac616f8fd0ba84a167,Uf4a5ff73388d9ef70c2743082c7c5f67,video,delivered,2026-03-20 00:50:45,
d19d20ae-88db-4397-832f-33758505944f,2025-12-12,msg_00004,Ub0341314a5534ea92b26fa8adc30543f,U130065c88fcc09a8207fdb866f4931ad,video,delivered,2025-12-12 03:05:05,
5eb965f0-25f0-4578-9117-ab821af66e73,2026-01-26,msg_00086,U4784fc8a8e1e4eb2435ad84e0ad052f2,U88891f0f5de2937325c426e260714e00,text,opened,2026-01-26 04:24:58,
63346b51-7fa4-4825-be37-c4658a231cc6,2025-12-02,msg_00088,U3bae1603803a839c0cb52f511d9cb8f6,Uabde8dd6e1827e344c1390cbd040e3a4,image,delivered,2025-12-02 06:42:18,
9fe29322-48c6-4077-b63e-b5255982107f,2025-12-09,msg_00069,Uc20f9c7e9b662bedec3cb78e127885c7,U81af0dea1eef3f12021f7eaa6e801e52,imagemap,opened,2025-12-09 12:25:33,
04d167e6-6244-4897-b9aa-2ee9d0691c6b,2025-12-12,msg_00004,Ub0341314a5534ea92b26fa8adc30543f,0881abcef020b5d3f12913cf25d29b05,video,delivered,2025-12-12 22:40:31,
7691229e-0e53-4d6c-94af-c9d31e2568c6,2025-12-17,msg_00032,U3bae1603803a839c0cb52f511d9cb8f6,U16654e87d82e9f4727abe75b8d75a666,video,delivered,2025-12-17 22:24:39,
33bc56ef-7ab1-41af-ab16-daff07a22000,2026-02-08,msg_00051,U3bae1603803a839c0cb52f511d9cb8f6,Ue7e01caefe28d3c6a4f7de9060dd89e3,image,delivered,2026-02-08 12:51:51,
d6a37d6f-95d4-4e48-b610-91d26abd896f,2025-12-23,msg_00109,Ue7310890b01058478be93761a56d0aa0,U8b8656168fba48e5b8368835af50b4f2,text,delivered,2025-12-23 01:35:14,
94db9739-ba0c-4b27-a500-df3c50c8d73a,2026-02-14,msg_00098,U743849e63f8101ac616f8fd0ba84a167,U5718c0c4b1ff5cea7ee672181275d781,imagemap,failed,2026-02-14 06:24:35,
a7d9e8c1-6eee-4623-96f2-1d5d122ebdb7,2025-12-23,msg_00061,Ub0341314a5534ea92b26fa8adc30543f,Uf27328a9c42f6d111ccb0fea016c2ce0,imagemap,opened,2025-12-23 02:34:18,
c81e5149-7f70-4732-ab82-884a3c5f13a7,2025-11-23,msg_00024,Ue8d9224ecde331ce692edfce0b5ecdc4,U00e5f8a8a523c6b753d6c538d63b7a11,text,opened,2025-11-23 16:41:13,
16e3fd49-33d0-4ed0-ad24-7f877e81cf1e,2025-12-07,msg_00003,U227d1cd1a801c367de206ec4bbca7330,U47e711d212bec7b59b72bcb52a9ee2e0,image,delivered,2025-12-07 19:55:44,
9f2c1599-0640-4550-8c9e-c1c8aeeafbe2,2025-11-16,msg_00096,Ub0341314a5534ea92b26fa8adc30543f,U288d9f76cba31b2768848fd37be50351,image,CLICK,2025-11-16 12:23:52,https://example-saas.jp/lp/newmenu
0a2de7a2-362b-4325-8113-2c920149a2bf,2026-03-23,msg_00071,U3bae1603803a839c0cb52f511d9cb8f6,Uf3087c44cd38e35514d10e6d9c5f806e,imagemap,opened,2026-03-23 23:11:12,
6e0e9b96-7a66-481a-a779-8f236bf9ecf2,2026-02-28,msg_00117,U743849e63f8101ac616f8fd0ba84a167,U36c6045e18af386a670be399b37eb0f5,video,delivered,2026-02-28 19:13:03,
3d03f3b7-09e4-4b92-a90d-fe0d17e53695,2026-02-20,msg_00036,U879eb903ad90cd9c2874f6df7651267a,U983177354c0e21c71e749c99385e83fb,video,delivered,2026-02-20 13:38:31,
f736a7ba-029a-491e-846f-9ce2c7d713a6,2026-02-20,msg_00017,U22a93bc29b1df104af6b1ba1cd91fc56,Uaffa3a4a53fbd9f4f50added039de6a4,video,delivered,2026-02-20 04:59:05,
04a54f2f-2d87-4b2a-9564-be556a9256eb,2026-02-24,msg_00111,Ub0341314a5534ea92b26fa8adc30543f,U1bfcb453ae9b54d38d1980c941cb4787,flex,clicked,2026-02-25 01:15:58,https://example-saas.jp/lp/newmenu
0d8a7231-54c4-47e1-8c7e-da9be58d0d37,2026-03-06,msg_00055,U3bae1603803a839c0cb52f511d9cb8f6,5249306ad714f03297e3ad1653388540,flex,opened,2026-03-06 05:27:09,
786cca9b-f67b-4b24-b92b-26b69f506186,2025-12-24,msg_00062,Ub0341314a5534ea92b26fa8adc30543f,U6a0ab58d5e6fe91a882f58220c94761d,video,delivered,2025-12-24 09:54:36,
98a87572-1fec-449c-b79d-7f5e9f123c56,2026-03-08,msg_00112,U3bae1603803a839c0cb52f511d9cb8f6,U2bb0774453ee28b1fb40edbe6897c117,image,delivered,2026-03-08 22:41:45,
2f1adfcd-f289-4e1e-b99f-8932a5b61e21,2025-12-17,msg_00032,U3bae1603803a839c0cb52f511d9cb8f6,U3043e6188568f59f7c39f6ffe2768dc8,video,delivered,2025-12-17 20:57:23,
d221e0fa-926e-4df5-8576-9b2d40a03cb2,2026-02-07,msg_00090,U4784fc8a8e1e4eb2435ad84e0ad052f2,U042e15b03fbb043d623daf4fb33dea6b,imagemap,delivered,2026-02-07 17:20:30,
f8273a4f-79ba-47b9-aea8-ac200c80b2cf,2025-11-23,msg_00053,U743849e63f8101ac616f8fd0ba84a167,U7b76115ea7bdf6ecf90cb77bd9af2769,video,delivered,2025-11-23 14:08:26,
fed7b07d-20ad-454b-8243-e00e795b3554,2025-12-19,msg_00064,Ub0341314a5534ea92b26fa8adc30543f,U257058309a928544307c6e1f8aae8f28,image,opened,2025-12-19 12:21:12,
2a04affa-5583-4ea8-8cfb-912fd0bbfbdb,2025-11-23,msg_00024,Ue8d9224ecde331ce692edfce0b5ecdc4,U0ab48728b361792832fc9aa0e32cfff6,text,delivered,2025-11-23 10:04:26,
9a31d30d-46f9-460b-b852-958769d41fbc,2026-01-09,msg_00052,U743849e63f8101ac616f8fd0ba84a167,U83e6a419745a7ddec290a2840cec45d8,video,delivered,2026-01-09 00:46:02,
a0f32ab0-3c1e-4da8-abae-4011ce74d2e2,2026-02-25,msg_00008,Ub0341314a5534ea92b26fa8adc30543f,U5152b0ebb921d274b8246eef5b577089,image,delivered,2026-02-25 14:47:27,
626adcbe-f7b0-4d44-ba94-62c1c32f7d71,2026-02-24,msg_00111,Ub0341314a5534ea92b26fa8adc30543f,c4845b51bd9e803e0cc81d40473b3ab0,flex,delivered,2026-02-24 17:25:16,
e2fe51ad-9e4c-43ae-ad37-8a5000fe98c2,2026-03-16,msg_00002,U3bae1603803a839c0cb52f511d9cb8f6,Uc4f2128dcf78de9968f22e1faa1e9d9a,text,delivered,2026-03-16 12:42:56,
bc92f98e-34a0-4664-9f79-e7699b9e59d3,2025-12-25,msg_00045,Ue7310890b01058478be93761a56d0aa0,U5fbc9576634a85c98c6e3021ae744eb8,video,opened,2025-12-25 15:45:25,
da6ffb71-37a9-45b6-939d-2504e019a73c,2025-12-19,msg_00064,Ub0341314a5534ea92b26fa8adc30543f,U09b25bc35cb956f2beb159230090a9a6,image,opened,2025-12-19 11:14:20,
079978e7-0f0a-4c49-b894-f54a3e8d5388,2026-03-08,msg_00112,U3bae1603803a839c0cb52f511d9cb8f6,1c8c0af440989392eae52c5720b7ed81,image,clicked,2026-03-08 13:29:37,https://example-saas.jp/lp/newmenu
0a9bae50-b3a0-47e9-bf7e-20ff687ae7db,2026-03-03,msg_00093,U743849e63f8101ac616f8fd0ba84a167,U59acea8c64de654c0e1cec10934716e8,imagemap,delivered,2026-03-01 07:25:57,
fc787d8b-f0af-4f12-a349-8718f71bbc00,2026-02-15,msg_00087,U3bae1603803a839c0cb52f511d9cb8f6,U1fd9a68fb43144c08b2167d7bbc36e70,imagemap,clicked,2026-02-15 08:56:17,https://example-saas.jp/lp/newmenu
eebb1a35-6887-45f6-adb2-6b4f10b4a60d,2026-04-08,msg_00041,Ue7310890b01058478be93761a56d0aa0,U75833df5988395a8af41cb9bf0fd064c,text,delivered,2026-04-08 01:08:30,
9ddae942-d28f-43ba-ac85-2a4bf0250fcf,2026-03-31,msg_00046,U4784fc8a8e1e4eb2435ad84e0ad052f2,U5c694aafea6626487e5238440f3b5be4,flex,opened,2026-03-31 23:04:47,
2c25f21d-132e-4ba9-b349-2e9829b365bf,2026-04-01,msg_00072,U4784fc8a8e1e4eb2435ad84e0ad052f2,U52f33072a46d5b5b1326c211be54a937,image,delivered,2026-04-01 18:55:24,
18264fe6-8ed1-4e11-b607-15366786c9ca,2026-03-20,msg_00092,U743849e63f8101ac616f8fd0ba84a167,Uff5d457ab06549eaf6c5bac0f3e15def,video,delivered,2026-03-20 11:58:05,
de0258c8-c574-4e3d-85ac-8ad8eb0eeaa5,2026-03-13,msg_00001,U4784fc8a8e1e4eb2435ad84e0ad052f2,Uf401604c60725c9d89e42643cf09d1e5,image,delivered,2026-03-13 15:22:13,
0640de30-ed27-41a4-9c26-9bcc751f557c,2026-03-05,msg_00014,U3bae1603803a839c0cb52f511d9cb8f6,Uc89a3d8594d754a02a3f7b5f1c5a4955,flex,delivered,2026-03-05 06:10:10,
d6d2be6f-e49a-4812-9642-ab0507314349,2026-01-24,msg_00007,Ub0341314a5534ea92b26fa8adc30543f,Ude2e5ca531bb9a6b8828919a3c118b8e,imagemap,opened,2026-01-24 14:19:00,
70cd88b9-cf1a-4c41-b878-229984fbeaef,2026-02-15,msg_00006,U743849e63f8101ac616f8fd0ba84a167,U8856bd4bec068763fe6b3a9e31318d81,flex,opened,2026-02-15 16:46:50,
81461c78-a255-43c7-b0dc-66851830e3cb,2026-03-27,msg_00096,U476acbdef8e9a16d24575e4f6d7b0f31,Ueeb2ee82a1fdae5ffb0f57c29ae1ce1b,imagemap,delivered,2026-03-27 09:58:29,
92eb4177-dfb7-4a00-8581-828ef53ab86b,2026-01-24,msg_00007,Ub0341314a5534ea92b26fa8adc30543f,Uf2e9a2506a9ab309d76c3c1437363b58,imagemap,opened,2026-01-24 18:21:53,
1b85f7dd-0540-40c8-afb7-eee03dd5c40b,2026-01-30,msg_00050,U3e5dd3a641c58ad50e49f095c6f1e306,Ud53e12e3da06131d73461132b7279eaf,image,delivered,2026-01-30 22:51:17,
53dd4946-7ca7-4ded-8398-8519668e2590,2025-12-18,msg_00114,Ub0341314a5534ea92b26fa8adc30543f,U5efef8161e0563f8c5e0c3d97310bc4f,flex,delivered,2025-12-18 01:09:19,
e57cd4ae-8941-4fd7-875a-d74a542ce0f5,2025-12-09,msg_00069,Uc20f9c7e9b662bedec3cb78e127885c7,U1f7c88ad9b02752901f29445b288bd3c,imagemap,delivered,2025-12-09 17:13:23,
1437ab9b-0914-438d-b0e9-d45fb6469726,2025-11-23,msg_00024,Ue8d9224ecde331ce692edfce0b5ecdc4,U423a3243e29fc2a880562c7f9b69c730,text,delivered,2025-11-23 22:11:29,
d0cb7998-f2c8-4103-837a-c07f14ac7718,2026-02-28,msg_00117,U743849e63f8101ac616f8fd0ba84a167,1601eb4973df651917496588a4320e30,video,delivered,2026-02-28 21:20:58,
573fcc4f-8c37-4ba8-8ac1-cc1f1ba6f1a0,2026-01-18,msg_00102,U227d1cd1a801c367de206ec4bbca7330,Ua4fdb9feb53df9c94e45db5358cac65e,video,delivered,2026-01-18 11:36:24,
487c9b16-605b-4e6d-830f-2af245b2bf66,2026-01-01,msg_00027,U4784fc8a8e1e4eb2435ad84e0ad052f2,U9af96c90d7686025b47a229a3a742578,image,delivered,2026-01-01 04:30:56,
eb8512c7-708c-4703-8518-6cf0dc5567f5,2026-02-15,msg_00087,U3bae1603803a839c0cb52f511d9cb8f6,Uec7f63bd4fa39eafb385dc73050ddecf,imagemap,delivered,2026-02-15 12:09:25,
27258150-372e-480c-8a5f-0ac3cce1521e,2026-02-28,msg_00117,U743849e63f8101ac616f8fd0ba84a167,U36a7a3d99cc8dccc3a335cc1e180b25c,video,opened,2026-02-28 17:35:36,
54fc43a9-3430-4eac-a1af-729c77d60f83,2026-04-10,msg_00101,U743849e63f8101ac616f8fd0ba84a167,U5b6f7b602ed8a0e818713b8b272ba61d,imagemap,delivered,2026-04-10 23:44:24,
7513b76b-c35c-4d55-b4c5-bfbd382da916,2026-04-01,msg_00072,U4784fc8a8e1e4eb2435ad84e0ad052f2,U81bb757a3803b685d6e45c7c79f6879b,image,delivered,2026-04-01 07:27:30,
77700589-3302-4f6c-a023-e84cee72816e,2026-03-12,msg_00084,U68d2301028fb66b51d9111f1af067e34,U1abe8140023c331a0ec0cb37ca10fbfd,video,opened,2026-03-12 21:57:44,
67c7f2e5-0225-41f5-b942-fbfb28183181,2026-03-14,msg_00009,U743849e63f8101ac616f8fd0ba84a167,Ucaf9116ff90635f5e7aa2d7b7e62846c,imagemap,delivered,2026-03-14 06:15:28,
d1208dd0-3a4f-4b35-9fe9-70be4de55b90,2026-02-08,msg_00051,U3bae1603803a839c0cb52f511d9cb8f6,U4d9da32251f187f3a4496fa13f3136af,image,opened,2026-02-08 23:08:29,
ae36a885-1787-44a4-92a4-97e1aea8253a,2025-12-14,msg_00085,U743849e63f8101ac616f8fd0ba84a167,Ub489ca9d19b68d4f04c63fc825a2174b,image,delivered,2025-12-14 15:09:47,
56f165e8-19e8-42a2-8741-f5e7b2ea5b66,2025-12-18,msg_00114,Ub0341314a5534ea92b26fa8adc30543f,U18481d4c7870d7ba13948311f2652436,flex,opened,2025-12-18 07:46:33,
7a21e0b7-e802-4eb5-86f3-650bc2120db9,2026-01-18,msg_00102,U227d1cd1a801c367de206ec4bbca7330,U8222a2025f5d0aa8d514644ba9073e77,video,delivered,2026-01-18 13:42:40,
4da05630-4833-40e4-a50d-ac5712780c4a,2026-01-26,msg_00063,Ub0341314a5534ea92b26fa8adc30543f,2727b8043866aacb790dcca05ca410c7,imagemap,delivered,2026-01-26 05:36:40,
2c662147-4184-4d49-b630-702b81ff538b,2026-02-14,msg_00065,U743849e63f8101ac616f8fd0ba84a167,Uf3eda0402736b3761ff40f5578baf337,image,opened,2026-02-14 16:49:59,
969679f4-11d3-45a1-8096-46b7b28571fa,2025-11-23,msg_00053,U743849e63f8101ac616f8fd0ba84a167,Ubaf5dfc71c23432c314ca839fcac2aa1,video,clicked,2025-11-23 14:14:43,https://example-saas.jp/campaign/spring
36ad71b1-bb9e-4e30-adba-5bb94c849cd7,2026-04-04,msg_00049,U476acbdef8e9a16d24575e4f6d7b0f31,Uf3f0f391234fdfb24d273545dbac8973,text,delivered,2026-04-04 12:02:03,
1ae0f466-0937-4077-8426-638c706d7c75,2026-01-10,msg_00044,U30ad60bba5da9837ca5dd0230ca8f531,U57428b117f1e51fc9cfe520dd587c75f,video,delivered,2026-01-10 22:46:21,
f596af96-64a3-4a84-bbb5-8fef1967e7ec,2026-02-08,msg_00051,U3bae1603803a839c0cb52f511d9cb8f6,U36ac835ba43dbace877e383c1f972f0d,image,delivered,2026-02-08 07:01:52,
418247f5-434a-42b3-b0c5-07515c3691e6,2026-02-28,msg_00117,U743849e63f8101ac616f8fd0ba84a167,U5db8e7e3cd41d340d1f274c5385be6c7,video,delivered,2026-02-28 08:49:57,
9dc01d8d-b815-40bd-a6e7-4c206e483419,2026-04-01,msg_00072,U4784fc8a8e1e4eb2435ad84e0ad052f2,U04bfe59e1b45cf5bc67388cc3615c700,image,delivered,2026-04-01 17:49:22,
0b8feb30-cf3d-4b12-9ccb-5329e22f0244,2026-03-25,msg_00079,U743849e63f8101ac616f8fd0ba84a167,Ua549fe4863cbec9cf74aa2dcc55c3308,text,delivered,2026-03-25 07:40:58,
5134bfd4-c703-4a48-9290-15f4a7a2c3aa,2026-02-20,msg_00036,U879eb903ad90cd9c2874f6df7651267a,Ueeb502a43b4c1309f7a9a5999a1cad0a,video,delivered,2026-02-20 01:58:56,
a8d4e52f-1054-4e95-97c6-278ae4b596d6,2026-03-08,msg_00112,U3bae1603803a839c0cb52f511d9cb8f6,Ue3ef8636d84c2f396a1fd75146c2d2d4,image,delivered,2026-03-08 11:20:47,
6d4e99a7-54d7-45b0-be22-90a7adcbf542,2026-01-24,msg_00007,Ub0341314a5534ea92b26fa8adc30543f,U09deab8e22ffce5f524415a05f01c3c2,imagemap,delivered,2026-01-24 14:03:23,
6c463c67-9165-400d-96ed-f22185ed56e4,2026-01-01,msg_00027,U4784fc8a8e1e4eb2435ad84e0ad052f2,Uec6cedde38b9877c11b9a03046e1a2d9,image,delivered,2026-01-01 15:53:45,
97033b15-3ed4-466e-a296-02155cfb75b8,2026-03-20,msg_00092,U743849e63f8101ac616f8fd0ba84a167,U8403fd64c7afffe37cca35f44ab4eaaa,video,delivered,2026-03-20 03:12:26,
778de4b6-40e0-4e50-ab8e-5311b16ef07c,2025-12-21,msg_00022,U3bae1603803a839c0cb52f511d9cb8f6,U8d0f73098f02baeb57a32e3c1ff6ffe2,video,delivered,2025-12-21 08:49:36,
a1bb2c53-294a-40f6-84bf-d8505808e9fe,2025-11-19,msg_00019,U743849e63f8101ac616f8fd0ba84a167,U837ab7fa1f3087768d9a3f70cfcaebb3,flex,clicked,2025-11-19 18:02:59,https://example-saas.jp/campaign/spring
2e6b1a08-fdf8-4463-a130-b9e266dd1089,2026-04-10,msg_00101,U743849e63f8101ac616f8fd0ba84a167,Uacd92f10002d52bd461d348fa6d201bc,imagemap,delivered,2026-04-10 08:37:10,
82613800-e118-433a-a98d-154958f4dfb6,2026-01-26,msg_00086,U4784fc8a8e1e4eb2435ad84e0ad052f2,80d27f5fe236909269fddbe135a61bfe,text,delivered,2026-01-26 14:17:14,
547f26dd-21fb-43d2-9adf-b037130b13b3,2025-11-17,msg_00099,U3bae1603803a839c0cb52f511d9cb8f6,U93755e5c091ca76f922fc20c8c8d3a9b,text,delivered,2025-11-17 10:11:39,
e811ce7e-23c5-4d41-bef2-d27d8eee1fc3,2026-04-08,msg_00078,Ud4a92c8c8050eed40ef171cc2784d638,Ud305a6fca643adcfee262cb5c4690e3a,image,delivered,2026-04-08 04:26:32,
95c996f8-b3ff-46b6-a163-01cca8d69082,2025-12-18,msg_00070,Ue9a1e8a5b83a6b296d43c957a8cfba4a,ac33b7876f593208cab5b17687b2d467,imagemap,opened,2025-12-18 02:41:54,
6efdf8e2-b280-4c61-bbde-bb5519070e89,2026-03-23,msg_00071,U3bae1603803a839c0cb52f511d9cb8f6,Ud7c37974ebc3eb56d1e4ce5417fa8a7a,imagemap,opened,2026-03-23 18:38:00,
e14dc660-1c5d-4379-b971-dfb5e2f53540,2025-11-16,msg_00020,U3bae1603803a839c0cb52f511d9cb8f6,b1620df863f4405f367874e382f6b318,text,delivered,2025-11-16 22:37:13,
66157c69-8c8d-4978-9202-4658414fef78,2025-12-24,msg_00062,Ub0341314a5534ea92b26fa8adc30543f,Ub5a36e4ecdc43a00b01946f330520271,video,delivered,2025-12-24 10:35:48,
4d95c4ba-1d8e-4bca-930f-6d61f550812e,2026-03-16,msg_00002,U3bae1603803a839c0cb52f511d9cb8f6,U5767d82affccc1380533615f058305f2,text,delivered,2026-03-16 06:04:02,
328783ef-7cdf-4525-b673-bc3b2a8524be,2026-04-05,msg_00054,U3bae1603803a839c0cb52f511d9cb8f6,Uce57b2a5c9bf9775bd5884e977b7feb6,image,opened,2026-04-05 04:40:02,
a7ef5bb8-bb55-43f7-82ce-ccf1dc849c92,2026-02-14,msg_00098,U743849e63f8101ac616f8fd0ba84a167,U66e4cf3588aebbe0ef5bd3be5b5f8a11,imagemap,delivered,2026-02-12 08:46:00,
d852f3cb-2791-49d6-b853-9668fcabe3c1,2025-12-25,msg_00045,Ue7310890b01058478be93761a56d0aa0,Ua5686b426b76d986a46a4ca63a713cc2,video,delivered,2025-12-25 08:49:04,
4844c2a5-504b-4f04-9847-fbd0999c63dd,2026-02-20,msg_00048,Ue7310890b01058478be93761a56d0aa0,U32b4f45dc2abd7214ffbbd862a13269d,flex,opened,2026-02-20 09:39:44,
e47328bf-18f6-4b2b-9de8-8faabac6ed18,2026-03-16,msg_00002,U3bae1603803a839c0cb52f511d9cb8f6,Ud9589a61bf19cc112d5d596c131356e5,text,opened,2026-03-16 12:40:37,
485db555-9146-40e6-b143-33eed335c9f3,2025-12-25,msg_00045,Ue7310890b01058478be93761a56d0aa0,Ubb6ac68599901d3d3043395b2fcb2540,video,opened,2025-12-25 10:11:22,
1f37fac6-1c29-4fe6-8f84-a5a617d215f3,2026-02-24,msg_00111,Ub0341314a5534ea92b26fa8adc30543f,U6acbf1f7034725a2abfabfac87fcd7bd,flex,delivered,2026-02-24 09:33:31,
388e98ae-6088-4c0e-94e2-fb385d4b821f,2026-03-03,msg_00093,U743849e63f8101ac616f8fd0ba84a167,U63af1dc7eda4aa3bf597683153dfd9b2,imagemap,delivered,2026-03-03 16:17:40,
7ad7bc82-0045-4d32-9ea7-0bde373ed2d4,2025-12-18,msg_00114,Ub0341314a5534ea92b26fa8adc30543f,U142fd56f5f2bb3b77066c3c1a0374af6,flex,delivered,2025-12-18 18:26:47,
998375b2-e6ee-47dd-9050-d2580cffec1d,2026-02-15,msg_00089,U3bae1603803a839c0cb52f511d9cb8f6,U3d898f46003535a0f6e21f2c44824dcf,text,clicked,2026-02-15 16:28:05,https://example-saas.jp/lp/newmenu
ac4030e6-0563-4882-8560-712123dda5e1,2026-02-05,msg_00107,U3bae1603803a839c0cb52f511d9cb8f6,U8e99043892ee7edf55af60073d8b2e32,text,opened,2026-02-05 12:54:01,
3eb5e13e-69ad-445c-bdc9-88e4a971681a,2025-11-23,msg_00053,U743849e63f8101ac616f8fd0ba84a167,U1c53e76b226dc8e217df6ab7b3815178,video,delivered,2025-11-23 20:33:36,
9fb3a30b-7ebb-492b-b868-f7f36ca59c73,2025-11-23,msg_00053,U743849e63f8101ac616f8fd0ba84a167,Ua4ba54fcd67cec2433677d684f49f63d,video,delivered,2025-11-23 12:46:46,
167abe7e-d7ec-4833-9043-518a56146871,2026-03-20,msg_00106,U3bae1603803a839c0cb52f511d9cb8f6,U0f233c595f540594c85f556959b4dd5f,video,opened,2026-03-20 06:56:32,
17cedf26-69eb-40ed-9540-9c83a81f8198,2025-11-24,msg_00033,U3bae1603803a839c0cb52f511d9cb8f6,U8d49eb3f3e7fd5860d48a4f3d39dad23,text,delivered,2025-11-24 14:14:28,
38d82e61-4175-41e4-a5f6-a09f2e49761e,2026-03-31,msg_00046,U4784fc8a8e1e4eb2435ad84e0ad052f2,a1ce542c57cc716a65a6c09e7b361f95,flex,delivered,2026-03-31 14:11:52,
b5ed0970-1421-4366-b8a7-056b215724c6,2026-01-20,msg_00108,Ub0341314a5534ea92b26fa8adc30543f,Uc11c0ac4d82d56cc2d94dff8f67d7f78,flex,opened,2026-01-20 19:25:07,
ab3f5f90-613d-4ca4-8c11-ef56fe90b8c1,2025-12-24,msg_00091,U3bae1603803a839c0cb52f511d9cb8f6,U320ef8a9e1328d9e3d18d9f000c6e6ac,imagemap,opened,2025-12-24 16:22:31,
01cbb0b1-7ef2-4ee5-9680-c5201c44cf63,2025-12-19,msg_00064,Ub0341314a5534ea92b26fa8adc30543f,Ua9959dd8d2a0f4c04a1a4d9979a9cae0,image,delivered,2025-12-19 20:37:31,
29715686-20aa-4a00-90b2-34e995d8fc61,2026-03-08,msg_00112,U3bae1603803a839c0cb52f511d9cb8f6,a425b5cc26d6e4dbc994da8e13aaabae,image,delivered,2026-03-08 01:34:52,
0cfbaa95-dc8a-4d13-b782-3b9abbdebb95,2025-12-25,msg_00045,Ue7310890b01058478be93761a56d0aa0,U5bab47690a4a990112119c91001854ea,video,opened,2025-12-25 18:16:10,
0b80249b-3795-4a5f-846c-3e0cf1592499,2025-12-09,msg_00059,U3bae1603803a839c0cb52f511d9cb8f6,U05c28c5914065d897cafb4350e403340,imagemap,delivered,2025-12-09 22:01:58,
fb07331c-d484-4126-9d05-4a40743f2e1f,2026-01-26,msg_00086,U4784fc8a8e1e4eb2435ad84e0ad052f2,Uc93e5338734fbee68a24d4ac1c7da2c3,text,delivered,2026-01-26 07:08:07,
080bd26e-ea58-4030-b2f0-f9f7485363f3,2026-03-22,msg_00119,U3bae1603803a839c0cb52f511d9cb8f6,U1e56e02d634561ccc3cf9a5f0f7240a7,imagemap,opened,2026-03-22 10:40:15,
d7f07ec9-968e-4189-ba99-1352bdb095a7,2026-04-04,msg_00049,U476acbdef8e9a16d24575e4f6d7b0f31,082bd1e630e5b64540147b0f241df2d9,text,opened,2026-04-04 22:50:29,
6633f756-2fa1-426b-abe6-0c5d5de88c2a,2026-03-20,msg_00092,U743849e63f8101ac616f8fd0ba84a167,U5a3ceb0dad8fccfbad9cad78ddb77163,video,delivered,2026-03-20 23:22:17,
1b99d0b5-f3df-45db-95b9-fd91ca9f8af6,2025-12-18,msg_00114,Ub0341314a5534ea92b26fa8adc30543f,U8c0cad7add4de2a3d843173932db064f,flex,opened,2025-12-18 06:26:48,
75c54e90-297f-42a0-8608-5b2c130a4762,2025-11-23,msg_00053,U743849e63f8101ac616f8fd0ba84a167,U0ae44b103d956aec7c15a9e891eeaca5,video,failed,2025-11-23 02:18:04,
59586a2f-0bfc-4efe-aca0-22f9b5094cbf,2026-02-14,msg_00042,U3bae1603803a839c0cb52f511d9cb8f6,Ucc86a540e449c60b05ba48eb22bb44f8,video,failed,2026-02-14 03:33:04,
5a1b7646-a872-4c05-89b5-fc44dc3b3d90,2026-02-25,msg_00008,Ub0341314a5534ea92b26fa8adc30543f,Ue13ee1e0d88e3d3d32c9c3afbcbf3465,image,delivered,2026-02-25 11:25:30,
0c11fa11-d7fa-4c89-8001-c7b27c8aa327,2026-01-20,msg_00026,Ud4a92c8c8050eed40ef171cc2784d638,Ude2b4f50b602c96d0c23d62555fbeca1,imagemap,delivered,2026-01-20 08:21:29,
df677999-a5c5-42fd-be98-00bb24048cf0,2025-11-17,msg_00099,U3bae1603803a839c0cb52f511d9cb8f6,Ue99960c716827afd6e55df62b73d7dcd,text,delivered,2025-11-17 17:55:50,
9f19fce2-dbbb-4cb1-8e30-34c5b7b2c614,2026-01-17,msg_00037,U7e808d11d6f9901a954a542a7ee09918,U3c5e40feeb93d31fcec13d670e7cee23,text,delivered,2026-01-17 02:23:05,
90144242-62e9-469e-a34d-414bb4f828d0,2026-02-20,msg_00036,U879eb903ad90cd9c2874f6df7651267a,U25123e9d16d0f5aec03fcd7c6f62bf6f,video,delivered,2026-02-20 02:10:59,
774f39d7-8559-49ed-93af-ccc4ceb555de,2026-03-27,msg_00096,U476acbdef8e9a16d24575e4f6d7b0f31,U4733017f7f6d581da787e6e776936cc6,imagemap,delivered,2026-03-27 09:41:16,
952e6fd6-6f9b-4320-8c1f-da1ce2677328,2026-03-31,msg_00046,U4784fc8a8e1e4eb2435ad84e0ad052f2,Uc121c1773c0e733ef17312f272381f3d,flex,clicked,2026-03-31 04:55:24,https://example-saas.jp/coupon/500off
26015fd9-8e1f-4c35-89c1-8bf6f50aea6d,2026-01-30,msg_00050,U3e5dd3a641c58ad50e49f095c6f1e306,U29d3df3526ec1d63ccfc82973882cf9d,image,delivered,2026-01-30 10:36:19,
fdea368b-2407-4aa1-a08a-6471410f6b32,2026-01-13,msg_00060,U3bae1603803a839c0cb52f511d9cb8f6,U3d3d9772f88155520697a1b86c0685ec,image,delivered,2026-01-13 12:31:04,
e6b1b4e5-1f0e-4098-b013-87f72f3b9772,2026-03-16,msg_00002,U3bae1603803a839c0cb52f511d9cb8f6,U7098da8afd04a0377f20d95100bf51a5,text,delivered,2026-03-16 23:18:13,
9d185dea-d3d2-4d41-b539-9239039da6b4,2026-01-24,msg_00007,Ub0341314a5534ea92b26fa8adc30543f,Uf3c7e70ad6287daf753401248d7b9763,imagemap,opened,2026-01-24 15:16:26,
fdfbde75-8eff-4fb3-987f-a34af5cd33e2,2026-01-13,msg_00060,U3bae1603803a839c0cb52f511d9cb8f6,U46d71b75d0bf81232f7fcd12b174e80e,image,opened,2026-01-13 11:04:02,
f5dc0a9f-a557-462d-9e39-ad9de1a8091f,2025-12-23,msg_00061,Ub0341314a5534ea92b26fa8adc30543f,U5d041f471108168b03894f1fd5657227,imagemap,delivered,2025-12-23 15:07:17,
74d4a278-2c02-485e-adb6-40263e8ae406,2026-01-24,msg_00007,Ub0341314a5534ea92b26fa8adc30543f,Udde71d0ebae68b93196db74adcabb593,imagemap,clicked,2026-01-24 16:20:07,
8d5a778d-3e7e-4165-98f1-0ec3d3db9177,2026-04-12,msg_00120,U227d1cd1a801c367de206ec4bbca7330,Ufa472487f2c7228efd81c650e3bfbf3f,text,delivered,2026-04-12 17:26:11,
2caff57c-7dee-4285-93b1-679f645186d3,2025-11-30,msg_00025,Ub0341314a5534ea92b26fa8adc30543f,U0130199ba148a4107329417e04c9a8e4,imagemap,opened,2025-11-30 08:55:51,
6cb6dc4b-8161-490f-9acf-cf9da05454e6,2025-11-16,msg_00011,U837b70463a585f85743b5bfb3b49c9fd,U01bbf259d6d82a00a81b2598751e89eb,flex,delivered,2025-11-16 22:17:20,
9fe8effc-88b6-44b5-b2a4-8e942b7d8c07,2026-02-07,msg_00090,U4784fc8a8e1e4eb2435ad84e0ad052f2,f25431fead9a89930b3ad8c454d8ae11,imagemap,delivered,2026-02-07 21:04:09,
dea5e5e2-b67d-4255-9c29-92e4fdb438ba,2026-03-08,msg_00112,U3bae1603803a839c0cb52f511d9cb8f6,U73e392c02a183ea723e47e93188985bd,image,opened,2026-03-08 11:23:08,
2593bb56-2018-4480-a841-e9f6a155bcda,2026-01-26,msg_00005,Ub0341314a5534ea92b26fa8adc30543f,Ubaec2968eb1ad7554aaa328326c663ef,image,delivered,2026-01-26 05:27:43,
60353f28-67e6-4c03-9e67-90bc2513ad87,2026-04-12,msg_00105,Ud4a92c8c8050eed40ef171cc2784d638,U9edee06512138a868605ae22f0b99788,flex,clicked,2026-04-09 19:20:52,https://example-saas.jp/lp/newmenu
2e9c59c6-cf33-417e-b7ca-29dcf213289a,2025-12-23,msg_00109,Ue7310890b01058478be93761a56d0aa0,U6354e8586e8ee29b19f0c55e40973dbd,text,delivered,2025-12-23 13:07:30,
6ea70d57-2ad0-45f0-ae67-f7af2a891739,2026-01-13,msg_00060,U3bae1603803a839c0cb52f511d9cb8f6,U32d9cde439aacb1e510dd7b79e31bef7,image,opened,2026-01-13 22:34:45,
233a8f51-762e-451e-b642-79c27ee09db2,2026-03-11,msg_00067,U7e808d11d6f9901a954a542a7ee09918,U8331533ac95e4e92f87a85f2e747b987,video,delivered,2026-03-11 08:25:18,
d4d46de3-eb5f-4deb-8a95-e96042885b6d,2026-02-10,msg_00058,Ue9a1e8a5b83a6b296d43c957a8cfba4a,U354a3731267b737acdab351b527a42f9,video,delivered,2026-02-10 16:06:02,
7dba956c-f726-422c-b4c1-41cebbf198b1,2026-02-14,msg_00042,U3bae1603803a839c0cb52f511d9cb8f6,Ud75e9f3e574b92f84aeaa61b9768cfd7,video,delivered,2026-02-14 04:11:23,
b1021084-86a2-4da8-92dc-9565af354875,2026-03-20,msg_00092,U743849e63f8101ac616f8fd0ba84a167,U9cf4355db7192ce96929c84b7fcf140e,video,clicked,2026-03-20 19:00:34,https://example-saas.jp/survey
05eaede8-6a70-4662-bf2b-a59fbcfcf60e,2026-02-03,msg_00050,Ue7310890b01058478be93761a56d0aa0,U9d286aecace6c107d3fa1a1bbc2e4bd9,imagemap,open,2026-02-03 13:02:50,https://example-saas.jp/coupon/500off
38903062-875b-4cfb-9f86-77e78d10699f,2026-03-16,msg_00002,U3bae1603803a839c0cb52f511d9cb8f6,U893362912e4dda1cffeef88142117f9d,text,delivered,2026-03-16 17:39:31,
c88c5a06-7423-46fd-b77f-dfb3a710b11f,2026-03-20,msg_00057,Ub0341314a5534ea92b26fa8adc30543f,U8c66f17de66e2fd37052ae16392c395d,video,delivered,2026-03-20 10:16:42,
946b14c2-8d25-4dd9-af1b-bb8c975da8db,2026-04-05,msg_00054,U3bae1603803a839c0cb52f511d9cb8f6,Ubff36091feb61215cf9b73a843e0688c,image,opened,2026-04-05 22:32:26,
194814ab-3e7c-46c7-b5d1-75d278d39cb0,2026-03-20,msg_00106,U3bae1603803a839c0cb52f511d9cb8f6,U247135911d237a29d80df95336c4ddec,video,delivered,2026-03-20 06:04:18,
147f6ce0-ffdb-471d-b00e-f5e495f15f36,2026-01-26,msg_00063,Ub0341314a5534ea92b26fa8adc30543f,U2f6d263899c6be8da382173c580b6fd2,imagemap,delivered,2026-01-26 17:45:21,
5b33b82f-eabd-46c2-a65a-d34c5ee9840c,2026-02-16,msg_00021,U743849e63f8101ac616f8fd0ba84a167,683a6a73fc37dabc9dd3bad47d716dff,flex,delivered,2026-02-16 06:23:20,
bfa145c1-8d37-4da5-93d1-b3a79dc5870c,2026-01-26,msg_00103,U3bae1603803a839c0cb52f511d9cb8f6,1be005c1d8ef694e27319cf165fed707,flex,delivered,2026-01-26 15:04:39,
20064f72-9c6f-4c6f-8320-a47199e1b85a,2026-03-23,msg_00071,U3bae1603803a839c0cb52f511d9cb8f6,U7141a0deef64e6c01b9105eb0db4665b,imagemap,opened,2026-03-23 04:35:29,
571288e8-16c3-4a8b-b0fd-839625dbb9c2,2026-01-26,msg_00005,Ub0341314a5534ea92b26fa8adc30543f,U5cae5a08cdc60a2b902c8f66584b9600,image,opened,2026-01-26 14:37:50,
8612f0cc-3df4-4a3a-a434-ab0994a68625,2026-02-08,msg_00051,U3bae1603803a839c0cb52f511d9cb8f6,Ufd75de79b5f9c26cd8227a6e6413bffb,image,delivered,2026-02-08 04:17:38,
03a77b56-c66d-43b9-a10d-049cb3502209,2025-12-25,msg_00077,U743849e63f8101ac616f8fd0ba84a167,U4ca15a3e868f479e446af42110a675c4,text,opened,2025-12-25 05:25:56,
bc8fa1bf-a333-451e-a8a9-b853c21acaaf,2025-11-21,msg_00010,Ue7310890b01058478be93761a56d0aa0,U54842ff2fd3c1dbc86b20f41701a7ea6,imagemap,delivered,2025-11-21 20:13:02,
9c07e424-76de-470e-bcc6-94bc6b860b75,2026-02-05,msg_00107,U3bae1603803a839c0cb52f511d9cb8f6,U922f1c3ce7545339a80cb59f57000886,text,delivered,2026-02-05 09:59:55,
0e93f5cc-dd44-40e5-a8e7-5bfdca53a2b2,2025-12-25,msg_00045,Ue7310890b01058478be93761a56d0aa0,U244056dc0fa45db7d5612a07efb67257,video,delivered,2025-12-25 11:04:51,
346e6ba6-51a1-4a66-8d4d-03328cae8599,2025-12-18,msg_00114,Ub0341314a5534ea92b26fa8adc30543f,Ucc1130144350b55c4ed85bc13c7f1e91,flex,clicked,2025-12-18 14:10:31,https://example-saas.jp/lp/newmenu
c087de1b-d51c-4610-be84-d55041da8721,2025-12-25,msg_00045,Ue7310890b01058478be93761a56d0aa0,U8b9e0cead418a42a55805899c9f0fd04,video,delivered,2025-12-25 13:44:28,
910601ea-d369-4481-91e3-89a55603d665,2026-04-05,msg_00054,U3bae1603803a839c0cb52f511d9cb8f6,e0ea6ab17638ce4c0c5cf8bef0d4cbac,image,opened,2026-04-05 07:36:41,
c43aa208-d08d-4587-bd09-52ce7b3ba12b,2026-03-16,msg_00002,U3bae1603803a839c0cb52f511d9cb8f6,U7e07a01597e3edf72d14ea64bda48047,text,clicked,2026-03-16 07:22:02,https://example-saas.jp/campaign/spring
b4237b8d-b73e-47ce-aeae-2251d7dacab8,2026-01-14,msg_00081,Ue7310890b01058478be93761a56d0aa0,Ub50aa28019b493fc3636ea14bc19248d,video,delivered,2026-01-14 19:11:02,
12cad995-b278-4cc7-bb9c-faa03be8bc7f,2026-02-07,msg_00090,U4784fc8a8e1e4eb2435ad84e0ad052f2,Ub36f82d651d653d58e9865fae986009e,imagemap,delivered,2026-02-07 04:15:51,
74f3eb27-ca55-4dab-8e1b-5406071f9bd2,2026-01-18,msg_00102,U227d1cd1a801c367de206ec4bbca7330,Ua23a0caff1d49279ee51e228a5192e77,video,failed,2026-01-18 14:59:37,
6e4a5229-4f4c-4028-88ff-a015a17fa6ae,2026-04-01,msg_00072,U4784fc8a8e1e4eb2435ad84e0ad052f2,U314e1063bfe5f196bd364c886cfcf664,image,opened,2026-04-01 22:00:03,
540e23e6-8bb1-41ac-ae95-95992406515b,2025-12-25,msg_00077,U743849e63f8101ac616f8fd0ba84a167,U7e49dcde620e334c090ae1cc605698d1,text,opened,2025-12-25 23:05:34,
6258deda-ed12-4f6b-bc6a-e2b60d6b4e4b,2026-01-31,msg_00035,U7e808d11d6f9901a954a542a7ee09918,Uda84e7a256ee7ff7cc31716e5337ad83,text,delivered,2026-01-31 18:15:45,
bf50acd5-9f3d-4db5-a97a-c8f0ec0c9af4,2025-11-30,msg_00025,Ub0341314a5534ea92b26fa8adc30543f,Ufe346bf35300cbc6eced5cfbf3addc78,imagemap,delivered,2025-11-30 09:37:07,
d4ff3bc3-c18c-42d6-b6ad-0c859438694d,2026-01-24,msg_00007,Ub0341314a5534ea92b26fa8adc30543f,U3ed8e5b95677def7ca9cd9fd0599a934,imagemap,delivered,2026-01-24 02:53:58,
f09d6617-2bbe-4a51-98b0-6e74cef3db35,2026-01-07,msg_00110,Ub0341314a5534ea92b26fa8adc30543f,Ued99da6f4b9109e278dac6a10448ba60,video,opened,2026-01-07 12:52:14,
58d91195-177c-4487-a18e-4a5048d22981,2025-11-23,msg_00024,Ue8d9224ecde331ce692edfce0b5ecdc4,Ue12fd1e39050f562333f826e7ff59141,text,opened,2025-11-23 14:46:48,
f67ed76a-8788-4c60-9ba1-b8b202a21008,2026-02-14,msg_00042,U3bae1603803a839c0cb52f511d9cb8f6,Ue75945fe60a7496408cbb1712b84a6d6,video,opened,2026-02-14 04:43:36,
ddfee78f-33ef-4b34-b9f9-572bcae486cd,2025-12-09,msg_00059,U3bae1603803a839c0cb52f511d9cb8f6,a716d1e2da3fe4a98fbab707e65c4f2f,imagemap,opened,2025-12-09 20:31:36,
2b34d9fe-8b37-4b09-9989-ad2486b7a802,2026-02-10,msg_00058,Ue9a1e8a5b83a6b296d43c957a8cfba4a,U1cafd947ec162a38e026747c8de742de,video,delivered,2026-02-10 13:46:32,
1c4c9eef-34c6-455e-9a77-03526cea7ca4,2026-01-24,msg_00066,U3bae1603803a839c0cb52f511d9cb8f6,U7aa8504c7f7e67c75a0932996d4d58e1,image,delivered,2026-01-24 02:23:15,
f747937c-26c0-49d7-9274-baae8f1e0524,2026-03-23,msg_00071,U3bae1603803a839c0cb52f511d9cb8f6,U00b318be1c091af98632f11f4553a764,imagemap,delivered,2026-03-23 16:22:04,
efcde445-0793-4a72-a6f4-634c4cda6904,2025-11-16,msg_00011,U837b70463a585f85743b5bfb3b49c9fd,Ue9c46778879e1492310364643b3ee1b3,flex,delivered,2025-11-16 06:52:23,
3baaabc8-cae7-49c8-8e07-976decaf6813,2026-02-19,msg_00016,U837b70463a585f85743b5bfb3b49c9fd,U7d0958911a16a2e2ba2d24cd97af6dbd,flex,delivered,2026-02-19 21:59:26,
42a3fd86-0d73-4015-831f-2067c211f5de,2026-04-08,msg_00078,Ud4a92c8c8050eed40ef171cc2784d638,U490e721c8c05c5ccfe233914de5043ed,image,opened,2026-04-08 02:17:07,
fdd927ca-a1fa-4e6c-945b-251b0529ac0d,2026-01-26,msg_00063,Ub0341314a5534ea92b26fa8adc30543f,U3080682c3dadc018c161addaa01abdbe,imagemap,delivered,2026-01-26 01:04:50,
70dfd12e-6698-4cf3-84ba-7ca0d4f8ddc7,2025-12-21,msg_00022,U3bae1603803a839c0cb52f511d9cb8f6,Uc16388246a4247d7cfb0f7227e973e78,video,clicked,2025-12-21 05:02:38,https://example-saas.jp/coupon/500off
fde8914b-a774-4c7b-b23d-4ed019f60699,2025-12-09,msg_00094,U227d1cd1a801c367de206ec4bbca7330,U0c23c8705e60fcbafd7ef1b5ac5c6fb0,flex,opened,2025-12-09 09:12:07,
6a18a393-8863-40a8-b95c-9c2734fd5e8e,2025-11-30,msg_00025,Ub0341314a5534ea92b26fa8adc30543f,Ub4abd60f4379b5cb3c71e18fa9f282a7,imagemap,opened,2025-11-30 09:41:23,
9a43042c-5704-468c-84b2-7e6a3e2352e6,2025-11-22,msg_00047,Ue7310890b01058478be93761a56d0aa0,U85fd3e7f0d3c5c26e3ce63e963406232,video,delivered,2025-11-22 11:55:14,
40fb3eb2-4d24-4d94-a0ad-4f677a66ff84,2025-11-17,msg_00099,U3bae1603803a839c0cb52f511d9cb8f6,f27a347ebfb6fc52db1b107df397e16c,text,opened,2025-11-17 22:19:41,
b568b575-e703-47bc-b0db-bc33ba9ced33,2026-02-16,msg_00021,U743849e63f8101ac616f8fd0ba84a167,0cff6eb130b727ad2686e4167be636aa,flex,delivered,2026-02-14 21:52:18,
8bbfce59-35b3-493a-bec5-03dc0a5b9675,2026-01-30,msg_00050,U3e5dd3a641c58ad50e49f095c6f1e306,U43f4eca477d2931d046f040b8858616b,image,delivered,2026-01-30 18:33:54,
7294c2bd-fa2b-4e00-9e7b-1b6dd0776e37,2025-12-25,msg_00045,Ue7310890b01058478be93761a56d0aa0,U7310a94e85d6a80faadf466a5c10e550,video,opened,2025-12-25 23:46:52,
94e8d409-c089-44ed-ba8b-9d2ee5787101,2025-12-25,msg_00077,U743849e63f8101ac616f8fd0ba84a167,9384b7d477c02e844070e23b133afa7a,text,delivered,2025-12-25 18:36:23,
8870856a-ce08-4524-8181-675138115817,2026-03-11,msg_00104,Ub0341314a5534ea92b26fa8adc30543f,Ud2d720a50234b3dc45376ba71a910dc2,image,delivered,2026-03-11 02:25:35,
c3e145ee-a09d-47e1-8993-12aa0780d947,2025-11-27,msg_00018,U3e5dd3a641c58ad50e49f095c6f1e306,U078a3f0669b9ce040653228b408ded75,imagemap,delivered,2025-11-27 22:45:41,
caa1ad2d-3387-4ffc-be0f-460322956ec1,2026-04-12,msg_00120,U227d1cd1a801c367de206ec4bbca7330,Ucd40d5af0c2586ed1192d43c2f83328f,text,delivered,2026-04-12 21:57:17,
2a5a8054-19cd-4a2f-ba0c-f7ebd9e0ef43,2026-02-08,msg_00051,U3bae1603803a839c0cb52f511d9cb8f6,U4d9da32251f187f3a4496fa13f3136af,image,delivered,2026-02-08 22:31:10,
18cdef87-1da1-4622-8efe-0814d6c4ec5e,2026-02-14,msg_00042,U3bae1603803a839c0cb52f511d9cb8f6,U88c069978d65aa9a6f1eb875e70c644b,video,opened,2026-02-11 03:14:54,
fd8251a0-0041-4b70-bb69-f89f9e639c60,2026-04-05,msg_00054,U3bae1603803a839c0cb52f511d9cb8f6,U6ea23fe5b75b3f39ec74916300442c32,image,opened,2026-04-05 20:14:24,
c61c7c17-e92a-43a9-932b-17b2f94aaffe,2026-03-29,msg_00097,Ub0341314a5534ea92b26fa8adc30543f,42e525bc97f253d7b5759871426b1d96,text,delivered,2026-03-29 22:48:15,
d5aef1c1-10c4-4cf2-aa1d-37770827cca5,2026-02-05,msg_00107,U3bae1603803a839c0cb52f511d9cb8f6,U82cc4d13f456594a9f085c6412e19817,text,delivered,2026-02-05 20:30:09,
a3e59640-b84f-4606-9bb8-1d8aff5deb54,2026-03-27,msg_00096,U476acbdef8e9a16d24575e4f6d7b0f31,Uf2650a2c614745b0d7478487f0176402,imagemap,delivered,2026-03-27 16:41:10,
601a4c49-67ab-4ad9-8f87-b3486737a0b3,2025-12-24,msg_00091,U3bae1603803a839c0cb52f511d9cb8f6,U3991db1a9a335a330b848b45de7471a7,imagemap,clicked,2025-12-24 08:54:28,https://example-saas.jp/coupon/500off
d499dab9-d2ea-4c62-9ffe-8543de2dbe38,2026-03-27,msg_00096,U476acbdef8e9a16d24575e4f6d7b0f31,U1eda3893cae69e645b5e33babaaf667c,imagemap,delivered,2026-03-27 08:11:32,
656f6e08-bb39-416c-a38a-1a9a2d4f0003,2026-03-11,msg_00104,Ub0341314a5534ea92b26fa8adc30543f,U54521d966fac70233c917f8ee305d622,image,opened,2026-03-11 10:53:06,
b8e41566-35ff-428c-b284-410eb051d875,2026-02-05,msg_00107,U3bae1603803a839c0cb52f511d9cb8f6,Ud0b7bd32baed49804daa8eb0446824ed,text,delivered,2026-02-05 04:04:07,
2de01598-f794-4540-a353-b6c9b19cca2a,2026-02-09,msg_00083,U3bae1603803a839c0cb52f511d9cb8f6,5104e60e448768251abca3766adaa7be,flex,delivered,2026-02-09 14:10:01,
c8879149-d614-40db-971a-aed96b9b4136,2026-03-11,msg_00104,Ub0341314a5534ea92b26fa8adc30543f,9566938ec788c872d6384a889c87bdc4,image,delivered,2026-03-11 09:33:21,
25a23381-b92a-430e-9df4-ed572fc5931e,2026-02-07,msg_00090,U4784fc8a8e1e4eb2435ad84e0ad052f2,U1641f2d00441f7644f47d9e9fb3ee465,imagemap,delivered,2026-02-07 00:52:54,
a614fbe8-5157-496a-87ed-8b9155273690,2026-02-20,msg_00048,Ue7310890b01058478be93761a56d0aa0,U9d0e6b1c33288b6f5cf058b6066a064e,flex,delivered,2026-02-20 13:51:59,
26cc494e-ce0a-43fe-a893-b28ca170f4ed,2025-11-17,msg_00034,U743849e63f8101ac616f8fd0ba84a167,Ud70c0a778d626687ee50a3909d33c4bc,text,delivered,2025-11-17 12:49:16,
535d73bc-213a-45a1-828a-82b7c322d5ba,2025-12-18,msg_00114,Ub0341314a5534ea92b26fa8adc30543f,Uad9ea6217d3a2eeefa59e1348c96d49f,flex,delivered,2025-12-18 08:44:46,
66786e0b-328c-4f14-8718-1625bf5ae97a,2025-12-15,msg_00030,U3bae1603803a839c0cb52f511d9cb8f6,Ub82deefdba78b479e41e67ba4e0df21c,video,delivered,2025-12-15 17:30:50,
b5e80778-b9c5-41f5-a78d-a7de81ff013f,2025-12-18,msg_00070,Ue9a1e8a5b83a6b296d43c957a8cfba4a,Ueb09f01385048117e287c462cc0671e3,imagemap,delivered,2025-12-18 08:55:30,
a270e319-c88b-4e95-8c41-4adf7ae35577,2026-01-18,msg_00102,U227d1cd1a801c367de206ec4bbca7330,U25a60c6dfd4267548af1cbe65c77f0b9,video,delivered,2026-01-15 08:39:20,
905676bb-89a0-46cb-980b-8be4cd195e12,2026-01-31,msg_00035,U7e808d11d6f9901a954a542a7ee09918,Ufc0624b25d166ddbb763d0277d7e71da,text,clicked,2026-01-31 06:34:20,https://example-saas.jp/survey
5ded6540-9da9-446b-a573-9af4e08bbe43,2025-12-03,msg_00012,U743849e63f8101ac616f8fd0ba84a167,Ub4f9b9ee0bfb84aaa24e565db6ea024a,imagemap,opened,2025-12-03 01:39:47,
ec186584-4947-4aaf-829b-e7d673620191,2026-01-10,msg_00044,U30ad60bba5da9837ca5dd0230ca8f531,U191cf3ffe6d04da988a14386bb1b8543,video,clicked,2026-01-10 07:11:52,https://example-saas.jp/campaign/spring
86ca4ee0-3f2a-48cd-a4d0-9cb40e57e834,2026-01-10,msg_00044,U30ad60bba5da9837ca5dd0230ca8f531,U551425ffe0d85313b817612a95d952ac,video,delivered,2026-01-10 22:18:15,
315e0cbe-023d-46ae-979d-fc84286fc11d,2026-03-04,msg_00056,U1ca413826b7044d134c9c3132420c9de,U8a4ec6d4ab9f38983428b2cbee5f7b86,text,delivered,2026-03-04 14:01:30,
8ddffb17-a7ed-4374-a0c2-4a546991e886,2026-03-22,msg_00119,U3bae1603803a839c0cb52f511d9cb8f6,U6272ded4b16738d861bad24c4926ed78,imagemap,delivered,2026-03-20 19:32:12,
7d303770-c412-4630-b822-f9596a4a07d2,2026-03-14,msg_00009,U743849e63f8101ac616f8fd0ba84a167,Ua4106c4afb386fe117bd0abad20080af,imagemap,delivered,2026-03-14 18:15:57,
bee232bf-7989-4cd4-ada4-5b5e29dac16a,2026-03-27,msg_00096,U476acbdef8e9a16d24575e4f6d7b0f31,U1c1f1040380b336eb536dc1cd2518f02,imagemap,delivered,2026-03-27 20:05:05,
bf72f939-3b7a-4d2e-a7f3-09234c34a9e3,2025-12-17,msg_00032,U3bae1603803a839c0cb52f511d9cb8f6,U9f3d80f52f5af4f8d5b6dff4966a6ed9,video,delivered,2025-12-17 06:30:01,
50607e20-a3a8-4d59-bb21-1ca9ba780ef0,2025-11-30,msg_00025,Ub0341314a5534ea92b26fa8adc30543f,0b306e5af439ff24f012f484289ea0c0,imagemap,opened,2025-11-30 10:24:05,
c39086ed-80ab-4017-a242-7b349612f0e4,2025-12-18,msg_00070,Ue9a1e8a5b83a6b296d43c957a8cfba4a,U74d63ab447a21b5eb2f7103e2143a498,imagemap,delivered,2025-12-18 12:20:36,
f4733a90-b74f-4804-81e6-bb6b383f48f1,2026-03-12,msg_00084,U68d2301028fb66b51d9111f1af067e34,Ue82ad98f7f9f6638836739e54f2117da,video,delivered,2026-03-12 21:01:58,
329ba27f-529f-4936-9a65-9dc7d9f515f0,2026-02-05,msg_00107,U3bae1603803a839c0cb52f511d9cb8f6,Ueebae47888623b6d06d1bb2f9a777700,text,delivered,2026-02-05 05:24:37,
e36a1135-0d75-4c8b-962b-d2ae215fdcf0,2026-04-04,msg_00049,U476acbdef8e9a16d24575e4f6d7b0f31,U1e0cc4cac7c20c4bb377fd38bc1de7c1,text,delivered,2026-04-03 12:59:04,
5074c39f-c5fb-4fd3-83ff-1cfde6df0cab,2025-12-12,msg_00004,Ub0341314a5534ea92b26fa8adc30543f,Uf05e5043bf95d00ebe1ec7e3f659fe6d,video,opened,2025-12-12 01:56:03,
a7b845d6-bbe0-4af1-89c7-b4176c579e3c,2026-04-10,msg_00101,U743849e63f8101ac616f8fd0ba84a167,Uf43c1837b1b45749e060594439293983,imagemap,delivered,2026-04-10 11:16:10,
0ed6b23f-d87e-4ec8-a16e-ac5205f1ca77,2026-03-31,msg_00046,U4784fc8a8e1e4eb2435ad84e0ad052f2,U9624a6f56b1d84613222beaa65ca319b,flex,clicked,2026-03-31 13:32:15,https://example-saas.jp/coupon/500off
5a4e2df5-5b6e-4c54-b150-ec77357e9c8a,2026-01-20,msg_00108,Ub0341314a5534ea92b26fa8adc30543f,Uc11c0ac4d82d56cc2d94dff8f67d7f78,flex,clicked,2026-01-20 20:19:21,
b001104d-e772-4b86-93df-550a82238d24,2026-01-01,msg_00027,U4784fc8a8e1e4eb2435ad84e0ad052f2,U49273f027b5b8d56767842abbd188669,image,opened,2026-01-01 10:06:15,
a792847f-2fe4-4503-aee2-30af2b6e50c5,2026-01-14,msg_00081,Ue7310890b01058478be93761a56d0aa0,ca08c88627867d3fbf612eb6190723b4,video,delivered,2026-01-14 01:13:54,
f51d0967-e66a-44b4-acb2-ac64fb09e7d6,2025-12-19,msg_00064,Ub0341314a5534ea92b26fa8adc30543f,Uc7c666f716022a26d762d1cd62de1d06,image,failed,2025-12-19 13:15:47,
9e5680a5-d780-49f7-8f37-1727e75cc016,2026-03-03,msg_00093,U743849e63f8101ac616f8fd0ba84a167,b2ab566ad5a077ff2e476bc9d16d7c48,imagemap,delivered,2026-03-03 13:34:37,
d4630027-ed4e-4bca-b1ef-205530b9093c,2026-03-25,msg_00079,U743849e63f8101ac616f8fd0ba84a167,Uac1ea3368e6138455fa3f1ab0f74a698,text,clicked,2026-03-25 07:38:57,https://example-saas.jp/survey
365a86bc-ab7e-4791-a25a-3c52083cb220,2025-11-25,msg_00043,U3e5dd3a641c58ad50e49f095c6f1e306,U3788cdbf9fb727926469a163b8afd845,flex,opened,2025-11-25 23:51:49,
92c2e323-a82d-4f13-bbf4-53b6639d563d,2026-01-07,msg_00110,Ub0341314a5534ea92b26fa8adc30543f,U9b2f2dc61fea8c5b89e91963da897fba,video,clicked,2026-01-07 02:59:36,https://example-saas.jp/campaign/spring
22990f3b-f7e5-4b16-8632-2580231a3f11,2026-01-31,msg_00035,U7e808d11d6f9901a954a542a7ee09918,Ucbfa8c55ff01bb6ca02a8e09e0e3ff23,text,delivered,2026-01-31 18:38:56,
d87f8c80-7b19-4797-a925-844fd51be47b,2025-11-17,msg_00099,U3bae1603803a839c0cb52f511d9cb8f6,U359089f5f13019c2a57564e8832c7f79,text,clicked,2025-11-17 21:00:53,https://example-saas.jp/lp/newmenu
ad1f1bc0-2ced-48e6-80b0-3776bf32c480,2026-02-20,msg_00036,U879eb903ad90cd9c2874f6df7651267a,Ue849fffb6bc7944cf33ebab3d6c010a4,video,failed,2026-02-20 11:36:38,
201de908-d0c3-4086-821e-7c54fee58ba8,2025-12-19,msg_00064,Ub0341314a5534ea92b26fa8adc30543f,U9f221946d99d28a826190e49bf383403,image,delivered,2025-12-19 05:25:55,
5fe8e2e7-c429-411a-9102-a1d786090751,2026-02-14,msg_00098,U743849e63f8101ac616f8fd0ba84a167,U5bf9e336de763499d9c25b1b551020d5,imagemap,delivered,2026-02-14 05:12:31,
511403a9-d00e-4d62-ad5a-5097629375d2,2026-02-15,msg_00006,U743849e63f8101ac616f8fd0ba84a167,U38a1db2ba7b38b56481980748854a126,flex,opened,2026-02-15 02:14:52,
5468baf3-581e-4453-8d26-72b77ad70966,2025-11-30,msg_00025,Ub0341314a5534ea92b26fa8adc30543f,Udca70ce626cc20f5555f9b0591e5ff38,imagemap,delivered,2025-11-30 05:55:34,
9b1589a9-e258-436e-9aaf-267cd3e175a1,2026-02-19,msg_00016,U837b70463a585f85743b5bfb3b49c9fd,Ua1300100ca2d9efccc04afd38acefc1a,flex,delivered,2026-02-19 11:33:30,
26ce09d4-6270-4a60-8f7d-c6c285b645aa,2025-11-17,msg_00099,U3bae1603803a839c0cb52f511d9cb8f6,U3b22f38fe0905e185b6ae96b4fd0ed95,text,delivered,2025-11-17 17:25:06,
8491e915-2bc8-4127-b9eb-d7d5a4c28964,2026-01-24,msg_00066,U3bae1603803a839c0cb52f511d9cb8f6,U9bda4fcb56876f1b2c13e260f09d663c,image,delivered,2026-01-24 21:18:34,
3f789f8b-637a-424a-8ecb-abf95b73c3c1,2026-01-20,msg_00108,Ub0341314a5534ea92b26fa8adc30543f,Uddb27c5593e2f3ad910875812b66486c,flex,delivered,2026-01-20 17:29:20,
a258a504-9c5d-46f7-9857-cf5a760f3281,2026-02-14,msg_00065,U743849e63f8101ac616f8fd0ba84a167,U67696a7224b02b34c90797c79bb1cbe4,image,delivered,2026-02-14 12:24:47,
ec8179a1-3e0a-4844-874f-dc251df8f574,2026-02-05,msg_00107,U3bae1603803a839c0cb52f511d9cb8f6,U6ca4bd0409b9f59c6c42dd2bfe5090ca,text,delivered,2026-02-05 13:01:09,
7e5a1206-f8bc-48d2-8f92-dd1f8c3e8f02,2026-02-10,msg_00058,Ue9a1e8a5b83a6b296d43c957a8cfba4a,Ueccf5d6369b96936f1d3ef9ca129dcb4,video,opened,2026-02-10 12:48:07,
e2909f5f-7fbc-4d8a-a8ca-81c64c8a422f,2026-04-12,msg_00105,Ud4a92c8c8050eed40ef171cc2784d638,U15a02e60674b2566b2d63a3a57ec8f68,flex,failed,2026-04-12 02:10:42,
276dd296-13f7-4eef-b723-45b0707c6dc5,2026-02-15,msg_00087,U3bae1603803a839c0cb52f511d9cb8f6,U6971c6a5782c8c287638c04986df0580,imagemap,opened,2026-02-15 23:19:06,
ff07f340-ff71-479e-bb08-f69602aea1d9,2026-02-28,msg_00117,U743849e63f8101ac616f8fd0ba84a167,Ud22f0472e31ed84510306c6346da8ae8,video,delivered,2026-02-28 08:58:15,
573f2e7a-c2da-4a1a-a765-171f3d75bdce,2025-11-16,msg_00020,U3bae1603803a839c0cb52f511d9cb8f6,Ue8ac33f50500906ba21635b0a3388b00,text,delivered,2025-11-16 07:01:28,
53dba254-2eec-494e-a5f4-3e3c5af35357,2026-02-28,msg_00117,U743849e63f8101ac616f8fd0ba84a167,U8e9d0507983e3863f4186f1e2d77dcf7,video,delivered,2026-02-28 23:18:39,
5553454d-2cbe-412d-a249-7ad87be78df0,2026-03-21,msg_00023,U743849e63f8101ac616f8fd0ba84a167,Ub8d97a1b2030a79b130aff7cb30a254e,imagemap,delivered,2026-03-21 15:16:14,
72220749-6db5-4456-9512-95e817790b61,2025-12-07,msg_00003,U227d1cd1a801c367de206ec4bbca7330,U3ee50234fef4363d32bd82b140ccb0ad,image,clicked,2025-12-07 06:51:14,https://example-saas.jp/coupon/500off
55017ce5-0265-4ecc-98af-fa249888f8a2,2026-02-07,msg_00090,U4784fc8a8e1e4eb2435ad84e0ad052f2,Ud172545e0a52683a4c23e5db12cb0994,imagemap,delivered,2026-02-07 21:56:09,
dfe57e11-4db1-4213-a676-82f431d0a1fd,2026-03-05,msg_00014,U3bae1603803a839c0cb52f511d9cb8f6,U3f3fec74552cac02518aac4dc10d2392,flex,delivered,2026-03-05 00:13:29,
f59369dc-d2a6-409d-8ca5-a37bff030a7d,2026-01-20,msg_00026,Ud4a92c8c8050eed40ef171cc2784d638,92330e7e3394c4cdaf9ed7d4f9095779,imagemap,opened,2026-01-20 06:40:03,
560d97f6-5cd0-470b-87a3-b0639d054a6d,2026-04-01,msg_00072,U4784fc8a8e1e4eb2435ad84e0ad052f2,4b09c3bde9adbb568c93add53baa1c35,image,delivered,2026-04-01 15:31:06,
191f2699-1467-41c3-83e5-ccb6fa709591,2026-04-12,msg_00120,U227d1cd1a801c367de206ec4bbca7330,Uf574c399e710032d420465d6f4b45b33,text,opened,2026-04-12 08:23:22,
b144424d-32d8-4fb0-9d60-b988959390c3,2026-01-30,msg_00050,U3e5dd3a641c58ad50e49f095c6f1e306,Ucbd1bf4e02b7c62b7a9539d1a8f7f535,image,delivered,2026-01-30 07:31:33,
33c3083e-753e-4fa4-a763-4292fef67ed5,2026-02-20,msg_00036,U879eb903ad90cd9c2874f6df7651267a,U85825cb31bdbb25761bba77b39643b78,video,delivered,2026-02-20 17:05:53,
f8381f31-f4f1-4b66-b81c-b6e3ac93e689,2026-01-07,msg_00110,Ub0341314a5534ea92b26fa8adc30543f,Ub7e3cb3b13103f18290092311e95dbb7,video,delivered,2026-01-07 10:03:22,
182e3b3a-183d-430a-a4d1-4e61881f33a7,2025-11-17,msg_00034,U743849e63f8101ac616f8fd0ba84a167,Ud70c0a778d626687ee50a3909d33c4bc,text,clicked,2025-11-17 14:50:18,https://example-saas.jp/survey
b3a2efce-a37b-4660-b5a2-393703e34c93,2026-01-24,msg_00113,Ub0341314a5534ea92b26fa8adc30543f,42cbcd68dffc05d6ea8b483423a21f3d,text,delivered,2026-01-24 09:37:16,
368db43e-6b9e-4cba-be72-028f7eb8ab79,2026-04-08,msg_00021,U3bae1603803a839c0cb52f511d9cb8f6,Uac6ab4ffae064cf3a44db4cf5e0fba93,flex,unsubscribe,2026-04-08 19:09:57,
2ac88338-66ed-4bc4-abb9-8dd91d163a99,2026-03-08,msg_00112,U3bae1603803a839c0cb52f511d9cb8f6,U264da469b7f0d4b43abfdcb83374c8d4,image,opened,2026-03-08 20:12:04,
98be75bc-164e-4f48-9d6c-707f667c50e0,2026-02-14,msg_00098,U743849e63f8101ac616f8fd0ba84a167,Ud0950e063b5a0857c53ef54cbf56116a,imagemap,delivered,2026-02-14 18:24:16,
39da1329-6dc9-4d31-b98b-b9dc43e4fcbc,2026-03-26,msg_00040,U3bae1603803a839c0cb52f511d9cb8f6,U51468a423e10c3b54bf9978915a4b917,imagemap,clicked,2026-03-26 17:25:59,https://example-saas.jp/survey
61ac457d-c026-43b8-ba2a-5dc0bdbf3f01,2026-03-27,msg_00096,U476acbdef8e9a16d24575e4f6d7b0f31,U5ad83de38406b34913d8ec8ca3265a8e,imagemap,opened,2026-03-27 11:14:18,
a26fec4f-9018-4b70-bdfb-291bd4143b51,2026-02-07,msg_00090,U4784fc8a8e1e4eb2435ad84e0ad052f2,Ud6084714198aea78cfdde326206a4fef,imagemap,opened,2026-02-07 12:11:03,
23790587-442e-4049-9de0-8ee959dc3b3f,2026-02-20,msg_00048,Ue7310890b01058478be93761a56d0aa0,U4fa210d1e5f6a8bdc06d8863fa769d1e,flex,delivered,2026-02-20 09:43:01,
d598d43c-f15a-4a6e-a711-cf1bd8cbb956,2026-04-10,msg_00101,U743849e63f8101ac616f8fd0ba84a167,U838e3a983494a9ce46f14dd7fa48cfa8,imagemap,opened,2026-04-10 09:22:41,
eb385670-f106-49f5-8ba5-8fe2e387bfd0,2026-04-04,msg_00049,U476acbdef8e9a16d24575e4f6d7b0f31,236faf6457a1f8e2eb849bdfef0051a5,text,opened,2026-04-04 09:06:29,
6e5d13bd-325d-4d9a-8185-264c3146183e,2025-12-03,msg_00012,U743849e63f8101ac616f8fd0ba84a167,Udb1d5b9652ec804a127894178ea7331b,imagemap,delivered,2025-12-03 00:55:51,
5b65acc4-605e-48e9-8508-3332214797ab,2026-04-12,msg_00105,Ud4a92c8c8050eed40ef171cc2784d638,U2128c0dacb28c4df498572aa43fba6f0,flex,blocked,2026-04-13 05:09:56,
04ee9452-b201-4518-83d3-85630258067d,2025-12-18,msg_00114,Ub0341314a5534ea92b26fa8adc30543f,U934a09536725854f28edc6d880277512,flex,delivered,2025-12-18 06:21:46,
6ef4af8f-9801-4bc3-8cf7-da1d739a9353,2025-11-30,msg_00025,Ub0341314a5534ea92b26fa8adc30543f,U77ea338c759a9cea409ecc8cf20f28c4,imagemap,delivered,2025-11-30 18:07:10,
55e03edb-a18f-440d-851f-5c217547589b,2026-04-08,msg_00041,Ue7310890b01058478be93761a56d0aa0,Uc12c79f331a90aa5de3d0965ee021ee1,text,delivered,2026-04-08 07:22:14,
7aa70af4-6a98-46f9-9f52-93654cb2a640,2025-12-17,msg_00032,U3bae1603803a839c0cb52f511d9cb8f6,U768b110b1367ac99ec3a0be343d5e3d2,video,opened,2025-12-17 21:10:30,
10195e87-aea6-4d5d-b8db-a7e8ff88cfc7,2026-01-26,msg_00063,Ub0341314a5534ea92b26fa8adc30543f,Ua273a5cfc0f54ba4cb340b58e952c201,imagemap,delivered,2026-01-26 07:44:46,
dad8de57-6bf6-4802-b020-ee3d2f2ae6c5,2025-12-19,msg_00064,Ub0341314a5534ea92b26fa8adc30543f,Ue759802afec444ba411559c2eff2aaed,image,opened,2025-12-19 04:53:43,
b33769c0-8e7d-4772-997e-7e86bb1b48c7,2026-03-08,msg_00112,U3bae1603803a839c0cb52f511d9cb8f6,U28c4c3630d2387e84ecc584e50c3c6c8,image,opened,2026-03-08 15:20:54,
51e664da-ee8e-43d2-9930-5910949e762c,2025-12-31,msg_00082,U227d1cd1a801c367de206ec4bbca7330,U0af010f78c95cb43d2de5eec053ed695,imagemap,delivered,2025-12-31 18:20:31,
a025edd5-2f4b-4e74-8a40-3f62c9159d36,2026-01-18,msg_00003,U743849e63f8101ac616f8fd0ba84a167,Uc49066b8289d09e141596c281a91327f,text,delivered,2026-01-18 14:42:03,https://example-saas.jp/lp/newmenu
994bfd06-e71d-4eb2-a0c9-2a4e5a2ee20c,2026-03-05,msg_00014,U3bae1603803a839c0cb52f511d9cb8f6,U181b76ecebdc6c80aece8b2c9e27153a,flex,delivered,2026-03-05 07:19:08,
da58621a-4774-41a5-b87c-00468e4a44db,2026-03-20,msg_00057,Ub0341314a5534ea92b26fa8adc30543f,Uced99302f76e9e3bb80f07adf0764969,video,delivered,2026-03-20 06:44:38,
000e9b78-70ca-42d7-9d16-aa9b66d842b3,2026-01-26,msg_00086,U4784fc8a8e1e4eb2435ad84e0ad052f2,Uf9b1ab3ae7a4fbde1682068e3f8d73b5,text,opened,2026-01-26 18:39:57,
73dba477-aeb5-48c6-b69d-206b4b8bd12f,2025-12-17,msg_00032,U3bae1603803a839c0cb52f511d9cb8f6,Uc2ceed3e85355c5dfb58a876cd24c05b,video,delivered,2025-12-17 01:53:01,
1a0bebc1-d996-4a00-bb67-9657cfee22e4,2026-03-30,msg_00076,U743849e63f8101ac616f8fd0ba84a167,Uf7f7000541316fbe39687e626df62e3d,image,delivered,2026-03-30 14:22:25,
c7d8c23a-15c4-4d14-91fc-9e1ca7c44ffe,2026-03-27,msg_00096,U476acbdef8e9a16d24575e4f6d7b0f31,7c206268a24decc198f80255cf3eafb6,imagemap,delivered,2026-03-27 05:17:16,
ed602874-4751-4907-b913-17c8995dfcc5,2026-01-26,msg_00086,U4784fc8a8e1e4eb2435ad84e0ad052f2,U04d9853adc899c735045e62c9cfbf06a,text,delivered,2026-01-26 21:51:19,
52b1e762-b579-4197-8567-97c8c1c4113e,2025-12-23,msg_00109,Ue7310890b01058478be93761a56d0aa0,U117e4e84a0cff3b549a75ce3541cb059,text,delivered,2025-12-23 07:46:18,
ae4a7a32-811a-4800-9adb-d8036e48b32e,2026-02-15,msg_00087,U3bae1603803a839c0cb52f511d9cb8f6,Ue51f6047e161d68ed784e046dc0eb83a,imagemap,delivered,2026-02-15 05:16:45,
c732755c-716c-47c0-a48c-db11b0602b44,2026-03-22,msg_00119,U3bae1603803a839c0cb52f511d9cb8f6,U8aa3fb1ec712188ce87e2f155d6f59a0,imagemap,opened,2026-03-22 01:31:15,
da1e209a-c6bf-45d0-abcc-607531ee7535,2026-02-15,msg_00006,U743849e63f8101ac616f8fd0ba84a167,Uf26fabc1d5bfc5873f2557cb6798872b,flex,delivered,2026-02-15 04:02:40,
71276a1b-51f7-40ab-b71c-2aa02e9aadb0,2026-04-06,msg_00074,U3bae1603803a839c0cb52f511d9cb8f6,U84f705b8e1415ff7dd3e06cca75fb7e1,text,delivered,2026-04-06 11:30:52,
8f87c4a5-56f5-4128-8463-5bb2f5839b12,2026-03-03,msg_00093,U743849e63f8101ac616f8fd0ba84a167,U1599eec927ca720035bd0bf7796b3241,imagemap,delivered,2026-03-03 21:17:45,
3551c132-5337-4713-8e20-e94dd15143f1,2026-01-24,msg_00066,U3bae1603803a839c0cb52f511d9cb8f6,Uf70e2d3653e3484e3b8bc88ae907c34b,image,delivered,2026-01-24 19:29:05,
92bc2020-0249-44fe-92d3-98b385a07fd8,2025-11-16,msg_00020,U3bae1603803a839c0cb52f511d9cb8f6,U1f0cb5281980a60e884cc877af5c1f3a,text,opened,2025-11-16 02:26:40,
ba8279e3-1485-47b6-bfa7-899cd37bb516,2025-12-24,msg_00062,Ub0341314a5534ea92b26fa8adc30543f,U87ff60852c9befae2fd0d228a87afa5e,video,delivered,2025-12-24 05:38:59,
2b1e0231-0d68-4dec-a441-d5355a9da6c5,2026-03-14,msg_00009,U743849e63f8101ac616f8fd0ba84a167,95aabd39202d97a5c06adc4c662e2461,imagemap,delivered,2026-03-14 11:44:57,
fedf48f1-6484-4ef3-8481-94a2fc8ee602,2026-03-30,msg_00076,U743849e63f8101ac616f8fd0ba84a167,U71c8095d899e76552a58dd82f7d6b37d,image,delivered,2026-03-30 18:13:31,
fbf72cda-05dc-42bd-b3c5-39926c5315f1,2025-11-17,msg_00099,U3bae1603803a839c0cb52f511d9cb8f6,Ue3a0960b65c4b9566a6fd3773f726c6b,text,delivered,2025-11-17 13:34:50,
e4869bde-1476-4ef4-9b30-8fa71c1dd176,2026-03-11,msg_00067,U7e808d11d6f9901a954a542a7ee09918,U222cd28bb6ed53f12ab472cc232544e5,video,delivered,2026-03-09 21:05:36,
35f54164-f36b-4cea-86a0-ea1b8101c810,2025-12-19,msg_00032,U3bae1603803a839c0cb52f511d9cb8f6,U0f28356de095789366da28618aa0e0d6,text,delivered,2025-12-19 04:11:33,https://example-saas.jp/campaign/spring
50d4df94-a9be-4c76-8dbd-2514ea522797,2025-11-30,msg_00025,Ub0341314a5534ea92b26fa8adc30543f,U1c356db024c290331657359a7b435194,imagemap,delivered,2025-11-30 03:02:20,
9ddcb8e2-ff55-4162-818e-e04dd1aceee7,2026-01-26,msg_00115,U3bae1603803a839c0cb52f511d9cb8f6,Ufd7bd46e7f13cee8df553a34c5b1c5eb,imagemap,delivered,2026-01-26 18:39:36,
0eb0dd18-8d17-4c2b-be39-12c99e861777,2025-11-30,msg_00025,Ub0341314a5534ea92b26fa8adc30543f,83ecaf2240ec8024ce16ab61f318c100,imagemap,delivered,2025-11-30 12:41:32,
8d35ec34-6369-457a-bd57-4a425f591d8a,2026-02-14,msg_00042,U3bae1603803a839c0cb52f511d9cb8f6,U9ced30d337f0e3f54f99dc92e0cca1ed,video,delivered,2026-02-14 11:06:24,
23fb145a-d66c-43cc-a626-9f040bc004a9,2026-04-08,msg_00078,Ud4a92c8c8050eed40ef171cc2784d638,1d1ea7849d278b4ba4bdb8cee4e47164,image,delivered,2026-04-08 19:15:22,
f08cdae6-552e-48bb-bf28-cb90ad4de842,2026-03-02,msg_00075,Ub0341314a5534ea92b26fa8adc30543f,U7bd0dc5659b60159f7897154042a9229,imagemap,unsubscribe,2026-03-02 00:03:17,
49e4cfe3-11ca-4008-b634-fc165745a70b,2025-12-23,msg_00061,Ub0341314a5534ea92b26fa8adc30543f,U19aba68589651148686c77cbd50b805b,imagemap,opened,2025-12-23 16:47:53,
dc9b25c2-5dc1-465e-8395-571036e53a5d,2026-04-12,msg_00105,Ud4a92c8c8050eed40ef171cc2784d638,c55f8f5c32636db747a454d65cf4b408,flex,delivered,2026-04-12 07:00:14,
81fe1ab9-730f-49fe-beed-0993deec0784,2025-11-16,msg_00020,U3bae1603803a839c0cb52f511d9cb8f6,Udb543724d51a7b707810012cdf308161,text,opened,2025-11-16 23:54:15,
28eabbca-d488-464d-9f33-773c2b6fd85f,2026-03-03,msg_00093,U743849e63f8101ac616f8fd0ba84a167,U44a901114c5c66bf19df235e1a61b6f9,imagemap,opened,2026-03-03 08:36:15,
583b459c-6f2f-4be6-a8d4-66682a37615a,2026-04-12,msg_00120,U227d1cd1a801c367de206ec4bbca7330,Ue8d5bab45580fa75bef28b32d34d2949,text,delivered,2026-04-12 00:08:33,
fb81751b-06ac-4447-9793-7333a2bd70f5,2025-11-21,msg_00010,Ue7310890b01058478be93761a56d0aa0,Uee1d745a3f2d6c24ab2212c9811ebac5,imagemap,delivered,2025-11-21 06:29:42,
9785160c-9256-4171-8a36-dcaa1e94149e,2025-12-21,msg_00022,U3bae1603803a839c0cb52f511d9cb8f6,U2267f7c51289e0b788d8f3402ee28cae,video,delivered,2025-12-21 13:01:31,
4bb52e55-2af8-4a73-8dd1-b692887237a4,2026-03-23,msg_00073,Ud4a92c8c8050eed40ef171cc2784d638,U5887b95f3186eaa9e3bfe779b706337c,imagemap,opened,2026-03-24 00:23:35,
2f00cbfe-5cb5-40a1-8c63-f6f74a936567,2025-12-19,msg_00064,Ub0341314a5534ea92b26fa8adc30543f,U02ad2f9160d09713db5af4b4251d45ec,image,clicked,2025-12-19 21:36:30,https://example-saas.jp/coupon/500off
f1ceac17-6a95-4006-9c44-e95442011f6b,2025-11-27,msg_00018,U3e5dd3a641c58ad50e49f095c6f1e306,Uf614fc9c0767b8c99f1bc3c4d26d3119,imagemap,delivered,2025-11-27 23:22:49,
2a66ce0d-9a11-481a-86f7-da89c59bd837,2025-12-18,msg_00114,Ub0341314a5534ea92b26fa8adc30543f,U8d9a37a2d343ffb311d3028e00c0b0d2,flex,delivered,2025-12-18 08:50:33,
9a7404be-972c-47a4-928e-2c93cbdf8e16,2026-02-20,msg_00036,U879eb903ad90cd9c2874f6df7651267a,Uc9d5772ae5076b85f14be4cccbd3bce5,video,opened,2026-02-20 09:53:32,
1cee8127-0234-4475-add4-6803fe9fa0d6,2025-12-09,msg_00059,U3bae1603803a839c0cb52f511d9cb8f6,U934e04431c0d68c4115268df44b63d64,imagemap,clicked,2025-12-09 07:19:53,https://example-saas.jp/lp/newmenu
87cbc710-9920-47f2-9877-6548bee66adc,2026-01-26,msg_00063,Ub0341314a5534ea92b26fa8adc30543f,U003fd1775459df16b724380affa8aaf8,imagemap,delivered,2026-01-26 20:05:44,
b32de055-8927-490b-9ccc-6615eaa7122a,2026-03-06,msg_00055,U3bae1603803a839c0cb52f511d9cb8f6,U915e19a855a7a3584bf7cb8718fdfa2c,flex,delivered,2026-03-06 19:08:29,
4faabcdc-051b-4edc-b3af-350654152c4b,2025-12-02,msg_00088,U3bae1603803a839c0cb52f511d9cb8f6,U3fa4462755e304dec277e783708e722c,image,delivered,2025-12-02 22:27:16,
ae9be5df-75ec-4e5b-b26b-2088bbacc5c8,2025-11-22,msg_00047,Ue7310890b01058478be93761a56d0aa0,f93956b16ea6c8b4b902a7220555267c,video,delivered,2025-11-22 15:45:42,
cf21992e-6331-4dee-b0e7-4ad77e8b6560,2026-03-25,msg_00079,U743849e63f8101ac616f8fd0ba84a167,Uc096e7ea9f7e626e9900036824e0e4f0,text,delivered,2026-03-25 15:41:29,
9b1636a8-266f-42a1-8f34-cef028cf7593,2026-03-08,msg_00112,U3bae1603803a839c0cb52f511d9cb8f6,Ube6be6ded3b97d3e53ae6b61dfb10114,image,delivered,2026-03-08 20:42:27,
0492df99-31ed-4318-b4b5-f61b7f3fb9b4,2025-11-16,msg_00020,U3bae1603803a839c0cb52f511d9cb8f6,U975398d4853f65619d146573acea6421,text,blocked,2025-11-16 14:17:01,
7a868295-4d03-40f8-b3be-98618cf9ba24,2026-03-27,msg_00096,U476acbdef8e9a16d24575e4f6d7b0f31,U2fe293f7fe1f090985bd308f9e6eb229,imagemap,opened,2026-03-27 08:27:41,
44866f6d-97fb-4455-b495-83bde5b07674,2026-03-14,msg_00009,U743849e63f8101ac616f8fd0ba84a167,Uda87d0d7959d1a7c4b2627659e7b8de5,imagemap,clicked,2026-03-14 17:10:25,https://example-saas.jp/coupon/500off
fcc7718a-6606-4e42-aa2c-3935350733dc,2026-02-01,msg_00075,Ub0341314a5534ea92b26fa8adc30543f,U66104ccbc217559880aa2edffb798eac,imagemap,clicked,2026-02-01 03:11:43,https://example-saas.jp/survey
81f27fb9-f6f1-41c5-a09f-2fda5228fa81,2026-02-10,msg_00058,Ue9a1e8a5b83a6b296d43c957a8cfba4a,U2436a3ebfd6ff797de18b4f2a6dfa8bc,video,opened,2026-02-10 11:48:53,
353b847e-1924-4f7b-9065-76d5fd3bc87b,2025-12-12,msg_00004,Ub0341314a5534ea92b26fa8adc30543f,U02ca3b3699176cf160d75ea4515ba460,video,opened,2025-12-12 03:19:40,
c35453db-0828-4455-bedf-2d2fa2169454,2025-11-24,msg_00033,U3bae1603803a839c0cb52f511d9cb8f6,Ua8108589938233683213d33d71186658,text,delivered,2025-11-24 05:46:17,
13daf09e-1fe8-44e1-a8dc-648acf4c8fb7,2026-04-08,msg_00078,Ud4a92c8c8050eed40ef171cc2784d638,U63452f9230b392d95f5500525485711e,image,clicked,2026-04-08 08:48:11,https://example-saas.jp/survey
f730e297-84e3-4997-a01a-6d8aac77c5d7,2026-01-07,msg_00110,Ub0341314a5534ea92b26fa8adc30543f,U2d271796ad00633503b29a8da52a04df,video,delivered,2026-01-07 20:08:10,
248707e0-5e42-4339-bf2e-101d87c795c2,2026-01-01,msg_00027,U4784fc8a8e1e4eb2435ad84e0ad052f2,Uaec20f8072f32546ead8617572f86104,image,opened,2026-01-01 01:26:09,
151aa292-0563-4c38-bff8-a7cefe454864,2025-12-23,msg_00061,Ub0341314a5534ea92b26fa8adc30543f,U117786a41c6d3df546ac4026e53a75c6,imagemap,delivered,2025-12-23 03:13:41,
20a12865-eb9f-41fd-985c-04f017ad3027,2026-02-15,msg_00087,U3bae1603803a839c0cb52f511d9cb8f6,U011962b917f2a9831d9e9b8f09b124a7,imagemap,blocked,2026-02-16 03:15:27,
890ded40-3941-414b-8350-2485c5ea82cb,2025-12-09,msg_00059,U3bae1603803a839c0cb52f511d9cb8f6,U99c8306d17ddac4dc8aa8222e3f5d9b7,imagemap,delivered,2025-12-09 04:35:16,
f9d7ff3c-c1ab-43a9-9e37-0197a385b6ca,2026-02-10,msg_00058,Ue9a1e8a5b83a6b296d43c957a8cfba4a,U568ea2e2455b4daf3572a7bca9de7e02,video,opened,2026-02-10 19:44:47,
0614c453-bb13-4e5a-a0e3-90361c65dddb,2026-03-21,msg_00023,U743849e63f8101ac616f8fd0ba84a167,Ua523020a6c25643dc821182df0141350,imagemap,delivered,2026-03-21 09:21:58,
368e5fab-ea19-4e4e-8d31-c77a7dbc676d,2025-12-09,msg_00069,Uc20f9c7e9b662bedec3cb78e127885c7,0ea4da35a1a3725bd9aa407bbe6c771f,imagemap,delivered,2025-12-09 23:40:28,
4208fc2a-0a7f-4e85-a22a-39312b828df0,2026-03-20,msg_00057,Ub0341314a5534ea92b26fa8adc30543f,U0924c133246e9c63553c986e93f2ff03,video,delivered,2026-03-20 18:11:07,
4c38eadc-c3f9-4088-9b9c-97f0367cca64,2025-12-09,msg_00094,U227d1cd1a801c367de206ec4bbca7330,U1e74060d8b7acc1388c4bef3b361d486,flex,delivered,2025-12-09 07:16:15,
e2dcea4c-a644-4948-aa54-63ce53215842,2026-01-13,msg_00060,U3bae1603803a839c0cb52f511d9cb8f6,U7654161cb38c4dca215aa33dd11af6f8,image,delivered,2026-01-13 04:58:43,
3066efc9-24c2-4d8d-8bc7-137392422095,2025-11-16,msg_00011,U837b70463a585f85743b5bfb3b49c9fd,Uc96498504bbe9b55660402aa06ed45c5,flex,delivered,2025-11-16 20:38:41,
564670b8-dbd0-4296-85c8-76532b23bf2a,2025-11-16,msg_00020,U3bae1603803a839c0cb52f511d9cb8f6,Ub9c9631f51bcc7ee774e9f085cc85575,text,delivered,2025-11-16 12:05:59,
34a8a05c-0113-42a5-8bf8-453d293056c8,2026-03-27,msg_00096,U476acbdef8e9a16d24575e4f6d7b0f31,Ua7b513db3c7e75d1f2749a95b12ea092,imagemap,delivered,2026-03-27 13:40:43,
d2865f85-9192-44df-9b17-823a6573c23b,2025-12-17,msg_00032,U3bae1603803a839c0cb52f511d9cb8f6,Ufbc8d574772d073ba463ad9ec15389b9,video,delivered,2025-12-17 06:36:53,
6ef18ba3-f52f-4aea-84a8-b5e9bf0ef83d,2026-03-08,msg_00112,U3bae1603803a839c0cb52f511d9cb8f6,U9542161559fadd1d368a5ddfb0a78211,image,opened,2026-03-08 13:26:48,
d386d973-3950-4b07-802d-688216bc9683,2025-11-16,msg_00020,U3bae1603803a839c0cb52f511d9cb8f6,U083a43d66c146ad3eccc3361db5cfce2,text,delivered,2025-11-16 09:39:09,
ad2c8aa9-1712-4be7-b29e-eb183fcdc710,2026-02-14,msg_00098,U743849e63f8101ac616f8fd0ba84a167,c022852cf88a8619688b7bec4adc4bcb,imagemap,clicked,2026-02-14 19:51:48,https://example-saas.jp/survey
9815ba78-ad90-41d6-b52f-546719c71249,2026-04-12,msg_00105,Ud4a92c8c8050eed40ef171cc2784d638,U9917367760081acc755ff4752c8664aa,flex,opened,2026-04-12 22:26:24,
cbfb0662-bdca-49b0-aa84-b8195423e0e7,2025-12-07,msg_00003,U227d1cd1a801c367de206ec4bbca7330,Ude0ab3614784362fea868282a998879a,image,opened,2025-12-07 17:44:45,
cd51e9f4-6f16-4dad-8cab-7ea41da22ce4,2026-01-31,msg_00035,U7e808d11d6f9901a954a542a7ee09918,Ud266230cafa0d44d7353d3d154bd7926,text,opened,2026-01-31 13:36:42,
95aaae52-69bd-40ca-b644-a940c1ea84ad,2026-03-08,msg_00112,U3bae1603803a839c0cb52f511d9cb8f6,Udacf43b746217baa50522cdee789354e,image,opened,2026-03-08 05:28:27,
b08592a1-3104-4dd1-99f0-a1352fab95ab,2026-04-04,msg_00049,U476acbdef8e9a16d24575e4f6d7b0f31,U71f2f369e436018faf9efc1c7d16645d,text,delivered,2026-04-04 03:51:55,
2a104eee-b228-4e3d-9364-8983cf336588,2026-02-14,msg_00042,U3bae1603803a839c0cb52f511d9cb8f6,U521120948ea9ee4be9ba085505b739f2,video,clicked,2026-02-14 21:07:10,https://example-saas.jp/survey
4017fcb4-b7de-4cd3-bac8-ebdf8951e170,2025-12-03,msg_00012,U743849e63f8101ac616f8fd0ba84a167,U390874e6a48e9747f5fd90ebd70a4b4b,imagemap,delivered,2025-12-03 06:00:20,
43623081-5539-418e-81b4-d755213a875c,2026-02-09,msg_00083,U3bae1603803a839c0cb52f511d9cb8f6,U01994274dc004f9d79db6b6851582cae,flex,delivered,2026-02-09 11:02:39,
c4121e93-8285-4f59-be0f-d198a26a1677,2026-02-15,msg_00089,U3bae1603803a839c0cb52f511d9cb8f6,U1ff6cf97d0298d9519975db9738409eb,text,delivered,2026-02-15 17:35:12,
fa9e7743-a83c-46f0-b756-4674d0517f62,2026-03-25,msg_00079,U743849e63f8101ac616f8fd0ba84a167,Ub0e7c342312ba4d10bd469f7c0da40e3,text,delivered,2026-03-25 13:31:15,
c7597c5c-3c98-4057-9c9c-3887422b89d0,2026-01-26,msg_00086,U4784fc8a8e1e4eb2435ad84e0ad052f2,51cb8962f0dccf5ec0f971361b0d7fee,text,delivered,2026-01-26 02:12:07,
2ac24497-6638-4167-b126-abc69188e6d5,2026-04-04,msg_00049,U476acbdef8e9a16d24575e4f6d7b0f31,Ue97b9d7b7fdb83aba0183b8ea655d206,text,delivered,2026-04-04 23:07:55,
21445c6d-c744-41fa-954f-4a73bedf308f,2025-12-25,msg_00045,Ue7310890b01058478be93761a56d0aa0,U36a6c2486daee2442ac4fb1a678b19ee,video,opened,2025-12-25 06:13:50,
41e9e282-6c4d-4e95-b98a-6d2f0e1caecc,2026-03-20,msg_00092,U743849e63f8101ac616f8fd0ba84a167,Ubbb93352e16eb32ae621b3618885cea1,video,delivered,2026-03-20 03:06:31,
ac99425d-3137-44e8-9a68-2e4e9fc3264c,2026-03-06,msg_00068,Ub0341314a5534ea92b26fa8adc30543f,U13cc5520812a1113e97eb73bc30d21ef,video,failed,2026-03-06 20:34:18,
876f58d3-24a0-4d42-8ced-c3807fdb255e,2026-02-15,msg_00089,U3bae1603803a839c0cb52f511d9cb8f6,8b4409e1911d0e026bde7f968a4a41fe,text,opened,2026-02-15 07:12:44,
840adfdd-c70f-4578-abcc-c871d65a114d,2025-12-24,msg_00091,U3bae1603803a839c0cb52f511d9cb8f6,U9ace7bf506a65926dd3db639f6771626,imagemap,opened,2025-12-24 19:54:29,
5aba7829-d936-47e3-b6d6-499d60b54339,2025-11-17,msg_00006,U4784fc8a8e1e4eb2435ad84e0ad052f2,U99b6a052361c1d5a82a8cabe435773f5,image,delivered,2025-11-17 18:21:12,https://example-saas.jp/survey
0c3f6d4b-08fa-4c0c-ac3a-dc82202fdf03,2026-02-20,msg_00036,U879eb903ad90cd9c2874f6df7651267a,111837391fbd90707c75388637096164,video,delivered,2026-02-20 08:36:17,
e93fdc39-3f17-42cf-8e64-3ce454063885,2026-03-08,msg_00112,U3bae1603803a839c0cb52f511d9cb8f6,Uc36e426f03f7def0bfe18e79d8bdb08d,image,opened,2026-03-08 11:33:59,
df356996-8c3d-439d-8e4e-63fb4f9c302a,2025-12-09,msg_00094,U227d1cd1a801c367de206ec4bbca7330,U260de03f83497e39c7fa65b1a28b5d20,flex,delivered,2025-12-09 23:00:51,
99e3a6a9-7d98-4d8e-af46-0cf3cf76f269,2025-12-19,msg_00118,U4784fc8a8e1e4eb2435ad84e0ad052f2,U48aede1a5bfc2908ceb6e4b8de5ea452,image,delivered,2025-12-19 02:01:34,
aba4e214-4388-4572-929f-9dec1fc67e88,2026-03-22,msg_00119,U3bae1603803a839c0cb52f511d9cb8f6,U96a3d2499b590e1a3a613ba62b102f09,imagemap,delivered,2026-03-22 02:22:20,
70d4a48f-4867-4d4d-b716-3c8ce82671a9,2026-01-31,msg_00035,U7e808d11d6f9901a954a542a7ee09918,Ud1e03ba29dc286dd7dda07560ca870e9,text,delivered,2026-01-31 20:45:26,
74d54438-e99d-4e58-867e-b8ef9ba3157a,2025-11-22,msg_00047,Ue7310890b01058478be93761a56d0aa0,Uf3b2581f84960782219ab1b8bd63de8f,video,delivered,2025-11-22 10:59:49,
9c49861f-52d2-43ae-8377-0d2a14deadf5,2025-11-19,msg_00019,U743849e63f8101ac616f8fd0ba84a167,U376656752511443641b9315775113561,flex,opened,2025-11-19 12:12:42,
f4a25473-56b8-4d73-9cd0-6a7730e0b06a,2026-03-06,msg_00068,Ub0341314a5534ea92b26fa8adc30543f,Uce706e0095ab831c86986132c8b643b1,video,delivered,2026-03-06 12:04:00,
552bfb57-0979-48d0-996c-ab202eafa403,2026-03-25,msg_00079,U743849e63f8101ac616f8fd0ba84a167,Ub8116447f85ee2e5173d32006ae76895,text,clicked,2026-03-25 16:21:29,https://example-saas.jp/survey
ab13112c-ee97-4349-97f6-6c4afa80db0f,2025-12-08,msg_00015,Ub0341314a5534ea92b26fa8adc30543f,U6541ab26fc8244789bcdf1c25c3e7946,text,delivered,2025-12-08 18:18:08,
4c9312b0-52a9-4a01-b33b-e98ed3815240,2025-12-25,msg_00045,Ue7310890b01058478be93761a56d0aa0,U752f6df6ef9c6e6284ffbeeefbf9cd76,video,opened,2025-12-22 18:25:39,
a8735411-d5b9-4f29-a2b3-f894423013dd,2025-11-27,msg_00018,U3e5dd3a641c58ad50e49f095c6f1e306,U0fee4576974e1314bd3a8b6de6a2df1a,imagemap,delivered,2025-11-27 20:30:06,
05ea0a2a-4b00-453d-b3c5-47557ac2969b,2026-02-14,msg_00065,U743849e63f8101ac616f8fd0ba84a167,Uca09b69faf7c6c0076a7d53424d8cebc,image,clicked,2026-02-14 02:28:22,https://example-saas.jp/coupon/500off
0febd250-7eda-4c51-8118-575955c79534,2025-12-23,msg_00109,Ue7310890b01058478be93761a56d0aa0,Ud568c3c3ab22b9d1f244e3d2d2ccf3db,text,delivered,2025-12-23 02:24:28,
ce0a19ce-3529-45c7-ae38-47ea32a6e4d6,2025-12-15,msg_00030,U3bae1603803a839c0cb52f511d9cb8f6,Ub82deefdba78b479e41e67ba4e0df21c,video,clicked,2025-12-15 19:13:53,https://example-saas.jp/campaign/spring
cd7753b8-b10f-47e0-8dc1-a36dc4b18118,2025-11-30,msg_00025,Ub0341314a5534ea92b26fa8adc30543f,U53fcc8d18034ad9cc59b604eb5422353,imagemap,delivered,2025-11-30 23:59:53,
134d9a17-d9b7-4544-a4eb-c7f3323af3dc,2025-11-25,msg_00043,U3e5dd3a641c58ad50e49f095c6f1e306,U29c84bbb5e26511b58fdf2e1ac728807,flex,delivered,2025-11-25 10:25:28,
9b7d3ff6-f74a-4baa-99cf-5ea9a3c8b319,2026-02-24,msg_00039,U743849e63f8101ac616f8fd0ba84a167,U5c1174239e3e48d01c07494e2e95560f,flex,clicked,2026-02-24 12:19:50,https://example-saas.jp/campaign/spring
7b16cca6-13e1-4173-94cc-198a2c9d9618,2025-12-19,msg_00064,Ub0341314a5534ea92b26fa8adc30543f,U0ae4e4b330e5784df23ac1efd4878666,image,opened,2025-12-19 14:58:53,
6ddbd01a-d781-4c62-93ff-5c367c20f0af,2025-11-16,msg_00011,U837b70463a585f85743b5bfb3b49c9fd,Ufc6919b4a4db9d1125ac93a1ac39b985,flex,delivered,2025-11-16 22:12:08,
5965f1b5-a89c-4350-b109-e4b372829a32,2026-03-06,msg_00055,U3bae1603803a839c0cb52f511d9cb8f6,U1873052653a5682a8fe3ec7adca0b04b,flex,clicked,2026-03-06 02:13:06,https://example-saas.jp/campaign/spring
aa35c3ca-872b-49a4-8324-0e1a4f116c24,2025-12-19,msg_00064,Ub0341314a5534ea92b26fa8adc30543f,Ua26e9e2dd9cc78fd43f3876da734006a,image,delivered,2025-12-19 14:57:54,
084063b3-19e6-40ee-8bf8-99a9d955fe38,2025-12-23,msg_00061,Ub0341314a5534ea92b26fa8adc30543f,589ea76392ae1155d3ea04e7bef91f5d,imagemap,delivered,2025-12-23 00:57:15,
173b75a5-8dff-4e80-8b95-2f726d3f03f0,2026-04-10,msg_00101,U743849e63f8101ac616f8fd0ba84a167,U2ba61b0d706ca874bcc36eeb3aa73980,imagemap,delivered,2026-04-10 01:36:05,
925671b9-6cfc-4124-9c96-807bdaa45fb7,2025-12-03,msg_00012,U743849e63f8101ac616f8fd0ba84a167,e81f72f6621674d1f19ff41ede3be6af,imagemap,delivered,2025-12-03 00:35:58,
410d64b6-eea1-4c54-9832-59b8686a3803,2025-11-16,msg_00020,U3bae1603803a839c0cb52f511d9cb8f6,U22f0e4e6764bf66955eb16af8d9f34a7,text,delivered,2025-11-16 19:18:14,
eb3c8aad-38fd-45c8-a609-35e24d5a438b,2026-03-12,msg_00084,U68d2301028fb66b51d9111f1af067e34,Uc237c533ad53490d198bf68186a823f8,video,delivered,2026-03-12 14:26:56,
00095b0a-bba5-4808-ba72-ed03ad20a0d8,2025-12-09,msg_00059,U3bae1603803a839c0cb52f511d9cb8f6,U6593549402a83a5ffa241ff4f5a64ca2,imagemap,delivered,2025-12-09 07:59:26,
323c0f81-426b-4094-b337-2abbff016fd0,2026-03-21,msg_00023,U743849e63f8101ac616f8fd0ba84a167,U9d5e19da19e97ed81bef768bb8e86d67,imagemap,opened,2026-03-21 21:52:24,
8eaa6b50-dbe1-4a99-9610-78a711781d27,2026-03-31,msg_00046,U4784fc8a8e1e4eb2435ad84e0ad052f2,Uc121c1773c0e733ef17312f272381f3d,flex,delivered,2026-03-31 02:16:25,
de4cbc77-6991-44e3-a6cd-2e1fbf0510f8,2026-02-15,msg_00089,U3bae1603803a839c0cb52f511d9cb8f6,U1b3e86380f6d43a5fe6a52553228ea8b,text,delivered,2026-02-15 17:21:24,
84e8e3d3-49ac-4d3f-b6fe-71f28c8e7bd0,2025-11-21,msg_00010,Ue7310890b01058478be93761a56d0aa0,U4d29d7effcb597b37179e5c157c10e7d,imagemap,delivered,2025-11-21 03:01:09,
e17460ca-5b07-406d-bbb3-3f62d21c42ca,2026-04-12,msg_00120,U227d1cd1a801c367de206ec4bbca7330,U253a5a6e990d72e72ab70e0623f61377,text,delivered,2026-04-12 14:00:55,
b19490d9-f1b9-4dba-a4d2-3c4cfc23c728,2026-03-20,msg_00092,U743849e63f8101ac616f8fd0ba84a167,Uaaaa467cce4951210edf92ae919efcc1,video,clicked,2026-03-20 14:38:51,https://example-saas.jp/campaign/spring
2fea70a9-b848-48f0-8a37-afb37559bde0,2026-02-01,msg_00075,Ub0341314a5534ea92b26fa8adc30543f,Ueb434d496e2994968a7e85796e4a9443,imagemap,delivered,2026-02-01 21:30:06,
06d816fe-ccdb-421c-8957-c9371f156bdf,2025-12-14,msg_00085,U743849e63f8101ac616f8fd0ba84a167,Ueeacab27405e047489a46517a2140495,image,opened,2025-12-14 06:49:06,
fd213fba-0fe4-494e-8d17-859e9a4936b2,2026-01-20,msg_00108,Ub0341314a5534ea92b26fa8adc30543f,aae4c386f1e48dbf70c93edb8101ba34,flex,delivered,2026-01-20 02:25:27,
ef380509-4800-4dd9-9de5-926ec395a799,2026-01-09,msg_00052,U743849e63f8101ac616f8fd0ba84a167,Ub98e6664b061f5ceb18859fdfaed56e7,video,delivered,2026-01-09 07:11:15,
3c951c4b-efb7-4360-9354-dab5f32f1330,2026-02-20,msg_00036,U879eb903ad90cd9c2874f6df7651267a,U2ad0fdedeebaa1e05dde20dfe0581d4a,video,delivered,2026-02-20 15:33:27,
09da04e7-8834-4e64-b91d-00d2b2894459,2026-03-21,msg_00023,U743849e63f8101ac616f8fd0ba84a167,Uf482f9ad522d34daf0453031734c4da4,imagemap,opened,2026-03-21 10:56:53,
c7279a0c-250d-490b-9f01-bb9dfe1b404c,2026-03-29,msg_00097,Ub0341314a5534ea92b26fa8adc30543f,U039f01c426d93cd9f18ceecb7764b96f,text,clicked,2026-03-29 16:27:27,https://example-saas.jp/campaign/spring
f164aeca-470b-48bd-b305-6d3816bf8d30,2025-11-26,msg_00028,U3bae1603803a839c0cb52f511d9cb8f6,75e2415e60ec5121199150038e3c0681,image,delivered,2025-11-26 02:18:08,
148ad738-e9b5-4fa2-a9b5-1a24c8f0d6bc,2026-02-20,msg_00048,Ue7310890b01058478be93761a56d0aa0,U41725415c1f3b7dd217a85968baa6ed3,flex,delivered,2026-02-20 20:39:51,
99f0ef96-2216-4741-bf76-a2b4d685b27f,2026-02-25,msg_00008,Ub0341314a5534ea92b26fa8adc30543f,U9a1e1f9d66147677cfbfb51fc6c9fdfe,image,opened,2026-02-25 08:34:51,
6cde5120-356d-4fee-b77d-fcf47efcf9a8,2026-02-08,msg_00051,U3bae1603803a839c0cb52f511d9cb8f6,U8131c3c4ca9b73bd38617b5bcf8fd47f,image,opened,2026-02-08 10:50:56,
34a9a779-bce7-4420-848a-b0fc070ecc77,2025-12-03,msg_00012,U743849e63f8101ac616f8fd0ba84a167,83007313ca797abd952bafc0aca1eab4,imagemap,delivered,2025-12-03 13:11:27,
2cbe28e7-2800-46e5-99d2-681030b8655a,2026-02-20,msg_00036,U879eb903ad90cd9c2874f6df7651267a,U3e32f5f4a9b0dba700679c184d3d7392,video,delivered,2026-02-20 12:55:39,
4671c2f6-489c-4f10-ab64-3a153466f941,2026-04-12,msg_00105,Ud4a92c8c8050eed40ef171cc2784d638,U6f5b015e4109754460212d4a9f0b703d,flex,delivered,2026-04-12 22:31:44,
34003afb-34fa-4325-a6cb-4023fdb8cc93,2026-04-08,msg_00078,Ud4a92c8c8050eed40ef171cc2784d638,U40abf33aa8879d33c3e6496533c6a9c4,image,opened,2026-04-08 14:09:17,
be76b245-2d67-4fea-891c-163a31608464,2026-03-23,msg_00071,U3bae1603803a839c0cb52f511d9cb8f6,U366bc91751aeb409562f2dcfbe6c7834,imagemap,delivered,2026-03-23 21:36:41,
f8ea107e-7c07-4988-ba30-5c28e0eb92c8,2026-02-20,msg_00036,U879eb903ad90cd9c2874f6df7651267a,U662588d8a67b9bea2d1e20a2669794dd,video,delivered,2026-02-20 03:39:49,
531f63aa-cc56-4e2d-8599-b083375f9461,2026-03-30,msg_00076,U743849e63f8101ac616f8fd0ba84a167,Ued07ad44a73f93b73bf688077997d2e8,image,delivered,2026-03-30 05:51:49,
d61930a5-f0ac-47dd-9dbb-30cc6c3c7bf8,2026-01-26,msg_00063,Ub0341314a5534ea92b26fa8adc30543f,Uac4d19e75caff1c7a32aa36a8bc86d17,imagemap,opened,2026-01-27 00:37:51,
54937c7c-8227-41e3-8164-89a831d9280e,2025-12-19,msg_00064,Ub0341314a5534ea92b26fa8adc30543f,U0ec08ef6e68b0f7573a48a34fe48ab9b,image,delivered,2025-12-19 17:20:33,
ff668f60-1d2c-435e-a6c4-93df260cd83a,2025-12-19,msg_00064,Ub0341314a5534ea92b26fa8adc30543f,U33946abe8278a644e1d4501974221516,image,clicked,2025-12-19 08:37:29,https://example-saas.jp/campaign/spring
b06052cb-059a-4372-b21e-50d93251c2db,2026-02-07,msg_00090,U4784fc8a8e1e4eb2435ad84e0ad052f2,U4ce352d2295f2a4f41f9e5ba425ac65a,imagemap,delivered,2026-02-07 01:24:26,
5451d0c3-f955-48f5-b2f8-b7d12cc68ee3,2026-03-22,msg_00119,U3bae1603803a839c0cb52f511d9cb8f6,U1d1fcb7393aafa3927d58a6b121a8686,imagemap,delivered,2026-03-22 07:30:59,
df6fbe28-a3e6-43e5-9631-176699c61185,2026-02-20,msg_00095,Ub0341314a5534ea92b26fa8adc30543f,Uaf56d2c49ac27ff2078b08b3efaec21d,text,opened,2026-02-20 09:30:26,
160371a4-9d56-4ea8-91ca-90ce2e292873,2025-12-18,msg_00070,Ue9a1e8a5b83a6b296d43c957a8cfba4a,U82bc64bf3064a96bfb241eae8d6e0c32,imagemap,delivered,2025-12-18 15:58:36,
b1a51517-b2c0-43eb-a564-5eb0b4672f49,2026-01-09,msg_00052,U743849e63f8101ac616f8fd0ba84a167,Ub679c8511e04cc4872b77601a3bbc10d,video,delivered,2026-01-09 04:38:22,
6fe79185-2b55-4f5a-8f0f-1d12c907072f,2026-02-20,msg_00017,U22a93bc29b1df104af6b1ba1cd91fc56,U2b90181a1c893cc120c9590fea1e2c08,video,clicked,2026-02-20 17:34:08,https://example-saas.jp/lp/newmenu
da0bc44a-c18a-493c-840a-9f0ab615faea,2025-12-18,msg_00070,Ue9a1e8a5b83a6b296d43c957a8cfba4a,U2888c28c79c93fdcab92b62004955b09,imagemap,delivered,2025-12-18 01:04:34,
a24cc650-fb1b-48f9-8b91-10ed9e7d5dfa,2026-04-04,msg_00100,U743849e63f8101ac616f8fd0ba84a167,31f4721fc6be186cac4554c16d60f8ce,image,delivered,2026-04-04 15:04:27,
ee28672b-ba74-47d3-8d3d-57912bc385ce,2025-12-24,msg_00062,Ub0341314a5534ea92b26fa8adc30543f,Ua73ebbefa319a140a861a87a55429473,video,delivered,2025-12-24 09:18:11,
326e7af8-ae6b-474e-938d-593cea5ecc7a,2025-12-07,msg_00003,U227d1cd1a801c367de206ec4bbca7330,Ue581aaefcaf38f14b3e36311e6cebff8,image,delivered,2025-12-07 18:54:29,
ae5227ba-9a27-434c-965b-a6167f038baf,2026-01-24,msg_00066,U3bae1603803a839c0cb52f511d9cb8f6,U034fbc5a8716f22ae65a39375c282a1f,image,delivered,2026-01-24 14:34:48,
7efd80f3-909b-44f3-945e-46fc840ff6d0,2026-01-07,msg_00110,Ub0341314a5534ea92b26fa8adc30543f,Ub7e3cb3b13103f18290092311e95dbb7,video,opened,2026-01-07 10:14:23,
d42222bb-2ece-445f-b9ae-13c9d0e44d81,2026-02-19,msg_00016,U837b70463a585f85743b5bfb3b49c9fd,U80a786b9e0246cd6eafb5ae96d780afd,flex,delivered,2026-02-19 14:47:27,
e1dd9672-43dd-4ab3-9541-9bfc5411848d,2026-02-16,msg_00021,U743849e63f8101ac616f8fd0ba84a167,U7e60a721c2df985c54bb7ea0ac36d3e7,flex,delivered,2026-02-16 22:20:41,
963d6095-0fdd-4693-b78c-22aa8cb7c61a,2025-11-16,msg_00011,U837b70463a585f85743b5bfb3b49c9fd,U01bbf259d6d82a00a81b2598751e89eb,flex,delivered,2025-11-16 22:17:20,
03394c13-25e5-408e-bcfc-91db206887cf,2026-03-03,msg_00093,U743849e63f8101ac616f8fd0ba84a167,U7f3d7a735f39e7965a1567f20442b90f,imagemap,delivered,2026-03-03 07:35:33,
ecb636b0-f51f-4eb2-b025-7b9544082c76,2026-01-07,msg_00110,Ub0341314a5534ea92b26fa8adc30543f,U9b2f2dc61fea8c5b89e91963da897fba,video,delivered,2026-01-07 01:33:04,
3e34b433-9615-494a-b35d-2073cbc3d68f,2026-01-17,msg_00037,U7e808d11d6f9901a954a542a7ee09918,Ue671d2902deeac14f7d4afcbfbc50d34,text,delivered,2026-01-17 13:43:54,
b18c68fe-befb-48e5-9fc5-21004a7ea88a,2026-03-21,msg_00023,U743849e63f8101ac616f8fd0ba84a167,Ua742f132dc33d74f949df6686ff3b085,imagemap,delivered,2026-03-21 04:27:10,
049bc10c-ac68-4ba9-8902-266840dbf223,2025-12-23,msg_00061,Ub0341314a5534ea92b26fa8adc30543f,U39747a6392a4ca6436ef81a261d0b16e,imagemap,delivered,2025-12-23 03:20:36,
d4369519-b9e3-4533-bac0-5c738fe3cdfd,2026-03-14,msg_00009,U743849e63f8101ac616f8fd0ba84a167,U64acef0113a6ee92b2414537ad2884c8,imagemap,delivered,2026-03-14 15:18:04,
b67c07e1-7e13-4306-92f3-9deb8c60995f,2026-02-09,msg_00083,U3bae1603803a839c0cb52f511d9cb8f6,U0c2dff0389dff183431400f954273959,flex,delivered,2026-02-09 01:01:30,
0d9c8f25-a799-4532-99b7-45726f06a1ee,2026-03-21,msg_00023,U743849e63f8101ac616f8fd0ba84a167,U29f99ac3b8dd4c2a2d72057aac1d65de,imagemap,opened,2026-03-21 11:47:53,
de49e389-4c4b-4e9c-a16f-3d86f3f6740c,2025-11-17,msg_00099,U3bae1603803a839c0cb52f511d9cb8f6,U6992ebdbf47576eaa4de8ae28d9dc94a,text,delivered,2025-11-17 03:07:24,
b46d7687-6710-42b8-bdc6-2d3320f12037,2026-04-06,msg_00074,U3bae1603803a839c0cb52f511d9cb8f6,U25b17316754c62546bb44c3d13e8ebe7,text,delivered,2026-04-06 08:39:28,
c737a9a3-6e03-4661-bcbb-c6d3be2d4bdb,2026-01-09,msg_00052,U743849e63f8101ac616f8fd0ba84a167,U3c096251a5270ca0d833a5efb88a9f7f,video,opened,2026-01-09 22:40:01,
43ab8754-4ad6-4367-8976-6c8bafa3203c,2025-12-24,msg_00091,U3bae1603803a839c0cb52f511d9cb8f6,Ua4abbbbc1e3ce43c0abf131226da3c74,imagemap,clicked,2025-12-24 03:57:10,https://example-saas.jp/campaign/spring
7213fe24-e290-4d23-ad4a-87a15171abdf,2025-11-30,msg_00025,Ub0341314a5534ea92b26fa8adc30543f,U02df7a5f09a1e5b89c21551f528e8af2,imagemap,delivered,2025-11-30 01:18:10,
b7b2fb5d-b824-4166-8852-2f9f882d2eee,2025-11-30,msg_00025,Ub0341314a5534ea92b26fa8adc30543f,U6ecb000f1aae9cc01994278f7f202d24,imagemap,delivered,2025-11-30 21:47:22,
bba8ccea-8862-4079-9af6-26e8cacf6915,2025-12-23,msg_00061,Ub0341314a5534ea92b26fa8adc30543f,Ue2815fed17baf529c7a6d6d31380bdf8,imagemap,delivered,2025-12-23 02:47:40,
67176bca-ebf2-4ef5-bd24-05dbeb59dde5,2026-04-01,msg_00072,U4784fc8a8e1e4eb2435ad84e0ad052f2,U1d1b6c2cbdcbba750e4e4b21e89e4831,image,delivered,2026-04-01 03:10:48,
19cf8287-eb6e-4757-b940-a3f151cd8b3f,2026-02-20,msg_00048,Ue7310890b01058478be93761a56d0aa0,U4aeb5365e22d41bf0978724aaaaa7275,flex,delivered,2026-02-20 18:54:45,
40bcd351-1c84-40f4-89c4-17651575dd3c,2026-04-12,msg_00120,U227d1cd1a801c367de206ec4bbca7330,Uf95c4b8bbae664a124ca63fce9a17e92,text,delivered,2026-04-12 03:03:20,
870c9f02-a11a-43dc-8c60-aee02127427b,2026-04-05,msg_00054,U3bae1603803a839c0cb52f511d9cb8f6,U6278718c25723b57f681c27f8872ffaf,image,delivered,2026-04-05 14:30:51,
dc112eb0-9c36-4cae-8615-1eb83e1734ff,2026-04-01,msg_00072,U4784fc8a8e1e4eb2435ad84e0ad052f2,Ub4d9989622d69e00ddd162f4e9d144d3,image,delivered,2026-04-01 15:20:51,
e9f22647-82d5-4b8a-ada0-d6733aa0c4bd,2026-02-07,msg_00090,U4784fc8a8e1e4eb2435ad84e0ad052f2,7de4866969c5b57124e26f8768cb5a1d,imagemap,blocked,2026-02-08 10:19:26,
c0121639-7e4f-4d7e-a270-61ffd46b4ca7,2026-02-14,msg_00042,U3bae1603803a839c0cb52f511d9cb8f6,U7b469077d6e003c44118f7faf187dee2,video,clicked,2026-02-14 08:56:47,https://example-saas.jp/coupon/500off
387882b5-64ab-4fa7-932d-3cacbccdf3ab,2026-02-14,msg_00042,U3bae1603803a839c0cb52f511d9cb8f6,Ue5b729301a85babe45b0848669e56249,video,delivered,2026-02-14 08:01:28,
6bc5ad2f-e29b-4529-90cf-f2a4cee128eb,2025-12-25,msg_00077,U743849e63f8101ac616f8fd0ba84a167,U4a7e424e2a12376cdc452d5995d551e7,text,delivered,2025-12-25 21:07:49,
d4ecb8d6-576f-4151-86f4-7cd126bbcf12,2025-12-24,msg_00091,U3bae1603803a839c0cb52f511d9cb8f6,Ua6accfc28a018d358d2ad6194ec452b8,imagemap,delivered,2025-12-24 02:33:17,
5f7ba064-d76c-4051-95e4-b487f9e1a250,2026-01-14,msg_00081,Ue7310890b01058478be93761a56d0aa0,U0eb4f52ad47c074fc53575fe04bf3eac,video,delivered,2026-01-14 06:59:16,
0aa027ab-e600-4e4a-8ea8-0ab2b3821909,2025-12-07,msg_00003,U227d1cd1a801c367de206ec4bbca7330,U0009d022554801e4e8e04df82c36d3f2,image,delivered,2025-12-07 09:50:36,
061c3ae1-7224-4ace-9031-9d157ff65170,2026-03-14,msg_00009,U743849e63f8101ac616f8fd0ba84a167,Uf1cf3e557266863e0047c7201ad5c339,imagemap,opened,2026-03-14 08:27:36,
46912536-7233-47b7-965d-9dfeef3dfbb5,2026-03-11,msg_00104,Ub0341314a5534ea92b26fa8adc30543f,Ude0a6c619b9f35016979a4a91ee198c9,image,blocked,2026-03-11 15:04:28,
be603243-8a90-47ef-a5a3-87ddf2f3548f,2026-01-01,msg_00027,U4784fc8a8e1e4eb2435ad84e0ad052f2,Uf7c20835094ec192b2873597a735cf8a,image,opened,2026-01-01 05:43:55,
be454936-6ca2-47b1-8a8f-b962b13027c5,2025-12-12,msg_00029,U743849e63f8101ac616f8fd0ba84a167,Ub9dc0022c46f82d0af70968ed695ab57,imagemap,delivered,2025-12-12 21:41:59,
87bd5b3b-249a-4c13-bf2f-a031d300ff6b,2026-02-14,msg_00098,U743849e63f8101ac616f8fd0ba84a167,U5718c0c4b1ff5cea7ee672181275d781,imagemap,opened,2026-02-14 07:02:36,
9cb90547-1a94-48de-84bc-1366bcc5b94e,2026-03-20,msg_00092,U743849e63f8101ac616f8fd0ba84a167,U6c42ff07abdfcbae92e33456b1afaafa,video,delivered,2026-03-20 07:40:27,
b01cebf6-1feb-434a-878d-85f5082be25c,2026-03-27,msg_00096,U476acbdef8e9a16d24575e4f6d7b0f31,1b25f2d38fd0fee902594b8d596aa254,imagemap,opened,2026-03-27 15:31:34,
cbf7de0d-313c-41ab-9963-d422f8973e82,2025-12-23,msg_00061,Ub0341314a5534ea92b26fa8adc30543f,U9ef10115656ddd7dbe103df961093a06,imagemap,opened,2025-12-23 22:22:58,
075f64d6-6698-43da-8b01-4358f592dd4d,2026-01-24,msg_00007,Ub0341314a5534ea92b26fa8adc30543f,U853976a1934c0516b46ed37c6edb211c,imagemap,delivered,2026-01-24 10:30:06,
70b95b9b-c261-46ff-a3bd-8fbaefc4884c,2025-11-23,msg_00053,U743849e63f8101ac616f8fd0ba84a167,U84cfcdcce0c019b9f115968dbebad216,video,delivered,2025-11-23 19:05:04,
9121654c-5996-4028-a4ed-8a154d1c7b5d,2025-12-22,msg_00013,Ub0341314a5534ea92b26fa8adc30543f,63ffd099550da2b454af664c2f9f144e,image,delivered,2025-12-22 05:38:49,
b2f8961e-09dd-4ce5-ac92-9d06284fb095,2025-12-18,msg_00070,Ue9a1e8a5b83a6b296d43c957a8cfba4a,U08f55d31a4cfecef0f74f0b598e13e04,imagemap,clicked,2025-12-18 15:49:29,https://example-saas.jp/lp/newmenu
9efd19ea-461e-4eb1-a3d3-9c9f53e22dec,2026-02-19,msg_00016,U837b70463a585f85743b5bfb3b49c9fd,U7d8e2a3a2d42e442f1c27307bc3faaa2,flex,delivered,2026-02-19 16:51:30,
c98232de-80c6-4b0e-a55c-67153aa43847,2026-01-24,msg_00066,U3bae1603803a839c0cb52f511d9cb8f6,U5514b1a7edcd1c03184c9bd10cd3605b,image,delivered,2026-01-24 12:18:16,
83c2fc2f-857a-4936-8e8a-13b0a135e923,2026-04-12,msg_00120,U227d1cd1a801c367de206ec4bbca7330,Ud1b55cab9d7d486ddc9709d059173937,text,opened,2026-04-12 19:19:55,
149c8932-96e0-4524-b476-55d5e99b4a61,2026-03-06,msg_00055,U3bae1603803a839c0cb52f511d9cb8f6,U41cdf0e6c0c45afc165719a01f9e9d22,flex,delivered,2026-03-06 22:46:09,
19a5a770-b79f-432c-bd0f-57d4cd37f8e9,2025-11-26,msg_00028,U3bae1603803a839c0cb52f511d9cb8f6,5ec707b4c4024173abc04a32bd2c6dec,image,opened,2025-11-26 17:17:43,
fac4889a-6c23-4739-bd2d-f1f542e6b677,2026-04-01,msg_00072,U4784fc8a8e1e4eb2435ad84e0ad052f2,U10f64c9853e1743e6067009ea0b204a4,image,delivered,2026-04-01 21:34:46,
e27970fe-33c8-4420-82c9-b0a26d8153c4,2026-01-24,msg_00007,Ub0341314a5534ea92b26fa8adc30543f,Uf3c7e70ad6287daf753401248d7b9763,imagemap,delivered,2026-01-24 15:15:40,
ce02ea2d-9c6c-44d8-9842-3274011b6cfb,2026-03-21,msg_00023,U743849e63f8101ac616f8fd0ba84a167,U7dc6f9a21e1ae8ce61b1c596c0f95d1a,imagemap,delivered,2026-03-21 07:53:53,
175a67a4-5303-4bc3-8c78-3c307e5d7ff9,2025-11-27,msg_00018,U3e5dd3a641c58ad50e49f095c6f1e306,Uee2aac6beaf78f069579b956fe6d2e3f,imagemap,opened,2025-11-27 16:44:25,
881ba6ee-0b9f-4fd8-bae1-e6fd0b2e727a,2026-03-21,msg_00023,U743849e63f8101ac616f8fd0ba84a167,U912f2b1f307c78426988e50977f59b02,imagemap,delivered,2026-03-21 06:48:12,
5dac87fa-3d92-42c8-92f6-d64af7c11de9,2025-11-23,msg_00053,U743849e63f8101ac616f8fd0ba84a167,Ud4625c7a67cf98361dd57e1cc004f331,video,delivered,2025-11-23 11:15:31,
a00133d7-4375-41a7-b71c-faea4629dc89,2026-03-11,msg_00067,U7e808d11d6f9901a954a542a7ee09918,U9df71b2ad1950e63a46229fb76a62ee7,video,delivered,2026-03-11 04:26:08,
ad9ddb79-c08a-4843-8484-82403dd49d86,2026-01-24,msg_00066,U3bae1603803a839c0cb52f511d9cb8f6,U1e54faafbb42e3a7aa8bd803f2038524,image,delivered,2026-01-24 20:14:49,
ce587e3b-ffe1-497c-a7f8-6b9e6b7a5e17,2026-03-05,msg_00014,U3bae1603803a839c0cb52f511d9cb8f6,Ucad17ddeac704b3ab46e9c55e0579722,flex,delivered,2026-03-05 15:10:37,
7f4d08c5-36e7-42ae-904f-c5812ddd929b,2026-01-31,msg_00035,U7e808d11d6f9901a954a542a7ee09918,U347ac9f1f4e0bf39fffbd0bf4aceb83a,text,delivered,2026-01-31 09:25:23,
2167eb30-d9c3-40d2-b987-06dec206b595,2026-04-12,msg_00105,Ud4a92c8c8050eed40ef171cc2784d638,U7a8946b0315e00a37c68de0cc3baec10,flex,delivered,2026-04-12 06:30:00,
ce9ecc85-41d0-4eaa-854e-ec281ceedc8b,2026-03-06,msg_00068,Ub0341314a5534ea92b26fa8adc30543f,d19bfc8851e6a60977d2d9ee94a6f5f4,video,opened,2026-03-06 02:30:39,
32abbbcd-d3f1-419d-91c4-e05549075507,2025-11-30,msg_00025,Ub0341314a5534ea92b26fa8adc30543f,U709d6ae91e5818963a788d19bf8603f0,imagemap,delivered,2025-11-30 02:38:03,
7d021829-8872-4e74-aca7-69b77a0b47b4,2026-03-21,msg_00023,U743849e63f8101ac616f8fd0ba84a167,3e7d6c8127993fb7790f245219e5dd87,imagemap,opened,2026-03-21 16:35:30,
bc8122d2-e568-4f60-99a0-7038668c80ec,2025-12-21,msg_00022,U3bae1603803a839c0cb52f511d9cb8f6,Udceaeb08ced80327f1c303d8517be4ec,video,opened,2025-12-21 23:01:50,
448dc1ec-6570-4e0c-bee0-3c54516b2228,2026-04-01,msg_00072,U4784fc8a8e1e4eb2435ad84e0ad052f2,7fc6fd1aeff4b2aa59c9d27f0f335664,image,delivered,2026-04-01 15:49:18,
61f87305-a2a2-419e-9051-8bd1d974aa77,2026-04-08,msg_00078,Ud4a92c8c8050eed40ef171cc2784d638,U63452f9230b392d95f5500525485711e,image,delivered,2026-04-08 06:51:28,
b982712a-b629-4a52-a265-31c9f91d93cf,2026-02-09,msg_00083,U3bae1603803a839c0cb52f511d9cb8f6,Ucfb6198a78961189cdc06847583ccf3c,flex,delivered,2026-02-09 02:12:27,
93814847-7af0-4ae1-a628-3a3a9b696384,2026-01-31,msg_00035,U7e808d11d6f9901a954a542a7ee09918,b00d64277660a40f13e57a83a9c9e439,text,opened,2026-01-31 17:48:29,
2711c344-0fb7-4b06-9657-966e2d6ad7e4,2025-12-22,msg_00013,Ub0341314a5534ea92b26fa8adc30543f,Uad2f27609419a81d5e6fa6ec9f98232a,image,opened,2025-12-22 08:35:36,
fd9b266b-ec84-4c5a-beeb-ad3301623abd,2026-03-13,msg_00001,U4784fc8a8e1e4eb2435ad84e0ad052f2,U1d58caa1eeb5559c70e7a1fb545244bc,image,opened,2026-03-13 06:11:56,
97c5740a-8936-4780-b75c-d32b1049d0e2,2025-12-17,msg_00032,U3bae1603803a839c0cb52f511d9cb8f6,Uba168328eba3ae3945c023de5e0c5728,video,opened,2025-12-17 11:59:27,
19401232-6097-4e23-8511-e12e2c482dce,2025-12-25,msg_00045,Ue7310890b01058478be93761a56d0aa0,Ued9f66be80f5c7e32addcfb1b66c004e,video,delivered,2025-12-25 01:22:15,
682c5d6a-d6f3-4baa-a79e-4f6b000df25f,2025-12-19,msg_00118,U4784fc8a8e1e4eb2435ad84e0ad052f2,Uda8e457157ff65f82cfbd24f3509d302,image,blocked,2025-12-19 16:47:20,
477a9505-d34a-407d-87ea-2b1b936422a8,2026-02-05,msg_00107,U3bae1603803a839c0cb52f511d9cb8f6,U182558d3540096898272892ab2ce0147,text,delivered,2026-02-05 19:21:03,
9b166dbf-81e1-4c43-afbf-c295271c57f2,2025-12-22,msg_00013,Ub0341314a5534ea92b26fa8adc30543f,U62d0372d06b24f0ae709da2c9cbcb661,image,delivered,2025-12-22 05:23:04,
0c46500a-d435-4c7f-9624-5309792c8ab3,2026-03-23,msg_00073,Ud4a92c8c8050eed40ef171cc2784d638,Uceb87c834056706ca30158a2544d5661,imagemap,opened,2026-03-23 10:20:21,
297e6477-2639-4a84-ba0a-78a7b8fa951b,2026-01-26,msg_00115,U3bae1603803a839c0cb52f511d9cb8f6,U27ad52a2d0c4d1fc812eecb64ab9cd8b,imagemap,delivered,2026-01-26 21:05:51,
006fd5f7-ec38-4c7e-8b53-e574cba2fb73,2025-12-02,msg_00088,U3bae1603803a839c0cb52f511d9cb8f6,Udcd79f2858200d927d077904587b9a60,image,delivered,2025-12-02 16:43:46,
95997596-4d84-4f18-ad80-2260fc445dbe,2025-11-22,msg_00047,Ue7310890b01058478be93761a56d0aa0,Udfa34d3b63e0e0003a51699a561d04e3,video,delivered,2025-11-21 21:12:09,
df237cc0-77d1-4f95-b2b2-e71c89bf931f,2025-11-23,msg_00053,U743849e63f8101ac616f8fd0ba84a167,U70e1ee899dc51fe56a97f5f0ab9c5d42,video,delivered,2025-11-23 18:16:20,
8a4dc5f8-7f4f-4ecc-8824-69ac875ebdac,2026-02-25,msg_00008,Ub0341314a5534ea92b26fa8adc30543f,U672d4096d8a4bd65226f89406e9d21b2,image,delivered,2026-02-25 00:35:21,
8131be71-a83c-47c9-926f-05e1729f78c9,2026-03-18,msg_00080,U22a93bc29b1df104af6b1ba1cd91fc56,Ue45539692832f1a7841fcd0e527ddaa3,flex,failed,2026-03-18 16:56:33,
50e3619c-dbbf-403a-afbf-1a02742723fc,2026-01-07,msg_00110,Ub0341314a5534ea92b26fa8adc30543f,U5c05213dfe986bea0991729cdd10c952,video,opened,2026-01-07 22:55:36,
b1aa7910-8123-460d-80f1-7df752dfc4b5,2026-01-31,msg_00035,U7e808d11d6f9901a954a542a7ee09918,Udf332e0d1984149fd9b5706953e69a09,text,opened,2026-01-31 06:41:27,
666c159d-4b9f-484a-8199-034d0fefa609,2026-03-20,msg_00057,Ub0341314a5534ea92b26fa8adc30543f,Ua4c1d78b82e7036e0d8aca33697572fa,video,delivered,2026-03-20 01:37:37,
0887d49b-90e4-4be5-a93e-87ce497607f2,2026-02-10,msg_00058,Ue9a1e8a5b83a6b296d43c957a8cfba4a,6af40d4ad7f92353e1640f8c4468b5d6,video,clicked,2026-02-10 02:24:09,https://example-saas.jp/campaign/spring
4add79bb-adc8-4732-a03d-8f5c8bed2ade,2025-12-18,msg_00114,Ub0341314a5534ea92b26fa8adc30543f,U5a1c5684614f4e39c7b8ad1c8cc41886,flex,delivered,2025-12-18 13:50:17,
1bd6c120-e2e9-4dba-afd7-62f231d9d746,2026-02-14,msg_00042,U3bae1603803a839c0cb52f511d9cb8f6,U08fee44662b6b8fbcee1cf08ea6a577e,video,delivered,2026-02-14 11:03:09,
3521f2b2-3cb5-4cf5-93ea-46a11132c5aa,2025-11-17,msg_00099,U3bae1603803a839c0cb52f511d9cb8f6,Ubcb10b0190e7a2a56f4ff7f9637aed97,text,delivered,2025-11-17 14:14:37,
45f44309-340b-450f-bb77-c44de63802c6,2026-02-14,msg_00098,U743849e63f8101ac616f8fd0ba84a167,Ubdbde6367621b468586c73bd027b32e4,imagemap,delivered,2026-02-14 19:29:12,
9ec4ac8d-3e8d-4486-a985-b664d6dd4df0,2025-12-19,msg_00064,Ub0341314a5534ea92b26fa8adc30543f,U909802ce922fa80920d591c891c70a84,image,opened,2025-12-19 01:13:44,
d4b47d8f-43aa-4e42-abce-9b212ff21499,2025-11-27,msg_00018,U3e5dd3a641c58ad50e49f095c6f1e306,Uc326b5f62daa239f1a5d2c8fa79f4793,imagemap,opened,2025-11-27 09:38:32,
61111198-08d1-441a-adb5-b2397072ed6d,2026-02-14,msg_00098,U743849e63f8101ac616f8fd0ba84a167,U73a18f899a07e714d4c8cd04791e5aa8,imagemap,delivered,2026-02-14 09:08:19,
dede4bf1-bdfa-4fcb-b00b-bf2f671d0f64,2026-01-09,msg_00052,U743849e63f8101ac616f8fd0ba84a167,U6c611d8b1dc20f9ab746bb75e21d0a6b,video,opened,2026-01-09 21:29:22,
32be02f8-8ac2-4793-b925-819f7cb2c126,2026-02-14,msg_00042,U3bae1603803a839c0cb52f511d9cb8f6,U25e0da0543d7fcc23bc4b6a4286e584b,video,opened,2026-02-14 09:00:15,
0e97c43f-a43c-48f2-b437-4ddb609eee68,2026-03-11,msg_00067,U7e808d11d6f9901a954a542a7ee09918,U9fff650c22a8f7d7d456261e737111e9,video,opened,2026-03-11 13:22:08,
1895e3ae-a851-46ec-869d-f5901921c7a4,2026-03-08,msg_00112,U3bae1603803a839c0cb52f511d9cb8f6,Uee712b1e41fc9c4d86b43da7e9f2b455,image,blocked,2026-03-08 08:44:09,
4a7ea287-45ae-4eb4-88a3-c220fc19d894,2026-01-09,msg_00052,U743849e63f8101ac616f8fd0ba84a167,U125e02ce0a873886b4955f17e744d539,video,delivered,2026-01-09 23:20:09,
eff6e546-6b16-4207-8fdd-48b29a90b816,2025-11-24,msg_00033,U3bae1603803a839c0cb52f511d9cb8f6,U8550e9111f5846d79f9984b1c8ea3231,text,opened,2025-11-24 12:48:17,
be7cc678-de8b-4006-b8b6-667779cb109a,2026-02-24,msg_00111,Ub0341314a5534ea92b26fa8adc30543f,U2d783d9ec9e0c0942b9a6b99eb6c4f96,flex,delivered,2026-02-24 13:43:09,
8d8847e8-10b9-45bf-8cee-3ba06470f18e,2026-03-18,msg_00080,U22a93bc29b1df104af6b1ba1cd91fc56,1552edba718844e7eb9a21327c31ccc6,flex,delivered,2026-03-18 20:48:24,
f8852854-66a0-4dea-948f-00abb89d01fd,2026-02-07,msg_00090,U4784fc8a8e1e4eb2435ad84e0ad052f2,U3fa1dc151f9364d202a1113b82496c69,imagemap,delivered,2026-02-07 17:18:07,
60f5e5ba-ada0-4cec-8866-7ad72660ad07,2026-03-20,msg_00106,U3bae1603803a839c0cb52f511d9cb8f6,Ud2658cc32aec132fd1ee5dea9499ee43,video,delivered,2026-03-20 03:41:25,
75f8c08b-15f9-4309-b23f-63ebd09e0818,2026-02-24,msg_00039,U743849e63f8101ac616f8fd0ba84a167,U2424f3f74ae6660770cbd49dc66c3f76,flex,opened,2026-02-24 19:26:36,
75f998b5-97fe-4279-b369-f77703124c68,2026-02-15,msg_00006,U743849e63f8101ac616f8fd0ba84a167,U65b4dca5c8525aad29508fa23147aa75,flex,delivered,2026-02-15 00:29:25,
4ff8cc93-cc5a-4d35-9e2e-09a4bbb209d1,2026-01-26,msg_00005,Ub0341314a5534ea92b26fa8adc30543f,U425d036429edde1a5a9c1dcf8af6932d,image,delivered,2026-01-26 15:55:05,
778336a3-f02e-4750-b565-661312f89701,2026-02-20,msg_00017,U22a93bc29b1df104af6b1ba1cd91fc56,U2b90181a1c893cc120c9590fea1e2c08,video,opened,2026-02-20 17:14:22,
ff3fc2ce-2c9e-4634-9668-be89dbff399e,2025-11-27,msg_00018,U3e5dd3a641c58ad50e49f095c6f1e306,U80fce74a1bf44887c1e039fbc29114ec,imagemap,delivered,2025-11-27 14:11:20,
8cf917d4-f160-4217-b61c-12958fb14127,2026-03-06,msg_00055,U3bae1603803a839c0cb52f511d9cb8f6,U126f67a892e8befa2da8dda6f64caa74,flex,opened,2026-03-06 05:26:56,
dbede3c6-5db3-42f8-921e-a51998b3475a,2026-01-29,msg_00031,U3bae1603803a839c0cb52f511d9cb8f6,Ubc2fdb74eafdb21b38d9335272ff52fd,video,delivered,2026-01-29 09:21:23,
5d92cc91-1ec9-47c1-af45-1d26410ef20d,2026-03-06,msg_00055,U3bae1603803a839c0cb52f511d9cb8f6,U1907247af5a34375ae478b839fdb7467,flex,opened,2026-03-06 12:10:34,
93964eb4-7ee9-4cde-975a-eeafcfa1ec1a,2026-03-21,msg_00023,U743849e63f8101ac616f8fd0ba84a167,U0962f813ea6dea878031aa91e6eede04,imagemap,delivered,2026-03-21 05:24:28,
72784739-c18c-46ba-ae2c-22369b8efcf0,2025-12-23,msg_00061,Ub0341314a5534ea92b26fa8adc30543f,U0e8ce3f19abc64f6e46b22e4e62e7aa6,imagemap,delivered,2025-12-23 05:04:16,
2fd7f086-1500-4ff6-88f2-733e51efcd7a,2025-12-09,msg_00094,U227d1cd1a801c367de206ec4bbca7330,U4d73419e54e7d386d826f32d8881d1c6,flex,opened,2025-12-09 09:41:45,
9e9e9126-c1ef-4f94-8359-021282afafbf,2026-01-29,msg_00031,U3bae1603803a839c0cb52f511d9cb8f6,U9831083ec9d310184a9ef5d98399eca5,video,delivered,2026-01-29 00:56:45,
d50b6fd9-2727-42db-a15f-1ccb4bb2152c,2026-02-28,msg_00117,U743849e63f8101ac616f8fd0ba84a167,Uf904f4108b5831f1299c1749ab53476c,video,delivered,2026-02-28 00:36:55,
e88f79d8-ec9e-4131-b773-72b785fbad19,2025-12-09,msg_00059,U3bae1603803a839c0cb52f511d9cb8f6,Uc4d08c142323964aaaa1e1e3d06df86f,imagemap,delivered,2025-12-09 15:31:00,
08207b95-48fa-491d-98c4-92c2ebd65195,2026-02-09,msg_00083,U3bae1603803a839c0cb52f511d9cb8f6,Ufee741b6c65d1315745d213674720e14,flex,opened,2026-02-09 10:21:27,
15bf20ce-0812-4c93-8b72-e7ad73b1083a,2026-01-17,msg_00037,U7e808d11d6f9901a954a542a7ee09918,Ub9269706ae5d9f064b41b7c42f7295d0,text,clicked,2026-01-17 08:55:16,https://example-saas.jp/lp/newmenu
e26d695f-5fb3-4572-b077-2e09d3b5cbfa,2026-03-04,msg_00056,U1ca413826b7044d134c9c3132420c9de,e85d49f5cbaa0a444c503dfd664b4994,text,delivered,2026-03-04 18:45:00,
d781402c-1cc0-4cb7-a44b-09a0ac561b83,2025-11-26,msg_00028,U3bae1603803a839c0cb52f511d9cb8f6,d221bdf089b3ea85241dfdc05e5e6482,image,delivered,2025-11-26 10:01:35,
1938e719-8d5f-4785-b9a4-2fdd8a27abfd,2025-12-14,msg_00085,U743849e63f8101ac616f8fd0ba84a167,U12e408b5bf70f96d6a914807473f86f1,image,failed,2025-12-14 14:11:41,
bec23ad5-a7bb-4752-a60a-f073ee8403b3,2025-12-18,msg_00070,Ue9a1e8a5b83a6b296d43c957a8cfba4a,U75660b4e11f1ef4459c0b3a48a895537,imagemap,delivered,2025-12-18 18:28:37,
4a94e634-eac5-4810-a3f6-72c4a6bec0d6,2026-04-10,msg_00101,U743849e63f8101ac616f8fd0ba84a167,Ufb0b49639bdf64da19537d3f4a984f71,imagemap,delivered,2026-04-10 10:11:34,
401d3cba-837a-46a3-ba02-e63ebbd8ec47,2025-12-25,msg_00077,U743849e63f8101ac616f8fd0ba84a167,U3d865242608edff5773d6f300b7af12a,text,delivered,2025-12-25 21:17:16,
83e2b532-df3e-4e5b-aab5-36a9df002f05,2026-03-29,msg_00097,Ub0341314a5534ea92b26fa8adc30543f,Ub02c7b88e8ae0e15cbd43a55f60f163a,text,delivered,2026-03-29 19:02:52,
f62a6698-deab-4da3-87b1-9bdabe2d4b66,2025-11-21,msg_00010,Ue7310890b01058478be93761a56d0aa0,U0c7dafccf4f349425bb7bfb1aa017bee,imagemap,delivered,2025-11-20 07:44:54,
ccf8d56c-3085-4b53-8808-65aee1194c64,2026-02-19,msg_00016,U837b70463a585f85743b5bfb3b49c9fd,Ueba0781d0416b3def99bea33eb802576,flex,delivered,2026-02-19 13:01:06,
4b13a44d-1573-4936-b58c-7aacf0912714,2026-02-20,msg_00036,U879eb903ad90cd9c2874f6df7651267a,U5075ac2824bbedf1d48eb86b1346a1b7,video,delivered,2026-02-20 02:46:13,
8b7bcfb4-5dc8-4721-9cc7-769e5d3d57f8,2025-12-23,msg_00109,Ue7310890b01058478be93761a56d0aa0,U8ca565e171f5f0920c7caa7733f999c3,text,opened,2025-12-23 09:09:20,
b4343408-13a1-4d0a-9833-83ef827abf5d,2026-04-08,msg_00078,Ud4a92c8c8050eed40ef171cc2784d638,U8b1400d71b8dd0db6003323b2bb6928e,image,delivered,2026-04-08 23:13:35,
e6ef3eeb-d304-45b5-ae29-da99f27adc5f,2026-03-04,msg_00056,U1ca413826b7044d134c9c3132420c9de,Udb652cd9b12537d729c5397761e7cb44,text,delivered,2026-03-04 04:34:50,
025a2af5-8c14-41b4-b344-d0829050cacf,2026-03-20,msg_00057,Ub0341314a5534ea92b26fa8adc30543f,U3f161208c020cced8933d21ef03083cb,video,delivered,2026-03-20 14:20:36,
3da3c0b8-317d-4fa0-ae67-cf35b67d2195,2026-03-26,msg_00040,U3bae1603803a839c0cb52f511d9cb8f6,Ue5faffabc485c6df09abc88744bb3711,imagemap,clicked,2026-03-26 10:46:41,https://example-saas.jp/coupon/500off
09dfdd21-0f2e-4e40-b7dd-5ba1aefe60d7,2026-03-05,msg_00014,U3bae1603803a839c0cb52f511d9cb8f6,Ua11558bba946cf3cf1d6f6b780d1740b,flex,clicked,2026-03-05 08:22:52,https://example-saas.jp/lp/newmenu
c3bd1399-7c98-4f15-841e-2910777baee2,2026-01-07,msg_00110,Ub0341314a5534ea92b26fa8adc30543f,U79acb92971c43cf378b1a95744fb8f27,video,opened,2026-01-07 15:05:41,
180ee80c-55a7-48ce-8ff5-da9a03df7779,2026-03-23,msg_00073,Ud4a92c8c8050eed40ef171cc2784d638,U618350d9143e0b1c75c32c439d2c2b40,imagemap,opened,2026-03-23 20:24:00,
9184d26b-1071-4d23-89f3-49445fab8ff5,2025-11-21,msg_00010,Ue7310890b01058478be93761a56d0aa0,U5bccae2f520f7d047ebd21aff169a6e3,imagemap,delivered,2025-11-21 09:00:04,
5053fe0b-cbf9-4a76-811a-7e999c4e75ea,2025-12-19,msg_00064,Ub0341314a5534ea92b26fa8adc30543f,Ubce9d3f750853a62897b5ebf1a7a7215,image,delivered,2025-12-19 18:14:18,
375edb52-4afe-40c0-b981-6874b17d6f9e,2025-12-14,msg_00085,U743849e63f8101ac616f8fd0ba84a167,U7a08b43e7659c22ede88f1edd7205491,image,delivered,2025-12-14 08:21:16,
34df9a8b-335c-49e6-a1ac-f019c363badf,2026-03-03,msg_00093,U743849e63f8101ac616f8fd0ba84a167,U1599eec927ca720035bd0bf7796b3241,imagemap,clicked,2026-03-03 22:28:20,https://example-saas.jp/survey
98f83da4-0151-4af4-8417-1e786d5625fd,2025-11-24,msg_00033,U3bae1603803a839c0cb52f511d9cb8f6,Ud88504f966f74a0d79f29ae39d8c6644,text,delivered,2025-11-24 05:36:48,
18fc10be-c6c1-47e6-bc19-f9f041712c57,2026-03-30,msg_00076,U743849e63f8101ac616f8fd0ba84a167,c73cb13cb5630f2f4b0acf47636237ce,image,delivered,2026-03-30 03:47:33,
c1a5ff91-6bf1-4855-a05c-68f6b214c50b,2025-12-08,msg_00015,Ub0341314a5534ea92b26fa8adc30543f,U04b1b51592dc571ff63aec96a41afa9b,text,delivered,2025-12-08 06:20:59,
9345861e-b7cf-4ad9-a3f6-8dc52b2b869a,2025-12-25,msg_00045,Ue7310890b01058478be93761a56d0aa0,U72ba99c87537136af5f054f8ebc0c7ad,video,delivered,2025-12-25 12:40:43,
d906c202-5fbf-47e6-9aef-bfe4a4394ddb,2026-01-17,msg_00037,U7e808d11d6f9901a954a542a7ee09918,c2eac6f2b89bdbaf3c15a8d9381b5d1a,text,delivered,2026-01-17 12:51:49,
b1722b2f-bc9c-44c5-8038-ca5bd7d72f7c,2025-11-27,msg_00018,U3e5dd3a641c58ad50e49f095c6f1e306,U1822ee07ffd90db2e17c80ca8a106fea,imagemap,delivered,2025-11-27 04:26:51,
9d94336d-04d0-4237-a35b-5e9003def978,2026-02-15,msg_00089,U3bae1603803a839c0cb52f511d9cb8f6,Ub8150c826fd9b3475f2b679dd032cd63,text,delivered,2026-02-15 22:16:25,
947344a7-5dc5-4ec6-ab8d-49b07c09b02c,2025-12-15,msg_00030,U3bae1603803a839c0cb52f511d9cb8f6,U7e3665dad9f528331c232570ca3cbf0b,video,opened,2025-12-15 12:17:40,
fd3928ff-23dd-44b9-911b-e81702b4ace5,2025-12-31,msg_00082,U227d1cd1a801c367de206ec4bbca7330,Ufe438111e0d04a2fbb73cfaea23a4516,imagemap,delivered,2025-12-31 03:10:54,
d7c10d98-e20a-46b7-ad83-c0832469c0c6,2026-03-25,msg_00079,U743849e63f8101ac616f8fd0ba84a167,415eb67d6b74a90010e63d922adc10df,text,delivered,2026-03-25 01:09:13,
e6ffee5a-09f4-462c-9fe3-a2fdebac7a24,2026-02-20,msg_00036,U879eb903ad90cd9c2874f6df7651267a,U269b33191afe1fe92669f87e3898a2e6,video,delivered,2026-02-20 19:04:56,
638cb111-0cec-47bc-a5d4-55d47285f09e,2025-11-23,msg_00024,Ue8d9224ecde331ce692edfce0b5ecdc4,U756ddd3f2d6e78402829a7c1dbd21acc,text,delivered,2025-11-23 06:32:07,
09228dde-d0c4-4b58-b063-0793c0958fad,2026-02-15,msg_00087,U3bae1603803a839c0cb52f511d9cb8f6,U305ca6b59b90a5bde9e06993a5623313,imagemap,opened,2026-02-15 12:28:05,
ba43097e-cf10-4d5a-b7ab-ed4e227c3068,2025-12-25,msg_00077,U743849e63f8101ac616f8fd0ba84a167,Ufd0340e6d139e29e1f81540330ca897a,text,delivered,2025-12-25 07:17:50,
e62f6cbf-3b31-4f07-865c-784adae0226d,2026-04-05,msg_00054,U3bae1603803a839c0cb52f511d9cb8f6,Uf3f8e49d6eb069a9fa212785fe332295,image,clicked,2026-04-05 19:09:27,https://example-saas.jp/coupon/500off
922b15ec-f0cf-484e-b485-b786d5d486a5,2026-01-20,msg_00026,Ud4a92c8c8050eed40ef171cc2784d638,92330e7e3394c4cdaf9ed7d4f9095779,imagemap,delivered,2026-01-20 04:40:19,
ed2b8522-a0da-44ea-be9b-d99b8d7f0082,2026-02-20,msg_00048,Ue7310890b01058478be93761a56d0aa0,U05774ea4a98a218b765f9cce6500736c,flex,opened,2026-02-20 05:50:22,
aaefaa5c-852f-43b2-84da-40aa41b91a73,2026-01-26,msg_00063,Ub0341314a5534ea92b26fa8adc30543f,Ub8d275a67542da9a2524ea087b8f2266,imagemap,opened,2026-01-26 03:38:05,
4d76e70a-aa97-4b88-a0e2-76ad337e20e1,2026-02-20,msg_00095,Ub0341314a5534ea92b26fa8adc30543f,Uec617cdef9db58c924845ccf2220e605,text,delivered,2026-02-20 15:09:26,
d11d2781-0d7c-41ff-a0ad-64aa7cdb15fc,2026-04-08,msg_00078,Ud4a92c8c8050eed40ef171cc2784d638,Ubd2688a0af63e0a60b0bd1b4303aab9a,image,delivered,2026-04-08 00:46:52,
4e4db27d-f47e-495e-a9cc-a6cbb508dd75,2025-12-25,msg_00077,U743849e63f8101ac616f8fd0ba84a167,31a90c262572d2332ade02026ab7492f,text,opened,2025-12-25 13:41:04,
c9d4b701-3cd0-4e2b-976b-7930badc2b30,2026-04-08,msg_00041,Ue7310890b01058478be93761a56d0aa0,U8bab6a52a57d5b666b1b953ee623f7d3,text,delivered,2026-04-08 23:52:33,
ca8b69dd-faa4-4f19-86c4-13ef82dd6bef,2026-03-21,msg_00023,U743849e63f8101ac616f8fd0ba84a167,U84d055fa777ede4efc45c677f6b33a08,imagemap,delivered,2026-03-21 18:32:34,
b5129028-4a4f-42ef-886d-990dcb0a2034,2025-12-02,msg_00088,U3bae1603803a839c0cb52f511d9cb8f6,Uabde8dd6e1827e344c1390cbd040e3a4,image,opened,2025-12-02 06:37:41,
7db2a9ed-52fb-4789-8736-58860681f0bf,2026-04-04,msg_00049,U476acbdef8e9a16d24575e4f6d7b0f31,U1de318d70e3af5947f16553656ea6911,text,opened,2026-04-04 06:19:56,
d6388f45-222e-42d1-9766-d5752da052f6,2026-01-26,msg_00063,Ub0341314a5534ea92b26fa8adc30543f,U3610b1db8501ebde54c8c2873e2dec0d,imagemap,opened,2026-01-26 15:33:04,
402c0083-dafc-41ed-81ce-cda18488bcf4,2025-11-25,msg_00043,U3e5dd3a641c58ad50e49f095c6f1e306,U3788cdbf9fb727926469a163b8afd845,flex,clicked,2025-11-26 00:29:49,
8be2737c-b2a7-44bc-84ef-a56fd77acf58,2026-03-30,msg_00076,U743849e63f8101ac616f8fd0ba84a167,U26fd5bf9965acfd28b85ff6a69820250,image,opened,2026-03-30 18:25:50,
b4dd5822-d003-4916-9da6-a0a468be65e9,2025-11-22,msg_00047,Ue7310890b01058478be93761a56d0aa0,49961c74b17f3b3fd97e3ac2b348bd26,video,opened,2025-11-22 06:55:19,
433ebfec-46ae-42d1-b3d5-f0937be9212f,2026-04-05,msg_00054,U3bae1603803a839c0cb52f511d9cb8f6,U0f2f57a2dfc13c71b24007a53939271f,image,delivered,2026-04-05 09:45:02,
ac6f97de-7fae-42e4-977e-afc0b068ac68,2026-01-09,msg_00052,U743849e63f8101ac616f8fd0ba84a167,e2fdfc837ac54fb9b96b47e6bab7f340,video,opened,2026-01-09 14:46:40,
57cfaf84-6da3-4c29-8ea1-1507001ae03c,2026-03-08,msg_00112,U3bae1603803a839c0cb52f511d9cb8f6,Udc2c926c41b6d2f762beb7085a76170a,image,delivered,2026-03-08 13:13:51,
0cab7345-3d22-4c16-a715-15512bae9f07,2026-03-13,msg_00001,U4784fc8a8e1e4eb2435ad84e0ad052f2,U4170301c08b5a187db706d81e9398807,image,opened,2026-03-14 01:22:07,
15f3f86b-7e0c-4974-a58d-6d351664c0b9,2026-02-15,msg_00087,U3bae1603803a839c0cb52f511d9cb8f6,U212ee9dcc7ee9b880defcb3e4f0cfb36,imagemap,opened,2026-02-15 15:45:14,
ccfc69f2-06a0-4ade-9542-a2c6a4e1720e,2026-02-28,msg_00117,U743849e63f8101ac616f8fd0ba84a167,U907f30378df66dfbfc83078fb2fe8a8d,video,delivered,2026-02-28 20:16:48,
12325b8f-650e-4754-b879-319d5bb0e738,2026-04-12,msg_00110,U743849e63f8101ac616f8fd0ba84a167,U56076a6035ed5c12aef8825aae8869c4,flex,delivered,2026-04-12 20:09:32,https://example-saas.jp/campaign/spring
9ff3470c-30c7-4ea4-bd70-d0f9faa44daf,2026-03-18,msg_00080,U22a93bc29b1df104af6b1ba1cd91fc56,1552edba718844e7eb9a21327c31ccc6,flex,clicked,2026-03-18 21:01:05,https://example-saas.jp/survey
efc0e2b1-5731-44ef-8dd9-fb678e52128d,2026-01-26,msg_00086,U4784fc8a8e1e4eb2435ad84e0ad052f2,U4610c926ddedb87638dc5b2c51829681,text,opened,2026-01-26 15:17:05,
bf7d8a0c-8817-4f09-8826-637dd4dd2835,2026-01-17,msg_00037,U7e808d11d6f9901a954a542a7ee09918,U8baed35165a6aa7916f48dbd9eec44d7,text,opened,2026-01-17 06:30:40,
0ec2e716-e151-4811-82c9-95c4f33e355e,2025-12-19,msg_00064,Ub0341314a5534ea92b26fa8adc30543f,U7e1d6811c1bcd4b594a39a0f52b4d84f,image,clicked,2025-12-19 19:32:57,https://example-saas.jp/survey
08123199-9f83-4ee1-b390-4eadb881297c,2026-01-14,msg_00081,Ue7310890b01058478be93761a56d0aa0,Ufa21b9df9d43e6e60b6decff2c551efd,video,delivered,2026-01-14 12:04:51,
416cf354-b68c-4baa-a6c5-7a2a130ed028,2026-03-16,msg_00002,U3bae1603803a839c0cb52f511d9cb8f6,Ub3a0d7a9565d06e0eff85520dda94c3a,text,delivered,2026-03-16 22:33:08,
beb36131-1e25-41ee-896e-41384ed71398,2025-11-19,msg_00019,U743849e63f8101ac616f8fd0ba84a167,U837ab7fa1f3087768d9a3f70cfcaebb3,flex,opened,2025-11-19 17:09:46,
687f6c06-03b6-4ae7-9aa5-693414e1e577,2026-04-04,msg_00049,U476acbdef8e9a16d24575e4f6d7b0f31,Uc3c4eb15ae6ac665f47bfb6c3630734a,text,delivered,2026-04-04 18:57:03,
bb50c78f-9e88-4f93-93ef-b8a4c1936bb1,2026-01-17,msg_00037,U7e808d11d6f9901a954a542a7ee09918,Ub9269706ae5d9f064b41b7c42f7295d0,text,delivered,2026-01-17 06:34:10,
018d7ecb-f4c4-4ab2-9031-d11c0ff059aa,2025-11-23,msg_00053,U743849e63f8101ac616f8fd0ba84a167,f435d0294e7e8dbc5a33cfa8b75736f7,video,opened,2025-11-23 01:36:42,
e19510cb-49c0-4a0a-9eed-80561c5097ff,2026-04-05,msg_00007,Ub0341314a5534ea92b26fa8adc30543f,U8186824e85de11f22c18b06b9e482500,image,delivered,2026-04-05 13:32:45,https://example-saas.jp/coupon/500off
26493650-87b7-4936-834b-c3b93ed8dd96,2026-01-20,msg_00026,Ud4a92c8c8050eed40ef171cc2784d638,U0c640244524a94faffc6b1b9bcf7558c,imagemap,delivered,2026-01-20 04:53:52,
fc201f6c-a287-4662-bed9-f20545f16e5c,2025-12-21,msg_00022,U3bae1603803a839c0cb52f511d9cb8f6,U0be6b7b68d04b2de3bb3e4c57b3425e9,video,delivered,2025-12-21 06:04:34,
1cc382d0-f629-4b7d-b298-8486adb945fa,2026-01-14,msg_00081,Ue7310890b01058478be93761a56d0aa0,U3633f4680eb5eb9a2aa6af8daed49278,video,delivered,2026-01-14 20:49:52,
ac746a73-34fa-4875-8b5d-d5ba5d95abce,2026-02-28,msg_00117,U743849e63f8101ac616f8fd0ba84a167,Ue445466328a63dfa5a15fa9d6b649646,video,opened,2026-02-28 23:18:06,
c2267166-a7c9-44fb-bb90-1758a7d17968,2026-03-29,msg_00097,Ub0341314a5534ea92b26fa8adc30543f,U10040a3bdc11d151672807368a9e665d,text,opened,2026-03-29 07:43:05,
71d6dc85-63ba-4ca5-af07-2445c2d95517,2025-12-31,msg_00082,U227d1cd1a801c367de206ec4bbca7330,Uc7095d3ad09b6eff0c809e2f3dd3cc2b,imagemap,opened,2025-12-31 18:51:30,
74fe779f-4280-48b0-ae9a-1f579f274a20,2026-03-21,msg_00023,U743849e63f8101ac616f8fd0ba84a167,U51926f05540ffa4fe9cf40160e756ce3,imagemap,delivered,2026-03-21 21:36:00,
8466fa7b-52fd-4015-b8c4-9c5200c0533b,2026-04-12,msg_00105,Ud4a92c8c8050eed40ef171cc2784d638,Uc76843e76e6f761ad69a1b03f03b6b5c,flex,opened,2026-04-12 04:33:14,
455ec91d-939d-4137-8814-4fd25eb46eb9,2025-11-24,msg_00033,U3bae1603803a839c0cb52f511d9cb8f6,U895af900961fb388308f56e1a3c680d3,text,delivered,2025-11-24 13:44:02,
52ac8c71-e088-4b09-8cf6-c11eb0e0a16c,2026-02-20,msg_00017,U22a93bc29b1df104af6b1ba1cd91fc56,U4d50afc2474769f61833f1d659a2dcf3,video,delivered,2026-02-20 01:25:58,
21a3cd09-a4fa-45c0-98ab-5053d5fdd553,2025-11-24,msg_00033,U3bae1603803a839c0cb52f511d9cb8f6,Uc48341168793e44b7bb552f0aedb7ee9,text,delivered,2025-11-24 21:46:45,
b1a94eee-bef2-48c2-8b85-f76bfeef9404,2026-03-26,msg_00040,U3bae1603803a839c0cb52f511d9cb8f6,U9c4c2e1fe3f2b3ab7ac1e5340edc8550,imagemap,delivered,2026-03-26 12:32:52,
1e2c298f-81d6-4cd5-99b2-5271f9003012,2026-04-08,msg_00041,Ue7310890b01058478be93761a56d0aa0,U89559a410e4ebba5e7b68138dab3e008,text,delivered,2026-04-08 01:41:57,
ae1edd11-bd49-402f-a04a-395f232c88b2,2026-01-26,msg_00005,Ub0341314a5534ea92b26fa8adc30543f,U5975dbfdedcb1a45a9e29f09f4aa86f7,image,delivered,2026-01-25 04:18:06,
9f78bade-7b7d-4609-948e-df29cae123b1,2026-04-12,msg_00120,U227d1cd1a801c367de206ec4bbca7330,U12bf5fc81ede754a651961b40d920e46,text,delivered,2026-04-12 00:06:10,
62fa645e-1a2e-4647-b322-b395ad79e746,2025-11-23,msg_00024,Ue8d9224ecde331ce692edfce0b5ecdc4,Ud772d7063dfffe5c112818f63df78553,text,delivered,2025-11-23 12:19:09,
41086e01-c9fc-4eef-9d90-7f35348db9a1,2026-02-10,msg_00058,Ue9a1e8a5b83a6b296d43c957a8cfba4a,U759e3d587dd20cb36380f85800365f00,video,clicked,2026-02-10 00:12:52,https://example-saas.jp/campaign/spring
9621042f-2de5-4c81-bbf4-a9d32533959e,2025-12-17,msg_00032,U3bae1603803a839c0cb52f511d9cb8f6,U229729d87fdc98d846e2d36c9f1a9d83,video,opened,2025-12-17 17:26:50,
2e0a7738-32ab-4261-9c2f-f331d046d35a,2026-02-20,msg_00048,Ue7310890b01058478be93761a56d0aa0,Uba718c39b7dcbdf5fb06111269292d7a,flex,delivered,2026-02-20 22:25:46,
d382a963-9c9e-4aba-a04d-1a7bf6c9c027,2026-03-03,msg_00093,U743849e63f8101ac616f8fd0ba84a167,U18d85824451565f4a1f6e1ddc715f012,imagemap,delivered,2026-03-03 06:51:51,
165fd0c6-327c-4f02-8f85-aa6978f56e2a,2026-02-21,msg_00044,Ub0341314a5534ea92b26fa8adc30543f,Uf0d213fbf08e2edfd246d659d4a33ada,text,CLICK,2026-02-21 22:56:47,
1166193b-5bfd-4e7e-a372-f8eb38f43e4f,2026-02-20,msg_00017,U22a93bc29b1df104af6b1ba1cd91fc56,U9f5ad7a3c0f8a4d5f44086f8810f4ab2,video,opened,2026-02-20 15:51:01,
9bba81d9-270a-4a88-92a6-f68ddd2a806b,2026-03-14,msg_00009,U743849e63f8101ac616f8fd0ba84a167,U4cc4d150ad8f403cadc36201f4008579,imagemap,opened,2026-03-14 01:47:15,
71f5fc9b-217b-4cb4-b164-5a531a4c8e75,2026-03-31,msg_00046,U4784fc8a8e1e4eb2435ad84e0ad052f2,Ud06b4df0634796185ea325d60d1a4b13,flex,opened,2026-03-31 20:14:03,
583c3671-8d6c-4393-abc2-92435367f383,2026-03-20,msg_00092,U743849e63f8101ac616f8fd0ba84a167,U0be80d55c39802b8870320d1cc83aa15,video,opened,2026-03-20 04:23:11,
39d2d3d3-da2a-4665-9da3-c5bedb5df705,2026-01-20,msg_00108,Ub0341314a5534ea92b26fa8adc30543f,U504073399f37b0270591c156fd01ec40,flex,opened,2026-01-20 06:19:43,
876d6f70-78b6-4a68-9321-e14bb785d226,2025-12-07,msg_00003,U227d1cd1a801c367de206ec4bbca7330,U04ec8368e5d152eb4a83d44e9e8d2b47,image,delivered,2025-12-07 01:01:12,
9f4d8c84-fd66-44b3-908a-c45abed79d2d,2026-04-12,msg_00105,Ud4a92c8c8050eed40ef171cc2784d638,U1c74200917e25fc97b77320e81e43df1,flex,opened,2026-04-12 06:44:11,
3f26aec7-7f1a-415a-b523-688f61e131a0,2026-01-10,msg_00044,U30ad60bba5da9837ca5dd0230ca8f531,Ubc4703190dd014e19c560d9c1dee32ef,video,delivered,2026-01-10 11:46:20,
f462051c-fe07-478f-9e62-494a2ca14298,2025-11-21,msg_00010,Ue7310890b01058478be93761a56d0aa0,Uc347a6900dcf23161db6787a0c8c6a1c,imagemap,delivered,2025-11-21 11:52:09,
bd5f1015-98e1-4308-9a45-5603f4d5374f,2025-11-23,msg_00053,U743849e63f8101ac616f8fd0ba84a167,c94a3ab10d6c45b513403366706d3e5f,video,opened,2025-11-23 11:58:58,
13e0b75f-c93a-41d2-8153-74e4f5a79def,2026-02-14,msg_00098,U743849e63f8101ac616f8fd0ba84a167,U8a348f53c08c05a2ce2b387aed3b6670,imagemap,delivered,2026-02-14 16:24:24,
5bb92054-7820-4df3-a74c-6c7a00da6289,2026-04-06,msg_00074,U3bae1603803a839c0cb52f511d9cb8f6,U34004d14f16a0a6235e650be08643995,text,opened,2026-04-06 09:50:09,
c618c06c-86f0-4f45-979c-2864a98f33d0,2026-03-03,msg_00093,U743849e63f8101ac616f8fd0ba84a167,U90215b035bd5196a47bebba98eefe050,imagemap,delivered,2026-03-03 13:55:49,
22f31939-8eb8-4048-bde2-f5cd4a2f875d,2026-03-20,msg_00106,U3bae1603803a839c0cb52f511d9cb8f6,U4a1e97a41e8d9434e0fcca57919fc7f2,video,delivered,2026-03-20 21:37:33,
9e7f7735-7e3d-4532-9dd3-e25705a57349,2026-03-23,msg_00071,U3bae1603803a839c0cb52f511d9cb8f6,U97b94b5823ba7b9678b35a5619100d00,imagemap,delivered,2026-03-23 06:50:24,
163ca373-3cfa-4e57-9c7c-def80a146211,2025-12-19,msg_00064,Ub0341314a5534ea92b26fa8adc30543f,Ub52bc24ce9bb31695fd97282f8ec0ae6,image,delivered,2025-12-19 16:14:00,
144df9a4-47c4-401f-93b4-5c99bbf505c4,2026-02-16,msg_00021,U743849e63f8101ac616f8fd0ba84a167,U21bc9fd782ea59b5347aa97b805b59d4,flex,opened,2026-02-16 01:55:55,
1b537fc4-bc35-4ca2-8615-51db2094ea25,2025-12-09,msg_00059,U3bae1603803a839c0cb52f511d9cb8f6,d37d4864411caa646f5dffbde18b1997,imagemap,delivered,2025-12-09 20:48:14,
041725d1-ae3b-45e6-b86d-5de462db24da,2025-12-19,msg_00064,Ub0341314a5534ea92b26fa8adc30543f,Udc0fd65c81d672843d9fcfbc52313510,image,delivered,2025-12-19 15:21:28,
596e6e34-cba0-41ac-95a8-860fdbdddc6d,2025-12-18,msg_00070,Ue9a1e8a5b83a6b296d43c957a8cfba4a,Ubd85ee3df48075e8bea5b5259a18e3f7,imagemap,clicked,2025-12-18 06:36:14,
5028a7ac-f0e3-4a73-b8d4-6d0952d8af3f,2026-03-21,msg_00023,U743849e63f8101ac616f8fd0ba84a167,U26f8a3e81eb0da0dd8d3bc3caa6c310a,imagemap,delivered,2026-03-21 17:26:32,
ef7aa9a8-7780-444b-a842-40bc6c91f9f0,2025-12-09,msg_00059,U3bae1603803a839c0cb52f511d9cb8f6,Ue1962e52b4faac0a8a2bf92398382eb1,imagemap,delivered,2025-12-09 08:47:53,
344d9814-a1c2-48a2-8028-4a8a2b67c336,2025-12-18,msg_00070,Ue9a1e8a5b83a6b296d43c957a8cfba4a,U2057af9fb0aff3650157f81ad0610102,imagemap,opened,2025-12-18 19:05:37,
6f8ecd99-0b60-4721-80af-57866b1f3cfe,2026-03-12,msg_00084,U68d2301028fb66b51d9111f1af067e34,U655b3592ec1ce43aa70602d98a0d9dea,video,opened,2026-03-12 15:11:08,
39dae25a-9a5b-4754-a44d-fd28a312663c,2025-12-23,msg_00109,Ue7310890b01058478be93761a56d0aa0,U32379a61fd8b98ea73e5c203fd63a180,text,delivered,2025-12-23 00:54:04,
6fd04bc8-16de-443f-8e1f-1655768c0fd4,2026-04-04,msg_00049,U476acbdef8e9a16d24575e4f6d7b0f31,U7910b0b4a221beb14e660ecbf997e48a,text,delivered,2026-04-04 20:30:40,
70cd4d04-bc02-40af-8f1a-dca68c1655e7,2026-02-14,msg_00098,U743849e63f8101ac616f8fd0ba84a167,Uc1774ce2ab58d3c93843c97b26f86404,imagemap,delivered,2026-02-14 02:38:19,
78fe11ac-91d1-42b5-a878-e24671a45885,2026-03-23,msg_00073,Ud4a92c8c8050eed40ef171cc2784d638,11bc14fa21334790f2ca017fe1b04c99,imagemap,delivered,2026-03-23 20:12:07,
fc37ef70-0cde-49ed-ba2c-978dd61ca07e,2026-01-18,msg_00102,U227d1cd1a801c367de206ec4bbca7330,U68e139e5d3992138c94fe424d1e2e22b,video,delivered,2026-01-18 17:09:03,
6f0ad730-8223-476d-89e0-ba49759f55b9,2026-03-30,msg_00076,U743849e63f8101ac616f8fd0ba84a167,U764c17d5414471d77857138e6feddc04,image,delivered,2026-03-30 06:34:42,
074b01ac-7c7f-49ae-bde5-ef391c18c2a4,2026-03-03,msg_00093,U743849e63f8101ac616f8fd0ba84a167,f080aa9e4cc0b2af2938c5e1b6fb877c,imagemap,opened,2026-03-03 20:34:19,
2923b58c-b952-43db-b372-fffd38473e59,2026-04-10,msg_00101,U743849e63f8101ac616f8fd0ba84a167,U2895bbd7ac82bc5e50bc7f919ea6a1b2,imagemap,opened,2026-04-10 22:57:31,
6d596e22-507a-461a-a89d-4b48f7a74633,2026-01-13,msg_00060,U3bae1603803a839c0cb52f511d9cb8f6,U39ef4b1630a1f19b54592950ba21e297,image,delivered,2026-01-13 23:36:16,
23875efc-4ce9-446e-b808-d780a6ce864f,2026-02-07,msg_00090,U4784fc8a8e1e4eb2435ad84e0ad052f2,U3b6524e4616ca39f3178eaea9d64c99c,imagemap,delivered,2026-02-07 16:26:46,
13918bb2-1ce4-46de-9705-c2683ec0cfce,2025-12-12,msg_00029,U743849e63f8101ac616f8fd0ba84a167,U0d4af1a227c30ecb2e4253a142471708,imagemap,delivered,2025-12-12 23:46:58,
cd7d1217-fd5b-4787-b125-f5abb2b4685b,2026-04-06,msg_00074,U3bae1603803a839c0cb52f511d9cb8f6,U5cdbb34d687fb9de4d5ad403d352c46e,text,delivered,2026-04-06 03:38:23,
6ab5681d-1b63-4fad-9dd5-4f2ade21c37b,2025-12-18,msg_00114,Ub0341314a5534ea92b26fa8adc30543f,Uc43764fc25072f2670113f7d1703cd9c,flex,delivered,2025-12-18 01:37:20,
1d110519-0477-4e9a-b85c-59e0a0df08d7,2026-03-06,msg_00068,Ub0341314a5534ea92b26fa8adc30543f,U38d20959a72810d9f2810f9449a29b96,video,delivered,2026-03-06 16:43:01,
0695ce4b-3ac4-46a9-b6c3-dd1e7779d851,2026-02-15,msg_00087,U3bae1603803a839c0cb52f511d9cb8f6,9fdbf07bf99761794206fbb02a9a5d58,imagemap,delivered,2026-02-15 10:13:17,
6b7652c9-7c0b-417d-bec9-08fccef98696,2026-02-25,msg_00008,Ub0341314a5534ea92b26fa8adc30543f,U695c7be3dc0e303fa47a96682a718602,image,delivered,2026-02-25 22:52:18,
37b909dd-a248-48f5-a1ef-3d49bf245e7e,2026-03-11,msg_00067,U7e808d11d6f9901a954a542a7ee09918,U176c8be1e304d223cf1fa8a5acef9121,video,opened,2026-03-11 19:05:54,
19e5935d-5f30-4d87-acc2-b4a81d1059c3,2025-12-05,msg_00031,U743849e63f8101ac616f8fd0ba84a167,U72ec3ccc5584e534844e3049cd1c1b4c,flex,,2025-12-05 22:39:57,
d0eb5509-7ce7-400a-acf5-e42145d29b49,2026-01-09,msg_00052,U743849e63f8101ac616f8fd0ba84a167,U0be159deed8e87a1dbec56c675ea0546,video,opened,2026-01-09 10:12:57,
3cb6fd7c-e7a5-4822-81d2-e259ce392dc5,2025-11-25,msg_00043,U3e5dd3a641c58ad50e49f095c6f1e306,Ua7520ed756b1640aeb9e5f62cdb2f2ba,flex,delivered,2025-11-25 20:46:35,
ce936fbe-3516-403c-989a-894446dacf15,2026-01-10,msg_00044,U30ad60bba5da9837ca5dd0230ca8f531,U060fe95320d183d1a19ec1660e95f4e6,video,delivered,2026-01-10 00:59:31,
9d2ae233-c925-4000-887c-19351249a992,2026-03-21,msg_00023,U743849e63f8101ac616f8fd0ba84a167,U9e8859b83ce02963c29d03f29adfa39a,imagemap,opened,2026-03-21 06:34:57,
97814dd3-2f6e-45ee-b57b-daa3a564e2f2,2026-03-20,msg_00092,U743849e63f8101ac616f8fd0ba84a167,d75d1b684e0335acb19351b3cb6ec384,video,delivered,2026-03-20 07:34:04,
191a8e15-4896-4173-8412-2287ea1a409b,2025-11-24,msg_00033,U3bae1603803a839c0cb52f511d9cb8f6,U01b7b0d8377443dc38145f50f0a38732,text,delivered,2025-11-24 11:37:42,
291534c1-5447-4266-b6a7-e17a58089535,2026-03-31,msg_00046,U4784fc8a8e1e4eb2435ad84e0ad052f2,Uc24a414a5206e716da4a48a923356680,flex,delivered,2026-03-31 02:52:29,
b3a845a2-6ea8-4f1b-a516-7f4f46703f33,2026-03-22,msg_00119,U3bae1603803a839c0cb52f511d9cb8f6,U057355b3ee1b66a272fccaa658290015,imagemap,opened,2026-03-22 15:31:42,
82ea3c89-0255-4301-bccc-7c4b955b9850,2026-02-09,msg_00083,U3bae1603803a839c0cb52f511d9cb8f6,8ab033eb22b77ea88c5ebd77cd195c38,flex,delivered,2026-02-09 01:38:20,
7f2c48a0-07f6-4174-ac47-c4ef2cb08a4b,2026-04-08,msg_00041,Ue7310890b01058478be93761a56d0aa0,U16a0ffd947933cf4d8362111d69e8b4c,text,delivered,2026-04-08 11:52:45,
d07547fd-430a-42df-9cfb-9411d48aa9ec,2026-03-11,msg_00067,U7e808d11d6f9901a954a542a7ee09918,U8329c279257f4751ed55125072cf2ef6,video,delivered,2026-03-11 02:34:49,
726fe680-f184-4243-b8e0-513d839053a8,2025-11-21,msg_00010,Ue7310890b01058478be93761a56d0aa0,U9f49a67e1e36a25f266cc99b45cf285d,imagemap,clicked,2025-11-21 18:53:35,https://example-saas.jp/lp/newmenu
f3a4d056-7ab1-4fc5-91a9-ddcf50279a85,2026-03-30,msg_00076,U743849e63f8101ac616f8fd0ba84a167,U87ec7278e35225b3bcc05d770a4d5dde,image,opened,2026-03-30 05:13:27,
9ecee7cc-dc1d-4c27-90da-4b56106b7ad5,2026-04-12,msg_00105,Ud4a92c8c8050eed40ef171cc2784d638,U9edee06512138a868605ae22f0b99788,flex,delivered,2026-04-12 17:11:09,
fb2e31ab-f13b-4fbb-be90-f6acee01ad37,2026-02-24,msg_00039,U743849e63f8101ac616f8fd0ba84a167,U5e39da1814fcd3027024b2d48d25d60e,flex,opened,2026-02-24 19:23:57,
9a1bb4c6-1049-4876-a83d-1de0ba2b95ae,2025-12-09,msg_00094,U227d1cd1a801c367de206ec4bbca7330,Ud67b1043a09c354e29935adcebd7e1e2,flex,clicked,2025-12-09 03:03:21,https://example-saas.jp/campaign/spring
d98bb3f0-5997-4eea-9766-be31cbda8b93,2025-12-09,msg_00069,Uc20f9c7e9b662bedec3cb78e127885c7,U84a00939299a21d0c51942479e5902d1,imagemap,delivered,2025-12-09 11:55:01,
ec22fcbc-8153-418e-b44b-6bbf8118883d,2025-12-24,msg_00062,Ub0341314a5534ea92b26fa8adc30543f,U8250893dcb649c7f345b91776834c976,video,opened,2025-12-24 18:26:55,
7e4c9610-21f6-4018-b0b9-aafd483c5f75,2025-11-22,msg_00047,Ue7310890b01058478be93761a56d0aa0,U676cf825c2f6aad77fb3f8e8aa01c966,video,delivered,2025-11-22 06:31:14,
26470f00-d821-4e33-b0c0-4ed4541c0e38,2025-12-08,msg_00015,Ub0341314a5534ea92b26fa8adc30543f,U5fba04008c5707deb1a868457c2a19a8,text,delivered,2025-12-08 18:14:31,
9cc14e60-16d2-41dd-a5f3-27ed51bcf1b0,2026-01-29,msg_00031,U3bae1603803a839c0cb52f511d9cb8f6,U7e2a145ee36711064b83c48c8ef27fa0,video,delivered,2026-01-29 03:54:07,
6cad123c-4477-44cd-84b2-7f6a6528350d,2026-03-06,msg_00055,U3bae1603803a839c0cb52f511d9cb8f6,U1c8558ac8a96df7a4d5a6fc8526ff963,flex,opened,2026-03-06 06:50:31,
4963c24b-8e23-4ad5-b4bd-e993f9aedb6f,2026-03-23,msg_00073,Ud4a92c8c8050eed40ef171cc2784d638,U5887b95f3186eaa9e3bfe779b706337c,imagemap,delivered,2026-03-23 22:45:43,
b38db8fc-b1f4-41bd-a856-60b929737cb0,2026-01-13,msg_00060,U3bae1603803a839c0cb52f511d9cb8f6,U29d2aa59550eae79e780ce1390d66a56,image,opened,2026-01-13 02:04:43,
a151b66d-d1c7-4715-b135-94119d04eb92,2025-11-23,msg_00053,U743849e63f8101ac616f8fd0ba84a167,U324564096e51e72d1f7e3019d3a3f5d6,video,opened,2025-11-23 02:11:38,
09edca6b-e710-43ac-9087-ec1374003c66,2026-03-31,msg_00046,U4784fc8a8e1e4eb2435ad84e0ad052f2,98c29f888a45deb61091253fcb3b8470,flex,opened,2026-03-31 10:29:20,
2632061d-5582-477c-a36a-0a1ff144b086,2025-12-15,msg_00030,U3bae1603803a839c0cb52f511d9cb8f6,U700e300ed52b8dd3899ec08cefa74f83,video,delivered,2025-12-15 13:39:38,
909a18c3-9c24-4559-b207-6f164d940e4d,2025-12-30,msg_00030,U743849e63f8101ac616f8fd0ba84a167,Ub6fc89e4d5ca0671307243b4e9143008,imagemap,,2025-12-30 17:17:53,https://example-saas.jp/lp/newmenu
7ac4547b-3480-4bae-8673-76b8dac10de4,2026-03-12,msg_00084,U68d2301028fb66b51d9111f1af067e34,9d9d91c674e76be57e7cf678e88d389e,video,opened,2026-03-13 00:17:59,
0c2fd76d-ecb5-4243-9b1b-2195b2216c45,2026-02-07,msg_00090,U4784fc8a8e1e4eb2435ad84e0ad052f2,Ufd8fb53a3f152e54b5efa524a0f58c6f,imagemap,delivered,2026-02-07 16:55:05,
c64c2202-7eb6-4ca4-a03c-e1a4e18e47fa,2026-01-14,msg_00081,Ue7310890b01058478be93761a56d0aa0,U59d90726b4e64d1a3b6db8add5e0c1b7,video,delivered,2026-01-14 22:38:27,
3fd5061e-b517-4551-a909-67c85f0f03c6,2026-01-17,msg_00037,U7e808d11d6f9901a954a542a7ee09918,Uab77e3a622b4d0fc88525db26450bf02,text,delivered,2026-01-17 10:11:21,
5b2cf7cf-b50a-4952-8dd8-21327170ce74,2025-11-23,msg_00053,U743849e63f8101ac616f8fd0ba84a167,U70ca06c25a8f5d0e2d18a9b2f2da7962,video,clicked,2025-11-23 04:00:44,https://example-saas.jp/coupon/500off
92148646-35ba-4b82-8c17-c0ca35924c92,2025-12-09,msg_00059,U3bae1603803a839c0cb52f511d9cb8f6,Ue3b59425c5ff058e2a6ffadc37aee8ff,imagemap,delivered,2025-12-09 06:27:44,
eaae0ffd-331e-4837-b60d-71095a0c1dd8,2026-03-14,msg_00009,U743849e63f8101ac616f8fd0ba84a167,U6e8496cab82c3fb7f8d4307199e3a9bf,imagemap,delivered,2026-03-14 19:24:23,
ae863181-af42-45e8-b7ee-45f31edd88b1,2026-03-22,msg_00119,U3bae1603803a839c0cb52f511d9cb8f6,U1e56e02d634561ccc3cf9a5f0f7240a7,imagemap,delivered,2026-03-22 09:08:44,
41da89de-379f-4e9b-af69-9a9cf9812a07,2026-01-11,msg_00070,Ub0341314a5534ea92b26fa8adc30543f,Uf2497feb542df7a72b4016b2d3ee9030,text,delivered,2026-01-11 17:08:56,https://example-saas.jp/coupon/500off
7a755f1c-9523-4741-aad3-4715d6d48afe,2026-03-27,msg_00096,U476acbdef8e9a16d24575e4f6d7b0f31,Ua220c91ce6ab7dfec92b6f471df5d621,imagemap,delivered,2026-03-27 17:53:49,
1c9548db-4ac3-4b33-a2a3-86ef00f1e883,2026-02-28,msg_00117,U743849e63f8101ac616f8fd0ba84a167,f3ce24a688f03286fb3a20a538ba2bda,video,delivered,2026-02-28 19:20:51,
c4676e89-f11f-4060-b126-b4fbbbf08330,2026-01-24,msg_00007,Ub0341314a5534ea92b26fa8adc30543f,Udc12e91e30bc8d781814f20521949a0a,imagemap,delivered,2026-01-24 06:19:24,
1bc838f6-398a-432e-8957-ad76e92d9b3d,2026-01-09,msg_00052,U743849e63f8101ac616f8fd0ba84a167,Ud8f147efdca0e09ab383c00db111742a,video,delivered,2026-01-09 01:06:03,
2489d342-7623-4404-9c97-390bac2bff51,2026-01-14,msg_00081,Ue7310890b01058478be93761a56d0aa0,U7d6fd089ed163e932842760906412e44,video,delivered,2026-01-14 11:38:37,
ee4fd00c-d649-4f63-b627-2e3a1fe6db41,2026-02-20,msg_00095,Ub0341314a5534ea92b26fa8adc30543f,Ue73bcf2267c9f30494b0cccb5885f9cf,text,delivered,2026-02-20 16:59:42,
17854dcc-46c5-481c-a05a-a273e6e317b3,2025-11-30,msg_00025,Ub0341314a5534ea92b26fa8adc30543f,U89898759576930d30fcdd4d082fffccc,imagemap,opened,2025-11-30 07:18:27,
ffdd3953-a0d3-4b88-8ccd-91b48bfce4c1,2026-04-01,msg_00072,U4784fc8a8e1e4eb2435ad84e0ad052f2,U4e8a42f504debda69f2f31809812b5b8,image,delivered,2026-04-01 00:31:34,
87898351-9fee-4077-8a01-589f81e055c2,2026-04-10,msg_00101,U743849e63f8101ac616f8fd0ba84a167,Ub72ef04148f1552186a6429add846340,imagemap,delivered,2026-04-10 09:55:43,
6dbfb0ba-b38c-4d2d-a410-56f14c05b734,2026-01-26,msg_00063,Ub0341314a5534ea92b26fa8adc30543f,U04c05e367e6d249172cc0e4bc18bbcf5,imagemap,delivered,2026-01-26 07:40:36,
9985117c-e278-4065-93ea-ac4bba8b6b75,2025-12-22,msg_00038,Ub0341314a5534ea92b26fa8adc30543f,U7e7b8ecafeb9ee1da83ce0f17b933d98,image,opened,2025-12-22 13:26:12,
5bc3067f-5e6b-4f0e-888b-315d4f6dc6f3,2026-03-03,msg_00093,U743849e63f8101ac616f8fd0ba84a167,Uf081ecce3fac63e90f05349d4cd0af31,imagemap,opened,2026-03-04 01:02:04,
38a8ac09-d144-4bfe-8217-c9111c25fc94,2025-11-26,msg_00028,U3bae1603803a839c0cb52f511d9cb8f6,Uedf0d497c35b506703595b193493ff24,image,delivered,2025-11-26 23:37:42,
6af10b9e-01df-4c0b-9536-67ce8b2de6dd,2025-11-17,msg_00034,U743849e63f8101ac616f8fd0ba84a167,Uae1690f7fae8e91ea25796a432ff4f02,text,failed,2025-11-17 01:12:22,
3cb75206-cc90-471f-8065-65ef376eca42,2025-11-16,msg_00011,U837b70463a585f85743b5bfb3b49c9fd,U49006f2ed86eda747cd44109ecb86d87,flex,opened,2025-11-17 00:00:30,
79a56d76-00aa-427c-b684-1554d6a20932,2025-12-14,msg_00085,U743849e63f8101ac616f8fd0ba84a167,U8b0b40446403d06b4df779edf0384f67,image,delivered,2025-12-14 03:40:36,
5755d998-ed5f-4c24-876b-3c11c6bf6eac,2025-12-12,msg_00029,U743849e63f8101ac616f8fd0ba84a167,U9d16b71e2fd999cbfd7a786ecf8ad740,imagemap,opened,2025-12-13 00:27:10,
e237e758-3964-4a30-8179-7300efd22220,2025-11-27,msg_00018,U3e5dd3a641c58ad50e49f095c6f1e306,U2e190eaed7849e34ca08313af6766aca,imagemap,opened,2025-11-27 03:50:00,
14fd5987-044f-4cef-8857-5a38e5b7a350,2025-11-23,msg_00053,U743849e63f8101ac616f8fd0ba84a167,U78ceae2d4bab4d1ed5a819cb41b0aa8f,video,delivered,2025-11-23 08:52:08,
6663dde9-84e2-4567-af02-3bfecc701ef7,2025-12-24,msg_00062,Ub0341314a5534ea92b26fa8adc30543f,8c2583a270dcf692a43d63d8a75aa67c,video,opened,2025-12-24 01:08:07,
e0149815-f582-4d1d-bc5b-3c41a98b025b,2026-03-31,msg_00046,U4784fc8a8e1e4eb2435ad84e0ad052f2,88f25d20ec7db71dc9ba88a0dbd7080e,flex,delivered,2026-03-31 06:47:54,
d7ffdbf3-5403-4a0b-8308-da126dd97194,2025-12-19,msg_00118,U4784fc8a8e1e4eb2435ad84e0ad052f2,U3ae34b01f84989fbff7713c529309fc1,image,delivered,2025-12-19 03:38:03,
bc06f237-54ad-4185-a9ab-a163116938df,2026-03-26,msg_00020,U4784fc8a8e1e4eb2435ad84e0ad052f2,U95292b21515eef31d7051adf3c40405c,text,delivered,2026-03-26 04:20:20,https://example-saas.jp/survey
b56f23f4-77b2-4fda-aa67-6332d2c0ba93,2025-12-03,msg_00012,U743849e63f8101ac616f8fd0ba84a167,U040241f8174e1370a534c059cc3a14c0,imagemap,delivered,2025-12-03 09:04:49,
a4fef722-2a31-48a4-af19-4e932ebdfbf8,2026-01-26,msg_00103,U3bae1603803a839c0cb52f511d9cb8f6,559a1032d6d1c5798200a73966bfcb55,flex,delivered,2026-01-26 19:10:04,
a8d79c68-6157-4e43-b770-2d7f2c1ecfec,2026-02-28,msg_00117,U743849e63f8101ac616f8fd0ba84a167,U5e04528cdd36452f3c84704cc3e7568c,video,delivered,2026-02-28 19:26:05,
88de9bde-c744-4d56-b981-2eb4a7ebc683,2025-12-19,msg_00118,U4784fc8a8e1e4eb2435ad84e0ad052f2,U83ca86c990d2f4493327543acfe556c3,image,delivered,2025-12-19 14:35:27,
e35e7d7a-299c-407b-950a-277fe6587bc1,2026-02-14,msg_00065,U743849e63f8101ac616f8fd0ba84a167,U18aed61c82ba31c9c1baaba3949ea50f,image,delivered,2026-02-14 10:07:59,
7cd38911-f078-4494-8e5d-c082799a0f43,2026-03-26,msg_00040,U3bae1603803a839c0cb52f511d9cb8f6,U6296819963f30f8dd261f4492ca47786,imagemap,opened,2026-03-26 15:02:53,
7aec4cf4-5de3-40b4-9f73-42e166a8c915,2026-02-14,msg_00042,U3bae1603803a839c0cb52f511d9cb8f6,U8d0466091718e88d2571281cb78d4a2b,video,delivered,2026-02-14 12:36:29,
3f72c8d3-52ba-4f8c-a3f2-9f331dbcae01,2026-02-20,msg_00036,U879eb903ad90cd9c2874f6df7651267a,U7607d92f9a9458141b56982f6110134b,video,opened,2026-02-20 13:50:54,
98bfb9ff-616f-4f95-94d4-eaa6ff497e4d,2026-02-20,msg_00017,U22a93bc29b1df104af6b1ba1cd91fc56,Ue00a8a883602669e381360c6ca813b0c,video,opened,2026-02-20 15:47:30,
b1de0050-3829-477f-9b7e-2209cd93ce3f,2025-12-24,msg_00091,U3bae1603803a839c0cb52f511d9cb8f6,Ua1afc507872d5d70963414ab845c7a52,imagemap,opened,2025-12-24 03:34:14,
a868af9c-1ee1-4cda-bf6f-361f0c1e782e,2025-12-22,msg_00038,Ub0341314a5534ea92b26fa8adc30543f,U4b21f99692160e4b84e15ce438b27000,image,opened,2025-12-22 08:06:07,
53b3adcd-539f-4560-ab2c-fd0f63c4a870,2025-11-16,msg_00020,U3bae1603803a839c0cb52f511d9cb8f6,U369dde7db51bcb0fd3cf45a16a92c42e,text,delivered,2025-11-16 20:50:35,
3c0f2d2d-ea88-495f-b53e-dd25961cffd8,2026-01-24,msg_00007,Ub0341314a5534ea92b26fa8adc30543f,Uf2305577f8e6f403ca3795b2088b172b,imagemap,opened,2026-01-24 06:34:43,
aed6a4e1-e638-4fe6-9585-56f54c15d4d8,2026-02-05,msg_00107,U3bae1603803a839c0cb52f511d9cb8f6,8e8461e99db28943ebf2f45c2b797e98,text,opened,2026-02-05 09:19:57,
edd3d0e3-0737-4050-9c18-a0c1f8324f86,2026-03-23,msg_00071,U3bae1603803a839c0cb52f511d9cb8f6,U4c3b69d5d4ccd5cc9aafa851c888a08d,imagemap,delivered,2026-03-23 20:51:42,
3df5c041-6b70-4a37-8973-b07d4154fcd9,2026-02-15,msg_00087,U3bae1603803a839c0cb52f511d9cb8f6,U2913f7cbd818811bc901f127dce97d26,imagemap,delivered,2026-02-14 11:14:39,
fde75dc0-7744-4b2f-b66b-3304a8b1b875,2026-03-26,msg_00040,U3bae1603803a839c0cb52f511d9cb8f6,U7eddf84e46b44fc8cc19ab9811f44d49,imagemap,delivered,2026-03-26 02:52:16,
f9e28d35-913e-4816-8e1d-0b0a6cd98b91,2025-12-21,msg_00022,U3bae1603803a839c0cb52f511d9cb8f6,U3615bb516a40d83063e67a802602e377,video,delivered,2025-12-21 06:01:28,
4f627e4c-db88-414c-9b42-ef64279555e9,2025-11-23,msg_00053,U743849e63f8101ac616f8fd0ba84a167,U407ae8aa7bd5f663fe426ab5259b5662,video,clicked,2025-11-23 17:18:45,https://example-saas.jp/campaign/spring
591ce2cd-65cd-4398-849a-9a1303570169,2026-01-24,msg_00113,Ub0341314a5534ea92b26fa8adc30543f,Ubf8959bf02e7479d76c696aaf29b130d,text,delivered,2026-01-24 05:43:53,
d823500e-d197-47b1-bc79-82b26a316d25,2025-11-22,msg_00047,Ue7310890b01058478be93761a56d0aa0,Uaa4d5dbff4cb90cc67da601bdbdb30a9,video,delivered,2025-11-22 04:31:10,
f5281af2-d83b-426a-be09-0f67be8fa428,2025-11-30,msg_00025,Ub0341314a5534ea92b26fa8adc30543f,U3d5f28655e285b190a3eb62ed67e7cc6,imagemap,delivered,2025-11-30 21:31:53,
29a7bbea-e313-4b0a-9735-af4fbd55a6aa,2026-01-20,msg_00026,Ud4a92c8c8050eed40ef171cc2784d638,Ua174807f496d207a6baa8e70f9c803fd,imagemap,delivered,2026-01-20 09:05:11,
5a9234de-6af5-402a-9bdd-4c5b8a4d8ea2,2026-01-24,msg_00007,Ub0341314a5534ea92b26fa8adc30543f,U57b2d5067fd6af2bb260628ae573863c,imagemap,delivered,2026-01-24 20:28:09,
b0d0c0c3-f1ae-4042-9e79-298761981a37,2025-11-30,msg_00025,Ub0341314a5534ea92b26fa8adc30543f,Ub92ba0e28978046105508d4116b95f25,imagemap,delivered,2025-11-30 14:04:51,
b95bd286-7f66-4644-b530-0c3dbcd02cca,2026-01-26,msg_00005,Ub0341314a5534ea92b26fa8adc30543f,Ud81e1f2946217219aec9f2be67fa3bba,image,delivered,2026-01-26 17:27:18,
80c68474-51a2-4dcf-820e-da25fb0e2be3,2026-01-29,msg_00031,U3bae1603803a839c0cb52f511d9cb8f6,U6c599aa5e62aaedfb5aeee3791916442,video,delivered,2026-01-29 04:38:57,
956ede26-bb5a-47ed-bd4e-8b851e6e6a96,2025-12-18,msg_00070,Ue9a1e8a5b83a6b296d43c957a8cfba4a,Uc46813e6b14bc7fd97b3c2acd9d6adac,imagemap,opened,2025-12-18 22:42:35,
2f8ccbf9-174c-4df2-9b16-3b9ea693afb5,2026-03-31,msg_00046,U4784fc8a8e1e4eb2435ad84e0ad052f2,Ubdd926f500a718c1b09c856f0383cbbb,flex,blocked,2026-03-31 21:59:04,
df9749f4-e56f-45af-bb65-1bef9f32f29d,2026-04-04,msg_00049,U476acbdef8e9a16d24575e4f6d7b0f31,U20eae7680de97cbc05655ae97d6f62dd,text,delivered,2026-04-04 20:48:15,
259d12a4-04e8-4119-ac7b-4b58a81e2564,2026-04-04,msg_00100,U743849e63f8101ac616f8fd0ba84a167,Uea9f79ba60e0649535710c7c51a56db7,image,delivered,2026-04-04 07:10:54,
9f9c2175-36f7-4c6f-9d96-e11fdeabea8d,2026-02-10,msg_00058,Ue9a1e8a5b83a6b296d43c957a8cfba4a,Ud625ca4d355837f50db77dd5d1abe017,video,delivered,2026-02-10 11:17:17,
8bce9bd1-c805-46e7-9014-3638ea161397,2026-02-07,msg_00090,U4784fc8a8e1e4eb2435ad84e0ad052f2,U6daee197af323e11cba7063bc2889e37,imagemap,delivered,2026-02-07 19:14:52,
92f118d5-07b1-4356-8f35-587811e37a9a,2025-11-17,msg_00099,U3bae1603803a839c0cb52f511d9cb8f6,U09476e0419a0d1b8c19f467e55929e0c,text,delivered,2025-11-17 00:01:47,
a200f0e3-4646-4412-b040-9b1c2d6409b7,2026-02-15,msg_00087,U3bae1603803a839c0cb52f511d9cb8f6,Ua0527ee5c9870efaa0202d889efd9be1,imagemap,delivered,2026-02-15 15:05:58,
a7d144db-963a-4140-822f-3e17dd6484a4,2026-03-21,msg_00023,U743849e63f8101ac616f8fd0ba84a167,U43ae4052bff92ef3532f3ecbb97cf537,imagemap,delivered,2026-03-21 18:12:17,
157dd008-34c5-47ef-a683-5e62a6ca642a,2025-12-19,msg_00064,Ub0341314a5534ea92b26fa8adc30543f,Uacf57f58364214c84af76e0d1dd127b7,image,delivered,2025-12-19 08:49:50,
42f8281e-f25f-49ca-993a-5ee0352f6f99,2025-12-18,msg_00114,Ub0341314a5534ea92b26fa8adc30543f,Ud42d9b815caccc628170a4f1f36d181c,flex,delivered,2025-12-18 07:34:31,
3ec4652f-ba93-4dcd-a587-643bb69e064d,2026-04-01,msg_00072,U4784fc8a8e1e4eb2435ad84e0ad052f2,U4e8a42f504debda69f2f31809812b5b8,image,clicked,2026-04-01 03:16:44,https://example-saas.jp/coupon/500off
73cc3f55-0b3d-4d01-ac98-f9aacd526818,2026-02-20,msg_00048,Ue7310890b01058478be93761a56d0aa0,U95359c50a40bde070344067bdaaef27b,flex,clicked,2026-02-20 23:02:14,https://example-saas.jp/lp/newmenu
67b8d8ac-0d06-46b6-87f7-9e680f7fdca0,2026-03-04,msg_00056,U1ca413826b7044d134c9c3132420c9de,Ucdef6aac5ea6722fe567a6ae7e07a4ba,text,delivered,2026-03-04 14:25:12,
c39d1d2d-3e77-4755-96fc-58d74d300c3d,2026-03-22,msg_00119,U3bae1603803a839c0cb52f511d9cb8f6,U60955e3113974e0b0f47bfa360498f42,imagemap,delivered,2026-03-22 07:10:58,
632dc9d8-4abd-48c5-9a6e-a3117e05230b,2026-02-16,msg_00021,U743849e63f8101ac616f8fd0ba84a167,U411ec8fd44e5a350e103d9693cecf867,flex,delivered,2026-02-16 18:51:42,
d87de34f-a19a-481a-ac13-0f2b1e84db9e,2026-04-08,msg_00001,Ub0341314a5534ea92b26fa8adc30543f,U37ec5049ff433749bc9d40c66d2869f1,imagemap,delivered,2026-04-08 10:11:06,https://example-saas.jp/survey
855bd92b-917b-40a6-bffc-4f05ebb23649,2026-03-30,msg_00076,U743849e63f8101ac616f8fd0ba84a167,cdf7e06dd098d10c3c8872d2b8d8da93,image,delivered,2026-03-30 02:57:40,
8a0f8377-850a-4064-80b4-a1fd1240613e,2026-03-08,msg_00112,U3bae1603803a839c0cb52f511d9cb8f6,U73e392c02a183ea723e47e93188985bd,image,delivered,2026-03-08 10:57:36,
4b778365-17c1-41b1-9b55-d1d12ef02f8b,2025-12-31,msg_00082,U227d1cd1a801c367de206ec4bbca7330,9a11e67bc75243a7b4c910ddaaeed33b,imagemap,delivered,2025-12-31 03:46:36,
57e12d47-aa9d-42eb-acdb-016e48daab89,2026-03-27,msg_00096,U476acbdef8e9a16d24575e4f6d7b0f31,Ua21197836887d77bdfccc6311e00f4ba,imagemap,opened,2026-03-27 21:52:16,
06f307d5-f202-4255-aedc-b8e628bafdad,2026-04-05,msg_00054,U3bae1603803a839c0cb52f511d9cb8f6,Ud55910dedd76eff796f81afbfa695fda,image,opened,2026-04-05 12:03:22,
c5bfc42f-211c-43b1-845f-e25463ed4aa8,2026-04-05,msg_00054,U3bae1603803a839c0cb52f511d9cb8f6,U44549cc5a815ea11fa75a934d75fe292,image,delivered,2026-04-05 12:09:28,
63ecd819-b9b7-48cb-89e6-aabf99cc4661,2026-01-24,msg_00007,Ub0341314a5534ea92b26fa8adc30543f,U367d4a1d1207747b0fac1b107c548ee2,imagemap,delivered,2026-01-24 10:31:15,
2921321b-7e81-458d-adc0-86f83385d253,2026-01-26,msg_00063,Ub0341314a5534ea92b26fa8adc30543f,Ueeb3966a42d1f2b90ddc9f56e74f1d5c,imagemap,delivered,2026-01-26 15:24:50,
a47a69c1-086e-4c9c-bbe7-e81c7068d35d,2026-03-20,msg_00092,U743849e63f8101ac616f8fd0ba84a167,Ud86f9e80f30fbcb043fc7cc1eb293dfe,video,delivered,2026-03-20 03:24:04,
2ba2a511-3345-4e3c-a13c-2a41cdffea4b,2026-01-26,msg_00103,U3bae1603803a839c0cb52f511d9cb8f6,389da344e60e4d1c5c35d90e15eb83fd,flex,delivered,2026-01-26 06:07:32,
10fa7617-1588-462d-9a1b-c9742a087173,2025-11-19,msg_00019,U743849e63f8101ac616f8fd0ba84a167,Uc4b8b59b003a4952cd7e6aae49983920,flex,opened,2025-11-19 10:53:16,
b3291da3-7111-4e5a-8246-827680f26795,2026-02-20,msg_00017,U22a93bc29b1df104af6b1ba1cd91fc56,e554340f4ccfe7ab63950133f2bd6035,video,delivered,2026-02-20 07:42:27,
3f3f105a-3fae-4aff-a346-9960b2b68c60,2025-12-18,msg_00114,Ub0341314a5534ea92b26fa8adc30543f,U4de4ca1b984a92da179985db41d56033,flex,delivered,2025-12-18 17:34:53,
bc022b5a-53be-4c6f-b219-928f589cf279,2026-02-20,msg_00048,Ue7310890b01058478be93761a56d0aa0,U363533681a3ad59a5658e206a4f8ac06,flex,opened,2026-02-20 13:54:19,
bce78398-9e07-4626-a643-db964e096b56,2025-12-17,msg_00032,U3bae1603803a839c0cb52f511d9cb8f6,97e6cc7e6046a89e06171e4c6e2f16ec,video,delivered,2025-12-17 15:10:19,
b0f2e2cb-5705-49e0-b0c2-61daba22f8c0,2026-02-15,msg_00089,U3bae1603803a839c0cb52f511d9cb8f6,Ua866e63dc46f94502db095f3f400a42a,text,delivered,2026-02-15 22:04:52,
272736c2-a213-47ad-88c5-ad2b27875ad5,2025-12-24,msg_00062,Ub0341314a5534ea92b26fa8adc30543f,Uedcd2b27abce21d1efbd97eff01da0f3,video,delivered,2025-12-24 06:44:14,
1d4183e8-8158-469a-9a86-7acefc548d22,2026-01-01,msg_00027,U4784fc8a8e1e4eb2435ad84e0ad052f2,U7380ac270a1070ed54f0975a0e9ea8d0,image,delivered,2026-01-01 17:02:51,
43164345-8f28-4322-a853-5b312d0886d4,2025-12-07,msg_00003,U227d1cd1a801c367de206ec4bbca7330,Ucb0aa222f2e49bac64e4071c82a2f6c4,image,delivered,2025-12-07 02:14:52,
a0931852-6f28-4d33-893b-53f6178dd7d7,2026-04-04,msg_00100,U743849e63f8101ac616f8fd0ba84a167,Uf18e0990b38881fa83a1dc0ed1ae4f3a,image,delivered,2026-04-04 23:48:33,
d78c75ed-fe9d-44cf-b703-d63320052f51,2025-11-16,msg_00020,U3bae1603803a839c0cb52f511d9cb8f6,88145a82aa3872c314a5a4003029cbe2,text,delivered,2025-11-16 11:34:23,
f2a75599-dffb-4a70-92ab-c4cf282a22cb,2025-12-09,msg_00059,U3bae1603803a839c0cb52f511d9cb8f6,814845b9353f09931a787aed5425b0cb,imagemap,opened,2025-12-09 05:27:26,
42a26b73-0beb-4c92-88ba-6e2825582b9b,2026-01-26,msg_00103,U3bae1603803a839c0cb52f511d9cb8f6,U97e78668a6f1181484494bdb9e3d28e6,flex,delivered,2026-01-24 17:52:00,
ecea029d-bf4c-47b6-ada3-9054adc484ef,2026-01-26,msg_00115,U3bae1603803a839c0cb52f511d9cb8f6,U099562c06bd015a200a0d543e589a353,imagemap,delivered,2026-01-26 20:53:58,
2bac1d4b-3893-480c-8dcb-18036fd70c25,2026-02-08,msg_00051,U3bae1603803a839c0cb52f511d9cb8f6,Ud2cc50a2c042b928e3cf018c8e71e10f,image,failed,2026-02-08 13:44:25,
40ebdd2a-7618-476e-91ec-3da2ef7b09bc,2026-01-09,msg_00052,U743849e63f8101ac616f8fd0ba84a167,U0fa4ef25948842ba43fc072ef6b27bd1,video,delivered,2026-01-09 21:28:00,
a68dc669-b977-4c83-9871-180daf15b350,2026-04-10,msg_00101,U743849e63f8101ac616f8fd0ba84a167,Uc5f4691eba5edec610f750cdb94355cd,imagemap,delivered,2026-04-10 08:24:21,
581e8723-a958-4152-a1c2-3261e5c39edc,2025-11-24,msg_00033,U3bae1603803a839c0cb52f511d9cb8f6,U797232f41133e78e7b138789e2a3faf0,text,opened,2025-11-24 12:25:09,
f5529ad3-7667-47c3-9c33-07404c623cc5,2026-01-09,msg_00052,U743849e63f8101ac616f8fd0ba84a167,U4dd22b0d7a5b4df0fa71af69a46ca31c,video,delivered,2026-01-09 22:36:08,
2c6d0260-79c4-4efc-89b1-1c885cc2aa54,2025-11-16,msg_00020,U3bae1603803a839c0cb52f511d9cb8f6,U09dcfd2cc9a9dd557762f275b4992d6e,text,delivered,2025-11-16 17:44:45,
c0787e51-eee1-4b43-9c60-be51a214627d,2025-12-23,msg_00061,Ub0341314a5534ea92b26fa8adc30543f,Ud75ce19ebd2abb1aaca93a650155861c,imagemap,delivered,2025-12-23 00:14:58,
da9bb50f-2156-4ade-92ef-028464f6cb49,2026-01-26,msg_00063,Ub0341314a5534ea92b26fa8adc30543f,U4ef5edca1ad0b2a675e6d93dedd5c7ad,imagemap,delivered,2026-01-26 23:41:37,
f5c0dbc7-2c5e-42d3-9093-e0783ae84ecb,2026-02-07,msg_00090,U4784fc8a8e1e4eb2435ad84e0ad052f2,U4303d30bc4ae1891780827bda3741d2c,imagemap,delivered,2026-02-07 22:51:54,
9a6c3752-19a6-4396-af07-6ec5c0548efd,2025-12-23,msg_00061,Ub0341314a5534ea92b26fa8adc30543f,U31cb88eb8f0c495b50df62f3d0125098,imagemap,opened,2025-12-23 13:11:24,
a4d13cb0-684d-4c3c-895c-6a3ac21c77c5,2026-04-05,msg_00054,U3bae1603803a839c0cb52f511d9cb8f6,Uc83d1cdfbe2e8fc090229572d1f64c69,image,delivered,2026-04-05 17:11:23,
068dcb23-641e-48c3-8b44-e6cd5d150bd7,2026-02-07,msg_00090,U4784fc8a8e1e4eb2435ad84e0ad052f2,U36f6fc72009ed3abc90a069fd37b7653,imagemap,opened,2026-02-07 09:22:17,
03c180e2-de49-40de-a289-f28d28e74b73,2026-03-22,msg_00119,U3bae1603803a839c0cb52f511d9cb8f6,f7a873d8c941393e7b65de6119c18a3d,imagemap,opened,2026-03-22 07:10:49,
2e0f44ac-5544-4972-b529-78f4a68f5e79,2026-02-10,msg_00058,Ue9a1e8a5b83a6b296d43c957a8cfba4a,U17ea5b3880971872dd2c549264302dbe,video,delivered,2026-02-10 06:36:33,
5e51f4ea-8e4e-44ce-a45c-beade64be881,2026-02-25,msg_00008,Ub0341314a5534ea92b26fa8adc30543f,10d1673b41e0598e7223597a17ca2b47,image,opened,2026-02-25 07:38:51,
7d19ccc9-9b40-40cf-996f-999ed4172994,2026-03-23,msg_00073,Ud4a92c8c8050eed40ef171cc2784d638,U909b9a6519197048e36fa31bf8e77b65,imagemap,clicked,2026-03-23 15:53:39,https://example-saas.jp/campaign/spring
70695cc9-be54-4769-b193-249824479e08,2026-03-26,msg_00040,U3bae1603803a839c0cb52f511d9cb8f6,Ub6a8875a1b22f3e4b2524d23b9c3fba0,imagemap,opened,2026-03-26 22:35:38,
605b0bec-d038-402d-99c1-f4eaa442d37f,2026-02-24,msg_00039,U743849e63f8101ac616f8fd0ba84a167,U2feefe8033f5f5616cb703f74acb72af,flex,delivered,2026-02-24 20:32:49,
a846748b-6a63-40ae-8f6b-5202ce6199a2,2026-01-24,msg_00007,Ub0341314a5534ea92b26fa8adc30543f,U2ac0865a747d143d4e63861cb14a74ab,imagemap,delivered,2026-01-24 18:01:29,
9302f20e-2898-4479-9275-84ec12c21d38,2025-12-03,msg_00012,U743849e63f8101ac616f8fd0ba84a167,Ube693f74b9689462246432f2d2b02e49,imagemap,delivered,2025-12-03 02:24:37,
7a420ef7-cda9-43c5-a641-13205433a6c3,2025-11-16,msg_00011,U837b70463a585f85743b5bfb3b49c9fd,Uae784034feb6ef64f687f16f27f287f7,flex,opened,2025-11-16 21:30:59,
ce97aae4-215c-4645-8b7e-8925d15cfbcf,2026-01-24,msg_00066,U3bae1603803a839c0cb52f511d9cb8f6,Ua380f34498514337982298e1104eff8c,image,delivered,2026-01-24 21:53:01,
4aafc917-0a2b-4577-aeef-38e1a0b9b26c,2026-01-18,msg_00102,U227d1cd1a801c367de206ec4bbca7330,Uf2e2cd75a381fde602f54b8eb28b2e56,video,delivered,2026-01-18 00:40:05,
4d71efb9-66ac-4cb3-9b32-9eb3d49f8cda,2025-11-25,msg_00043,U3e5dd3a641c58ad50e49f095c6f1e306,U03c718add5e51feac71e06f4437844f3,flex,delivered,2025-11-25 05:36:31,
458747c9-7863-438e-9298-c12518132e29,2026-01-09,msg_00052,U743849e63f8101ac616f8fd0ba84a167,U64a29a5598a07b42cf5b399de14097f6,video,delivered,2026-01-09 04:04:46,
a71c17ec-730f-4cd2-a330-39a360709a77,2025-11-19,msg_00019,U743849e63f8101ac616f8fd0ba84a167,Uc198fbcdd382bc8128110f19c5e3aee5,flex,clicked,2025-11-19 22:13:21,https://example-saas.jp/coupon/500off
fe2bd779-ab13-48f4-8291-402c16f468f7,2025-12-12,msg_00029,U743849e63f8101ac616f8fd0ba84a167,U18daaeba30124844f089ced642c797c5,imagemap,clicked,2025-12-12 05:01:43,https://example-saas.jp/coupon/500off
f00877f8-3a1a-43fc-8562-bc1835749d3d,2026-02-09,msg_00083,U3bae1603803a839c0cb52f511d9cb8f6,bdffa6266726361d1dbfbc1873f0eff5,flex,delivered,2026-02-09 23:56:45,
dd8b3dcc-6163-46dc-ac43-e4bdcd49837a,2025-11-30,msg_00025,Ub0341314a5534ea92b26fa8adc30543f,Ube29356545e361214816cd846062337f,imagemap,opened,2025-11-30 06:22:13,
2f36e2d8-1098-4788-aa6c-34be4802b251,2025-11-23,msg_00024,Ue8d9224ecde331ce692edfce0b5ecdc4,Ude068624347c6b2025680c2b4fbc0d28,text,delivered,2025-11-23 22:03:35,
8b3c02d8-137d-452c-96dd-3070b50f2c49,2026-01-24,msg_00007,Ub0341314a5534ea92b26fa8adc30543f,Uca6aa0c322c67e9700f09246216bdee5,imagemap,delivered,2026-01-24 07:49:53,
a021256d-2a01-46fa-9370-3c7b300842e2,2026-03-31,msg_00046,U4784fc8a8e1e4eb2435ad84e0ad052f2,U996a90d3e79b4a4ef9acdb3fec5e285f,flex,delivered,2026-03-31 14:47:28,
db195e6d-7378-4da5-90bb-39d2b1448495,2026-02-14,msg_00042,U3bae1603803a839c0cb52f511d9cb8f6,8e72cbddda0c2adf14021dea5b03e079,video,delivered,2026-02-14 23:11:10,
3c877bd3-1b6a-46b9-aa24-f7d310cd205b,2025-12-25,msg_00077,U743849e63f8101ac616f8fd0ba84a167,U0527a97610d87c026671275515dd2dbc,text,failed,2025-12-25 19:38:19,
b0378bf4-f979-4453-b3e3-2e512ecfaac7,2026-02-20,msg_00048,Ue7310890b01058478be93761a56d0aa0,U0405bc6ec27c6a0e2315a83ded039479,flex,clicked,2026-02-20 04:03:13,https://example-saas.jp/campaign/spring
44abdd37-c1e2-4b92-9369-319d5a16e847,2025-12-23,msg_00109,Ue7310890b01058478be93761a56d0aa0,ec60f39ddd90ec55e3d1e0387579ceee,text,blocked,2025-12-23 16:21:45,
37737368-3285-40f9-b62a-c250f94aa6cd,2025-12-19,msg_00064,Ub0341314a5534ea92b26fa8adc30543f,U86395785ff8c43c4eac0817000ee43a6,image,opened,2025-12-20 00:45:33,
9af1c3f0-3fb9-433d-8532-57003ad843ae,2026-03-03,msg_00093,U743849e63f8101ac616f8fd0ba84a167,U929c043cb463a4aa212296c3fba718ac,imagemap,opened,2026-03-03 15:37:18,
8c2ad1d7-3be3-4629-ab84-340819f04764,2026-02-14,msg_00042,U3bae1603803a839c0cb52f511d9cb8f6,U6dcbc315b3b5f0ac42d62331f06255c6,video,opened,2026-02-15 01:42:32,
169eae28-9c20-4e56-ba3a-7450c34c32f8,2026-02-20,msg_00048,Ue7310890b01058478be93761a56d0aa0,U4f453261f22ea1e5b72ab7106c2e7bf6,flex,opened,2026-02-20 05:42:11,
f73f13bc-b54f-482a-8315-2a9108decc90,2026-03-20,msg_00106,U3bae1603803a839c0cb52f511d9cb8f6,U2d1ce173f76320a5d1d629f4804609f6,video,opened,2026-03-20 22:53:35,
0a8fa9e0-94f8-4d62-ac4e-0798fbe5df20,2026-01-01,msg_00027,U4784fc8a8e1e4eb2435ad84e0ad052f2,Ub34bf6a17522533626551e1685c4558b,image,delivered,2026-01-01 12:35:48,
255a5feb-f749-42dd-aac1-0ae8dbf1a32e,2025-12-24,msg_00091,U3bae1603803a839c0cb52f511d9cb8f6,Ud2475e0499f2935fdcf8be2aa3350561,imagemap,delivered,2025-12-24 15:45:33,
72d17298-e3e3-4984-9758-a00eb7c2445e,2026-03-08,msg_00112,U3bae1603803a839c0cb52f511d9cb8f6,Udc892c0e90b7b661bb9a88f2d15cb098,image,delivered,2026-03-08 15:34:49,
a525568b-a819-4aa8-b6d1-e603c7b30508,2026-01-26,msg_00063,Ub0341314a5534ea92b26fa8adc30543f,U26b7ed059ecbbc61d0fa4c003d6d59ca,imagemap,opened,2026-01-26 21:06:46,
c484f504-2d24-4d8b-899b-d688fe76e1e6,2026-01-18,msg_00102,U227d1cd1a801c367de206ec4bbca7330,3d225af5b592f3cb3989bfe7d01a76c3,video,opened,2026-01-18 09:00:07,
8653dee2-5d12-40b2-a010-3ff5f3acb83e,2026-01-30,msg_00050,U3e5dd3a641c58ad50e49f095c6f1e306,U54bdab4f682b9fe10629c58ac383bfab,image,delivered,2026-01-30 01:48:06,
08605471-8bfa-465f-8004-83007eebc01e,2025-11-24,msg_00033,U3bae1603803a839c0cb52f511d9cb8f6,Ua89d4472433ba11e99b23eebf14832be,text,delivered,2025-11-24 10:58:13,
d2e08f13-40cf-4f4a-85af-9488241d576e,2026-04-10,msg_00101,U743849e63f8101ac616f8fd0ba84a167,Ud669146d32255b9a84c8fb9f9fe0b415,imagemap,opened,2026-04-10 23:59:42,
25d130f2-0ef2-4c36-9258-c8e174c15f3d,2026-01-26,msg_00063,Ub0341314a5534ea92b26fa8adc30543f,U206f32e62099cd99e8be7c6122dff40f,imagemap,delivered,2026-01-26 07:40:44,
e1592407-f9b5-4288-b26f-674e74fdc0ac,2026-04-05,msg_00054,U3bae1603803a839c0cb52f511d9cb8f6,U2605470b537e5dd361506c97cb27a36d,image,opened,2026-04-05 05:21:08,
aeae3f6f-0f60-45b0-bb42-747df68b7554,2025-12-19,msg_00064,Ub0341314a5534ea92b26fa8adc30543f,U0ae4e4b330e5784df23ac1efd4878666,image,delivered,2025-12-19 14:40:13,
1c70dc6b-2aee-4c42-a077-074c214fe512,2026-01-30,msg_00050,U3e5dd3a641c58ad50e49f095c6f1e306,U18e82bc41c0e1f28779be2d5a2b2f968,image,delivered,2026-01-30 23:54:23,
56a05da6-5795-4a08-ba04-f6af3508ba1e,2026-02-09,msg_00083,U3bae1603803a839c0cb52f511d9cb8f6,Uffc916c1862a2d63af4f62a96e55901d,flex,opened,2026-02-09 13:25:05,
a2a80448-72c9-4da3-9ecd-2b07e6602aea,2025-11-17,msg_00034,U743849e63f8101ac616f8fd0ba84a167,U83269190af3040b050eb186f1d390113,text,opened,2025-11-17 21:36:31,
e5dff63f-f994-4b53-9bec-d3fb61803382,2026-01-14,msg_00081,Ue7310890b01058478be93761a56d0aa0,U0888cdba185b51eba07d292fa7211d20,video,delivered,2026-01-14 00:55:15,
130d880b-564e-471c-acac-d76939752a95,2026-02-14,msg_00042,U3bae1603803a839c0cb52f511d9cb8f6,Uf958f512e8fade7e6c2e83df9a60e165,video,delivered,2026-02-14 14:03:53,
a3905832-788e-40fb-a675-2137862e38f9,2025-12-07,msg_00003,U227d1cd1a801c367de206ec4bbca7330,9c830416c2f02dbd6c5867732a155c9c,image,delivered,2025-12-07 13:00:28,
7686b230-b50e-4089-b663-2499246a0ffc,2026-02-07,msg_00090,U4784fc8a8e1e4eb2435ad84e0ad052f2,U830159b1bc66189a87c1cfd39aa55852,imagemap,delivered,2026-02-07 01:10:26,
581638e5-8f4e-4cb2-8826-572094488f99,2025-11-23,msg_00053,U743849e63f8101ac616f8fd0ba84a167,Uaa810e2802649306994985f9ec63edb8,video,delivered,2025-11-23 10:28:33,
6b3d543e-feac-4ff1-b33b-46fefdf6c305,2026-03-12,msg_00084,U68d2301028fb66b51d9111f1af067e34,1978e390a51657d7fe0412c39a422c5e,video,delivered,2026-03-12 03:40:38,
0d484ca5-7747-4395-a9c4-a62bafde0ecc,2025-11-26,msg_00028,U3bae1603803a839c0cb52f511d9cb8f6,U189d68e5e60d9c219b8dc96d1579a305,image,delivered,2025-11-26 14:54:29,
f3ff9590-281c-40e2-b75c-fdf5db2efb6f,2025-12-23,msg_00109,Ue7310890b01058478be93761a56d0aa0,U5cecdcab5acaf1b85e93fe21aeabc6da,text,delivered,2025-12-23 22:16:06,
29730b69-80f2-4dee-b57e-cfee02329336,2026-02-05,msg_00107,U3bae1603803a839c0cb52f511d9cb8f6,1502b06fea8880ac11dba412b6ab09d3,text,clicked,2026-02-05 22:15:37,https://example-saas.jp/lp/newmenu
a3996f75-09f1-4ff4-8dd5-276b43c3e22e,2026-01-26,msg_00086,U4784fc8a8e1e4eb2435ad84e0ad052f2,U1e8c915d3c148b358ce969fb28c45806,text,delivered,2026-01-26 11:28:14,
09f50b1a-a7a2-4ba0-ab3b-2ed37ac13c13,2025-12-12,msg_00029,U743849e63f8101ac616f8fd0ba84a167,Uba74dfd91c30329cf3896438ee32bc91,imagemap,clicked,2025-12-12 17:43:07,https://example-saas.jp/campaign/spring
a501606c-be95-4877-9bf7-d343aae1448f,2025-12-09,msg_00094,U227d1cd1a801c367de206ec4bbca7330,U51e55e1c5790d643acdcd62f03f9bf11,flex,delivered,2025-12-09 15:27:42,
b895fb4b-7613-4be2-90ca-65a2d77e2e7f,2026-02-28,msg_00117,U743849e63f8101ac616f8fd0ba84a167,333aa67a8e9135c9b3dbdd59aed1f665,video,clicked,2026-02-28 13:20:31,
9ef6a758-f261-42e1-b99e-02ce2bdb1392,2026-02-16,msg_00021,U743849e63f8101ac616f8fd0ba84a167,Ub5cc09aa759f333cbfef48dd3ed106db,flex,opened,2026-02-16 01:24:11,
75a8fac5-e6d4-4e3e-9c8d-e873795b529a,2025-12-21,msg_00022,U3bae1603803a839c0cb52f511d9cb8f6,U204fa0b12c22f561a1edfa955b63a681,video,opened,2025-12-21 20:06:51,
5e019db9-4a39-4345-83c0-c6b3959b3f01,2026-03-08,msg_00032,U743849e63f8101ac616f8fd0ba84a167,Uade4134c306def9d0cd20f3f8783b5f9,text,unsubscribe,2026-03-08 18:13:37,https://example-saas.jp/lp/newmenu
9024b437-7b9a-4db2-b0d7-1d0efb0465ef,2025-12-18,msg_00070,Ue9a1e8a5b83a6b296d43c957a8cfba4a,U9fdc6d50b884434acd8796f10b658b5d,imagemap,opened,2025-12-18 14:17:48,
14d7839f-d280-4d88-9fa7-101c3de38554,2025-12-09,msg_00059,U3bae1603803a839c0cb52f511d9cb8f6,U934e04431c0d68c4115268df44b63d64,imagemap,opened,2025-12-09 06:46:00,
3a7601e1-9633-4a06-b923-ab9553ff92ad,2026-01-26,msg_00086,U4784fc8a8e1e4eb2435ad84e0ad052f2,U04d9853adc899c735045e62c9cfbf06a,text,opened,2026-01-26 22:48:18,
696789ea-1b90-4d94-95e2-c2a1e55b4b6e,2026-03-11,msg_00067,U7e808d11d6f9901a954a542a7ee09918,U7f6dac1c2c09db8781c580a043543b6d,video,clicked,2026-03-11 21:52:29,https://example-saas.jp/coupon/500off
34834177-6e1b-44de-8023-237a30eee4a8,2025-12-12,msg_00004,Ub0341314a5534ea92b26fa8adc30543f,U1be54d88967f9b56cc97dc3276f543e8,video,opened,2025-12-12 16:20:25,
c7a37782-facc-418c-8acc-e6024540ec3f,2026-04-05,msg_00054,U3bae1603803a839c0cb52f511d9cb8f6,U37497562e4ad7997a70d02b329f7becf,image,delivered,2026-04-05 14:00:50,
037d2179-cc6b-4edd-bd7d-eabdce52efa6,2026-03-14,msg_00009,U743849e63f8101ac616f8fd0ba84a167,U5f4da4c8fddc1467b93cac55ed84754c,imagemap,opened,2026-03-14 16:18:15,
89fa76d7-9a26-49e4-b56c-412c340377a6,2026-01-18,msg_00102,U227d1cd1a801c367de206ec4bbca7330,U8aeb5dad896224195553361e78d993d6,video,delivered,2026-01-18 01:49:06,
9b7c8fcb-6524-4d05-a5cf-e0e32c9ad58f,2026-02-20,msg_00048,Ue7310890b01058478be93761a56d0aa0,U4524bcba5a9ddaa0f025176afdf18f80,flex,opened,2026-02-20 11:47:06,
2ab330cd-0352-4972-9a1d-8ecb5162127d,2025-12-24,msg_00091,U3bae1603803a839c0cb52f511d9cb8f6,Uecf2a6b5193ade77598dc169c494b7cc,imagemap,delivered,2025-12-24 07:11:46,
0830cd73-48be-45a2-8bba-e9a4eb1e5629,2026-01-24,msg_00007,Ub0341314a5534ea92b26fa8adc30543f,U7ea85268f57096391dd1fed8b878ffb6,imagemap,clicked,2026-01-24 22:40:29,https://example-saas.jp/lp/newmenu
79437c65-72fa-446a-99e1-62a948a2592f,2025-11-16,msg_00011,U837b70463a585f85743b5bfb3b49c9fd,U06dab68b9eb15b993e5d408944837e8b,flex,blocked,2025-11-16 12:52:20,
48e446cb-091d-42f4-a261-ff0d04c70cfe,2026-04-01,msg_00072,U4784fc8a8e1e4eb2435ad84e0ad052f2,Ubc486ed42445376f6810d0dc95f1c5b4,image,delivered,2026-04-01 00:43:55,
5025d5f1-03b5-40a3-b251-84c6f01e0591,2025-11-23,msg_00053,U743849e63f8101ac616f8fd0ba84a167,1e1460d1160d8da410c3fa7a15065648,video,opened,2025-11-23 04:37:21,
c2976a4d-ccbf-4c0e-ac93-43e1be6c5420,2026-04-08,msg_00078,Ud4a92c8c8050eed40ef171cc2784d638,U9f1e0afb1e9dc3b9a21dc15a91ad34ea,image,delivered,2026-04-08 07:56:42,
0747e2ac-6395-4897-84a5-fc8b5b60d36a,2026-01-07,msg_00110,Ub0341314a5534ea92b26fa8adc30543f,179e3ca2e6f0c29bcb0d2c17d78cff97,video,delivered,2026-01-07 18:05:14,
28926760-5105-4f77-9969-88096fb453f8,2026-01-26,msg_00005,Ub0341314a5534ea92b26fa8adc30543f,Ufb3ef659b820984b8032f607cac5724b,image,delivered,2026-01-26 01:29:56,
387dafaa-e389-4e3b-bba0-da2eb993c1d6,2026-01-09,msg_00052,U743849e63f8101ac616f8fd0ba84a167,37d368568691b4208cd0990f0d32d681,video,delivered,2026-01-09 07:33:28,
42da7e52-ffec-4e2d-a5b1-2f614b324e80,2025-12-09,msg_00094,U227d1cd1a801c367de206ec4bbca7330,U4c8b0a05425f10a0a4f023f92978f02e,flex,delivered,2025-12-09 16:35:21,
b46466cc-5068-4ade-ad75-f9678f0206f3,2025-12-24,msg_00091,U3bae1603803a839c0cb52f511d9cb8f6,Uf902f321d803442fee6e5d9f58040778,imagemap,opened,2025-12-24 21:39:56,
905e45a7-89ff-4a9b-b691-884a83674c5a,2025-12-25,msg_00077,U743849e63f8101ac616f8fd0ba84a167,Udd37b98a055a99fee579be1c2b2e21bf,text,delivered,2025-12-25 09:49:40,
3cc26076-8d4a-4510-8bfd-351c2b2c33e6,2025-11-22,msg_00047,Ue7310890b01058478be93761a56d0aa0,U853afc01a5c6f573d34bb471a2e299bc,video,delivered,2025-11-22 14:48:55,
386b6821-338b-4695-a2e0-a27c17113ab8,2025-11-16,msg_00011,U837b70463a585f85743b5bfb3b49c9fd,Ue56c032dd16270b8f43e7ab6542cb85f,flex,delivered,2025-11-16 11:38:13,
36c29c75-6232-45e6-88ca-3cd654c73457,2025-11-16,msg_00020,U3bae1603803a839c0cb52f511d9cb8f6,U686c5001224ff0694102ed21ae480e1f,text,delivered,2025-11-16 17:22:29,
6906603a-84c6-43a4-a93d-9dafa6a1b3d9,2025-12-22,msg_00013,Ub0341314a5534ea92b26fa8adc30543f,U3af8044c05d4d3f8b1c9305518a91c07,image,delivered,2025-12-22 18:00:29,
21656cae-2773-4323-8821-e9b551972104,2026-03-22,msg_00119,U3bae1603803a839c0cb52f511d9cb8f6,f8bdc3bf075cf4df0d7e60d1b03ed8a3,imagemap,delivered,2026-03-22 12:45:52,
421f210b-d41e-44c0-bc03-30f5d32690c6,2026-01-18,msg_00102,U227d1cd1a801c367de206ec4bbca7330,U6daf501e814423c6c3a240abb121f673,video,delivered,2026-01-18 07:37:53,
45ea05a7-faf8-407b-bc00-cbed50fa4d1a,2026-01-20,msg_00108,Ub0341314a5534ea92b26fa8adc30543f,Ue37e987936f3f15f6a1eea9d8f556e85,flex,delivered,2026-01-20 05:12:10,
17066419-32a4-4747-838d-dc264acd88a3,2025-12-21,msg_00022,U3bae1603803a839c0cb52f511d9cb8f6,Uc719c0adc0007cd95b13201c576be300,video,delivered,2025-12-21 22:25:19,
89ee0f37-aff2-43e9-bb31-987fae9e2ec9,2025-12-25,msg_00045,Ue7310890b01058478be93761a56d0aa0,U748a1fc6b76f8b3791667e6d6d2883d9,video,opened,2025-12-25 07:12:51,
c9d8fb8e-ea4e-4f40-b621-54464ddf1df1,2026-03-04,msg_00056,U1ca413826b7044d134c9c3132420c9de,Ubda5ea56a269b87f3f57e4df03b74d27,text,opened,2026-03-04 08:20:48,
4a7dd475-ee58-41bf-9cad-63d3b119b89e,2025-12-07,msg_00003,U227d1cd1a801c367de206ec4bbca7330,U71f455badb16b0f2af8439dafecf9ce7,image,delivered,2025-12-07 15:34:31,
e22330f4-76af-42df-b77d-e8dc57de82f2,2026-04-12,msg_00120,U227d1cd1a801c367de206ec4bbca7330,Ua450fde8e76401e45b227dbab8aa6ea8,text,delivered,2026-04-12 10:58:25,
9abd10db-d5b3-4106-9d93-370e44d35307,2026-01-29,msg_00031,U3bae1603803a839c0cb52f511d9cb8f6,U221166ba6baaf7ed18995b793419b04e,video,delivered,2026-01-29 19:14:22,
2f149cf1-bb6d-490e-9806-898e22f08fc0,2026-01-13,msg_00060,U3bae1603803a839c0cb52f511d9cb8f6,U2758f5052580d16bc1c5fd9fc6fd50e7,image,delivered,2026-01-13 12:47:28,
35eb9838-e800-40b3-8dd0-68c4ad5f89dc,2026-02-20,msg_00095,Ub0341314a5534ea92b26fa8adc30543f,054a42dd7033f6d0d6c4fcfcc0ce1e2d,text,delivered,2026-02-20 15:33:35,
94671576-bab4-4962-af12-df77077b2e4d,2025-12-09,msg_00059,U3bae1603803a839c0cb52f511d9cb8f6,Ub7b60ee6f7d09df62dbfa299bc0b9ebf,imagemap,delivered,2025-12-09 08:14:09,
c953b1b7-b5dc-45e9-a76d-b7480373c604,2025-12-25,msg_00045,Ue7310890b01058478be93761a56d0aa0,U244056dc0fa45db7d5612a07efb67257,video,opened,2025-12-25 12:06:12,
62c1fbf4-abfb-4c6c-8e97-9e103c4b1007,2025-12-12,msg_00004,Ub0341314a5534ea92b26fa8adc30543f,U6fbe6ae397aa50ba86bbc17355bb7ee2,video,opened,2025-12-12 05:21:05,
8e0b4b99-2410-44b0-9e5b-c187c0f19836,2025-12-14,msg_00085,U743849e63f8101ac616f8fd0ba84a167,Ud5cf6344b160ccccd68fd42d1167d722,image,delivered,2025-12-14 12:43:58,
82de241c-6773-4e01-aad4-9c9d9d96bca0,2026-03-16,msg_00002,U3bae1603803a839c0cb52f511d9cb8f6,U808be1a692241d4b03f94d0bde3973c4,text,opened,2026-03-16 19:51:16,
9cf1e54a-ba54-41d5-9e71-4d94ae633121,2026-01-31,msg_00035,U7e808d11d6f9901a954a542a7ee09918,U39e4b568b1d3164bf4fb6d466b8567c7,text,delivered,2026-01-31 11:31:56,
e998b0d2-90dd-4819-b627-c5964b95d170,2025-12-09,msg_00069,Uc20f9c7e9b662bedec3cb78e127885c7,U59cb8f1b9fba193cc2b1cada17195296,imagemap,clicked,2025-12-09 23:02:23,https://example-saas.jp/survey
24dd6d55-cdea-43d0-89b0-effdadb1621a,2026-02-15,msg_00087,U3bae1603803a839c0cb52f511d9cb8f6,a25a5354d2e235de4b0443cf4edbfb46,imagemap,clicked,2026-02-15 11:17:31,https://example-saas.jp/coupon/500off
dc7dfa3b-f7ce-45dc-b5ac-0380a1720248,2026-02-10,msg_00058,Ue9a1e8a5b83a6b296d43c957a8cfba4a,U633ba8e40c8b75c8bb1f24c55752a12f,video,delivered,2026-02-10 03:42:33,
e1f4144d-dfe3-4641-b64d-e93bb074b4ac,2026-02-16,msg_00021,U743849e63f8101ac616f8fd0ba84a167,Ud4bc28afea9413b57fb1be8e7a56a3a8,flex,opened,2026-02-16 18:12:13,
fdd81666-62a0-4456-953f-569bb37da1fe,2025-12-23,msg_00109,Ue7310890b01058478be93761a56d0aa0,Ufb49db52ad2b179f5063214a67dece14,text,opened,2025-12-23 19:47:36,
81b3ba0a-128a-4f33-93a0-6ff8c504274f,2026-01-20,msg_00026,Ud4a92c8c8050eed40ef171cc2784d638,Uc48d807d5850e60dac6d37a1288b32b5,imagemap,opened,2026-01-20 11:14:12,
dfec30fd-b7da-423d-8d77-8e91f918c1da,2026-01-26,msg_00115,U3bae1603803a839c0cb52f511d9cb8f6,U83bc82500a0a1d1fcfb199a2325c9329,imagemap,clicked,2026-01-26 03:48:59,https://example-saas.jp/coupon/500off
2324757e-f5f6-415b-8e42-09b8ffa26623,2026-03-11,msg_00067,U7e808d11d6f9901a954a542a7ee09918,U5b330144de8e576ae22a83118ef11e82,video,delivered,2026-03-11 04:02:27,
02ebbf63-c8f0-4522-9932-df5f9d5ce9dc,2026-03-11,msg_00067,U7e808d11d6f9901a954a542a7ee09918,Uda650438025ec8be3f2d34aca32f1fcd,video,clicked,2026-03-11 19:21:40,https://example-saas.jp/campaign/spring
edd2baf4-23bf-454a-b168-7ddfbf7773c3,2026-03-05,msg_00014,U3bae1603803a839c0cb52f511d9cb8f6,Ucc8baae5f3cbe1632f5dc1f12ad4ca69,flex,delivered,2026-03-05 07:47:06,
22b3ea3e-665b-4ebf-b7b5-c543c4de0724,2025-12-22,msg_00013,Ub0341314a5534ea92b26fa8adc30543f,Ud40717edff7285547bcbe93798397f46,image,delivered,2025-12-22 15:44:29,
ad0bb0fd-e4d9-4ca3-99ea-576c2410fae5,2026-01-18,msg_00102,U227d1cd1a801c367de206ec4bbca7330,Uf293050e006b88d24d64acbc37f0c215,video,delivered,2026-01-18 06:09:55,
f1177539-3fde-45ea-a03e-bb7388dc2ec2,2025-11-30,msg_00025,Ub0341314a5534ea92b26fa8adc30543f,U7a1503d371f80ab461eef79a769c61d7,imagemap,clicked,2025-11-30 21:24:45,
c265c7dc-69d0-41da-9218-1a6129c9f247,2026-04-12,msg_00120,U227d1cd1a801c367de206ec4bbca7330,U0b45d112c20cfeea088f45fb821342b1,text,delivered,2026-04-12 02:16:07,
ad830401-6ca1-4f0b-bf99-b01d31b3ea2d,2026-04-10,msg_00101,U743849e63f8101ac616f8fd0ba84a167,Ue0ba6fd214042eacd3bce80399357fa2,imagemap,delivered,2026-04-10 08:02:30,
d9c1342c-806a-4d16-9a29-5bd938c5dc53,2026-01-24,msg_00113,Ub0341314a5534ea92b26fa8adc30543f,U500f26ad24d11838538cab8a35ce6a2f,text,delivered,2026-01-24 13:08:51,
be701b29-2a90-456c-93a0-526f2e964a89,2026-01-14,msg_00081,Ue7310890b01058478be93761a56d0aa0,Udf8fa363cf3eadd063c7634d3aab4a8b,video,delivered,2026-01-14 18:20:47,
7fdcba18-1c94-4cd8-be38-581a54c4acc9,2026-02-15,msg_00089,U3bae1603803a839c0cb52f511d9cb8f6,U900b2439ad0f161ec960a9398da0aaaf,text,clicked,2026-02-15 12:37:20,https://example-saas.jp/coupon/500off
613cac4a-89f5-405d-82ad-7ccbb74f93bc,2026-04-08,msg_00041,Ue7310890b01058478be93761a56d0aa0,Ud251f6e097201ed367ced60eed45694c,text,opened,2026-04-08 22:23:47,
9d7d6da8-1b5a-4882-8904-329521513a2a,2026-01-26,msg_00005,Ub0341314a5534ea92b26fa8adc30543f,U357e8f51fd878db16f6dcd2072782ce6,image,delivered,2026-01-26 14:06:11,
848ba89c-8bfe-40cd-940d-d345e017b0ce,2025-12-17,msg_00032,U3bae1603803a839c0cb52f511d9cb8f6,U81efcf9bb6c99629c481dc5dc9e1f040,video,opened,2025-12-17 09:20:52,
0b22b2a4-daa5-41a9-9045-85588423d37d,2026-03-27,msg_00096,U476acbdef8e9a16d24575e4f6d7b0f31,U5ad83de38406b34913d8ec8ca3265a8e,imagemap,delivered,2026-03-27 10:26:24,
c3da30af-45c9-450d-b879-36717c573083,2025-12-17,msg_00032,U3bae1603803a839c0cb52f511d9cb8f6,Uf11bc1c457881c24623a4df13226cd19,video,opened,2025-12-17 22:20:16,
8c8d339a-aa49-409b-b7f1-63c0f0f98d0f,2026-01-20,msg_00108,Ub0341314a5534ea92b26fa8adc30543f,Uef9659442b06e06b4e7501bceb9978ea,flex,delivered,2026-01-20 20:41:05,
8bb01fc3-d0e5-4af9-bccf-0ce18dbe541d,2025-12-09,msg_00069,Uc20f9c7e9b662bedec3cb78e127885c7,U9370947732378961547560d6d08b7b44,imagemap,clicked,2025-12-09 04:53:27,https://example-saas.jp/campaign/spring
cd3bc7e9-b4ef-4a8f-9ea2-31f48c30c29a,2026-02-07,msg_00090,U4784fc8a8e1e4eb2435ad84e0ad052f2,U57c05e8af1a622ff57823c230caf661d,imagemap,opened,2026-02-07 10:00:46,
8d84f884-c00b-4bcd-8092-63a2ca6a81f3,2026-01-09,msg_00052,U743849e63f8101ac616f8fd0ba84a167,U3c69e362f8b54b0493ca0168cbbb9514,video,opened,2026-01-09 01:37:45,
4ccb2a11-056d-4962-a7f1-42caad083e5b,2026-02-24,msg_00039,U743849e63f8101ac616f8fd0ba84a167,U7b97e0788a65091ccab4cfc0a1bb1b30,flex,delivered,2026-02-24 22:08:32,
fbfb5107-d105-42dc-b0eb-a0e18250c3f9,2026-02-16,msg_00021,U743849e63f8101ac616f8fd0ba84a167,U64c6ca20848d69a2a7aed77452907034,flex,delivered,2026-02-16 23:50:41,
e3bb6bc3-f862-4677-afda-75769bcc2a7f,2025-12-23,msg_00061,Ub0341314a5534ea92b26fa8adc30543f,U92ad95ce19431272bd64703cf6fa4b5b,imagemap,delivered,2025-12-23 14:51:48,
cc5ae3d0-ecaf-433d-b60b-46fe517f17c5,2026-03-20,msg_00057,Ub0341314a5534ea92b26fa8adc30543f,Uc4caadb4be58648bab14d1b1c49a77a4,video,delivered,2026-03-20 06:33:17,
10fc4635-6638-4ceb-9bce-82fad377fb70,2025-11-23,msg_00024,Ue8d9224ecde331ce692edfce0b5ecdc4,Uf727a75b7c94dbb21ff5bf521041aa76,text,opened,2025-11-23 09:12:39,
eac080be-f0e9-42a7-a0fe-6e88f47ce2f6,2026-02-14,msg_00065,U743849e63f8101ac616f8fd0ba84a167,U1a2e2d49097ae01c3dc4e81edbf76f61,image,delivered,2026-02-14 08:28:37,
c2ecf5ef-3d24-4c53-b0bd-375a490418ea,2026-01-10,msg_00044,U30ad60bba5da9837ca5dd0230ca8f531,U227ddc96005d31ffe66bc46239d7040a,video,delivered,2026-01-10 19:44:27,
52cd7cf0-3a5f-4589-be88-0f37cd1a3cda,2026-04-08,msg_00041,Ue7310890b01058478be93761a56d0aa0,U8c20fb07f3a8b95de49a8487549c5994,text,opened,2026-04-08 01:05:24,
7824c1e4-f02d-414f-ad3c-2e187efc6691,2026-01-01,msg_00027,U4784fc8a8e1e4eb2435ad84e0ad052f2,U1fab4d2834568d0d2d54c4f8067773bb,image,delivered,2026-01-01 00:13:27,
a26f660d-494a-4ab2-af33-75bfccbfe574,2025-12-25,msg_00045,Ue7310890b01058478be93761a56d0aa0,0a46ff0a6fc7e60df8e366f6eecaf936,video,delivered,2025-12-25 08:12:07,
b72bf87e-bade-4e86-b415-2cd37a08d718,2026-03-11,msg_00067,U7e808d11d6f9901a954a542a7ee09918,Uc3b126a812fd4a56591a6f354b8874a5,video,delivered,2026-03-11 23:59:29,
ed887ea2-c426-4948-945b-76cd7415e914,2026-02-14,msg_00098,U743849e63f8101ac616f8fd0ba84a167,Uc993efe193849d5598d575caa1faeb8b,imagemap,delivered,2026-02-14 07:57:22,
a46357cc-4e69-486c-8e5c-c1c74e33b0cd,2026-02-14,msg_00098,U743849e63f8101ac616f8fd0ba84a167,U4c63da5b651cfcc37527be32daab774e,imagemap,delivered,2026-02-14 18:19:19,
d8b73aec-18e2-49db-b276-4ffc5441c5a4,2026-01-20,msg_00108,Ub0341314a5534ea92b26fa8adc30543f,Uc11c0ac4d82d56cc2d94dff8f67d7f78,flex,delivered,2026-01-20 17:54:46,
4ab0e31e-5ba6-4df3-add7-8eacbb63a98b,2026-04-12,msg_00120,U227d1cd1a801c367de206ec4bbca7330,U3d61c075870aea38c57d916e50e60fcb,text,clicked,2026-04-12 11:03:53,https://example-saas.jp/coupon/500off
c4bfe955-101c-4fd9-b756-0c402accdf8b,2026-02-10,msg_00058,Ue9a1e8a5b83a6b296d43c957a8cfba4a,U140d102b55ac87d52396731ecef9b1ad,video,delivered,2026-02-10 03:42:37,
8a1e93ba-51bb-4d82-9c5f-3dacb1bea3a5,2026-03-26,msg_00040,U3bae1603803a839c0cb52f511d9cb8f6,U188f16bd05e776ebc3e69b074a860bf1,imagemap,delivered,2026-03-26 13:18:23,
3f2e026a-e739-4969-b72f-469c9167ecea,2026-03-25,msg_00079,U743849e63f8101ac616f8fd0ba84a167,Udb15afbb9d240fc849ef822f63e3b46e,text,delivered,2026-03-25 16:21:28,
7b35a5f0-9fdd-4adb-a982-009302ad6aba,2026-02-05,msg_00107,U3bae1603803a839c0cb52f511d9cb8f6,U25bb21011b8abfa96e0ec0c291a64187,text,opened,2026-02-05 21:50:15,
cb1910b4-7be5-47cd-84f9-e796b5fb44ad,2026-03-31,msg_00046,U4784fc8a8e1e4eb2435ad84e0ad052f2,Uf2b0416321eefb785928ca414c09f61b,flex,delivered,2026-03-31 08:07:36,
7eff35f2-c7be-4936-9130-8c1d7cbb638e,2026-02-08,msg_00051,U3bae1603803a839c0cb52f511d9cb8f6,Uc0ad7c6e4cb026143263fcce217e9793,image,delivered,2026-02-08 01:52:22,
9eb10b73-caca-4013-aa41-c3bf695219fa,2026-02-15,msg_00089,U3bae1603803a839c0cb52f511d9cb8f6,29d7300e9dd168b9c1a2748da42756f0,text,delivered,2026-02-15 12:27:02,
d2cd94e0-9dc3-4513-b27e-9d93afc3e843,2026-03-08,msg_00112,U3bae1603803a839c0cb52f511d9cb8f6,U66d0b06f40113dce911baa6ab6cb642a,image,delivered,2026-03-08 12:13:10,
68b9bfbd-0b70-4407-ae3f-cf5929104756,2026-03-20,msg_00057,Ub0341314a5534ea92b26fa8adc30543f,U8b896789ebc7cf58c6a241200e19874e,video,delivered,2026-03-20 13:12:36,
cb3234fc-bceb-4bef-af49-1762a6f2c37b,2025-11-17,msg_00034,U743849e63f8101ac616f8fd0ba84a167,Ud70c0a778d626687ee50a3909d33c4bc,text,opened,2025-11-17 13:57:25,
980c7dbc-3257-4b04-923b-5f4e3e5df33b,2026-03-20,msg_00106,U3bae1603803a839c0cb52f511d9cb8f6,U764ecf4a33b8f3383ce0d51effb11f77,video,delivered,2026-03-20 15:40:54,
a9b42db5-1eaf-4433-81bd-c8234514b912,2026-03-26,msg_00040,U3bae1603803a839c0cb52f511d9cb8f6,Ucea59597fa475d45b9b949fe0d9a00f6,imagemap,opened,2026-03-26 03:12:20,
e8ccf629-74ba-40ba-a7da-77cdbc89123b,2026-04-08,msg_00041,Ue7310890b01058478be93761a56d0aa0,U657dd6b30779f19175b9cc7a5b8de535,text,delivered,2026-04-08 16:21:27,
fc6a52b8-13f2-47ba-8f78-339334a752b5,2025-11-17,msg_00099,U3bae1603803a839c0cb52f511d9cb8f6,U65f5772a5570bda446b4026effd4c870,text,delivered,2025-11-17 07:41:18,
8c5bfa6b-e448-4a7e-b737-e8d2afaff060,2025-12-08,msg_00015,Ub0341314a5534ea92b26fa8adc30543f,U92435939f6acfdeb8204d591997417c3,text,delivered,2025-12-08 05:49:53,
e3e127f5-82ab-4eb1-8be3-4a9a90dfb308,2026-02-20,msg_00048,Ue7310890b01058478be93761a56d0aa0,584c325d114a7bd8f61890d4274dafcf,flex,delivered,2026-02-20 09:50:36,
bae19737-9e93-4bac-ae34-1be52c845f08,2026-03-10,msg_00087,U3bae1603803a839c0cb52f511d9cb8f6,U606e5b1c58a5c07736c5c18a46abb3f3,image,delivered,2026-03-10 21:01:43,https://example-saas.jp/survey
207d181a-a1aa-43a7-b8e0-99c4120b595d,2025-12-09,msg_00069,Uc20f9c7e9b662bedec3cb78e127885c7,U31801ad61ad788c3af0ef8a960aa4735,imagemap,delivered,2025-12-09 23:39:07,
b664aa35-c30c-43db-b2fe-2b5f7b205794,2025-12-12,msg_00029,U743849e63f8101ac616f8fd0ba84a167,Ueaf24adfa50a2b2a0c744d887dc7eb7b,imagemap,opened,2025-12-12 18:54:50,
22c09c5e-6d2f-445a-9200-5d32b2026791,2025-11-24,msg_00033,U3bae1603803a839c0cb52f511d9cb8f6,U1c862db280e31814e60a717450053a8e,text,delivered,2025-11-24 03:03:59,
c3253228-2412-4a31-b909-9a2e45a164a9,2025-12-07,msg_00003,U227d1cd1a801c367de206ec4bbca7330,Ue7d5d29f1c1938f4cef70e5cb57562b8,image,delivered,2025-12-07 09:40:27,
1632499d-d522-4f46-a4dd-0abc8c386402,2026-01-29,msg_00031,U3bae1603803a839c0cb52f511d9cb8f6,Uc7c76e95da88478ee5c6dd686e9ea382,video,delivered,2026-01-29 12:06:53,
3f1c46cb-fcaf-4936-aa5d-ef07602c08da,2026-03-12,msg_00084,U68d2301028fb66b51d9111f1af067e34,U2614943a05d3c7595dfe685ebd8e2fd5,video,delivered,2026-03-12 18:56:09,
4343d9cf-a4f5-482a-93f9-56462c140555,2025-12-22,msg_00013,Ub0341314a5534ea92b26fa8adc30543f,U81befee747ffe7d7aeae0e28ce19a3af,image,clicked,2025-12-22 05:18:16,https://example-saas.jp/survey
9d779e3d-23f0-4cbc-a8e5-dfc754aad4f4,2026-03-23,msg_00071,U3bae1603803a839c0cb52f511d9cb8f6,U1cec794914f23fe46d1817984ba9191b,imagemap,delivered,2026-03-23 05:25:26,
9071a1e4-a90c-4500-b023-14c59aaec20e,2026-01-31,msg_00035,U7e808d11d6f9901a954a542a7ee09918,Ue2d5865b45c22d0d4539fe17eecb38b9,text,opened,2026-01-31 22:03:53,
d8a6e69f-27c3-40e1-950e-c23cbfc87e6d,2026-04-10,msg_00101,U743849e63f8101ac616f8fd0ba84a167,U0cb4647be8b31a8a18ef68ae7aa857ca,imagemap,delivered,2026-04-10 07:05:47,
30e7e7ea-6edc-4d9c-aa26-88ec0b2f8243,2026-01-26,msg_00115,U3bae1603803a839c0cb52f511d9cb8f6,Udb86012355bcc9b0a6c0c1b804b03071,imagemap,opened,2026-01-26 18:29:32,
71c8094f-0ad2-42bf-84b9-a17e5d29d6a6,2025-12-23,msg_00109,Ue7310890b01058478be93761a56d0aa0,U8474f91ed4d318c499a60205642cb740,text,opened,2025-12-23 23:48:03,
bfc71774-bb01-4f3a-aae1-3d3a1ea9f851,2026-04-08,msg_00078,Ud4a92c8c8050eed40ef171cc2784d638,Ub5dc912d07ef978c22546f7d65980299,image,opened,2026-04-08 15:33:33,
d8a10c71-6fb5-42d9-871e-f3f5097f77d1,2026-03-30,msg_00076,U743849e63f8101ac616f8fd0ba84a167,Ucc600f54765e161ffe484b32b15ca4e9,image,opened,2026-03-30 03:54:27,
217e0fa6-82d7-46a1-b4a5-c152fa5d9aeb,2025-12-23,msg_00061,Ub0341314a5534ea92b26fa8adc30543f,U57a0cfb022040b22b4a7ea343d9cfb4e,imagemap,delivered,2025-12-23 06:49:12,
52ebfe24-4308-4b57-a389-f494f8ee470f,2026-01-26,msg_00103,U3bae1603803a839c0cb52f511d9cb8f6,U718bdd7b53de7cb352e3e5c79502b428,flex,delivered,2026-01-26 03:34:29,
15cb6577-6034-43d3-9bf7-7a013fa1a45e,2025-12-24,msg_00091,U3bae1603803a839c0cb52f511d9cb8f6,U1f1f25f5f0b9e4c96f0c83e3e87294e1,imagemap,delivered,2025-12-24 07:33:35,
4ec9395d-08ee-4f71-8b90-1c7600f644b5,2026-03-29,msg_00097,Ub0341314a5534ea92b26fa8adc30543f,U897917a3ba473bff2a818acec0f876cc,text,delivered,2026-03-29 02:59:04,
9f7f0d32-61fe-4455-b975-65fe3032bba9,2026-03-12,msg_00084,U68d2301028fb66b51d9111f1af067e34,U2087120d8347c05b3e273b9e7c296a6c,video,delivered,2026-03-12 11:46:13,
d84a301f-1b86-499a-8131-6ccc7a00e145,2026-02-20,msg_00048,Ue7310890b01058478be93761a56d0aa0,U69879f2c81f6d0691e6decd5eabd7830,flex,opened,2026-02-20 21:27:26,
db944f4e-5901-4025-97c7-cb48865c52f6,2026-02-15,msg_00087,U3bae1603803a839c0cb52f511d9cb8f6,Ue0facb9dbf8440169466da35568b71d2,imagemap,delivered,2026-02-15 02:15:35,
cc2e60b3-282e-4af3-8e9c-a21051a0ec63,2025-11-17,msg_00034,U743849e63f8101ac616f8fd0ba84a167,Ud8481200cc10c601021c6f4639d4aca5,text,opened,2025-11-17 13:34:48,
cc1c6b3c-1486-4f88-9607-44e10d4b69b6,2025-11-16,msg_00020,U3bae1603803a839c0cb52f511d9cb8f6,U975398d4853f65619d146573acea6421,text,delivered,2025-11-16 12:09:45,
c77a090f-e80c-4fb6-b297-e9b51d4e66af,2025-12-24,msg_00091,U3bae1603803a839c0cb52f511d9cb8f6,U320ef8a9e1328d9e3d18d9f000c6e6ac,imagemap,clicked,2025-12-24 16:29:39,https://example-saas.jp/lp/newmenu
8ca04fa6-9027-4d41-aef4-bfc234e44c59,2025-12-25,msg_00045,Ue7310890b01058478be93761a56d0aa0,Ufc139a14426d19f1d9ffe971e6809e62,video,delivered,2025-12-25 05:45:32,
9cb583ba-0e77-4776-9b88-6acd7c1f3b79,2025-11-17,msg_00099,U3bae1603803a839c0cb52f511d9cb8f6,U275e6dd2e495db1493e9f7df1c7ff923,text,delivered,2025-11-17 23:02:35,
77bc9a9e-3aaf-4d8b-bc21-45a0abfa3508,2026-04-04,msg_00049,U476acbdef8e9a16d24575e4f6d7b0f31,U511060775e891c1ecd2875befb1eb763,text,clicked,2026-04-04 10:50:55,https://example-saas.jp/lp/newmenu
686ea7b3-b74b-4bdf-9633-c161d22a3795,2026-01-20,msg_00026,Ud4a92c8c8050eed40ef171cc2784d638,Uc48d807d5850e60dac6d37a1288b32b5,imagemap,clicked,2026-01-20 11:53:25,
709ab4eb-9c9b-4189-9e92-d9dde9ef536a,2026-01-26,msg_00086,U4784fc8a8e1e4eb2435ad84e0ad052f2,U82abacc94ebef111e2689508bc904543,text,opened,2026-01-26 11:58:36,
15235feb-dcb6-44fb-8d36-8ebd866f2540,2026-03-04,msg_00056,U1ca413826b7044d134c9c3132420c9de,Udbee00bac0667846c24fd51cc39d9c09,text,delivered,2026-03-04 17:30:23,
a27fdea6-b5be-47c9-bc0d-699b05ebc5b2,2026-01-24,msg_00007,Ub0341314a5534ea92b26fa8adc30543f,Ue01bdcd5ea7a562498a4d936e06be512,imagemap,delivered,2026-01-20 15:33:40,
127edbdc-1238-44c4-bfbe-88f5f882acca,2026-02-24,msg_00113,U227d1cd1a801c367de206ec4bbca7330,Uab019da6a2cad8bdacbcb2349afa1da9,image,open,2026-02-24 23:50:54,
2c55f2ba-0cb1-4c0c-805a-c18a41644600,2026-03-11,msg_00067,U7e808d11d6f9901a954a542a7ee09918,Ufba619d4bce427d75a7e57433edab778,video,delivered,2026-03-11 20:55:17,
d6b85151-1b60-4899-8466-f3b489eea637,2026-04-08,msg_00041,Ue7310890b01058478be93761a56d0aa0,Ud251f6e097201ed367ced60eed45694c,text,delivered,2026-04-08 21:13:58,
ce3cacec-b353-4744-b983-a305f8e0183f,2025-12-15,msg_00030,U3bae1603803a839c0cb52f511d9cb8f6,Ud9182b8fb2edd81474636fc1a00ea7a3,video,opened,2025-12-15 11:07:18,
64cbe0ba-14c9-4110-a72d-389b21259d68,2025-12-03,msg_00012,U743849e63f8101ac616f8fd0ba84a167,Ue0668bf094fc6efe2037fb0e7ad24c0f,imagemap,opened,2025-12-03 10:12:21,
58d19fc2-9bb7-4a24-9a0c-990b9dc9130e,2026-02-09,msg_00083,U3bae1603803a839c0cb52f511d9cb8f6,Ub9611c463df4c84c270d423a40cd2daf,flex,delivered,2026-02-09 01:13:34,
12171a5e-2e0b-4d5d-a390-444129089393,2025-11-27,msg_00018,U3e5dd3a641c58ad50e49f095c6f1e306,U9515e883ef33a77055b8212be937da6f,imagemap,delivered,2025-11-27 08:19:40,
892d4326-0544-4785-83e1-2aba70588a6d,2026-03-03,msg_00093,U743849e63f8101ac616f8fd0ba84a167,065e0b468313970b14b9cae583b6e8dc,imagemap,delivered,2026-03-03 05:32:59,
d0c83890-0598-4989-81bc-0c0ed062ab31,2025-12-24,msg_00091,U3bae1603803a839c0cb52f511d9cb8f6,Uf93f6f294f9a4eb641d5de94cf1b4797,imagemap,opened,2025-12-24 10:31:05,
fa32a437-e100-4026-99b4-86dbc9ece60a,2026-03-11,msg_00067,U7e808d11d6f9901a954a542a7ee09918,U4e584d455f3fe33798aab5a3eee55e1b,video,delivered,2026-03-11 04:00:07,
5e2978cd-117b-456a-a447-022fe8d4d3c4,2026-03-04,msg_00056,U1ca413826b7044d134c9c3132420c9de,393c8b8e201d1d7f78d470dcd2ce1259,text,delivered,2026-03-04 01:27:19,
738c8272-a3e9-4736-a635-98310f7f2a09,2025-11-16,msg_00020,U3bae1603803a839c0cb52f511d9cb8f6,Ueb9e3bcd07742308717dd149275f86de,text,delivered,2025-11-16 21:16:20,
8421da5c-ca31-466d-9e63-f81e0841f385,2026-01-30,msg_00050,U3e5dd3a641c58ad50e49f095c6f1e306,b30d0684e9b54b31567bd8e9a9110bb5,image,delivered,2026-01-30 16:04:08,
26adb2aa-21c6-4e00-9485-431f3c70cfc9,2025-12-08,msg_00015,Ub0341314a5534ea92b26fa8adc30543f,U520efaeccd5412127fcc373fcc50ccf5,text,delivered,2025-12-08 18:27:00,
7704d13c-190e-4672-9548-96105a4b6a2f,2026-01-30,msg_00050,U3e5dd3a641c58ad50e49f095c6f1e306,U2bddec73eb8c0271c3d7b2cdd2bfe6c2,image,failed,2026-01-30 00:24:55,
c0df347f-5d26-4bd7-ac47-7df78370a8fd,2026-03-04,msg_00056,U1ca413826b7044d134c9c3132420c9de,Ucf9ee57a953e8f0a38eb161fdfb4e34e,text,delivered,2026-03-04 17:02:37,
2c40454a-71c7-44cc-ad4f-fd413c7cfdd0,2026-03-23,msg_00116,Ud4a92c8c8050eed40ef171cc2784d638,U7b7a222df99ba3b683740271429e043b,text,opened,2026-03-23 17:57:13,
54332d6b-6808-4be0-8058-9e2b4d157ade,2025-12-07,msg_00003,U227d1cd1a801c367de206ec4bbca7330,U3a984bf7cb42d0871f8947a44b466291,image,delivered,2025-12-07 15:43:59,
f6f16718-66d5-452b-a599-96c7164bf72a,2025-12-07,msg_00003,U227d1cd1a801c367de206ec4bbca7330,U19fd0779df463d20dfb871227e408057,image,delivered,2025-12-07 02:16:58,
786aeaa5-542b-4910-9eed-63297291c437,2026-03-05,msg_00014,U3bae1603803a839c0cb52f511d9cb8f6,Ubd481000e355e36743b1f4dac82aab37,flex,opened,2026-03-05 08:11:13,
195d6088-f01d-46f3-830f-8f97d7f2488f,2026-02-15,msg_00006,U743849e63f8101ac616f8fd0ba84a167,U39b8dec79209f7054973ac174aa481f2,flex,delivered,2026-02-15 21:41:09,
bfd7e258-b0ac-4155-9de3-2914d0d376d1,2026-03-13,msg_00001,U4784fc8a8e1e4eb2435ad84e0ad052f2,U28ba88a73479dcea375f363c7642e607,image,delivered,2026-03-13 05:38:02,
74b12a46-2e46-4f49-813e-d7bd90555f81,2025-12-03,msg_00012,U743849e63f8101ac616f8fd0ba84a167,U4575b8d0ae4118c86c261d897249947c,imagemap,delivered,2025-12-03 15:04:50,
3c87d887-3081-415e-99e9-9009d6738007,2026-03-20,msg_00092,U743849e63f8101ac616f8fd0ba84a167,Uf8af5e91f9853a866859855f721a89aa,video,delivered,2026-03-20 09:11:05,
9c7579fe-5785-4c7c-b270-934405702e5c,2026-02-14,msg_00098,U743849e63f8101ac616f8fd0ba84a167,U2ae14d5f57054387937a3a66eb3967a9,imagemap,delivered,2026-02-14 19:05:57,
bb9f6434-2786-4ea5-8718-dd1ef74fe508,2026-01-20,msg_00108,Ub0341314a5534ea92b26fa8adc30543f,U19f4fa27f19a350146e95a3134fdf99c,flex,opened,2026-01-20 21:56:28,
bfe42a2b-d5ee-44da-b6e6-bdbb124b2176,2026-03-06,msg_00068,Ub0341314a5534ea92b26fa8adc30543f,U14139cf7a9a933e3033d73e5a158263b,video,delivered,2026-03-06 17:48:34,
dfcddc12-096a-4e43-b10c-85c99ee38fdd,2026-02-28,msg_00117,U743849e63f8101ac616f8fd0ba84a167,Ub997d5961c41f703a28ca9e2d6952b40,video,delivered,2026-02-28 19:42:12,
f193b20d-6f70-4583-9c0e-e58a75843853,2025-12-24,msg_00062,Ub0341314a5534ea92b26fa8adc30543f,U599c482e376fd999f139e5a44d0ff679,video,delivered,2025-12-24 14:13:55,
5bf6c4e3-9940-4328-b300-aff33c9958be,2025-12-22,msg_00013,Ub0341314a5534ea92b26fa8adc30543f,U12f2d8dda11c3b14ff30977d1131999c,image,opened,2025-12-22 23:57:06,
79808ad8-2f5c-4a25-9ca6-514013c82ee9,2026-03-06,msg_00055,U3bae1603803a839c0cb52f511d9cb8f6,Uc9781f07172e378a911c401bac270108,flex,delivered,2026-03-06 18:25:59,
dd9da179-f293-4d67-8575-28e2147bd235,2026-01-24,msg_00007,Ub0341314a5534ea92b26fa8adc30543f,U73b1929724a8e7d940e589410f389e20,imagemap,delivered,2026-01-24 20:11:06,
6d09601c-1b0e-4da4-a293-115754d79732,2026-01-10,msg_00044,U30ad60bba5da9837ca5dd0230ca8f531,Ue51100b109764dfb24d952eade989691,video,delivered,2026-01-10 06:13:01,
d2fc70f5-8f78-4b12-b2df-55804744e591,2025-12-09,msg_00094,U227d1cd1a801c367de206ec4bbca7330,U44d8cb9d08c52dc752729865a715acc4,flex,delivered,2025-12-09 02:56:45,
37ba5b30-5a74-4982-9cd5-dcc03ba131b0,2026-01-26,msg_00086,U4784fc8a8e1e4eb2435ad84e0ad052f2,U98477c5363df4f943e72776afd1e434d,text,delivered,2026-01-26 14:57:34,
8f95836c-6210-4ba6-85df-fb312ef97528,2025-12-24,msg_00091,U3bae1603803a839c0cb52f511d9cb8f6,Uc4ea8f3653aac708a7c027d1a15bef77,imagemap,delivered,2025-12-24 07:55:39,
f885516a-f00a-425c-8c6b-e101fa1fcbd1,2026-02-10,msg_00058,Ue9a1e8a5b83a6b296d43c957a8cfba4a,Ubc437ba7f73a57bf1e8598c9c6a1625b,video,delivered,2026-02-10 16:08:20,
474c6587-15c5-4876-b56b-d4888401ba89,2026-01-09,msg_00052,U743849e63f8101ac616f8fd0ba84a167,Ue44c42329d5486c096b5f19cb971d7c1,video,delivered,2026-01-09 01:12:49,
9abfb4b0-0752-46e4-b40d-f26649e3c2dd,2025-12-23,msg_00109,Ue7310890b01058478be93761a56d0aa0,U381392f5f4c74aee971d9bf1b2bb40b7,text,delivered,2025-12-23 11:58:34,
391ad63c-932c-4014-8f32-d6ceb721bdca,2025-11-22,msg_00047,Ue7310890b01058478be93761a56d0aa0,Ufc7f074d05433ce656b930c03549bd6c,video,opened,2025-11-22 01:00:22,
453f2fca-db16-46a6-972c-20fcadcd4c89,2026-04-04,msg_00049,U476acbdef8e9a16d24575e4f6d7b0f31,U646549fb5868852e0306043aea494098,text,delivered,2026-04-04 23:58:29,
47c72b3d-3f07-4ca1-aeea-fbd8a9077862,2026-04-01,msg_00072,U4784fc8a8e1e4eb2435ad84e0ad052f2,U0900b8e1ccb87f074e49abe2b2085246,image,opened,2026-04-01 18:06:23,
880be07c-ad4f-432d-9372-969cad40724a,2026-01-26,msg_00086,U4784fc8a8e1e4eb2435ad84e0ad052f2,Udf518aef08545acecfd6ef249d4b8d50,text,delivered,2026-01-26 06:09:55,
5e9def2c-3161-463b-957f-db6e587f4950,2025-12-02,msg_00088,U3bae1603803a839c0cb52f511d9cb8f6,Ucead285a03f5cbde496d8d869aa88056,image,delivered,2025-12-02 02:19:00,
987431f2-4c40-41a4-8c05-54804fb0c0b4,2026-02-15,msg_00087,U3bae1603803a839c0cb52f511d9cb8f6,Uef90ee5342978010a3eb1b7a08eb4533,imagemap,delivered,2026-02-15 09:58:05,
90e77166-27f0-4504-aa2e-b61efaec8de9,2025-12-19,msg_00064,Ub0341314a5534ea92b26fa8adc30543f,Uf6496fc921395ee3d2475b1ecee098cb,image,opened,2025-12-19 23:39:53,
8e1578c1-9c3d-4356-9820-dbd672be6fce,2025-12-14,msg_00085,U743849e63f8101ac616f8fd0ba84a167,U849a475787bc85a325a665c6321f9793,image,clicked,2025-12-15 00:39:51,https://example-saas.jp/campaign/spring
e8eba843-cf7c-4a61-aec2-fe433f87eb35,2026-01-24,msg_00113,Ub0341314a5534ea92b26fa8adc30543f,Ufe222bfe0aa1c101edd35bf6f0d02a8a,text,delivered,2026-01-24 17:45:54,
c1471a46-ed6b-470b-9550-46ccefc3e8a0,2026-01-14,msg_00081,Ue7310890b01058478be93761a56d0aa0,Uc8f70c4913e61601147a0d3499a65456,video,opened,2026-01-14 18:51:44,
da891539-5f33-4299-9f65-018fe683ff93,2026-03-08,msg_00112,U3bae1603803a839c0cb52f511d9cb8f6,Uc36e426f03f7def0bfe18e79d8bdb08d,image,clicked,2026-03-08 12:26:57,https://example-saas.jp/lp/newmenu
7d53f2d3-1fa3-4519-9594-f83c8ddc83da,2026-03-23,msg_00071,U3bae1603803a839c0cb52f511d9cb8f6,Ufdb518f9c47835f2f97e3f987af86b27,imagemap,delivered,2026-03-23 07:02:29,
b8e47b2c-d580-4673-9f7b-973069b847ca,2026-03-20,msg_00092,U743849e63f8101ac616f8fd0ba84a167,Ud5ff01e76b5a3825271ca81d17acae4f,video,delivered,2026-03-20 10:22:20,
84208b10-4b2b-49f9-9f08-d76ee0432237,2026-02-10,msg_00058,Ue9a1e8a5b83a6b296d43c957a8cfba4a,Ud5bc384f09fc6ca90ec843f67a1f0f38,video,delivered,2026-02-10 12:42:21,
e054f580-72ff-45da-941d-5cf02bc36fdd,2026-03-16,msg_00002,U3bae1603803a839c0cb52f511d9cb8f6,U0d9ccc3102869d5a22662f9f64c01dfc,text,delivered,2026-03-16 01:00:04,
2b1e5b9f-1cf4-440a-8749-010870351476,2026-04-10,msg_00101,U743849e63f8101ac616f8fd0ba84a167,U7a373b4fdd763e1333f3ed8b540b56a1,imagemap,opened,2026-04-10 12:54:32,
9e5f08d8-2bc9-4ab1-8485-c1bf3df636e8,2025-12-14,msg_00085,U743849e63f8101ac616f8fd0ba84a167,Ue936a7c96c09a1bafd3f544c51d95e56,image,opened,2025-12-14 03:45:19,
677a5bb2-0752-4fd8-80d3-c7cde6947a9b,2026-02-20,msg_00036,U879eb903ad90cd9c2874f6df7651267a,U31a5c3d12e155884bcabe632901f129b,video,opened,2026-02-20 18:10:18,
59732016-cc9d-441a-af4b-3aa66ae56b93,2026-01-26,msg_00063,Ub0341314a5534ea92b26fa8adc30543f,Uab506579b624618c4d81496906768f17,imagemap,delivered,2026-01-26 23:18:01,
3fa7811b-7e02-4427-b0d1-56a1cc3fb5cd,2025-11-25,msg_00043,U3e5dd3a641c58ad50e49f095c6f1e306,U44507309465dca0e4e721b6e0fab132f,flex,opened,2025-11-25 13:43:02,
903bb003-60aa-43c2-aaab-034b271917d2,2025-11-21,msg_00010,Ue7310890b01058478be93761a56d0aa0,U4fc18e898ad78ce469774a16038984ea,imagemap,delivered,2025-11-21 14:42:33,
fc9b996c-1e79-46ba-8d88-eaf5b446abec,2026-01-01,msg_00027,U4784fc8a8e1e4eb2435ad84e0ad052f2,Uf3d960b9fb89cc9b681a541eea69e88b,image,clicked,2026-01-01 18:10:17,https://example-saas.jp/campaign/spring
466a1513-e892-489f-b749-bc56087e4c40,2026-03-04,msg_00056,U1ca413826b7044d134c9c3132420c9de,U5ac2d283b23584de38ad7846f36d8fd8,text,clicked,2026-03-04 09:15:00,https://example-saas.jp/survey
d04add2c-fcc3-4ffc-ac5d-9e900a45af9e,2026-01-30,msg_00050,U3e5dd3a641c58ad50e49f095c6f1e306,U8d910164083c7821c19acee58aac8555,image,delivered,2026-01-30 08:19:27,
924c26e6-a2a2-4461-b777-1e4c8078c18a,2026-03-27,msg_00096,U476acbdef8e9a16d24575e4f6d7b0f31,U74451527c34f49e1728d95c93bce167e,imagemap,delivered,2026-03-27 06:45:08,
a56b99b2-d63f-446f-ad03-ca52dc684a41,2026-03-20,msg_00057,Ub0341314a5534ea92b26fa8adc30543f,Ub6200e926d323f4ac482789451f84943,video,failed,2026-03-20 19:47:30,
895af1c0-160f-40ea-94ec-09f73f5e9cc9,2026-02-01,msg_00075,Ub0341314a5534ea92b26fa8adc30543f,U5f9e8c7909fe1f089db16c3b6cc32b74,imagemap,delivered,2026-02-01 05:53:52,
1bddbb48-a34f-446d-b475-ed2f44d55c6a,2025-12-23,msg_00061,Ub0341314a5534ea92b26fa8adc30543f,U9ef10115656ddd7dbe103df961093a06,imagemap,delivered,2025-12-23 20:56:28,
84d17ff8-3bba-4695-8e7f-4ad0629108ce,2026-04-08,msg_00078,Ud4a92c8c8050eed40ef171cc2784d638,U917da8418a0aea05edf70d3bc06ee98d,image,delivered,2026-04-08 01:14:50,
9b84bf2f-5bbc-40a4-840e-5e2ccb572893,2026-02-09,msg_00083,U3bae1603803a839c0cb52f511d9cb8f6,Udce86abd1c17b709b2b7f32586fab5d4,flex,delivered,2026-02-09 04:09:11,
873bad9a-787c-4716-b7bd-65cea372b194,2025-12-02,msg_00088,U3bae1603803a839c0cb52f511d9cb8f6,U08c943bd824bebb30fe7e1d6e7e803ed,image,delivered,2025-12-02 10:53:30,
80d3a2f3-2dc6-41d7-b79a-366a81429f65,2026-03-26,msg_00040,U3bae1603803a839c0cb52f511d9cb8f6,U78e4dee1a66eba1b37ebd9db7b1170dc,imagemap,clicked,2026-03-26 13:13:36,https://example-saas.jp/survey
ce010a86-b512-4227-8332-9b63625b076c,2026-03-11,msg_00104,Ub0341314a5534ea92b26fa8adc30543f,U76f8d02ec3cc417d9a732810604dc072,image,delivered,2026-03-11 10:33:17,
c7fba070-07eb-402f-8b18-dfb6fe072c68,2025-11-26,msg_00028,U3bae1603803a839c0cb52f511d9cb8f6,Ue7c985476d23212c5c5851613b749a10,image,opened,2025-11-26 15:28:46,
2646e298-4bed-4ad5-bebf-d3596fdabc8d,2026-01-26,msg_00063,Ub0341314a5534ea92b26fa8adc30543f,U4fcc16bf25c9b28c75a06abf5c6ee673,imagemap,delivered,2026-01-26 00:51:57,
ae4669be-9e7e-4e29-bd3c-d2f3ef1b6c36,2026-03-11,msg_00067,U7e808d11d6f9901a954a542a7ee09918,U6769a2d8168730d1e20f51daeec952b1,video,opened,2026-03-11 20:11:45,
87d5d913-2400-4c1d-922e-734406e8154b,2026-02-20,msg_00048,Ue7310890b01058478be93761a56d0aa0,U363533681a3ad59a5658e206a4f8ac06,flex,delivered,2026-02-20 12:30:14,
499ab867-74f4-4f10-b99b-c7085198364c,2026-02-20,msg_00048,Ue7310890b01058478be93761a56d0aa0,Ud570c301bb59ce8c19567fef24d9ef85,flex,delivered,2026-02-20 05:48:30,
675ab220-5e26-4b40-9906-b1ae8db74ca2,2025-11-17,msg_00099,U3bae1603803a839c0cb52f511d9cb8f6,U7cd491fc4cb2e91228fbaff549d173d2,text,delivered,2025-11-17 23:45:37,
8f93d0ca-7560-4c7b-b150-e40325102d3a,2026-03-31,msg_00046,U4784fc8a8e1e4eb2435ad84e0ad052f2,Ucd26aacd324743ede05b881556fadd73,flex,delivered,2026-03-31 06:43:15,
05ab2928-79a3-4cdc-9194-4ae6b543a21f,2026-02-08,msg_00051,U3bae1603803a839c0cb52f511d9cb8f6,U5764688bee0fbe797d3801b5102b7538,image,opened,2026-02-08 09:32:20,
aebc066b-125c-40e4-ace7-62f1bbd64754,2026-04-06,msg_00074,U3bae1603803a839c0cb52f511d9cb8f6,U07039f5f6c70f1f4b80c59d257998c11,text,opened,2026-04-06 07:21:25,
442f2c79-cc00-40c0-8106-eb01ece800b2,2025-12-23,msg_00109,Ue7310890b01058478be93761a56d0aa0,U7d074f7c26be3fe9ea27fcf1555ed980,text,opened,2025-12-23 09:35:16,
7262b5e4-9718-4eee-8aac-8d6b3a11db66,2025-11-16,msg_00011,U837b70463a585f85743b5bfb3b49c9fd,U49006f2ed86eda747cd44109ecb86d87,flex,delivered,2025-11-16 22:55:13,
a134073b-3fae-4201-9c45-491c252a3227,2026-02-14,msg_00042,U3bae1603803a839c0cb52f511d9cb8f6,f10084a605ea5ce049957863524183cc,video,delivered,2026-02-14 12:17:08,
947f29e7-6650-48cb-836b-356fd5ef33d3,2026-02-14,msg_00098,U743849e63f8101ac616f8fd0ba84a167,U4dddab4881c4e573e0e2aa013493de37,imagemap,delivered,2026-02-10 01:44:41,
4586ce4d-5df9-4833-9bd3-272685b118dd,2026-04-10,msg_00101,U743849e63f8101ac616f8fd0ba84a167,U595a66d86cc0e87eef804850b8d71ebf,imagemap,opened,2026-04-10 11:35:08,
c32820d7-237c-4058-84b4-6b1646d83000,2026-02-10,msg_00058,Ue9a1e8a5b83a6b296d43c957a8cfba4a,U773c72539e8abb0bfbfd025ad4b3d9ae,video,delivered,2026-02-10 01:00:59,
3841d8f0-84d2-4c0a-b2bf-949fb3154f4d,2026-01-31,msg_00035,U7e808d11d6f9901a954a542a7ee09918,U26a342a9e305122c16d9b4693f401612,text,opened,2026-01-31 17:24:06,
45ba9008-c850-4f6c-b7ad-883151927c86,2026-03-18,msg_00080,U22a93bc29b1df104af6b1ba1cd91fc56,U975172ad997b5eb140a97a21d752f80c,flex,delivered,2026-03-18 06:33:44,
37a7e52b-e3cc-4df7-a28a-df95f1ed1331,2026-02-20,msg_00017,U22a93bc29b1df104af6b1ba1cd91fc56,Ub28cf1cef13a663fa325e251a065c562,video,clicked,2026-02-20 07:40:29,https://example-saas.jp/coupon/500off
99800529-a46b-4f62-aeed-d31957715314,2026-04-04,msg_00023,U3bae1603803a839c0cb52f511d9cb8f6,U3d5aed3fccae694e8eedbc607fb4bc74,image,CLICK,2026-04-04 21:39:30,
6b0737f6-b91b-421c-bd26-c3a32baaa6ed,2026-02-07,msg_00090,U4784fc8a8e1e4eb2435ad84e0ad052f2,U6efa4f6fd02b36a778a20b96f43d2e10,imagemap,delivered,2026-02-07 23:27:30,
fc93612f-8aa2-444e-b2b7-d5aed7143952,2026-02-25,msg_00008,Ub0341314a5534ea92b26fa8adc30543f,Udb30620553ef1acbe24bbd7511d1dbf2,image,delivered,2026-02-25 03:27:40,
1b400ba6-87ee-47c2-9dae-d583dba56b9a,2026-04-12,msg_00105,Ud4a92c8c8050eed40ef171cc2784d638,2e6819b2c59d735fd83ceffa41cd1dac,flex,delivered,2026-04-12 04:12:22,
b727c1d2-1426-479a-9db9-cea111751d4d,2026-03-20,msg_00106,U3bae1603803a839c0cb52f511d9cb8f6,U1540e11090c201fd5213445b3bffa1b9,video,delivered,2026-03-20 18:26:30,
6fa4f460-2415-4826-875f-88a42ea7a61b,2026-01-07,msg_00110,Ub0341314a5534ea92b26fa8adc30543f,Udaae09e1e64d534996dd56878642812d,video,delivered,2026-01-07 01:51:11,
6597783f-242b-42d9-8291-00a269926aa3,2026-03-03,msg_00093,U743849e63f8101ac616f8fd0ba84a167,U9ee7876c1f6b21b01e6eb5942f873544,imagemap,clicked,2026-03-03 08:56:37,https://example-saas.jp/lp/newmenu
4b0ed192-6942-4ba9-9075-5b2ae94f5331,2026-01-26,msg_00005,Ub0341314a5534ea92b26fa8adc30543f,U2b6e74ebf9b9ac844b5c890f9112e5a3,image,opened,2026-01-26 01:18:26,
be049e51-6f96-4bd3-9546-d9f4cec0a975,2026-03-22,msg_00119,U3bae1603803a839c0cb52f511d9cb8f6,U7959758634ee6a748f24807d43f9ecee,imagemap,clicked,2026-03-22 19:53:31,https://example-saas.jp/lp/newmenu
0ec2952c-32c6-4cd4-a219-22df2538393d,2026-02-24,msg_00039,U743849e63f8101ac616f8fd0ba84a167,U77cf9aa2d508c566ce8ea08a42f386ba,flex,delivered,2026-02-24 19:03:56,
19dc5855-0acf-4a8b-b844-aee3fe02dad5,2025-12-09,msg_00094,U227d1cd1a801c367de206ec4bbca7330,1d04aa838769df28f64ef265d7da4052,flex,opened,2025-12-09 11:21:56,
03e87f59-52f3-4912-998c-19d0f86652c1,2025-12-18,msg_00070,Ue9a1e8a5b83a6b296d43c957a8cfba4a,Ub45760f0af24fdf7e0bbc5f119d02c60,imagemap,delivered,2025-12-18 15:36:37,
324a8c6f-e484-4e3d-8317-29ce2d48d3df,2026-01-26,msg_00115,U3bae1603803a839c0cb52f511d9cb8f6,U3a613d73817630ccbcdf5c94c7ea7d4c,imagemap,opened,2026-01-26 23:26:21,
4e9702a1-8291-49e9-8f53-f00401854d81,2026-03-22,msg_00119,U3bae1603803a839c0cb52f511d9cb8f6,Ud4656490947a1c23c0cddb639941acd5,imagemap,delivered,2026-03-20 17:30:16,
6d32bf30-b92d-47cf-98c6-74bd3bfcc4e6,2026-01-09,msg_00052,U743849e63f8101ac616f8fd0ba84a167,U63f5d01b3d0fac5c95cf2e7efcb0cfa1,video,delivered,2026-01-09 15:26:29,
0346b893-b633-44a7-9b37-3fc20b2f0abb,2025-11-30,msg_00025,Ub0341314a5534ea92b26fa8adc30543f,U89898759576930d30fcdd4d082fffccc,imagemap,delivered,2025-11-30 06:22:41,
71144769-e322-4fad-92c7-e89dcdf63911,2026-03-20,msg_00106,U3bae1603803a839c0cb52f511d9cb8f6,U3ea3962f9289a70f737133d4994f93e4,video,delivered,2026-03-20 20:28:47,
e24908d4-11f0-4225-b7f7-a1f50aef2a6c,2026-02-15,msg_00087,U3bae1603803a839c0cb52f511d9cb8f6,U66512ca99dfff6da07b1e27d1978b5f0,imagemap,delivered,2026-02-15 06:27:10,
77072a2c-81a7-45e7-a9e8-e2dd15b91ec1,2026-01-26,msg_00005,Ub0341314a5534ea92b26fa8adc30543f,U9a1ba87a8a10cf463e6a9e53981aac21,image,delivered,2026-01-26 02:07:08,
19c6cdd1-a315-47aa-84d8-9fb6c3a93d33,2026-01-01,msg_00027,U4784fc8a8e1e4eb2435ad84e0ad052f2,U0ec2536df3626d2cdc8962bc0975bc03,image,delivered,2026-01-01 00:57:53,
da411bb3-ba92-4141-9f58-5a50b4523443,2025-11-26,msg_00028,U3bae1603803a839c0cb52f511d9cb8f6,Ubeb3f526e369b927985c65328ceb7cc3,image,delivered,2025-11-26 07:23:36,
e9a3f3ad-98d0-47de-b032-66c50e70326a,2026-04-01,msg_00072,U4784fc8a8e1e4eb2435ad84e0ad052f2,Udc138dc3a57a494594b9b9b25660801c,image,delivered,2026-04-01 12:10:10,
34f70f1d-c057-424f-8615-7a15ee2bceb0,2026-02-20,msg_00036,U879eb903ad90cd9c2874f6df7651267a,U5dcf02e663ab69f541c3246e60b4afd3,video,opened,2026-02-20 20:40:27,
2eccac22-90e0-4ce6-9cd0-3fec9a3dac90,2026-01-07,msg_00110,Ub0341314a5534ea92b26fa8adc30543f,U367b690fe5718268ec891ea6f14210a0,video,delivered,2026-01-07 12:49:23,
92b872c9-1a9f-4659-82d2-5566932e7686,2026-03-06,msg_00055,U3bae1603803a839c0cb52f511d9cb8f6,U3804c0c967b79f5a315aaa3fec62911e,flex,delivered,2026-03-06 15:42:26,
e83de6eb-b012-41fd-b104-093b4a2cf4b6,2026-04-01,msg_00072,U4784fc8a8e1e4eb2435ad84e0ad052f2,U870203f1976fa9dd24eee3d62c64c7ef,image,clicked,2026-04-01 05:28:35,https://example-saas.jp/survey
5a542004-d7d2-45ba-96e0-5892fb30ed4b,2026-01-26,msg_00005,Ub0341314a5534ea92b26fa8adc30543f,U7990247ea38ea9159a58caa41ac2c7dc,image,delivered,2026-01-26 19:49:05,
69ace0cc-ea5c-485e-b9a8-ffec5221f300,2026-03-11,msg_00067,U7e808d11d6f9901a954a542a7ee09918,U07b73962892e71313ee0759ac5acf576,video,opened,2026-03-11 04:23:18,
20f36457-e426-4c58-b4b4-11a42d733681,2025-12-15,msg_00030,U3bae1603803a839c0cb52f511d9cb8f6,U0f08a6e472000f74d051a2ddfd11a237,video,opened,2025-12-15 08:05:10,
88c55ed8-efee-4ddc-8fe7-49768d4d964e,2026-01-26,msg_00005,Ub0341314a5534ea92b26fa8adc30543f,U1671fc6173ba6fe897b4028fbdb9e225,image,delivered,2026-01-26 14:57:16,
c06f9bb8-4ef3-4d51-8e90-d26e5f1ebaf7,2025-11-23,msg_00024,Ue8d9224ecde331ce692edfce0b5ecdc4,Uf3eeecfc0ffeb87f976b2b31034f0c78,text,delivered,2025-11-23 17:23:45,
683ebe01-2d07-4db6-8fbd-756ea5831e14,2026-02-20,msg_00036,U879eb903ad90cd9c2874f6df7651267a,a3b27b149cca1d94679570f9fb635d5e,video,clicked,2026-02-20 07:09:45,https://example-saas.jp/coupon/500off
60b5ff12-c0af-40bd-86d7-a631f82fabb8,2026-03-05,msg_00014,U3bae1603803a839c0cb52f511d9cb8f6,U51ff8e699264004f261f3f365c5bb1e7,flex,delivered,2026-03-05 07:50:15,
8dac8917-fa70-49da-b3a4-5d1a4a5745a0,2026-03-22,msg_00119,U3bae1603803a839c0cb52f511d9cb8f6,U2f6cb69206c4961704ae947df2657067,imagemap,delivered,2026-03-22 11:33:00,
1a840411-5ddd-4688-aa6d-93a63ba34b03,2025-12-18,msg_00114,Ub0341314a5534ea92b26fa8adc30543f,U0d95ed1b2bf1a28eaa96ac28e0a1b38a,flex,delivered,2025-12-18 12:31:11,
ab9f3342-0e62-4c4d-8f6f-d77bfd96ccc0,2025-12-18,msg_00070,Ue9a1e8a5b83a6b296d43c957a8cfba4a,U9e44a808175c4c6e708c04fe32a32b52,imagemap,delivered,2025-12-17 07:35:08,
1f2719db-b94e-41d7-83ca-2aa82669d8e5,2026-01-18,msg_00102,U227d1cd1a801c367de206ec4bbca7330,Ua3a2a0dbb38357c16d631fdd78dfffbf,video,clicked,2026-01-18 22:06:23,https://example-saas.jp/campaign/spring
c8b8a393-77c8-43cf-98c4-515fd2efe618,2026-03-05,msg_00014,U3bae1603803a839c0cb52f511d9cb8f6,U6e258c5783d7cc311bbef05d0ee5c6e6,flex,opened,2026-03-05 17:57:34,
9dea982a-c731-4289-bad8-5d9e4cabce0d,2026-02-10,msg_00058,Ue9a1e8a5b83a6b296d43c957a8cfba4a,U9fd57cbf3f55d24f903133ad3aa0c0f0,video,delivered,2026-02-10 18:03:17,
e6256ebe-f91e-43a7-8a85-7cd9ca4e95a7,2026-01-26,msg_00086,U4784fc8a8e1e4eb2435ad84e0ad052f2,Uefae6f6013b9df2cdb09a1efec94b1f8,text,delivered,2026-01-26 08:03:57,
d93253c5-5cf3-4621-aea0-811eba2dbaea,2025-12-25,msg_00077,U743849e63f8101ac616f8fd0ba84a167,U6a8a8a55a0d58a335ba92962d0a74ad3,text,delivered,2025-12-25 15:52:49,
06b963a8-9032-4946-9a0a-35d02c558d70,2026-02-24,msg_00039,U743849e63f8101ac616f8fd0ba84a167,Ua0ad1d2489d579ee97d161a45f87dcbb,flex,delivered,2026-02-24 21:24:31,
2451002d-54b7-4378-9923-06498d1a6128,2026-01-07,msg_00110,Ub0341314a5534ea92b26fa8adc30543f,U2b6594c2d4a76b7f3e47a81a341c2199,video,delivered,2026-01-07 02:05:12,
3f3cce81-a636-4c36-aa13-aa5429292751,2025-12-09,msg_00059,U3bae1603803a839c0cb52f511d9cb8f6,U939fe67e577c500559bccd0acc68da2e,imagemap,delivered,2025-12-09 14:43:16,
a8b6242c-d419-477d-a2e2-7635f47786ad,2026-03-26,msg_00040,U3bae1603803a839c0cb52f511d9cb8f6,Uc9221ec28373959de55cd1dd5d8d78c4,imagemap,delivered,2026-03-26 18:48:56,
8b5ce9a0-05f7-40fb-9514-37e36ffe13f7,2026-02-10,msg_00058,Ue9a1e8a5b83a6b296d43c957a8cfba4a,Ud78ec5b7ef371058efc2305012b5a815,video,delivered,2026-02-10 20:18:14,
c961cfbf-7cce-436c-ad04-a09f47ffbfe3,2025-11-23,msg_00024,Ue8d9224ecde331ce692edfce0b5ecdc4,U8cf5861ab0737727aaef2b68a752a912,text,delivered,2025-11-23 22:43:17,
815020b8-815c-4953-bc1c-dbae966e59dd,2025-12-24,msg_00091,U3bae1603803a839c0cb52f511d9cb8f6,U882cad0fa93dfc26af61a6afae260eec,imagemap,delivered,2025-12-24 12:03:45,
4835712f-9a39-4775-8bcd-d7f4646d144b,2026-02-10,msg_00058,Ue9a1e8a5b83a6b296d43c957a8cfba4a,Uc3debaf0c646be86f0e96a924dedf543,video,opened,2026-02-10 09:22:44,
aa388655-2174-4265-abe3-f6eb88fe22ea,2025-12-25,msg_00045,Ue7310890b01058478be93761a56d0aa0,U748a1fc6b76f8b3791667e6d6d2883d9,video,delivered,2025-12-25 05:29:40,
bb4d4285-5dfd-4fc5-a5e4-79dc2eec2c76,2026-01-01,msg_00027,U4784fc8a8e1e4eb2435ad84e0ad052f2,U9f796dd280e6294543817cdeb86c3a82,image,opened,2026-01-01 22:38:57,
77027fd2-4f92-4990-b0a7-da20be3fda3a,2026-02-24,msg_00039,U743849e63f8101ac616f8fd0ba84a167,U9f75093d9908173d4b90b4608229d8ea,flex,delivered,2026-02-24 13:37:31,
0bc71e0f-5d26-40e8-8456-b5efb22dd430,2025-12-23,msg_00109,Ue7310890b01058478be93761a56d0aa0,Ue5ccb77a5f442b3ef15ae3043626b3d9,text,delivered,2025-12-23 13:38:42,
e9205baf-13e5-4c8e-8222-b0ad642bcf33,2025-12-21,msg_00022,U3bae1603803a839c0cb52f511d9cb8f6,U6969c6b6168290d84cc89ae34ef28efb,video,opened,2025-12-21 04:11:11,
2a5f2882-abe4-443d-9235-4994e26412e6,2026-01-20,msg_00108,Ub0341314a5534ea92b26fa8adc30543f,U76d30ca5606e89dca7b0eaa5270a28a8,flex,blocked,2026-01-20 21:35:02,
7f7ca737-5dde-4417-9041-259e7d70a992,2026-02-07,msg_00090,U4784fc8a8e1e4eb2435ad84e0ad052f2,Ufb54e1a23f92b3fb703f1aabb31bed06,imagemap,failed,2026-02-07 21:52:56,
41eaa434-cedc-40c1-868b-a67760b3289e,2026-01-31,msg_00035,U7e808d11d6f9901a954a542a7ee09918,Ud1bc68b81499e069d862cef28e19d6b1,text,clicked,2026-01-31 14:42:53,
e54122f8-3cb6-4f8a-9b32-8bfd5fb791e2,2026-02-14,msg_00098,U743849e63f8101ac616f8fd0ba84a167,Ude908adbdc97ebe9947b5d304a600538,imagemap,delivered,2026-02-14 11:24:21,
9f40dfd3-84be-46a3-8df4-9a9a82595eef,2026-04-04,msg_00049,U476acbdef8e9a16d24575e4f6d7b0f31,U06699c00b9417d685e96ff35867db97b,text,delivered,2026-04-04 05:26:00,
a6efb81c-74c0-49c0-ad30-34841c3a0ff7,2026-01-30,msg_00050,U3e5dd3a641c58ad50e49f095c6f1e306,U3e618976c896c7571f5ad99d55280592,image,delivered,2026-01-30 06:44:18,
3bc71555-8229-43b0-b1db-ae3d3103f850,2025-11-22,msg_00047,Ue7310890b01058478be93761a56d0aa0,U4abbc5d775bce2b53febd93b63e013ea,video,delivered,2025-11-22 04:00:35,
1f59462f-f4e2-4e47-ad3d-2a3fdf0be840,2026-02-20,msg_00036,U879eb903ad90cd9c2874f6df7651267a,U2cbc4ed4411a6742d9b8762f6d7e1cbb,video,opened,2026-02-21 00:34:21,
f172d305-1227-495e-8c67-97174a800d32,2026-01-29,msg_00031,U3bae1603803a839c0cb52f511d9cb8f6,U169c6a913bc0225ff3896a2ccc18c049,video,delivered,2026-01-29 00:13:39,
0d530f9b-1182-48b6-9314-64a8844cd853,2026-01-13,msg_00060,U3bae1603803a839c0cb52f511d9cb8f6,59ee72e8ab29109e4c57b6c1d2c429a0,image,delivered,2026-01-13 13:26:28,
4699031f-f9e9-471f-8ad1-ea66da68842c,2026-03-04,msg_00056,U1ca413826b7044d134c9c3132420c9de,U26c412444330ff13330a31f905b025a5,text,clicked,2026-03-04 04:07:48,https://example-saas.jp/lp/newmenu
699ef00b-25d8-4fa5-8a91-6a14edc31039,2026-03-26,msg_00040,U3bae1603803a839c0cb52f511d9cb8f6,U8d3d13afe36cb5eec7dafab8af72ec4c,imagemap,opened,2026-03-26 02:56:20,
e1313c1b-db44-4754-96fa-7e030951ece7,2026-02-14,msg_00042,U3bae1603803a839c0cb52f511d9cb8f6,U35835bc171678dbf26f7107f51e2d228,video,delivered,2026-02-14 04:58:45,
b53ee57a-7ec0-479f-875f-7526d3d882f2,2025-11-16,msg_00020,U3bae1603803a839c0cb52f511d9cb8f6,U4b94248f0f3ca4f1e9583bdcf5146579,text,delivered,2025-11-16 00:03:38,
8e8664bd-851c-44cf-af7c-4a9e6114b59d,2025-12-24,msg_00062,Ub0341314a5534ea92b26fa8adc30543f,U4a61703e788f088d1ea803e1258ab6ea,video,opened,2025-12-24 16:48:07,
f6dcdcb5-7f92-4165-9b77-b88ba2fb24c5,2026-02-20,msg_00017,U22a93bc29b1df104af6b1ba1cd91fc56,U86b433b72a7a47e4853fabe9ebc49701,video,delivered,2026-02-20 06:17:15,
aef89c43-e2d6-46ba-b0db-0b1e990ec840,2025-12-23,msg_00061,Ub0341314a5534ea92b26fa8adc30543f,Uf8db2ff0859baef02aec5d7e64281b6c,imagemap,delivered,2025-12-23 10:19:39,
fc8567af-ba38-4db1-9139-9adc2916632e,2025-12-23,msg_00109,Ue7310890b01058478be93761a56d0aa0,U1a4c717a8a70e11f58d7470141e49a11,text,delivered,2025-12-23 13:40:21,
fb2b9ae1-a2be-4374-b351-4cc0a3cd09fd,2026-03-11,msg_00067,U7e808d11d6f9901a954a542a7ee09918,U2851997f47966595ce04d1b375fc929b,video,delivered,2026-03-11 22:37:36,
b85b097d-7f1d-4594-8184-38555f857705,2026-01-26,msg_00005,Ub0341314a5534ea92b26fa8adc30543f,U92742e83319fa804787cb3fdb4987c23,image,failed,2026-01-26 23:38:18,
d2682200-2cbd-44bd-91a6-9f006107a185,2026-02-20,msg_00048,Ue7310890b01058478be93761a56d0aa0,U5c9732c4a9b470e0767c09b950a6690b,flex,delivered,2026-02-20 13:28:37,
2d2f0ee5-6e54-4549-8bc1-754b02c29811,2026-02-14,msg_00065,U743849e63f8101ac616f8fd0ba84a167,7a6ec8d24fcbe8e7d8cb75c727463bac,image,delivered,2026-02-14 04:11:23,
74ad748f-fd39-4c64-a926-688fd65ed2c0,2026-02-14,msg_00042,U3bae1603803a839c0cb52f511d9cb8f6,Uca11def3654da358095406befeaaa455,video,delivered,2026-02-14 00:46:20,
558f5102-d248-44ae-82ea-4bfdae0782b4,2026-01-18,msg_00102,U227d1cd1a801c367de206ec4bbca7330,U857b888b6d1303c45e43655191709fb7,video,delivered,2026-01-18 19:43:07,
2728d652-bc8f-41ba-8e3b-e51c9f89649d,2026-01-24,msg_00066,U3bae1603803a839c0cb52f511d9cb8f6,Ua65ca2c0bee624a15895075ba4901e25,image,delivered,2026-01-24 11:37:45,
3b1b747d-d317-4136-a7bd-0ec5bfde18ff,2026-01-07,msg_00110,Ub0341314a5534ea92b26fa8adc30543f,U16ebc485558a8a1d594ec1ea20e3b843,video,delivered,2026-01-07 04:47:13,
937adc35-520f-4585-87ea-2cb2854cb1a7,2026-03-30,msg_00076,U743849e63f8101ac616f8fd0ba84a167,U43ead1802ee81cc5ec0dcd89e90ab653,image,opened,2026-03-30 22:50:32,
499b25c6-4c75-4d37-9ffc-0c2508613f66,2025-12-25,msg_00077,U743849e63f8101ac616f8fd0ba84a167,U3bf51c71abcc57ad674bd282dc771925,text,delivered,2025-12-25 21:47:42,
6707a6b6-255c-4546-8d13-dca92a7a7a50,2026-01-13,msg_00060,U3bae1603803a839c0cb52f511d9cb8f6,U54d473902fe4f4e9bb50e5643d2e1ad7,image,opened,2026-01-13 19:32:34,
ee7a1796-8801-4155-9eff-7d9cb69b1aaf,2026-03-08,msg_00112,U3bae1603803a839c0cb52f511d9cb8f6,U669b5df84416e0f2c2c7ecee2027a2bb,image,delivered,2026-03-08 18:45:31,
ab8e5a7f-c0f1-48ea-a9c0-8e3a71268840,2026-03-22,msg_00119,U3bae1603803a839c0cb52f511d9cb8f6,Ua2d10dc7b99c83c5fce26306ba3d4fa6,imagemap,delivered,2026-03-22 03:30:01,
7c669307-2081-4abe-b2af-1dfb93e1f4b4,2025-11-25,msg_00043,U3e5dd3a641c58ad50e49f095c6f1e306,U05ba74a1dbdebf020aab650271fa58e3,flex,opened,2025-11-25 23:19:12,
17f03f77-2f5c-41c1-9268-33e89ffad776,2026-01-18,msg_00102,U227d1cd1a801c367de206ec4bbca7330,df9b5cb2cdeba3b8283ba3e632db059d,video,delivered,2026-01-18 11:14:23,
5259ca7a-f0ed-4879-84d0-d3a377bd09ab,2026-02-09,msg_00083,U3bae1603803a839c0cb52f511d9cb8f6,U68089e6e6fa20e68be42b679a9a3af27,flex,delivered,2026-02-09 16:22:36,
27c849d1-8a95-4954-83b4-d806a132fc79,2026-01-30,msg_00050,U3e5dd3a641c58ad50e49f095c6f1e306,62e0d0fb34fb1bead6bc2e502a8c204d,image,delivered,2026-01-30 01:54:07,
84aae838-095a-4fd0-9c87-9ac9ca7d74dd,2026-03-14,msg_00009,U743849e63f8101ac616f8fd0ba84a167,Ucaf9116ff90635f5e7aa2d7b7e62846c,imagemap,opened,2026-03-14 07:24:51,
aed690cc-2a58-4f07-ab5c-39ab50b74bb5,2026-03-16,msg_00002,U3bae1603803a839c0cb52f511d9cb8f6,U7d77e8b2cde11523f927a508bcc0a4b5,text,opened,2026-03-16 16:43:21,
1369c45a-a3de-4a82-83e1-50894246cacb,2025-12-24,msg_00091,U3bae1603803a839c0cb52f511d9cb8f6,U9970c6f1569db4e3b380faaf2dfe98be,imagemap,delivered,2025-12-24 08:35:47,
0bd9bd10-c44d-4c59-9023-a6c3527f39e1,2025-12-18,msg_00070,Ue9a1e8a5b83a6b296d43c957a8cfba4a,Uf312b2c2025ecdebdb25d7f1e31a6b2c,imagemap,delivered,2025-12-18 10:17:18,
cd3d4c23-77a2-4585-b817-e930468b462c,2025-12-31,msg_00082,U227d1cd1a801c367de206ec4bbca7330,7c4ac14cd28cf6a526609db39dfd8763,imagemap,clicked,2025-12-31 11:14:00,https://example-saas.jp/campaign/spring
d0a5dfc7-a928-463f-920f-af40e384e9ad,2025-12-23,msg_00109,Ue7310890b01058478be93761a56d0aa0,Ua688f2f6a35dd1d42d326dff7a5752ab,text,clicked,2025-12-23 21:30:31,https://example-saas.jp/lp/newmenu
662863ae-5830-4259-ae92-1bd0ea435189,2026-02-09,msg_00083,U3bae1603803a839c0cb52f511d9cb8f6,U74c59e39a903ee3513760575f8a60284,flex,delivered,2026-02-09 02:37:54,
7ce3fa05-f44c-4042-89fa-56c05264e303,2026-02-20,msg_00036,U879eb903ad90cd9c2874f6df7651267a,U4eb8fa5f63f73eb44fbea673cca788f4,video,delivered,2026-02-20 09:28:36,
bf751fed-0efa-43b1-87cf-6c740d57aeaf,2025-12-23,msg_00109,Ue7310890b01058478be93761a56d0aa0,Ub83b85ea280e14ff77690acf36fce0f1,text,opened,2025-12-23 21:30:15,
aaa51c49-0a09-41fa-8ab2-f41b8572072b,2026-03-11,msg_00067,U7e808d11d6f9901a954a542a7ee09918,U20f1c16a46ca24ef46afd8ad69db005d,video,delivered,2026-03-11 11:39:09,
1de116d9-afcd-4ae1-b07b-e05ebf5da075,2025-12-12,msg_00029,U743849e63f8101ac616f8fd0ba84a167,U8011d0ceb72f5656aa2643e6b3eafea4,imagemap,delivered,2025-12-12 22:41:23,
4b2e3dc1-c8a2-477e-acfc-6f00ad40df02,2026-03-05,msg_00014,U3bae1603803a839c0cb52f511d9cb8f6,U0a2c1291526a72bb3d54917e029770a5,flex,opened,2026-03-05 06:36:02,
611a8022-9082-4e15-b606-c5c68e09d97f,2026-03-04,msg_00056,U1ca413826b7044d134c9c3132420c9de,Uf37101ffe60a9a331e69a9fa2641507e,text,delivered,2026-03-04 20:23:13,
13edbe9e-92b2-4ee6-bb35-b890459631f6,2026-01-29,msg_00031,U3bae1603803a839c0cb52f511d9cb8f6,U89ca7c13a9cc60f48f99d80a42dbd740,video,opened,2026-01-29 07:23:04,
af21b5bd-9d7e-4f98-82a4-88807d1d825a,2026-02-20,msg_00048,Ue7310890b01058478be93761a56d0aa0,Ud570c301bb59ce8c19567fef24d9ef85,flex,opened,2026-02-20 05:56:28,
d459021b-2a1f-4ca0-8dba-8b0867e90cdb,2026-02-05,msg_00107,U3bae1603803a839c0cb52f511d9cb8f6,Ua9a58e9f074ac86242ec0a48868b5870,text,delivered,2026-02-05 11:09:23,
7c417311-d84a-4a48-8f50-f79aaf05c3f9,2026-03-27,msg_00096,U476acbdef8e9a16d24575e4f6d7b0f31,U986620919f9aeea54059bc969666b84c,imagemap,opened,2026-03-27 15:09:49,
aa403ffc-a0e9-4328-b3af-97fe26550436,2025-12-25,msg_00045,Ue7310890b01058478be93761a56d0aa0,Uad7ac61f0813ca2e6bd3b3635bc2b442,video,delivered,2025-12-25 12:48:27,
4fb2b480-c59e-4454-9741-e036a6e7609b,2026-01-01,msg_00027,U4784fc8a8e1e4eb2435ad84e0ad052f2,Uae411c72fb88cc5038affba8647aeaa5,image,delivered,2026-01-01 20:57:17,
d4b0f472-6aa1-4931-82d2-d17049f3bff1,2026-04-12,msg_00120,U227d1cd1a801c367de206ec4bbca7330,U2ce687a43c3c384b9919e647bd80bd70,text,delivered,2026-04-12 04:48:50,
fef764ad-b23c-4eed-80d6-19d280bc8680,2025-11-30,msg_00025,Ub0341314a5534ea92b26fa8adc30543f,U0cec5787b9b247ce8c4ec13e1b5e8837,imagemap,delivered,2025-11-30 02:51:07,
0a1ecbc4-3b27-4165-8d37-22574e6808c4,2026-03-23,msg_00116,Ud4a92c8c8050eed40ef171cc2784d638,U32dee6c120e037f097d03aaba764497d,text,delivered,2026-03-23 05:04:55,
df959b61-10e5-44c4-9af3-510169be503e,2026-01-24,msg_00066,U3bae1603803a839c0cb52f511d9cb8f6,Uf39320b8091ff124f2be9b77c73761bf,image,clicked,2026-01-24 02:03:19,https://example-saas.jp/survey
370016f7-b7ad-4dca-a411-16c4725501a0,2025-11-16,msg_00020,U3bae1603803a839c0cb52f511d9cb8f6,25e6fd659f17aa7e98252742e311ef17,text,delivered,2025-11-16 04:56:28,
1f4f3443-4f86-4b54-9125-36938c9f3099,2025-12-31,msg_00082,U227d1cd1a801c367de206ec4bbca7330,U570912b8c04a7a3cd72d562ebb2231e7,imagemap,delivered,2025-12-31 12:16:29,
0ed4c8c5-864a-496e-9ec1-72af6e403005,2025-11-23,msg_00053,U743849e63f8101ac616f8fd0ba84a167,U5c6bd39e151b511ad38ba1944cd62810,video,delivered,2025-11-23 05:37:08,
e3f38029-3f0c-4397-b362-595d2991c148,2026-03-27,msg_00096,U476acbdef8e9a16d24575e4f6d7b0f31,U1d0a827168b845735b4ee684a54349c8,imagemap,delivered,2026-03-27 13:26:12,
d8b4ea15-aa03-4bd7-b52d-60fb9816128f,2025-12-25,msg_00045,Ue7310890b01058478be93761a56d0aa0,U1e6549a96497cfe00209f1c4e3543cd1,video,opened,2025-12-25 02:54:31,
736a65aa-2eaf-405b-bdae-de147c2af0d1,2025-12-09,msg_00059,U3bae1603803a839c0cb52f511d9cb8f6,U6e203bddcdfda271b881375233f24216,imagemap,delivered,2025-12-09 15:33:19,
3479294f-8f45-465e-85a0-c79e0930ddcf,2026-02-15,msg_00006,U743849e63f8101ac616f8fd0ba84a167,273dc3a6b1cfd7b09a9697ae4d05c270,flex,delivered,2026-02-15 08:38:12,
eb033f64-892e-40eb-912b-29c8618680c0,2025-12-07,msg_00003,U227d1cd1a801c367de206ec4bbca7330,U3ee50234fef4363d32bd82b140ccb0ad,image,delivered,2025-12-07 05:21:57,
f7eb19f1-2559-4d93-a86f-e01f7471919d,2025-12-02,msg_00088,U3bae1603803a839c0cb52f511d9cb8f6,U8a9ee987f6fc62986f2c3ae0bf902b36,image,delivered,2025-12-02 10:30:00,
fa9e83ae-51dc-421a-985f-b5e96711e4cc,2026-02-20,msg_00048,Ue7310890b01058478be93761a56d0aa0,Ub92b039f566e92176d057ed500a4d352,flex,opened,2026-02-20 19:03:50,
18895fd0-3076-49e6-ac1e-995c382a556c,2025-12-22,msg_00013,Ub0341314a5534ea92b26fa8adc30543f,U12f2d8dda11c3b14ff30977d1131999c,image,delivered,2025-12-22 23:44:58,
609e2aa7-b386-4377-a0eb-9c315b99402e,2026-04-08,msg_00041,Ue7310890b01058478be93761a56d0aa0,Ufc74c4fdb4c4b0371d6ab2bbc792fa9c,text,delivered,2026-04-08 19:32:22,
2ff3d752-9a23-4a0f-aa50-088c05fdeb14,2026-02-15,msg_00006,U743849e63f8101ac616f8fd0ba84a167,U01cd31ac9f4930286bce32da4101e670,flex,delivered,2026-02-15 09:05:34,
cbccf046-5700-4dad-b2f4-05da21efc327,2026-01-24,msg_00007,Ub0341314a5534ea92b26fa8adc30543f,d7c21622d681f165359669449ec5f148,imagemap,clicked,2026-01-25 00:29:46,https://example-saas.jp/lp/newmenu
20869fd2-db88-40a9-bf0a-f5c766d3ac4b,2026-02-15,msg_00087,U3bae1603803a839c0cb52f511d9cb8f6,Uf5c51d6c4309548c46c6becb1816b788,imagemap,opened,2026-02-15 20:00:08,
356522e8-dfd5-479c-9986-f0324003c479,2026-04-10,msg_00101,U743849e63f8101ac616f8fd0ba84a167,U8d56fa42a4ed7958021281ccbda1c700,imagemap,delivered,2026-04-10 16:53:34,
5ed63855-f49b-4729-969d-09406179012f,2025-12-18,msg_00070,Ue9a1e8a5b83a6b296d43c957a8cfba4a,Uc46813e6b14bc7fd97b3c2acd9d6adac,imagemap,delivered,2025-12-18 22:18:27,
634e6943-5373-4f6f-86d7-448f13b25fa7,2026-02-15,msg_00087,U3bae1603803a839c0cb52f511d9cb8f6,Uce62d61120253b15128a3d6d7f97a9e8,imagemap,opened,2026-02-15 15:40:26,
ba7f645a-f33b-4e98-a95c-edcafbeb8d8a,2026-02-15,msg_00089,U3bae1603803a839c0cb52f511d9cb8f6,U00c24413e540f35cfede998987f11a97,text,opened,2026-02-15 04:12:33,
a813d822-3459-4832-8ce8-e4fb2318c859,2025-11-25,msg_00043,U3e5dd3a641c58ad50e49f095c6f1e306,U68adbfa76d0b6fcd383b92e634421c86,flex,delivered,2025-11-25 13:05:19,
b807887a-b5f3-427c-9e46-fa06df537beb,2025-12-19,msg_00118,U4784fc8a8e1e4eb2435ad84e0ad052f2,U582e6c97e61a7bf062683bbd8ccb0c0f,image,delivered,2025-12-19 07:46:24,
6cb6138d-13aa-4c4e-bb80-b9f2e8242227,2026-03-23,msg_00071,U3bae1603803a839c0cb52f511d9cb8f6,Ue4314b954e0f1c96c03845437f7efa20,imagemap,opened,2026-03-23 18:45:29,
3dd679c6-cb1d-4155-87e0-b7b9ca960a65,2026-03-22,msg_00119,U3bae1603803a839c0cb52f511d9cb8f6,Ue4925f4351d5ce03e861c5b2c40d95eb,imagemap,opened,2026-03-22 19:25:08,
639a8067-36a7-48a6-ad66-947c996795ca,2026-04-05,msg_00054,U3bae1603803a839c0cb52f511d9cb8f6,Ue14624bfb9a708503f5418b25e2b3b71,image,clicked,2026-04-05 05:39:07,https://example-saas.jp/campaign/spring
dbc9d598-a3d1-4539-891f-dab7413c000b,2026-04-12,msg_00120,U227d1cd1a801c367de206ec4bbca7330,U3d61c075870aea38c57d916e50e60fcb,text,opened,2026-04-12 10:37:42,
65af1d91-8845-440c-8f7b-66705baf1da7,2026-03-20,msg_00092,U743849e63f8101ac616f8fd0ba84a167,U55a60be64617c2ff38035c5f3f2b401d,video,opened,2026-03-20 22:43:52,
60b564f4-2e31-433f-a702-b768bae0b3c1,2026-01-24,msg_00007,Ub0341314a5534ea92b26fa8adc30543f,U4d6f110aa0547c7bb8942d1e0684109c,imagemap,delivered,2026-01-24 14:22:38,
85e6c959-2f9d-4280-ad0f-6a14d5817142,2025-12-07,msg_00003,U227d1cd1a801c367de206ec4bbca7330,U19870c534cc507e28c832ad1bfca6da1,image,clicked,2025-12-07 02:14:48,https://example-saas.jp/coupon/500off
58b9bf32-7f6a-4364-bcdd-3a3be3b1d2a2,2026-03-21,msg_00023,U743849e63f8101ac616f8fd0ba84a167,U699ee6ca46634b8bf14c83f73d8f7f6b,imagemap,delivered,2026-03-21 09:54:02,
98353d45-e5c6-4f85-b23a-9ed62979b266,2025-12-01,msg_00072,U743849e63f8101ac616f8fd0ba84a167,Ud9a74c3a110a238f7af27356853f024b,image,deliverd,2025-12-01 19:10:30,
f17fb4f5-104f-43a2-a178-4cabf8ec517a,2026-03-21,msg_00023,U743849e63f8101ac616f8fd0ba84a167,Ufe923f7b4ae81aee00d9f46352ca1594,imagemap,delivered,2026-03-21 15:38:53,
83fb40ac-f961-459f-b26a-e2afff1d19c7,2026-01-09,msg_00052,U743849e63f8101ac616f8fd0ba84a167,e2fdfc837ac54fb9b96b47e6bab7f340,video,delivered,2026-01-09 14:11:57,
93522947-fe01-41cc-a928-07840061a562,2025-12-09,msg_00094,U227d1cd1a801c367de206ec4bbca7330,U8dc323518cbbc8d78c64ded479524000,flex,delivered,2025-12-09 22:42:17,
c967097e-d7df-48bd-8d22-65dd92d9052b,2025-12-31,msg_00082,U227d1cd1a801c367de206ec4bbca7330,Uf96be9e674ca9d5f1ae93abc4fc857e5,imagemap,delivered,2025-12-31 10:34:41,
cd25c480-8a11-4e12-8432-8a114b9d4bbb,2026-01-13,msg_00060,U3bae1603803a839c0cb52f511d9cb8f6,U962f7d0d02053a5a712657b43467e4b1,image,clicked,2026-01-13 15:11:32,https://example-saas.jp/campaign/spring
49eef081-2fe8-4f6e-bc5b-0e020d29ca8e,2026-01-09,msg_00052,U743849e63f8101ac616f8fd0ba84a167,95ccf79dafccf1dc216d01a9c4582a8a,video,delivered,2026-01-09 14:42:47,
4e204782-bfdf-4542-a0e5-7a8a7958c4b5,2026-01-24,msg_00007,Ub0341314a5534ea92b26fa8adc30543f,U8e649dec9e9ec35afca65072ab338e50,imagemap,opened,2026-01-24 11:09:22,
c92b9f4a-7aa3-4d87-9c42-685ba98a5b47,2025-11-30,msg_00025,Ub0341314a5534ea92b26fa8adc30543f,21cba65cc7cbc946ec187f233457e62d,imagemap,opened,2025-11-30 13:25:31,
0f273c33-8f4c-4602-9715-05ba7cc60d1b,2026-03-04,msg_00056,U1ca413826b7044d134c9c3132420c9de,U014367740643443361ffa79ab9e7624c,text,delivered,2026-03-04 08:21:29,
7c35234e-3f68-4854-b21c-7e515fbe73a2,2026-04-12,msg_00105,Ud4a92c8c8050eed40ef171cc2784d638,Ub00d14fc90dcdac62083dfad72d7ac7d,flex,delivered,2026-04-12 13:41:57,
5e76f337-f01d-444c-8fb7-5a08dbf82129,2026-01-10,msg_00044,U30ad60bba5da9837ca5dd0230ca8f531,U2fd9c98b1d8b8684ffd56532c251c0de,video,delivered,2026-01-10 03:06:45,
dddf392f-614e-4753-87aa-8b1caab3818d,2025-12-23,msg_00109,Ue7310890b01058478be93761a56d0aa0,645a2755d2c47b76ca16d9eee2172670,text,opened,2025-12-23 21:35:41,
5e7a185b-684e-4dee-a852-c959549b4d4e,2025-12-21,msg_00022,U3bae1603803a839c0cb52f511d9cb8f6,Uefb8cbc01ce9502dd2dc73592562b252,video,opened,2025-12-21 20:49:05,
a88a4b17-83d7-4c4c-9520-4be5d34d10e7,2026-03-11,msg_00067,U7e808d11d6f9901a954a542a7ee09918,U05407790286bbb8e6249a6c6116ca46d,video,delivered,2026-03-11 01:41:49,
fc3ee070-9a85-4aa6-818f-4f8bc7eb459f,2026-04-01,msg_00072,U4784fc8a8e1e4eb2435ad84e0ad052f2,U5200a2480c9a20933266881bbe0b8df1,image,delivered,2026-04-01 05:48:07,
fba27ea9-79b3-4e3f-9537-afde63bec59b,2026-02-07,msg_00090,U4784fc8a8e1e4eb2435ad84e0ad052f2,Uc59a0cdac8ae0556491024386092d8e9,imagemap,opened,2026-02-07 15:58:05,
e5515120-7252-4d56-b2a9-39f5bba4b268,2025-12-09,msg_00059,U3bae1603803a839c0cb52f511d9cb8f6,U37dc37d511c8ce847f2fa74a894fa744,imagemap,opened,2025-12-09 01:53:38,
bea00caf-b494-4d26-bc00-0cd1692ae572,2026-02-25,msg_00008,Ub0341314a5534ea92b26fa8adc30543f,Ufe1e0470dcf8803ea3a006715598b8d7,image,delivered,2026-02-25 18:45:27,
d36745cf-60b0-4774-bb55-5e51805611c9,2026-02-19,msg_00016,U837b70463a585f85743b5bfb3b49c9fd,U66530418b4199091022a023a2ef8dbf7,flex,opened,2026-02-19 20:49:40,
7326e574-c737-4b67-b4b2-581e1ce6807b,2025-12-25,msg_00045,Ue7310890b01058478be93761a56d0aa0,U9bf50b5046fd0b459a10ec760add5436,video,opened,2025-12-25 09:40:26,
6055df59-d61f-4c45-8055-6de1f2d6c4fb,2026-02-24,msg_00039,U743849e63f8101ac616f8fd0ba84a167,U85b1b2e30ed3f0c95effedfcd33dc385,flex,opened,2026-02-24 09:05:43,
c9f13eab-cbe2-4520-9832-b403de160d76,2026-02-14,msg_00042,U3bae1603803a839c0cb52f511d9cb8f6,U2c2e711eb5b2fc0636091bf1fe27db6a,video,delivered,2026-02-14 17:24:59,
8ab22956-c3d5-4329-b0bf-eda3f64a9806,2026-02-15,msg_00089,U3bae1603803a839c0cb52f511d9cb8f6,U73fa4b4eeacdee44a8d7ecced00ca79c,text,delivered,2026-02-15 07:56:11,
5697c73f-1bbf-4ba7-9db5-c99437a5a277,2026-01-24,msg_00113,Ub0341314a5534ea92b26fa8adc30543f,U559a90a033175036b0cef2113404eaeb,text,delivered,2026-01-24 09:44:11,
ceb8df68-29b3-4f4d-b9d5-3429e012b4f1,2026-02-20,msg_00048,Ue7310890b01058478be93761a56d0aa0,U45f5d6f5de3a457b32bd4286dc556fe1,flex,opened,2026-02-20 22:05:58,
921f5d4a-df58-4fdf-a0f2-3e4fbed8801b,2025-11-17,msg_00099,U3bae1603803a839c0cb52f511d9cb8f6,U5ecfda40359ff48a7bd4dcad6b674c26,text,delivered,2025-11-17 22:36:12,
a0cd82a3-919e-4664-8a61-8ecf34811e45,2026-02-15,msg_00089,U3bae1603803a839c0cb52f511d9cb8f6,Uaeee596d55090876c5ea67c9c972881a,text,delivered,2026-02-15 08:50:19,
f6033d2b-f479-43a6-bdd2-d65197e55e7e,2026-01-26,msg_00103,U3bae1603803a839c0cb52f511d9cb8f6,Uc7683032a1b3641d7fb69b7f6bbfc3c5,flex,delivered,2026-01-26 08:28:17,
b50082ad-79da-4464-bda1-26444282a330,2025-12-19,msg_00064,Ub0341314a5534ea92b26fa8adc30543f,U5a64657dbc271927f2a6ef192891e91c,image,opened,2025-12-19 22:00:18,
cecec04f-77b7-42b1-a12e-d44b035b66ac,2026-02-14,msg_00098,U743849e63f8101ac616f8fd0ba84a167,U3e6f45ccc15b2b7cdd7a1eb28ac712dc,imagemap,delivered,2026-02-14 11:06:26,
27015aec-7fb7-4abb-86c1-e0ee5fa530a6,2026-01-24,msg_00007,Ub0341314a5534ea92b26fa8adc30543f,Uf8b0e0a4749bd7b6d168557b5ccc01f3,imagemap,delivered,2026-01-24 07:10:42,
060dfaaa-1d1e-4909-a6ad-d4279b4cf109,2025-12-09,msg_00094,U227d1cd1a801c367de206ec4bbca7330,5d6f49f363824e5ba6e3e64a046b77f1,flex,opened,2025-12-09 13:18:56,
6f2bf99d-e784-4743-93d3-7afb96eabc0d,2026-03-27,msg_00096,U476acbdef8e9a16d24575e4f6d7b0f31,Ue37fc8fae108d51dbf53a473e6be2329,imagemap,delivered,2026-03-27 05:44:11,
92fb1443-8234-49fa-8ba3-6ba32227b6dc,2026-02-14,msg_00042,U3bae1603803a839c0cb52f511d9cb8f6,U077874f4087345e4d0cb4d6e0d80081c,video,clicked,2026-02-14 02:21:23,https://example-saas.jp/coupon/500off
795c0cb9-01e0-4b05-a04c-1b055289353b,2025-12-08,msg_00015,Ub0341314a5534ea92b26fa8adc30543f,Ub789c00d5f2f49c9855ef73ca9645ff8,text,delivered,2025-12-08 17:03:22,
c649eedb-cb68-47d3-bf59-c1c1d64c639e,2026-03-23,msg_00073,Ud4a92c8c8050eed40ef171cc2784d638,Ueb91cc6b4ae6c97d864ac4d2e459d2e5,imagemap,delivered,2026-03-23 14:45:10,
95c4a1fd-ae00-4723-9262-6438e1fe7c30,2026-04-08,msg_00041,Ue7310890b01058478be93761a56d0aa0,U7de5a03f32a28a26ecf5a62162a57db1,text,opened,2026-04-08 04:23:26,
f11e6b28-8299-4bef-8c0c-3b68a52684af,2025-12-14,msg_00085,U743849e63f8101ac616f8fd0ba84a167,U786742334c41fdb7e0692bfdcf6ac21f,image,opened,2025-12-14 01:36:56,
9c0b5e07-d883-43fc-b69f-aefbdd535483,2025-11-23,msg_00053,U743849e63f8101ac616f8fd0ba84a167,Ubaf5dfc71c23432c314ca839fcac2aa1,video,delivered,2025-11-23 13:29:21,
7fad0d49-ca1f-4203-b124-ae4a9f118913,2026-03-06,msg_00068,Ub0341314a5534ea92b26fa8adc30543f,U8097a6a68bdce0a3d1c7ecc290518855,video,opened,2026-03-06 05:46:33,
8c2782d9-c4e4-4cc5-befe-9f99fe21bc0a,2026-03-18,msg_00080,U22a93bc29b1df104af6b1ba1cd91fc56,Ua012433d3b22c087079e3f80fe05d3d9,flex,delivered,2026-03-18 10:06:16,
4f31f286-2477-4672-9988-8329f5fcdc87,2025-11-23,msg_00024,Ue8d9224ecde331ce692edfce0b5ecdc4,U221d4024f1fa50a9ac4e8ae0b17852a3,text,delivered,2025-11-23 01:14:57,
b2a65c24-3f39-4843-b15c-c5440efa7057,2026-03-08,msg_00112,U3bae1603803a839c0cb52f511d9cb8f6,Uffda8bc34892f1e314c516eaa33157e2,image,delivered,2026-03-08 23:13:50,
b3b71b11-57c0-422b-863b-79d78d8d45d2,2026-03-04,msg_00056,U1ca413826b7044d134c9c3132420c9de,U44da5f2d01495715de5748d408e42356,text,delivered,2026-03-04 09:25:49,
abce9bb3-0a23-4a77-bc19-2c0cb51f57e8,2026-03-30,msg_00076,U743849e63f8101ac616f8fd0ba84a167,Udea561bcb5e42b07f3c91a12965c03fb,image,failed,2026-03-30 13:18:50,
64904e56-09d3-45ee-adad-3eb4523a6641,2026-03-06,msg_00068,Ub0341314a5534ea92b26fa8adc30543f,U38d20959a72810d9f2810f9449a29b96,video,opened,2026-03-06 17:30:26,
6285cbb2-0bca-4d4d-b6d2-5474d09330b9,2026-02-15,msg_00006,U743849e63f8101ac616f8fd0ba84a167,U5803423468c9569252a47b97ede00099,flex,delivered,2026-02-15 01:16:21,
43be6d23-fc0d-49e7-af2a-6ae0f456cad2,2026-04-01,msg_00072,U4784fc8a8e1e4eb2435ad84e0ad052f2,Ud6783a50551d74da84cb4e0f711154c6,image,delivered,2026-04-01 20:37:58,
9e46e696-b015-4890-9e65-4876357dc3ba,2026-03-05,msg_00014,U3bae1603803a839c0cb52f511d9cb8f6,U4fd1449f39694a2b85ec659b318660b1,flex,opened,2026-03-06 00:57:09,
3b90c797-288e-429d-a1f6-b3298d9a07f6,2025-11-19,msg_00019,U743849e63f8101ac616f8fd0ba84a167,U53a86e3de0c12e111a15c0b1431804aa,flex,delivered,2025-11-19 21:19:59,
4af91722-f5b4-4133-999b-9902fa3a0311,2025-12-23,msg_00109,Ue7310890b01058478be93761a56d0aa0,98a92e07ffe93f73d5b0dc0880fe0a28,text,opened,2025-12-23 21:28:25,
3b971e93-bda1-4b49-bfa2-b57dbec60a47,2026-01-01,msg_00027,U4784fc8a8e1e4eb2435ad84e0ad052f2,U205f88dd99956fae511de2e34e5baf5d,image,opened,2026-01-02 01:42:26,
608f2953-1564-4aba-a5cd-2293aa6524b5,2026-03-06,msg_00055,U3bae1603803a839c0cb52f511d9cb8f6,U19b84890e8888adf1e083ee9947c0809,flex,clicked,2026-03-06 03:38:22,https://example-saas.jp/lp/newmenu
6454c4fd-a269-45a2-b116-595e3f602a49,2026-04-05,msg_00054,U3bae1603803a839c0cb52f511d9cb8f6,U2d6f31aad2677c9823ad32fd0ae158e1,image,opened,2026-04-05 02:29:22,
0d2c87e5-2bc0-4bdd-85c0-6dc6e93d7a4c,2026-02-14,msg_00098,U743849e63f8101ac616f8fd0ba84a167,U4dddab4881c4e573e0e2aa013493de37,imagemap,clicked,2026-02-14 03:37:51,
2ae558da-0516-45c4-b167-8d091d23e664,2026-02-09,msg_00083,U3bae1603803a839c0cb52f511d9cb8f6,Ua6dfe584d65cfdb612e20ea38cdf103b,flex,delivered,2026-02-09 20:41:53,
63f568ad-fffd-4eee-8dfe-213dfc25131c,2026-03-04,msg_00056,U1ca413826b7044d134c9c3132420c9de,U386a686576d6b18a8140876dd262f84e,text,delivered,2026-03-04 18:44:21,
00cdfdab-5c9b-4602-810b-468db95bb558,2025-11-22,msg_00047,Ue7310890b01058478be93761a56d0aa0,U9d0269f59520f695dae18bc25e93063b,video,delivered,2025-11-22 09:44:51,
0ffb01a3-bbb2-419d-afd1-382291511b77,2026-03-03,msg_00093,U743849e63f8101ac616f8fd0ba84a167,Uf7dddde4368465222b624cbe12759a40,imagemap,delivered,2026-03-03 01:36:11,
d464902e-be54-4b45-bdb7-2e6aa172cdfb,2026-04-08,msg_00041,Ue7310890b01058478be93761a56d0aa0,U465beddc71d93b8cc4998df9f922bbe3,text,delivered,2026-04-08 15:17:41,
0d808381-7d7e-4562-b1a8-3b16da734ace,2025-11-25,msg_00043,U3e5dd3a641c58ad50e49f095c6f1e306,Ua71ae889462a252d89c81a0ef00ce2b4,flex,delivered,2025-11-25 22:33:22,
a9dde681-e3de-41ac-ac0d-5a2526f1dc83,2025-12-31,msg_00082,U227d1cd1a801c367de206ec4bbca7330,U570912b8c04a7a3cd72d562ebb2231e7,imagemap,opened,2025-12-31 12:21:05,
01bb47f3-2499-4d69-a570-311083a8775b,2026-02-10,msg_00058,Ue9a1e8a5b83a6b296d43c957a8cfba4a,Udf1e913680f65e044a2b4e81ceab87ae,video,blocked,2026-02-10 12:33:06,
ff93630c-15ad-4ecf-b5b1-c8e4d415a3eb,2025-12-24,msg_00091,U3bae1603803a839c0cb52f511d9cb8f6,c9a7f8b421006d440969b091a128efb2,imagemap,opened,2025-12-24 03:23:19,
f36eb220-c69b-46b3-85c6-305525e58f16,2026-02-08,msg_00051,U3bae1603803a839c0cb52f511d9cb8f6,U6cc1010a8847cdc8e9a74d1206ea0818,image,delivered,2026-02-08 08:48:00,
747b5b5f-6301-4d60-84fd-bf332b9b2157,2026-03-26,msg_00040,U3bae1603803a839c0cb52f511d9cb8f6,Uacc7e38de39f76d75cff9806dd5aaf4f,imagemap,delivered,2026-03-26 02:49:53,
f6153554-03ba-45fc-aafe-06f8ef480edb,2026-03-26,msg_00040,U3bae1603803a839c0cb52f511d9cb8f6,Ua8925d158fb107897430cf07bde85a59,imagemap,delivered,2026-03-26 16:30:11,
8ce46d12-502e-4f05-9ea6-8993a07234ee,2025-12-07,msg_00003,U227d1cd1a801c367de206ec4bbca7330,Ue7d5d29f1c1938f4cef70e5cb57562b8,image,opened,2025-12-07 10:59:18,
743c3be3-175c-4d5a-b97f-4991b24d4a4e,2026-04-05,msg_00012,Ub0341314a5534ea92b26fa8adc30543f,U9b13f2dc6f0cc991717dc5a1c4f4ee1d,imagemap,unsubscribe,2026-04-05 17:30:28,
9800b58a-df10-4e15-b6b9-a43e79840996,2026-02-10,msg_00058,Ue9a1e8a5b83a6b296d43c957a8cfba4a,6af40d4ad7f92353e1640f8c4468b5d6,video,delivered,2026-02-10 00:48:36,
18193633-0dfc-41a4-b957-f6b27459d17a,2026-04-04,msg_00100,U743849e63f8101ac616f8fd0ba84a167,Ufbcb0d4a24e2ad0193d05b2f0dd26244,image,opened,2026-04-04 23:45:11,
e3e6bb73-feec-44fa-bc1f-9a828f7781bf,2026-02-16,msg_00021,U743849e63f8101ac616f8fd0ba84a167,U50ea26580dc625e8941b557c93b5bfbf,flex,delivered,2026-02-16 09:19:52,
4bc43552-4765-4bf2-88de-e38be7a2b9b7,2026-03-27,msg_00096,U476acbdef8e9a16d24575e4f6d7b0f31,U1ed8cd6fadd11335b3f4d13636e1b450,imagemap,opened,2026-03-27 05:42:19,
66d4294c-823e-4756-a114-82c2091b4dc3,2026-03-11,msg_00067,U7e808d11d6f9901a954a542a7ee09918,40b2e05add35fca213d9806233aa8fc3,video,delivered,2026-03-11 14:42:39,
1ccfbbfa-ec36-4d7e-8571-12a4d4fb05e6,2025-11-17,msg_00099,U3bae1603803a839c0cb52f511d9cb8f6,U6f544c4a6f29186ef5930df054a72b95,text,delivered,2025-11-17 22:45:48,
e347b8ee-7e70-4fb4-a639-124a5f11f536,2025-11-23,msg_00024,Ue8d9224ecde331ce692edfce0b5ecdc4,Ucc350a8ee8c84e2327fc116444313fcd,text,delivered,2025-11-19 16:53:40,
760ec87d-d742-4321-954c-744aaef8dadc,2026-04-05,msg_00054,U3bae1603803a839c0cb52f511d9cb8f6,Ue14624bfb9a708503f5418b25e2b3b71,image,delivered,2026-04-05 04:05:57,
d7ee3a01-5ef0-496b-8b8a-2fe68778eb67,2026-01-20,msg_00108,Ub0341314a5534ea92b26fa8adc30543f,U9b36551876dab055939b78bbfc69aef1,flex,delivered,2026-01-20 15:47:54,
829d55b0-0868-43af-af39-5fd15b66a6d5,2026-03-21,msg_00023,U743849e63f8101ac616f8fd0ba84a167,Ube44b8af9907b23981dbbdfdf87b2fd1,imagemap,delivered,2026-03-21 23:18:18,
d7988bfc-6b5f-4dc8-93fc-90e2ccda7860,2025-12-09,msg_00059,U3bae1603803a839c0cb52f511d9cb8f6,Ua074194a8a3724d95b472222aceaf1dd,imagemap,delivered,2025-12-09 19:16:57,
4afdd918-0eb2-44ba-9a50-8964b5c6fd45,2026-04-12,msg_00120,U227d1cd1a801c367de206ec4bbca7330,U08b15e8d53e541784c4dd95dac6ec74d,text,delivered,2026-04-12 08:59:11,
e9fa19e6-1da1-478f-baed-79732a51f6a9,2025-12-24,msg_00091,U3bae1603803a839c0cb52f511d9cb8f6,Ud2475e0499f2935fdcf8be2aa3350561,imagemap,opened,2025-12-24 15:54:45,
5e677448-b4e6-4705-852f-c75eb28e14b4,2026-01-26,msg_00005,Ub0341314a5534ea92b26fa8adc30543f,U9fa0054b2dbb8249635c5d75dd984f46,image,opened,2026-01-26 08:09:16,
6dbfc3dc-673a-42c2-a150-eba762d875fc,2026-02-20,msg_00048,Ue7310890b01058478be93761a56d0aa0,U2409075a11b5177a75885b4598b093a4,flex,delivered,2026-02-20 04:40:30,
08069bc5-7654-49ff-8df7-454a1d573abd,2026-04-10,msg_00101,U743849e63f8101ac616f8fd0ba84a167,Uf93a7677ca51d9e8526a614bdc9bc3e6,imagemap,opened,2026-04-10 00:46:00,
59e1543a-d2c7-43fa-ab23-d3511c994684,2025-12-17,msg_00032,U3bae1603803a839c0cb52f511d9cb8f6,dc9db5632910a84585e4254bd51fe718,video,opened,2025-12-17 08:39:23,
d1ca4a57-fb5e-4db4-8af0-7f58b07c200b,2026-03-26,msg_00040,U3bae1603803a839c0cb52f511d9cb8f6,U09db43627bd20da2a4f237f28dca0eb1,imagemap,delivered,2026-03-26 12:51:03,
15585660-0444-4b1d-adc8-cfac86de348e,2026-04-04,msg_00100,U743849e63f8101ac616f8fd0ba84a167,U3ac7aefc1cafd6001125da93c67adb94,image,delivered,2026-04-04 04:41:43,
4ff2347c-8cfd-4535-b896-5318ef4331e1,2025-12-09,msg_00094,U227d1cd1a801c367de206ec4bbca7330,U4c8b0a05425f10a0a4f023f92978f02e,flex,opened,2025-12-09 17:30:59,
40afd5b1-d52c-4afd-8de0-db7efcbc616d,2026-04-01,msg_00072,U4784fc8a8e1e4eb2435ad84e0ad052f2,U96651972e9c5bc46c4a4fe12dafafcf1,image,opened,2026-04-01 21:21:52,
a7f4e85e-39b3-43ab-b63a-6c282da237f0,2026-01-31,msg_00035,U7e808d11d6f9901a954a542a7ee09918,a9dd836684ac771d3ce2d9fe1672232c,text,delivered,2026-01-31 11:34:25,
6520ae1d-4eaa-4f46-a1b5-d6bf68bbf434,2026-03-22,msg_00119,U3bae1603803a839c0cb52f511d9cb8f6,U66419972a593785a0f9b2df1e2e5662d,imagemap,delivered,2026-03-22 02:18:07,
0734cb10-690f-4397-b96e-0c3945b2c423,2026-02-14,msg_00042,U3bae1603803a839c0cb52f511d9cb8f6,U9802c144007943df888261f5fdb71b6f,video,opened,2026-02-14 10:17:19,
96971f03-e936-4de3-8280-442b224dd79d,2026-02-08,msg_00051,U3bae1603803a839c0cb52f511d9cb8f6,U88ec06548cf7551926f0dfb8acc132a2,image,delivered,2026-02-08 02:39:39,
cc7c336e-335c-4d90-a729-43ca4e7403fe,2025-11-17,msg_00099,U3bae1603803a839c0cb52f511d9cb8f6,Uabd4b97ba9841ae1a37370aa60c1dfc5,text,delivered,2025-11-17 18:01:26,
6d074c75-b17f-45ec-be90-80e2d7ff0c24,2025-12-21,msg_00022,U3bae1603803a839c0cb52f511d9cb8f6,U6e75512200d612651829559a91c8c52d,video,delivered,2025-12-21 19:00:56,
cf7c30b0-d5b3-42f8-af9a-3880a70f2ff7,2026-03-20,msg_00092,U743849e63f8101ac616f8fd0ba84a167,Ub10230731a52f8682ce67f6018312b07,video,delivered,2026-03-20 17:49:09,
529faa36-a8b8-4726-8734-7ae9c2eefaff,2026-01-13,msg_00060,U3bae1603803a839c0cb52f511d9cb8f6,U3b767befab508c33325adca2bde7486c,image,delivered,2026-01-13 02:06:29,
82c72e97-d0c3-4894-8387-f4565c70bb78,2026-02-24,msg_00039,U743849e63f8101ac616f8fd0ba84a167,Ub144df8370a1a63ef67e0d858854b849,flex,delivered,2026-02-24 22:37:22,
76e8f17b-aff0-4974-9f02-bd214f677540,2025-12-25,msg_00045,Ue7310890b01058478be93761a56d0aa0,Ue3c48b38de275a30e3df76a4a41ca056,video,delivered,2025-12-25 08:08:59,
2f204f0b-bdd5-4de7-bad9-1d3c6d9f3711,2025-12-24,msg_00062,Ub0341314a5534ea92b26fa8adc30543f,0a210f4bed1be2a9da31e232dd6d0a8d,video,delivered,2025-12-24 07:33:53,
41c8eceb-4eea-4821-a280-aebf0cada2c9,2026-01-18,msg_00102,U227d1cd1a801c367de206ec4bbca7330,U85b473790c86f54415ff3127ea83f2e8,video,opened,2026-01-18 05:23:45,
e6635aea-997e-4bc3-a590-5c4cc7eacdae,2026-01-26,msg_00005,Ub0341314a5534ea92b26fa8adc30543f,Ub4f62e989e7a81c3d2452b86f5cbd217,image,opened,2026-01-26 14:45:58,
914d1128-7a64-44e7-be2d-bcdf3f86b531,2026-01-24,msg_00066,U3bae1603803a839c0cb52f511d9cb8f6,Ua65ca2c0bee624a15895075ba4901e25,image,opened,2026-01-24 12:54:44,
1fa4d4b5-a08a-45f8-9a5a-caa3a807b479,2025-12-23,msg_00109,Ue7310890b01058478be93761a56d0aa0,Ud3b53d3ffd6b8c1346b5cc9d2d8a836e,text,delivered,2025-12-23 14:25:16,
35af5786-c706-40f7-bc57-db23233879a7,2026-01-26,msg_00005,Ub0341314a5534ea92b26fa8adc30543f,U270072853b44c967e6ee749e96137700,image,opened,2026-01-26 17:09:06,
938b5e68-400c-4b2c-818b-a4627f6c37e7,2025-12-23,msg_00109,Ue7310890b01058478be93761a56d0aa0,U90d1f35d1ba649ff5f62d9d80a9847ff,text,delivered,2025-12-23 22:53:09,
a9b7b62a-75a2-4a6d-8eee-5dca920412f5,2026-01-01,msg_00058,Ub0341314a5534ea92b26fa8adc30543f,U0681c669b70bbb70ee223098c3ddfb7c,flex,deliverd,2026-01-01 13:11:31,
8f2a7575-6e83-426b-aade-08b22afbfa71,2025-12-17,msg_00032,U3bae1603803a839c0cb52f511d9cb8f6,U87ffe16f74bc3f1d37e0f72e0d10bc3e,video,delivered,2025-12-17 14:09:55,
a5a3b3ba-e44c-415a-8bcb-43dc6759e75a,2026-02-14,msg_00042,U3bae1603803a839c0cb52f511d9cb8f6,Ud7d777c3574d5e2ebfdeb6afff1149d3,video,delivered,2026-02-14 03:10:05,
712d3cfa-b8e4-4310-ab71-c753e177b29c,2025-12-18,msg_00114,Ub0341314a5534ea92b26fa8adc30543f,U50ea0987023d69342b2a0041cd6b7494,flex,opened,2025-12-18 06:19:09,
714fc02f-bf8b-4a98-9a1c-a368d9d521ab,2025-12-02,msg_00088,U3bae1603803a839c0cb52f511d9cb8f6,U3fa4462755e304dec277e783708e722c,image,opened,2025-12-03 00:24:46,
9e4eac38-486d-4071-8f0d-0a078bb7b24c,2025-12-19,msg_00118,U4784fc8a8e1e4eb2435ad84e0ad052f2,Ua6583095dac412b80e49d95e04c10e06,image,delivered,2025-12-19 15:38:59,
5c15ad8d-8762-438e-b4ae-f63a10a72ec5,2026-01-20,msg_00026,Ud4a92c8c8050eed40ef171cc2784d638,U0f359e11233bd1522304724e7707a0af,imagemap,opened,2026-01-20 06:40:18,
3118590b-e0e7-4138-a452-b4fcafc32175,2026-04-05,msg_00054,U3bae1603803a839c0cb52f511d9cb8f6,U009b086c9365c5cb919391ac181af401,image,opened,2026-04-05 04:23:29,
5b25b086-67ba-4259-8dac-b41253d47a73,2026-03-16,msg_00002,U3bae1603803a839c0cb52f511d9cb8f6,U07136e45d43e9807743ac1a20b634d9b,text,delivered,2026-03-16 17:25:28,
9dd07b42-0cbf-4ef5-b45d-80de8a711d98,2025-11-23,msg_00024,Ue8d9224ecde331ce692edfce0b5ecdc4,Ua121df1733eee0792bc95e8767dab86d,text,delivered,2025-11-23 07:04:38,
a8c0635b-07fd-4397-bef8-494428ddb8da,2026-01-24,msg_00113,Ub0341314a5534ea92b26fa8adc30543f,U5d9d74ee2f09d343dc59600be590df70,text,opened,2026-01-24 20:20:01,
e8d7483a-d611-4e2b-aa71-930ad2d79e1f,2026-04-12,msg_00120,U227d1cd1a801c367de206ec4bbca7330,c58aeedf84fb31ab181f1facad171577,text,opened,2026-04-12 09:32:59,
715ee39c-15b2-44c7-8bcb-caf86fdbee4b,2025-12-17,msg_00032,U3bae1603803a839c0cb52f511d9cb8f6,0adeb2ef402dd6bddecf252d4bf38253,video,delivered,2025-12-17 06:04:31,
0b259f7b-658e-4cef-bd76-67067d1f33cd,2025-12-03,msg_00012,U743849e63f8101ac616f8fd0ba84a167,U497a4642593d3daa1484c449e4642dc2,imagemap,delivered,2025-12-03 06:33:25,
35f6b617-7907-4404-9550-04faa2646c0a,2026-02-08,msg_00051,U3bae1603803a839c0cb52f511d9cb8f6,U4d76c273321e00227f1ed52ff0d01586,image,delivered,2026-02-08 06:03:45,
362dbcf7-07aa-440d-bc30-d970bdf459ef,2026-04-12,msg_00120,U227d1cd1a801c367de206ec4bbca7330,Uaf7b09c3428fd43544adee42e9c78d4b,text,delivered,2026-04-12 19:48:45,
c9e7eee3-18ea-4c8a-9f4a-c07c13ecb6a6,2026-02-20,msg_00036,U879eb903ad90cd9c2874f6df7651267a,U52cc4568ce4a63033aa8f187b5fdb2db,video,delivered,2026-02-20 14:04:47,
c346147f-438d-432b-a596-47c193d087c0,2026-01-18,msg_00102,U227d1cd1a801c367de206ec4bbca7330,U2823a5690cfb6437a1ea296048159b3d,video,delivered,2026-01-18 12:10:53,
8b7e704e-bcef-4bf0-8a2f-4f9438418a05,2025-12-17,msg_00032,U3bae1603803a839c0cb52f511d9cb8f6,Uef26c728916e3b47887459806d49d9fd,video,clicked,2025-12-17 10:08:31,https://example-saas.jp/lp/newmenu
2de85c76-f6a7-41ae-829a-86ffe2947af3,2025-12-12,msg_00004,Ub0341314a5534ea92b26fa8adc30543f,U897bb6235dff2e0d52bbca5d3f9eea09,video,delivered,2025-12-12 20:36:55,
357d351e-4c76-4b6f-8123-62e9b313a953,2026-01-24,msg_00113,Ub0341314a5534ea92b26fa8adc30543f,U497d1d353c23a7ad064d0b8be37ec721,text,delivered,2026-01-24 16:46:02,
a7bac752-ff64-4221-a719-7a9f2e4079ff,2026-03-05,msg_00014,U3bae1603803a839c0cb52f511d9cb8f6,U8d49c2d16361c2ae426ad267a17cf000,flex,delivered,2026-03-05 19:35:27,
681a9467-9130-4b1b-abcf-c12fb4df4519,2026-04-04,msg_00100,U743849e63f8101ac616f8fd0ba84a167,Udcf92b09325698a43b70f352b10a5246,image,delivered,2026-04-04 16:30:09,
4c1a7ceb-c3dc-4268-aa5a-f8eaba1e9778,2026-03-31,msg_00046,U4784fc8a8e1e4eb2435ad84e0ad052f2,U259d9c78111cc1e1b52741ed0b2c716b,flex,delivered,2026-03-31 20:32:00,
4ff19fe8-04a1-4f82-bdad-f8641e6b4e75,2026-01-26,msg_00103,U3bae1603803a839c0cb52f511d9cb8f6,U0b9098ab6a4a4181e76b8320abbbe641,flex,delivered,2026-01-26 00:00:54,
96f956c5-3993-4839-aed1-3e8529dd7f04,2026-01-24,msg_00066,U3bae1603803a839c0cb52f511d9cb8f6,Uc823581660a45194cf3c4b4b151bfcd9,image,opened,2026-01-24 04:38:47,
41dd95df-8320-4f3b-8fa0-a7e983f49390,2025-12-07,msg_00003,U227d1cd1a801c367de206ec4bbca7330,U9202a3a1d84f658d9416af39b60a88ae,image,delivered,2025-12-07 13:41:32,
63ee403b-97db-4979-8b43-c41dc632fefa,2025-12-03,msg_00012,U743849e63f8101ac616f8fd0ba84a167,U14dc7c584719b7792e8609d5fbed29be,imagemap,clicked,2025-12-03 07:29:23,https://example-saas.jp/lp/newmenu
b02ac19d-dc38-4762-bf91-8cdf1a9696f4,2026-01-26,msg_00103,U3bae1603803a839c0cb52f511d9cb8f6,Ueae8d9780a1c8b2d4a192ba131536c9c,flex,delivered,2026-01-26 03:27:43,
aed8d2a4-f436-41ad-9b56-0da6b0cae979,2026-03-11,msg_00067,U7e808d11d6f9901a954a542a7ee09918,Uda650438025ec8be3f2d34aca32f1fcd,video,delivered,2026-03-11 18:24:31,
db5b91d3-290d-46f3-93e8-60b8ed053828,2025-12-09,msg_00059,U3bae1603803a839c0cb52f511d9cb8f6,a716d1e2da3fe4a98fbab707e65c4f2f,imagemap,delivered,2025-12-09 19:27:25,
d6b1e9b0-9c76-4e27-bbdc-ec11f9f6ba5e,2026-04-04,msg_00100,U743849e63f8101ac616f8fd0ba84a167,Ud24ceed555fe80b943138a12fcab3f88,image,opened,2026-04-04 04:42:55,
5092e7fa-7b9e-42f5-ad26-95ca77accae2,2025-12-22,msg_00013,Ub0341314a5534ea92b26fa8adc30543f,U62d0372d06b24f0ae709da2c9cbcb661,image,opened,2025-12-22 05:28:30,
a8adf28c-00ba-46a5-8eaf-fc2c470eb9b0,2025-12-19,msg_00064,Ub0341314a5534ea92b26fa8adc30543f,1b235711a161cce888c94b90ebc14f85,image,clicked,2025-12-19 17:44:44,https://example-saas.jp/lp/newmenu
ebedf7fc-be13-4ecc-afa2-212bb276f909,2026-02-20,msg_00036,U879eb903ad90cd9c2874f6df7651267a,U7a09fd70a02a08ab93a774cef9ac6f99,video,delivered,2026-02-20 16:42:36,
a3d21d2a-116b-430b-a105-838d486b5ce2,2026-01-18,msg_00102,U227d1cd1a801c367de206ec4bbca7330,U376551fb95c68817253c53228b35ba2d,video,opened,2026-01-18 06:54:54,
77b159f2-5391-4e01-a4cc-5790af5c994b,2026-02-28,msg_00117,U743849e63f8101ac616f8fd0ba84a167,U80ab5c89bccf03ef1e5d55eac85ce636,video,delivered,2026-02-28 21:15:11,
21e48281-4742-421a-89a0-55baf4f9dd80,2025-12-24,msg_00091,U3bae1603803a839c0cb52f511d9cb8f6,U4f260de1a4dbec64c75f6520736ae18a,imagemap,delivered,2025-12-24 08:13:16,
ee834f24-078c-46fb-b5de-6a7f96914669,2025-12-19,msg_00118,U4784fc8a8e1e4eb2435ad84e0ad052f2,U09895d4959bc475ff83f01d90306e837,image,delivered,2025-12-19 21:23:37,
15c9d066-917e-42f8-865d-7f2d898685e7,2025-11-23,msg_00024,Ue8d9224ecde331ce692edfce0b5ecdc4,U63fc44b5d14ac76022f22a2a33a0b4ed,text,delivered,2025-11-23 06:39:41,
aba4a386-457c-497f-9c5c-1dbab989c27c,2026-03-06,msg_00068,Ub0341314a5534ea92b26fa8adc30543f,U4af18acc94d82dd6355bc499f039f646,video,opened,2026-03-06 18:28:22,
267387d8-5a68-442e-ae9f-7d220d3df1a8,2025-11-22,msg_00047,Ue7310890b01058478be93761a56d0aa0,U2eee515f32460c01a78223a0b2d61b0b,video,delivered,2025-11-22 13:41:41,
fc9fb35d-e66f-4b33-b327-12c7ccbe2c3a,2025-12-17,msg_00032,U3bae1603803a839c0cb52f511d9cb8f6,Ue722dfc9e021470dd3d70c9884f1abe0,video,delivered,2025-12-17 21:33:50,
f3933537-0dea-43dc-8a7d-b15b406bf303,2025-12-19,msg_00064,Ub0341314a5534ea92b26fa8adc30543f,Uf545c6cf54caeb17e230aa51d9cda0ba,image,opened,2025-12-19 21:48:31,
b5747ee3-c337-4f09-8f87-da5136f39483,2026-03-04,msg_00056,U1ca413826b7044d134c9c3132420c9de,U9825ca92c5bee3d1fd71be2945c58487,text,delivered,2026-03-04 18:57:57,
cd87cc95-b40e-405b-9b67-309f4c41449b,2026-01-30,msg_00050,U3e5dd3a641c58ad50e49f095c6f1e306,Ud01c7a3059ecce948179375ed834b55e,image,delivered,2026-01-30 08:49:28,
ad061562-0c9c-453f-8abf-574460846752,2026-01-26,msg_00086,U4784fc8a8e1e4eb2435ad84e0ad052f2,7c8c7ba9828a06d76211770ae461f76f,text,delivered,2026-01-26 11:53:06,
726b209f-cc3a-47b6-b24b-703cfbb4a9e4,2026-01-17,msg_00037,U7e808d11d6f9901a954a542a7ee09918,U4f61dfe68a6a5dfafa12addf4d6cb970,text,delivered,2026-01-17 14:51:16,
8c91d875-987b-40fe-a7a3-18cf0b852e1d,2026-01-07,msg_00110,Ub0341314a5534ea92b26fa8adc30543f,U8d977cc97b2b849067eef2edf48d623f,video,delivered,2026-01-07 05:25:13,
1c12be70-3f97-4e8b-9e91-b7c8ca5b0a0f,2025-12-25,msg_00045,Ue7310890b01058478be93761a56d0aa0,U57cbb4875051e706ccc66b1707304a51,video,delivered,2025-12-25 15:41:29,
e0592e38-453e-40b5-ab4d-99611366c378,2026-02-09,msg_00083,U3bae1603803a839c0cb52f511d9cb8f6,Uc64f7936c5484d04819105a13e5ef67b,flex,opened,2026-02-09 09:24:13,
77893e28-af05-4ae4-a654-19a2b364b395,2026-01-24,msg_00066,U3bae1603803a839c0cb52f511d9cb8f6,U7bc4a1150d62b3a03cf3e81cbde3db02,image,delivered,2026-01-24 15:14:14,
031c68b4-52e9-4aa3-8ae3-8c9d3c3ce006,2026-01-18,msg_00102,U227d1cd1a801c367de206ec4bbca7330,U6bd91c54a5ce950213dc5e0ca461d9f0,video,delivered,2026-01-18 20:34:03,
233811d3-b38d-4e73-a872-af0999414c61,2026-01-26,msg_00086,U4784fc8a8e1e4eb2435ad84e0ad052f2,Uf5ee7588e274c8d98c55ca2d3fe0d7cb,text,delivered,2026-01-26 14:25:17,
eaa2d6a0-8cbe-4c58-b6ee-a36b4e35b7d2,2026-02-10,msg_00058,Ue9a1e8a5b83a6b296d43c957a8cfba4a,U4170679c78e018f4ad3d9c971e6d3c25,video,delivered,2026-02-10 12:58:22,
319e1648-78af-4e4c-934b-c0efbb9b68ba,2026-01-24,msg_00007,Ub0341314a5534ea92b26fa8adc30543f,Uafba58fc09342827280935f31e33a94d,imagemap,delivered,2026-01-24 03:03:34,
65623ee0-98f2-4edd-8d4c-ef0914bd70b3,2025-12-12,msg_00029,U743849e63f8101ac616f8fd0ba84a167,Ubf3e88770fcb41076e870a002e1c2f85,imagemap,delivered,2025-12-12 22:33:49,
001096d8-5633-4a4c-8eb3-1f2d9b9cb6ac,2025-11-22,msg_00047,Ue7310890b01058478be93761a56d0aa0,U5d88f1ec40d16425e13dea954b3da8c1,video,failed,2025-11-22 23:32:41,
3ac01071-8893-4e19-b71f-f3a8bb0bbc25,2026-01-07,msg_00110,Ub0341314a5534ea92b26fa8adc30543f,U8d977cc97b2b849067eef2edf48d623f,video,opened,2026-01-07 05:25:07,
aa14cfda-c92f-4251-81f0-b1e3b144dcf1,2026-02-14,msg_00042,U3bae1603803a839c0cb52f511d9cb8f6,Ubd39305110151577779d6d1ff9ef9a92,video,delivered,2026-02-14 20:27:46,
e8784a44-b82e-4e77-8e09-1401c678ceea,2026-03-29,msg_00097,Ub0341314a5534ea92b26fa8adc30543f,U004493e04e131368d3a11e49fa49c89b,text,delivered,2026-03-29 08:42:10,
94f10931-f7ef-4105-913f-d4faff676f11,2026-02-09,msg_00083,U3bae1603803a839c0cb52f511d9cb8f6,U1987fe12103dff6f2a8f256f7718775f,flex,delivered,2026-02-09 11:55:51,
604fef95-1ed9-49c0-9c99-7b1f2a32f405,2026-03-08,msg_00112,U3bae1603803a839c0cb52f511d9cb8f6,U77d387f8a23b924596131b232fbbf30d,image,delivered,2026-03-08 11:25:23,
dcb07c94-4fe8-47aa-a205-546e7318dff3,2026-01-14,msg_00081,Ue7310890b01058478be93761a56d0aa0,U91a43ec47f24ac12427d62060e31b0de,video,opened,2026-01-14 01:37:40,
4e991ddc-d7ae-49ca-a8d8-521f5e62172d,2025-11-23,msg_00024,Ue8d9224ecde331ce692edfce0b5ecdc4,U0280ade409241da2c7dcbb21a0f064d1,text,delivered,2025-11-23 22:50:01,
a964faed-118d-4fbe-a6af-0d35e17fc6f6,2025-12-03,msg_00012,U743849e63f8101ac616f8fd0ba84a167,U266b9703139edb0906f31588e38a40ff,imagemap,delivered,2025-12-03 02:47:36,
410f20a0-aab7-4dbf-a48f-d708d5ac24c1,2026-03-14,msg_00009,U743849e63f8101ac616f8fd0ba84a167,U6a2e02fb0e1f31444d21e3c942cd911e,imagemap,delivered,2026-03-14 13:39:55,
2db5447a-fce0-4aa5-9ecb-1b22a4f61dfe,2025-11-25,msg_00043,U3e5dd3a641c58ad50e49f095c6f1e306,U256b0686a1c1fd0d4869bd0ad0848e8c,flex,delivered,2025-11-25 09:18:22,
ec587d62-dd63-41e7-8d85-044be11023a0,2026-03-14,msg_00009,U743849e63f8101ac616f8fd0ba84a167,Ua9d238fb2873d6320681025e4080ee04,imagemap,opened,2026-03-14 14:49:21,
19056db9-09f1-4788-9c35-030ccfd46d06,2026-02-05,msg_00107,U3bae1603803a839c0cb52f511d9cb8f6,U12197a8573ce4afac20ad4e0c08de9e1,text,delivered,2026-02-05 19:53:31,
985f1a4d-b2f5-4cf9-8d8a-f8c6ee6126e0,2025-12-21,msg_00022,U3bae1603803a839c0cb52f511d9cb8f6,Ue44f02171261bedd252cf3c155d8f42e,video,blocked,2025-12-22 01:51:17,
1f5489e5-b172-4b0f-b88d-1e797ffbd88e,2026-03-11,msg_00067,U7e808d11d6f9901a954a542a7ee09918,U0ffe7d95d25b1da8ce74752fd35a26aa,video,opened,2026-03-11 07:14:41,
5dbc215e-6986-41d0-bf4c-342a341b5a1f,2026-04-04,msg_00100,U743849e63f8101ac616f8fd0ba84a167,Uc224e704363d19b71f7558001589ef0a,image,opened,2026-04-04 20:52:16,
5c8b822d-b8d3-46e9-abdc-ac6fa3b4b3fd,2025-12-24,msg_00091,U3bae1603803a839c0cb52f511d9cb8f6,U5c9388f45a667401b590b0cfc3a1bcdd,imagemap,opened,2025-12-24 07:25:27,
9e4e3a28-b045-4e63-a3d1-29d48da8dafe,2025-12-09,msg_00059,U3bae1603803a839c0cb52f511d9cb8f6,U9242253f90041c445c1aff5710047424,imagemap,delivered,2025-12-09 09:43:26,
bdbd1015-441d-464b-b4c2-ceab5104107c,2026-01-01,msg_00027,U4784fc8a8e1e4eb2435ad84e0ad052f2,Ub7c64c7329ca9b537f3047dba4cc94b2,image,delivered,2026-01-01 21:50:22,
72a017bf-7593-4a5b-aa6c-53f4407929e5,2026-01-26,msg_00115,U3bae1603803a839c0cb52f511d9cb8f6,Uef9618ddb44815ee5f3327c091faa932,imagemap,delivered,2026-01-26 10:53:08,
11084843-a2aa-4552-a7fd-675da42904df,2026-03-20,msg_00092,U743849e63f8101ac616f8fd0ba84a167,U3f517284b16501ec77b203f250880fe1,video,delivered,2026-03-20 17:39:46,
b43d9fdf-5030-4527-a86c-bfa1dab52536,2026-03-06,msg_00055,U3bae1603803a839c0cb52f511d9cb8f6,Ua7a1375853d31362891fea06f2a40f03,flex,opened,2026-03-06 10:07:12,
a84623dd-da65-4682-988d-12db05542f7b,2025-12-18,msg_00070,Ue9a1e8a5b83a6b296d43c957a8cfba4a,U3097d6d337296261dfa4e1ccc3115485,imagemap,delivered,2025-12-18 06:20:26,
52de7fd3-3774-4d45-b65b-0d444396ebaf,2026-01-07,msg_00110,Ub0341314a5534ea92b26fa8adc30543f,U6fd3431b4828d44e903d16f0e10b8ba3,video,delivered,2026-01-07 18:03:58,
26558de9-9f7f-4d28-bdfe-c8368ea370bc,2026-01-07,msg_00110,Ub0341314a5534ea92b26fa8adc30543f,U8f60474a16bddf3b5f937dffc85901ef,video,opened,2026-01-07 07:44:04,
7d5285fb-015b-4b4f-8505-474643df5461,2026-01-01,msg_00027,U4784fc8a8e1e4eb2435ad84e0ad052f2,Ud2078a53fea156e9e1a335722eac81fa,image,clicked,2026-01-01 11:57:15,https://example-saas.jp/campaign/spring
6c030a4c-ffa3-403c-bfca-2d71e4ceb2c0,2026-04-06,msg_00074,U3bae1603803a839c0cb52f511d9cb8f6,Uc621311675f4e078e46791c05cda772c,text,clicked,2026-04-06 11:31:44,https://example-saas.jp/campaign/spring
c915b049-e305-44fb-aa6a-818881ea5fed,2026-03-26,msg_00040,U3bae1603803a839c0cb52f511d9cb8f6,Ufa88242e87e8f337557735995a93e0af,imagemap,delivered,2026-03-26 12:51:28,
496c2c20-fbe9-4cc1-8324-517ba2295730,2025-12-09,msg_00059,U3bae1603803a839c0cb52f511d9cb8f6,U09b4ced2727b5af95277dcc585890cd6,imagemap,clicked,2025-12-09 04:30:55,https://example-saas.jp/lp/newmenu
0bbf5e01-e0fb-4416-8816-f5d54385fbbb,2026-01-26,msg_00103,U3bae1603803a839c0cb52f511d9cb8f6,U0fa2db22364b7b62bbf4312892132ff1,flex,delivered,2026-01-26 16:19:22,
1bb5572a-ece4-494b-97ee-2b38219a3606,2026-02-16,msg_00021,U743849e63f8101ac616f8fd0ba84a167,Ud14ef43138c054388ae8366c1478efb7,flex,delivered,2026-02-16 23:11:46,
296cfb5b-b855-488c-b6cf-95bd3fd0c663,2026-02-14,msg_00098,U743849e63f8101ac616f8fd0ba84a167,U945348888cfd7f7be3a81579bf3ea8b2,imagemap,opened,2026-02-14 02:03:29,
1e910267-e8fb-44c7-a43e-3f08dcabb221,2025-12-03,msg_00012,U743849e63f8101ac616f8fd0ba84a167,U14dc7c584719b7792e8609d5fbed29be,imagemap,delivered,2025-12-03 06:02:58,
16f150c4-0e33-49b1-bd14-6f3e44274f31,2026-01-18,msg_00102,U227d1cd1a801c367de206ec4bbca7330,Ud4e51bb2e3ddf16eb75c9f70ac2f9626,video,delivered,2026-01-18 23:44:02,
9c4f671f-c1e9-400d-b7e1-6b371143cffb,2026-03-21,msg_00023,U743849e63f8101ac616f8fd0ba84a167,U32a785065804e1e0b7e5b4069d54071d,imagemap,clicked,2026-03-21 09:47:43,https://example-saas.jp/survey
11ac40c8-c1bc-4da8-836f-35a9f25a46e1,2026-04-01,msg_00072,U4784fc8a8e1e4eb2435ad84e0ad052f2,U18f7842a15f96f375af11a7d2901e8e4,image,delivered,2026-04-01 00:13:03,
b53e8f4f-51c6-4735-bd3d-9e6db000cae9,2026-01-26,msg_00005,Ub0341314a5534ea92b26fa8adc30543f,Ua54fd8a389052d5927ed8829e91e0325,image,clicked,2026-01-26 04:13:01,https://example-saas.jp/campaign/spring
6f182f9d-4b8d-47c0-a622-5f3c9dc78fcb,2026-03-13,msg_00001,U4784fc8a8e1e4eb2435ad84e0ad052f2,Ub5e9d30a7b63ee99113e8b079f54aa50,image,opened,2026-03-13 03:39:55,
e0680347-78ce-45df-85af-fedf00ea866c,2025-11-16,msg_00020,U3bae1603803a839c0cb52f511d9cb8f6,b1620df863f4405f367874e382f6b318,text,opened,2025-11-16 23:24:50,
a9f87b3a-ddbf-4272-bd43-9b519a109723,2025-12-25,msg_00077,U743849e63f8101ac616f8fd0ba84a167,U7a9f046cb36dbc45fc29bcac33a39bbe,text,delivered,2025-12-25 17:28:42,
d539a740-ddd5-44ab-b8ad-5afba7f21086,2025-12-25,msg_00045,Ue7310890b01058478be93761a56d0aa0,U9d354b10dd8f520f85571b5b180c29c1,video,delivered,2025-12-25 17:27:28,
3ad40865-1fdb-4668-ba11-b1b1fbe0e0f4,2026-02-28,msg_00117,U743849e63f8101ac616f8fd0ba84a167,U06344e25241a1c2119a7d876bba59f53,video,delivered,2026-02-28 14:36:42,
59195e4d-c416-4713-8255-7bb63a7cd53a,2026-02-07,msg_00090,U4784fc8a8e1e4eb2435ad84e0ad052f2,Ue022f2e175b7233fb32bed40ee345843,imagemap,delivered,2026-02-07 10:01:44,
012c7608-b494-44fd-be04-68f972f4fb9e,2026-03-13,msg_00001,U4784fc8a8e1e4eb2435ad84e0ad052f2,U8f316ac21e4ce596856b7263c55de678,image,delivered,2026-03-13 09:08:40,
2903f482-a494-4b53-af76-fd7f71a54efb,2026-02-24,msg_00039,U743849e63f8101ac616f8fd0ba84a167,Uecda09dfc8af319c6cda8baa71a77b04,flex,delivered,2026-02-24 01:34:59,
33c56b4f-3118-4541-8e16-9f70415dd7da,2026-02-20,msg_00095,Ub0341314a5534ea92b26fa8adc30543f,f4c6645abf2e34f4205b12e93c617320,text,clicked,2026-02-20 21:38:01,https://example-saas.jp/survey
8ca40f29-7b28-4eaa-aec7-ae58a45d6399,2026-03-27,msg_00096,U476acbdef8e9a16d24575e4f6d7b0f31,U5a61351c384a8bedbe3fe06397f55432,imagemap,delivered,2026-03-27 02:04:00,
de3fab80-5547-4df3-bb48-bae8b01b3e3b,2026-02-20,msg_00017,U22a93bc29b1df104af6b1ba1cd91fc56,U4f62afa260a402291d4ddec6f075e317,video,delivered,2026-02-20 14:48:04,
41450d07-72bc-4b7c-b7f7-f93bf8b5b503,2026-02-15,msg_00089,U3bae1603803a839c0cb52f511d9cb8f6,U3d898f46003535a0f6e21f2c44824dcf,text,opened,2026-02-15 16:22:59,
8def9833-3e45-4822-85b8-4f28dbd63429,2026-02-05,msg_00107,U3bae1603803a839c0cb52f511d9cb8f6,U60c272e5a1253995fc8f23f49202461b,text,delivered,2026-02-05 01:53:07,
7d827bf3-d384-4611-b3fb-64efb5e69647,2026-02-10,msg_00058,Ue9a1e8a5b83a6b296d43c957a8cfba4a,ff77c6f80a129d6022eb94f9fa61d24b,video,delivered,2026-02-10 20:15:26,
50fb7f64-2c3f-4d67-adf7-fc3fd333304d,2025-12-23,msg_00109,Ue7310890b01058478be93761a56d0aa0,463092728d605dda7f382adc3cfc3abe,text,delivered,2025-12-23 03:55:00,
2d199bbd-403c-48c6-984a-5776d4fab252,2026-03-27,msg_00096,U476acbdef8e9a16d24575e4f6d7b0f31,U9df8568c97c555452653c2e384b3445c,imagemap,opened,2026-03-27 20:30:55,
801faad4-5ecd-4e60-be76-9a6e07ce9b45,2026-03-23,msg_00073,Ud4a92c8c8050eed40ef171cc2784d638,U63c83cc28d313b0b79da1584830c1fa2,imagemap,clicked,2026-03-23 14:15:51,https://example-saas.jp/lp/newmenu
1fac5ab1-cb2b-48a0-a11a-d96019b4f75b,2026-04-04,msg_00049,U476acbdef8e9a16d24575e4f6d7b0f31,Uaa7f5c9bd1ecac320aa4e0104a9cc394,text,failed,2026-04-04 22:46:30,
711101e7-f258-4a3d-b082-b792e90b1a8f,2025-12-22,msg_00013,Ub0341314a5534ea92b26fa8adc30543f,U9f5a1e34c95575f1e9fae78311ea913f,image,delivered,2025-12-22 18:45:01,
b584d4d5-692d-4036-9113-41b26af34a2c,2026-02-25,msg_00008,Ub0341314a5534ea92b26fa8adc30543f,U4fd2e9c258d315b83fd7dcb7ac06644b,image,blocked,2026-02-25 05:31:02,
4796d981-197c-441a-b647-0d60d87b0621,2025-11-23,msg_00053,U743849e63f8101ac616f8fd0ba84a167,Ue2b9a40a3f8a12e96909211d46556c32,video,delivered,2025-11-23 08:55:24,
b72a2071-d936-45d5-b999-3c3d09e9a7b1,2025-12-23,msg_00109,Ue7310890b01058478be93761a56d0aa0,884ac0b25f0edb5f316a37fd2d8209e6,text,delivered,2025-12-23 13:07:21,
fa0f6965-1f26-40d1-a75f-a347b0337c01,2026-03-20,msg_00106,U3bae1603803a839c0cb52f511d9cb8f6,U3c9a0c37c274bd2375606aa7b4f2e30d,video,delivered,2026-03-20 15:13:32,
d8a8fa26-fb1c-430f-a545-4690e0e02371,2025-12-19,msg_00118,U4784fc8a8e1e4eb2435ad84e0ad052f2,Ub52d704742d6dbd2243d932670c4089e,image,clicked,2025-12-20 00:09:36,https://example-saas.jp/lp/newmenu
ae463b2e-50c3-421b-a74e-1cbe96973d81,2025-11-30,msg_00025,Ub0341314a5534ea92b26fa8adc30543f,U8e2e7f723e989a498bccb545f710fd71,imagemap,delivered,2025-11-30 19:17:34,
34805b76-76de-4415-8bb4-51295b2276b2,2026-03-14,msg_00009,U743849e63f8101ac616f8fd0ba84a167,Uab8ee2bb6ad1d30a4593c4be237088e3,imagemap,delivered,2026-03-14 08:08:46,
83c2bb68-e83a-4912-8c2c-975ea931b9c5,2026-04-12,msg_00120,U227d1cd1a801c367de206ec4bbca7330,Uf8b43c8b3f5d8a8d56dba11cd347d5f5,text,opened,2026-04-12 08:43:10,
9e480dae-547d-46c1-ad1d-7045e897fe59,2026-04-04,msg_00049,U476acbdef8e9a16d24575e4f6d7b0f31,Ub3929df755a93cb5b80089fb153fee06,text,opened,2026-04-04 05:56:51,
d6a48bba-4c16-4032-926a-aacd9190e818,2025-11-16,msg_00020,U3bae1603803a839c0cb52f511d9cb8f6,U8890efb709c90aa8f9dcec4dd5ae30d7,text,delivered,2025-11-16 03:39:40,
718cd335-44ac-4f22-ae2e-91af32b21ad3,2026-01-26,msg_00045,U22a93bc29b1df104af6b1ba1cd91fc56,Ubd7460d8e9a5d78a281cc917b212aefb,text,CLICK,2026-01-26 10:34:39,
11fa22f6-e213-4433-9370-e73f1f801002,2025-12-17,msg_00032,U3bae1603803a839c0cb52f511d9cb8f6,U8b3781c158459d0d0b2bb0d177d02759,video,opened,2025-12-17 00:37:22,
c8d32066-bc23-4a14-9b06-a84eca891ec2,2026-04-12,msg_00120,U227d1cd1a801c367de206ec4bbca7330,U77d067e90450444dc9193d64a0203143,text,delivered,2026-04-12 15:35:37,
0713793b-73c3-446a-8b23-e1da50b0b581,2025-12-15,msg_00030,U3bae1603803a839c0cb52f511d9cb8f6,Uc99b924cee5cefca01c684a97ae0ae63,video,delivered,2025-12-15 04:04:07,
35fcf7f1-0d8d-4009-a88e-855ee94f4687,2026-01-20,msg_00026,Ud4a92c8c8050eed40ef171cc2784d638,Ub94c71bf51c3dff5f2b20ed70c9902b3,imagemap,opened,2026-01-20 16:13:11,
1eb3eb52-06a4-4054-947b-04fe8fea625e,2025-12-21,msg_00022,U3bae1603803a839c0cb52f511d9cb8f6,Ub9bb2b4570c48ef48cf839d717f42ee6,video,delivered,2025-12-21 05:17:19,
ad2a649e-b70c-4f61-9eeb-e4d4f9aa872c,2025-12-12,msg_00004,Ub0341314a5534ea92b26fa8adc30543f,U99d7b67a2bb685c81185419c7a195006,video,delivered,2025-12-12 07:20:15,
bd5c3133-22eb-4dac-a2df-fdd4d7684d04,2025-11-22,msg_00047,Ue7310890b01058478be93761a56d0aa0,U6810186b26ad6e3a8c74806d40ec01d5,video,opened,2025-11-22 03:48:44,
bf02ae87-9153-4313-94e2-0c97b1aedbdd,2025-12-18,msg_00114,Ub0341314a5534ea92b26fa8adc30543f,U7e604f54cbf5f2b7c75da87b3b054855,flex,clicked,2025-12-18 09:34:59,https://example-saas.jp/coupon/500off
559e5ad2-5f7f-4f22-b3cf-07727a7b5998,2026-03-27,msg_00096,U476acbdef8e9a16d24575e4f6d7b0f31,Uf797416e6b30651473950bad8ebde93c,imagemap,delivered,2026-03-27 23:25:35,
17396a10-eae0-484c-a0f7-8b62cdbab0f2,2026-02-15,msg_00087,U3bae1603803a839c0cb52f511d9cb8f6,435b0a49fbd52b3d552a1e3cb7fce230,imagemap,delivered,2026-02-15 12:08:16,
0ac8ad7c-661e-4757-ba10-e333e1732056,2026-01-20,msg_00026,Ud4a92c8c8050eed40ef171cc2784d638,Ude2b4f50b602c96d0c23d62555fbeca1,imagemap,opened,2026-01-20 09:56:30,
17237d3a-a880-4f63-97d7-69aa1a4a1a99,2026-03-20,msg_00092,U743849e63f8101ac616f8fd0ba84a167,U55a60be64617c2ff38035c5f3f2b401d,video,delivered,2026-03-20 21:02:33,
2f523694-64e6-4e2f-bf11-b234cab6e80b,2026-02-15,msg_00006,U743849e63f8101ac616f8fd0ba84a167,U4135a8a8caf1b37ed3611c4bb7943d52,flex,delivered,2026-02-15 18:03:50,
e2e49d58-c093-405f-a4fb-b543b0073689,2025-12-19,msg_00118,U4784fc8a8e1e4eb2435ad84e0ad052f2,U0450f63ab1cfd119f36155034533b454,image,delivered,2025-12-19 18:24:43,
90c28148-51d9-4476-9fcb-b50e53230030,2025-11-22,msg_00047,Ue7310890b01058478be93761a56d0aa0,Ub481a836539a29c79cc1d0aa058f6b6d,video,delivered,2025-11-19 21:17:54,
d764bc77-d9c5-42d4-a8cf-0a1b1dbeee2c,2025-11-24,msg_00033,U3bae1603803a839c0cb52f511d9cb8f6,Ud88504f966f74a0d79f29ae39d8c6644,text,clicked,2025-11-24 06:21:02,https://example-saas.jp/coupon/500off
a8055779-cfed-417f-81b0-1d9fff996849,2026-01-14,msg_00081,Ue7310890b01058478be93761a56d0aa0,U7ad84aa432f5f0ac0cc858bc377135fc,video,delivered,2026-01-14 06:07:50,
d80d3df7-fa7e-4036-82c9-227db04f6eb1,2025-11-27,msg_00018,U3e5dd3a641c58ad50e49f095c6f1e306,U41f6483643dcf3ef7200f783e53b54a1,imagemap,delivered,2025-11-27 17:06:09,
6128038c-df36-469a-b135-152f92bceee4,2026-02-09,msg_00083,U3bae1603803a839c0cb52f511d9cb8f6,Ufbe747ccccc550f8712c073af6965481,flex,delivered,2026-02-09 17:28:33,
080e8d3d-c648-4f1d-8cc3-e812829656c4,2025-12-23,msg_00061,Ub0341314a5534ea92b26fa8adc30543f,U7a4ef051e6de9878c806d6007b628f47,imagemap,delivered,2025-12-23 02:51:21,
e5e79f28-64d7-4f10-b86e-e8028f7c2d12,2025-12-18,msg_00114,Ub0341314a5534ea92b26fa8adc30543f,U1ecd83db369e19407da0504891aee155,flex,delivered,2025-12-18 11:37:31,
ed9747a2-4ea4-4456-88d8-dacf24484f5f,2026-02-08,msg_00051,U3bae1603803a839c0cb52f511d9cb8f6,U12a47a108d7b5c51f94bf1c513899ea8,image,clicked,2026-02-08 13:42:07,https://example-saas.jp/coupon/500off
d132e1a1-ce00-474f-a394-90730dcae535,2026-01-24,msg_00066,U3bae1603803a839c0cb52f511d9cb8f6,U9b353960729fc00486a56058203001ca,image,opened,2026-01-24 11:25:31,
4acfdd59-68b9-45a6-8934-854ef12a90f7,2026-02-09,msg_00083,U3bae1603803a839c0cb52f511d9cb8f6,U9c339dd7353117faf4e9aa078ecf1774,flex,delivered,2026-02-09 08:17:41,
5b99141c-9841-4a01-9969-7714061fef42,2026-03-14,msg_00009,U743849e63f8101ac616f8fd0ba84a167,U7cc2907dec816d8ca88d19bc4e6fa874,imagemap,opened,2026-03-14 14:24:10,
4ecc274f-9b32-4594-b9e9-53ca466f7e2f,2026-01-01,msg_00027,U4784fc8a8e1e4eb2435ad84e0ad052f2,Ua5513185bf6c275a765412a4881d29c4,image,delivered,2026-01-01 21:07:36,
6f62d221-65af-4bd4-9ab3-b6d92c297b95,2026-03-14,msg_00009,U743849e63f8101ac616f8fd0ba84a167,U65f68d5b1e34016991befef15b2e50d0,imagemap,delivered,2026-03-14 19:10:11,
499c8868-cd4d-4028-bdb7-8ef8ab7483d6,2026-02-24,msg_00039,U743849e63f8101ac616f8fd0ba84a167,Ud8d502515ab92732f9a04d37e5544544,flex,delivered,2026-02-24 03:06:29,
8506f168-cb85-42a8-b77f-556f32c2027b,2026-03-23,msg_00116,Ud4a92c8c8050eed40ef171cc2784d638,Udcc810e3ec27f04f079a384904eea015,text,opened,2026-03-23 13:08:44,
612a323d-eb94-4287-b37e-6a684a09566a,2025-12-19,msg_00064,Ub0341314a5534ea92b26fa8adc30543f,Uaa77af3cb59c00208faf1a3c0868cd5c,image,opened,2025-12-19 08:16:15,
05c8a121-961f-442a-acfc-6aa9bb47c058,2026-02-15,msg_00006,U743849e63f8101ac616f8fd0ba84a167,U90a369031ad0b8b32c7c28ed0ebd6f0f,flex,delivered,2026-02-15 05:08:02,
850a79a9-5ab9-4d5f-a0bc-39041a22ec4d,2026-01-30,msg_00050,U3e5dd3a641c58ad50e49f095c6f1e306,Uddbe9783778e6f296fb50f329f3b41ea,image,opened,2026-01-30 12:14:36,
e2d24d2a-1965-47ef-8078-ded0abadb5ba,2025-12-15,msg_00030,U3bae1603803a839c0cb52f511d9cb8f6,U0f08a6e472000f74d051a2ddfd11a237,video,delivered,2025-12-15 07:13:35,
aa5e02aa-4e47-4210-85c0-352adf88689f,2026-02-14,msg_00042,U3bae1603803a839c0cb52f511d9cb8f6,U54668de28a6436ddb99dbde6e9dba1d3,video,blocked,2026-02-14 10:57:42,
7d65f93b-d047-48ad-84fc-93cc49ac1f56,2025-12-17,msg_00032,U3bae1603803a839c0cb52f511d9cb8f6,U87ffe16f74bc3f1d37e0f72e0d10bc3e,video,opened,2025-12-17 15:37:23,
d4c69d74-7a67-4c39-9b5f-8db397c1bba6,2026-03-14,msg_00009,U743849e63f8101ac616f8fd0ba84a167,U8f81d56304e03914259c130b9a8ba47a,imagemap,delivered,2026-03-14 11:18:15,
1d96720b-8be9-40da-9bcd-a37fe56a0354,2026-01-29,msg_00031,U3bae1603803a839c0cb52f511d9cb8f6,Ue80d7d0bf4757cd84ad23e64be3db261,video,opened,2026-01-29 10:46:47,
ffe2742a-853b-4a0c-a84e-a520cbff0ee4,2026-03-07,msg_00004,U743849e63f8101ac616f8fd0ba84a167,Ue5d0e96d2a5b599abccbf51aa03a4223,text,delivered,2026-03-07 02:14:08,https://example-saas.jp/lp/newmenu
a80c3f39-3b19-4a9f-9265-806f1b2091c8,2026-02-16,msg_00021,U743849e63f8101ac616f8fd0ba84a167,U11accbf77c37e5c5dec9a3e3edbd00bf,flex,delivered,2026-02-16 21:57:35,
a651bba0-330b-4475-a3c2-3af1e8c5ea98,2025-11-22,msg_00047,Ue7310890b01058478be93761a56d0aa0,U2d7bd781bb8aedeed353e29d4b19d5b0,video,delivered,2025-11-22 06:40:18,
2df12d23-8ee4-41e7-b217-08db09143d28,2026-04-04,msg_00049,U476acbdef8e9a16d24575e4f6d7b0f31,Ue10b82dd487bd8ca8207892ff233e9fa,text,delivered,2026-04-04 06:54:29,
6b0694cf-15f8-4254-83a8-d7c080883966,2026-03-13,msg_00001,U4784fc8a8e1e4eb2435ad84e0ad052f2,Ua9806d6abc66b6deccedc287a1708dff,image,delivered,2026-03-13 17:12:38,
a6866a17-da52-46e8-9185-1a8657fcda7a,2026-01-26,msg_00115,U3bae1603803a839c0cb52f511d9cb8f6,Udb86012355bcc9b0a6c0c1b804b03071,imagemap,delivered,2026-01-26 18:03:37,
f7a1b26a-ccd2-4cb0-8fdc-6e612ae9d050,2026-03-26,msg_00040,U3bae1603803a839c0cb52f511d9cb8f6,U8137ee4e1081136dae56c9670daadc5c,imagemap,clicked,2026-03-26 15:04:38,
1de80209-98d7-4ca1-b8c2-d311ef4fe199,2026-04-08,msg_00041,Ue7310890b01058478be93761a56d0aa0,Ubde71d115e6ac2bb6e45cad84106a015,text,delivered,2026-04-08 22:17:29,
e0aba6bf-d915-4dc9-9f68-a8881c2dc82e,2026-02-08,msg_00051,U3bae1603803a839c0cb52f511d9cb8f6,Ub7eb813c01c529aeda8f10863c927534,image,delivered,2026-02-08 10:01:40,
d08f725b-4b99-4de3-84ef-1520c44636a2,2025-12-19,msg_00064,Ub0341314a5534ea92b26fa8adc30543f,U2e0b9d4bbd702fb15bee1886f1ea1a56,image,delivered,2025-12-19 07:33:16,
b8b570a2-0831-42dd-a9d3-eac6b84d6e83,2025-11-22,msg_00047,Ue7310890b01058478be93761a56d0aa0,U2d15ce962dfa308035742baebd70b10a,video,clicked,2025-11-22 09:54:59,https://example-saas.jp/survey
248e27ec-411d-490e-b6b2-cfa6e3c7c3ee,2026-01-17,msg_00037,U7e808d11d6f9901a954a542a7ee09918,Ua1622e14e188bf83445bd7e6e13f3d14,text,delivered,2026-01-17 07:54:19,
524dff5d-f4c1-4e18-89f9-72a5a7b11cf8,2026-03-25,msg_00079,U743849e63f8101ac616f8fd0ba84a167,Ua333c1f8c06494e5659d40d0668b7722,text,clicked,2026-03-25 10:07:20,https://example-saas.jp/lp/newmenu
7112e988-dae4-424f-b8f8-1ba56b30edfb,2025-12-21,msg_00085,U743849e63f8101ac616f8fd0ba84a167,U842f43ed8334c526cc0858ff183bb960,image,,2025-12-21 18:30:01,
bde99220-a9e5-421b-8786-db25032eca90,2025-12-15,msg_00030,U3bae1603803a839c0cb52f511d9cb8f6,U540a6d1836e3223c8123544e7110cac2,video,delivered,2025-12-15 14:48:37,
baedd91a-5fd2-470e-aba6-47e005f411c4,2025-12-17,msg_00032,U3bae1603803a839c0cb52f511d9cb8f6,U8a88cf286700b2a7287ce413d2c9f6d1,video,delivered,2025-12-17 10:08:46,
cb8f5534-b205-497a-a3b9-dc8b67a33fd0,2026-02-08,msg_00051,U3bae1603803a839c0cb52f511d9cb8f6,U5764688bee0fbe797d3801b5102b7538,image,delivered,2026-02-08 08:27:20,
7970cde4-4c92-46e1-b5ee-0f3697635a09,2025-11-30,msg_00025,Ub0341314a5534ea92b26fa8adc30543f,U8e2e7f723e989a498bccb545f710fd71,imagemap,opened,2025-11-30 19:12:49,
dafbddd8-3bf2-4814-ab1b-fff06c4e59cc,2025-12-19,msg_00064,Ub0341314a5534ea92b26fa8adc30543f,Ua2c21a4569b82bbc19380396f01cb792,image,opened,2025-12-19 04:23:02,
570e7038-d09f-4945-8c45-176613c918c8,2026-02-08,msg_00051,U3bae1603803a839c0cb52f511d9cb8f6,U59ba78c5ef5ffb3700e4c6f2f1af38a2,image,opened,2026-02-08 05:13:17,
b44bba21-c2c1-4e54-94a7-00f290cfdb70,2026-03-05,msg_00014,U3bae1603803a839c0cb52f511d9cb8f6,Ud97762a087751a1d248663ae68cd75f0,flex,delivered,2026-03-05 21:38:53,
2722c321-1c9b-4ba8-a14c-3e406a725a20,2025-12-23,msg_00061,Ub0341314a5534ea92b26fa8adc30543f,U4c3da1bfc1de8900c910e2ec95e480cd,imagemap,opened,2025-12-23 13:27:05,
413c8a36-6552-4f2f-a582-a72969dd63cb,2025-11-17,msg_00034,U743849e63f8101ac616f8fd0ba84a167,Ub622e829e5cd1c8dc69c1be84819cf19,text,delivered,2025-11-17 10:11:26,
1f36aa2b-e9a8-4404-b43f-cba9d7abcaba,2026-04-10,msg_00101,U743849e63f8101ac616f8fd0ba84a167,Uacd92f10002d52bd461d348fa6d201bc,imagemap,delivered,2026-04-10 08:37:10,
c46aa83b-538e-4f80-9f09-372d5d512a5e,2025-11-22,msg_00047,Ue7310890b01058478be93761a56d0aa0,Ub0514978bd86ccf33d706ef36a00d0c5,video,clicked,2025-11-22 02:27:22,https://example-saas.jp/campaign/spring
b23904f6-19f0-40e3-9e2f-4312f15d401c,2025-12-18,msg_00070,Ue9a1e8a5b83a6b296d43c957a8cfba4a,U5b65da61e25158d940dfe635c189c8da,imagemap,delivered,2025-12-18 00:39:46,
ee6966a3-acd1-4a62-9d5a-5cf25ae3f3d9,2026-02-14,msg_00065,U743849e63f8101ac616f8fd0ba84a167,U4c33baf3aea9d75888ca5ef4e8010ccd,image,delivered,2026-02-14 07:12:41,
07324bfc-d3e4-4a6b-bcbb-afd17f0f698e,2025-12-18,msg_00070,Ue9a1e8a5b83a6b296d43c957a8cfba4a,U71d8826e8a221504d48f1c9c12f2b174,imagemap,clicked,2025-12-18 14:37:31,https://example-saas.jp/campaign/spring
7ae94969-8990-4eff-b3c5-a2abe8f336e5,2025-12-19,msg_00064,Ub0341314a5534ea92b26fa8adc30543f,U6fcd2acd8f5ea1ef5bb34854f7b00df9,image,opened,2025-12-19 02:44:22,
71bd2994-23ff-41c0-8d45-82c34fdf905b,2026-02-01,msg_00075,Ub0341314a5534ea92b26fa8adc30543f,U944f6a282baea0fbb1deec611565311b,imagemap,delivered,2026-02-01 20:52:04,
19801be1-3b6b-470e-8a34-d46dfcbed19b,2026-02-15,msg_00006,U743849e63f8101ac616f8fd0ba84a167,U8c1b6463f3fe7a0b3d34f5ae8e3f3445,flex,blocked,2026-02-15 18:35:55,
66a20ee4-1e78-4886-a627-fe2c8bca48b0,2026-02-08,msg_00051,U3bae1603803a839c0cb52f511d9cb8f6,U1269a61dfe35291731dc3a76bc78a80a,image,delivered,2026-02-08 01:03:32,
e343ab7e-5e2e-4c2f-a7cc-4a91205a1067,2025-12-31,msg_00082,U227d1cd1a801c367de206ec4bbca7330,U9cb33336fe56d195df78ea506f4f52c0,imagemap,delivered,2025-12-31 11:05:48,
aa3b9346-6f28-4af2-8b62-980a7c2594ec,2026-01-30,msg_00050,U3e5dd3a641c58ad50e49f095c6f1e306,U18e82bc41c0e1f28779be2d5a2b2f968,image,opened,2026-01-31 00:28:24,
372c6ddd-7091-4b4f-a859-2e34d2e3248c,2026-02-16,msg_00021,U743849e63f8101ac616f8fd0ba84a167,683a6a73fc37dabc9dd3bad47d716dff,flex,clicked,2026-02-16 07:30:39,
f76914c6-5818-4a54-aa3e-a0b8e3ba1228,2025-12-12,msg_00004,Ub0341314a5534ea92b26fa8adc30543f,Uf0f8cb03a7b39e795fef2079cf16226b,video,opened,2025-12-12 20:28:54,
c329719e-a696-442d-9902-ee05e0a7766c,2026-03-11,msg_00104,Ub0341314a5534ea92b26fa8adc30543f,U6c2f4616cc39969653a1097acb8bcfed,image,opened,2026-03-11 12:38:53,
a06b96fc-9c49-4f3a-9f87-2aa0de7c5edf,2026-02-15,msg_00087,U3bae1603803a839c0cb52f511d9cb8f6,U00e9849320e6c60d367d8ac5e46091b3,imagemap,delivered,2026-02-15 18:20:33,
751899f6-78d1-46ae-babc-cfaf12c2c3e3,2025-12-09,msg_00094,U227d1cd1a801c367de206ec4bbca7330,U566e8540155c7097839dd0134fe2137b,flex,delivered,2025-12-09 11:35:09,
4348c4e3-9f8b-4ae7-9317-1f1fb95dc10f,2026-04-04,msg_00049,U476acbdef8e9a16d24575e4f6d7b0f31,U4d05ef995c0914ca4db5f2c3951e81a6,text,delivered,2026-04-04 08:37:37,
de589a36-ce96-45d6-a4a2-76c9bac89fe9,2025-12-12,msg_00029,U743849e63f8101ac616f8fd0ba84a167,Ubbc907a46b238e3abc87cc070ce1d2b3,imagemap,clicked,2025-12-12 23:03:38,
ec9fcd97-e4f5-43f5-bdb6-0b598d47cefb,2025-12-25,msg_00077,U743849e63f8101ac616f8fd0ba84a167,1ca5f9fb11df860ba3edcf83b31bcae5,text,delivered,2025-12-25 23:50:02,
74206d14-8185-4646-9273-eaa5c9c3efff,2026-02-20,msg_00017,U22a93bc29b1df104af6b1ba1cd91fc56,Udac3d9d13a7d5d0c5807bceae848a463,video,delivered,2026-02-20 02:49:12,
2b454c02-42a6-4851-b8ca-21683f1e17dd,2026-01-24,msg_00113,Ub0341314a5534ea92b26fa8adc30543f,U8f4056f12d9e3ac389d3c03181d40b5c,text,delivered,2026-01-24 08:59:21,
7271f72c-2552-41ab-a7bc-b4e3cc945dff,2025-11-22,msg_00047,Ue7310890b01058478be93761a56d0aa0,U09b78c84145b4cbcbb2cdfd7ff3c5c4f,video,clicked,2025-11-22 07:39:06,https://example-saas.jp/coupon/500off
95c2c4b8-22e6-4725-b34f-824b5a72dc26,2026-01-13,msg_00060,U3bae1603803a839c0cb52f511d9cb8f6,U8671a61b4e72fe340da9f76e6bb374fb,image,opened,2026-01-13 02:30:18,
92ec99bd-a741-4967-92a3-9dd152d34b51,2025-12-23,msg_00061,Ub0341314a5534ea92b26fa8adc30543f,U2664ebfaec5e5eb1f7993a5e6322d9c7,imagemap,opened,2025-12-23 18:39:45,
9977645d-1165-4373-8bbe-037428e83bb6,2026-01-07,msg_00110,Ub0341314a5534ea92b26fa8adc30543f,U1fd93642c60dc65738099ddec49670b2,video,delivered,2026-01-07 03:22:12,
36083dad-5e3b-417c-b852-c501d8a2c5eb,2026-01-24,msg_00007,Ub0341314a5534ea92b26fa8adc30543f,U4c9bd5a07d7fcacbf69b4a81019c56df,imagemap,delivered,2026-01-24 14:08:51,
fde85506-37df-4c92-be1d-4d4005d44816,2025-12-25,msg_00045,Ue7310890b01058478be93761a56d0aa0,U9aa1656fa117cf32ec6b07b297cad1b4,video,delivered,2025-12-25 04:06:57,
3521ce91-e8d9-41bf-a62e-a4edfc7e42bf,2025-12-25,msg_00045,Ue7310890b01058478be93761a56d0aa0,Ub1a72fc58f412c3745f7b5a5d871ac06,video,opened,2025-12-25 19:02:20,
6bf03ac4-284a-49e4-b3dd-87554e07d4f5,2026-03-06,msg_00068,Ub0341314a5534ea92b26fa8adc30543f,Ufb82e4e31d545ee72fcdb2859a94fe70,video,delivered,2026-03-02 17:14:31,
b2b11f8c-ba6b-4e4f-81f8-092e05215516,2026-01-24,msg_00007,Ub0341314a5534ea92b26fa8adc30543f,U3ed8e5b95677def7ca9cd9fd0599a934,imagemap,opened,2026-01-21 03:37:57,
83bc5772-9ba6-4296-b618-b3fca75f59e3,2026-04-04,msg_00049,U476acbdef8e9a16d24575e4f6d7b0f31,U69ee3bc0115da784d8dcc17644ad8740,text,opened,2026-04-04 04:00:36,
4f2ab613-b7b4-4a51-9d84-106adaafab6c,2026-03-05,msg_00014,U3bae1603803a839c0cb52f511d9cb8f6,U4fd1449f39694a2b85ec659b318660b1,flex,clicked,2026-03-06 01:33:31,https://example-saas.jp/campaign/spring
fcc5312e-e4db-49a3-b7d0-a2e0d01723c9,2026-01-24,msg_00007,Ub0341314a5534ea92b26fa8adc30543f,Uf2305577f8e6f403ca3795b2088b172b,imagemap,delivered,2026-01-24 06:44:11,
c642ccf6-cc5e-451f-85d4-51e3a5486f15,2025-12-09,msg_00069,Uc20f9c7e9b662bedec3cb78e127885c7,Uf92b9ff06b62cedcbb1538648c344857,imagemap,opened,2025-12-09 11:00:53,
49a6fcdb-1d72-4c2f-8dbe-bf58c1694c15,2026-03-06,msg_00055,U3bae1603803a839c0cb52f511d9cb8f6,U0d929f3736a3df11c2b4bb0aa3df7e1a,flex,opened,2026-03-06 13:28:46,
e185dfc9-4474-48e7-80d1-a7f9c583fae0,2025-12-09,msg_00069,Uc20f9c7e9b662bedec3cb78e127885c7,U73e6ad17606ab17297444519dae22667,imagemap,delivered,2025-12-09 17:33:54,
7f169eb7-bbe8-4e87-bca7-cb13d27d00ec,2026-03-06,msg_00068,Ub0341314a5534ea92b26fa8adc30543f,Ue852211a51caba406bf61921ec37eb0f,video,opened,2026-03-06 23:42:31,
7efec981-177a-4b39-bcca-819e9e67488d,2026-03-30,msg_00076,U743849e63f8101ac616f8fd0ba84a167,Ue1da9c073322972abf1c402dd8bc7e9e,image,opened,2026-03-30 10:57:47,
d8e13cb9-6c48-48f6-960e-14ca04af5cd5,2026-02-09,msg_00083,U3bae1603803a839c0cb52f511d9cb8f6,U1a236ab489818146a8da00897e9dda1e,flex,opened,2026-02-09 02:44:47,
8e8e7ef2-51c6-4f5d-a2b4-2cb19b8ce738,2026-01-01,msg_00027,U4784fc8a8e1e4eb2435ad84e0ad052f2,U533504e6af3daf78afa548dc7b3d828c,image,opened,2026-01-01 17:42:21,
fb44cfe4-d718-45a7-9e5c-005f1c77462c,2026-02-14,msg_00065,U743849e63f8101ac616f8fd0ba84a167,U6dfa8f3d42882142cfb50578f94c352f,image,delivered,2026-02-14 03:05:29,
f66d412a-6c88-4112-9073-f9da8889775a,2026-01-26,msg_00005,Ub0341314a5534ea92b26fa8adc30543f,Ufe76a7845e91e511277c0fef3991e995,image,delivered,2026-01-26 15:37:12,
58c4212e-8468-4e2d-a328-02f25fa4902f,2025-12-22,msg_00013,Ub0341314a5534ea92b26fa8adc30543f,U3d1c8a028a604d5086847327780be55f,image,delivered,2025-12-22 00:28:38,
974f4413-e1ce-47c2-b19f-7965b1e772b8,2026-01-07,msg_00110,Ub0341314a5534ea92b26fa8adc30543f,U30712c8494b25b81a6ab50811f1f23a2,video,opened,2026-01-07 05:37:29,
aa3bd02e-676a-497e-8e14-1c696909f15e,2026-01-10,msg_00044,U30ad60bba5da9837ca5dd0230ca8f531,Uf0e1b1ac7b279cb5a293d5a60cb86dd6,video,clicked,2026-01-10 18:21:35,https://example-saas.jp/survey
c6787466-6443-42ce-8cb4-1f44c67e17aa,2025-11-23,msg_00024,Ue8d9224ecde331ce692edfce0b5ecdc4,d547ca3ef517ce925f8997d883a1afd8,text,opened,2025-11-23 06:29:57,
dbe095c6-5bcd-4a56-ac8c-7304b5378ab2,2025-11-17,msg_00099,U3bae1603803a839c0cb52f511d9cb8f6,Uafe3fb573e132ab8b1f57e9d4b9821a9,text,opened,2025-11-17 01:34:02,
4aab7401-bf5c-495e-b08a-4dc69a629071,2026-03-26,msg_00040,U3bae1603803a839c0cb52f511d9cb8f6,U370252330a732a63cbe8d798b7bee293,imagemap,opened,2026-03-26 01:22:01,
02f39712-571c-45d7-a1f7-b1b1c497b240,2025-11-23,msg_00053,U743849e63f8101ac616f8fd0ba84a167,Ucc3ba3e0c6eb97f0e87b4af38a552af6,video,delivered,2025-11-23 01:28:15,
4c810e9c-7671-45f9-aff7-07a92ec936cb,2025-12-21,msg_00022,U3bae1603803a839c0cb52f511d9cb8f6,254e810e82c17ba794300e31c2274473,video,delivered,2025-12-21 12:11:59,
803498d5-6823-4983-9a37-28d44734fa07,2026-03-23,msg_00073,Ud4a92c8c8050eed40ef171cc2784d638,U7f2e6bcfcd3e81f401af6aa75ea8d999,imagemap,delivered,2026-03-23 17:37:28,
966fa685-5d12-47b3-923a-5d50ccb5872b,2026-02-07,msg_00090,U4784fc8a8e1e4eb2435ad84e0ad052f2,ff9380017ec1bbfccd2ab115fba95c25,imagemap,delivered,2026-02-07 23:52:33,
4403cc5a-073c-4b61-b874-50cccb02b83d,2025-12-31,msg_00082,U227d1cd1a801c367de206ec4bbca7330,U784a825ed67194ddf6e21c5f5401e2ce,imagemap,clicked,2025-12-31 07:49:17,https://example-saas.jp/survey
e4272b3e-b3d5-446f-a7f9-2fa84285e6fa,2025-11-16,msg_00020,U3bae1603803a839c0cb52f511d9cb8f6,U7efc1f6d22a015de41d6578a6604be31,text,delivered,2025-11-16 08:26:32,
a66381eb-fc4f-4841-baa4-cd47e346080f,2026-02-28,msg_00117,U743849e63f8101ac616f8fd0ba84a167,U8e9d0507983e3863f4186f1e2d77dcf7,video,opened,2026-03-01 01:05:12,
b36ebdf4-6935-4d46-8cf9-a902592f1502,2026-02-24,msg_00039,U743849e63f8101ac616f8fd0ba84a167,U803c3be45c5082bede95aad7e92f6eed,flex,delivered,2026-02-24 09:09:51,
3aadf09f-2939-4073-9054-3bdf01080d41,2026-02-25,msg_00008,Ub0341314a5534ea92b26fa8adc30543f,U1d95abd8852b9e8972a5dcf911c0f9eb,image,opened,2026-02-25 15:06:41,
f0839d5b-3d51-478e-8587-2633416ead66,2026-01-01,msg_00027,U4784fc8a8e1e4eb2435ad84e0ad052f2,c08273e26707ddc7fec88933c14bc076,image,delivered,2026-01-01 06:55:14,
75015d72-3761-49c9-a7d0-a60e2314d6a1,2025-12-24,msg_00091,U3bae1603803a839c0cb52f511d9cb8f6,U51110014fba1675ea28fff7be8ac33a0,imagemap,clicked,2025-12-24 10:41:20,
94a78a0a-d2bd-4c5a-9b03-1ad209ba41a6,2026-03-22,msg_00119,U3bae1603803a839c0cb52f511d9cb8f6,f7a873d8c941393e7b65de6119c18a3d,imagemap,delivered,2026-03-22 06:45:36,
179c6799-12ec-494b-b5c3-d611323ae770,2025-12-07,msg_00003,U227d1cd1a801c367de206ec4bbca7330,U60d5899ae22dd5be5d9b8fd18734f06a,image,opened,2025-12-07 21:21:51,
863a40ab-347a-482c-a2c9-5ea48e06f036,2025-12-18,msg_00070,Ue9a1e8a5b83a6b296d43c957a8cfba4a,Uf402448725d398ec09c5276c416c8217,imagemap,delivered,2025-12-18 23:40:24,
d2438aea-b8fa-4168-b2a5-6c5913b1c192,2025-12-17,msg_00032,U3bae1603803a839c0cb52f511d9cb8f6,U39dc2a00a68372bdf765f2f5566be875,video,opened,2025-12-17 21:19:01,
bb352b72-7944-459c-80a5-09473e0fa651,2026-02-07,msg_00090,U4784fc8a8e1e4eb2435ad84e0ad052f2,Ua303f3f6ab24d90a47a99f6ba9053fcc,imagemap,delivered,2026-02-07 23:53:11,
7b84ecee-2692-4fe2-a3cf-2dcdd2f62437,2026-02-08,msg_00051,U3bae1603803a839c0cb52f511d9cb8f6,U104922bcf18e0e08a01df673961d0b07,image,opened,2026-02-08 02:33:01,
0ce97585-27e1-4554-a135-77f116651d50,2026-02-10,msg_00058,Ue9a1e8a5b83a6b296d43c957a8cfba4a,Ueb07f67d5e2eebaeac5db51de7b176c6,video,opened,2026-02-10 20:31:25,
603e50c1-2471-4181-b8a7-9627bb5e4504,2026-02-20,msg_00036,U879eb903ad90cd9c2874f6df7651267a,U31a5c3d12e155884bcabe632901f129b,video,delivered,2026-02-20 18:05:17,
f914560d-8e59-4d9e-8d47-1eccb614ceb6,2025-12-23,msg_00109,Ue7310890b01058478be93761a56d0aa0,Ub7ea096af729ff057e402d8c2d59de7d,text,delivered,2025-12-23 13:35:05,
32d4a2fe-b33d-4071-82df-98419b0c538e,2026-04-06,msg_00074,U3bae1603803a839c0cb52f511d9cb8f6,U30dcd98a7eb808d8e7d0f3f8f3c2cf42,text,clicked,2026-04-07 00:45:09,https://example-saas.jp/coupon/500off
67f85e3b-edd2-4018-838c-09893f410265,2026-01-20,msg_00026,Ud4a92c8c8050eed40ef171cc2784d638,U0f359e11233bd1522304724e7707a0af,imagemap,clicked,2026-01-20 07:31:21,https://example-saas.jp/lp/newmenu
08716b7a-ef19-4078-9189-eb665c8807fa,2025-12-23,msg_00109,Ue7310890b01058478be93761a56d0aa0,Ub6453c6356423c72b83a109a1e487594,text,opened,2025-12-23 21:17:08,
cbb4ba74-2a38-4f84-98fd-b162c4cd898f,2025-12-02,msg_00088,U3bae1603803a839c0cb52f511d9cb8f6,Uc1c6e1f5beb8f3b7e0a7abc607629c55,image,delivered,2025-12-02 05:34:04,
ccef072b-3b86-4333-89fa-11f06e8ded49,2026-03-03,msg_00093,U743849e63f8101ac616f8fd0ba84a167,U9ee7876c1f6b21b01e6eb5942f873544,imagemap,opened,2026-03-03 08:15:16,
feac82e0-1dc4-4fde-b0af-1243fcb16b76,2025-11-22,msg_00047,Ue7310890b01058478be93761a56d0aa0,U6e5efea88b9dc7e2661bbc62cbbc0854,video,delivered,2025-11-22 08:02:02,
60ba78cf-21f9-43e9-8b6d-de6808638b6d,2025-12-25,msg_00045,Ue7310890b01058478be93761a56d0aa0,Ufaf29c04fdd7fa78347784167d5cd525,video,clicked,2025-12-25 06:08:43,https://example-saas.jp/coupon/500off
7263a2f2-fe06-42b5-9aec-947ec76eeecf,2025-12-14,msg_00085,U743849e63f8101ac616f8fd0ba84a167,U93f329ab4b9415c2d3b4f4994ad3a4c6,image,opened,2025-12-14 15:12:06,
58034296-d650-414e-805a-52217137d743,2026-03-06,msg_00068,Ub0341314a5534ea92b26fa8adc30543f,U63ce361bf4f54a7310e9a87c144be961,video,delivered,2026-03-06 02:32:13,
9f0d6907-2da9-4284-bb00-11cdace827df,2026-02-15,msg_00087,U3bae1603803a839c0cb52f511d9cb8f6,Uae7d4f6454d80e114869824dfcb92a45,imagemap,delivered,2026-02-15 21:10:06,
79003eb8-14ac-4253-bf9d-de44aee85c8e,2026-02-15,msg_00006,U743849e63f8101ac616f8fd0ba84a167,U09014fdc3546c5acf3f1bf3f310e31a7,flex,delivered,2026-02-15 03:40:35,
be9a4825-8399-439e-b8b0-0f9a9c227914,2026-03-20,msg_00057,Ub0341314a5534ea92b26fa8adc30543f,Uc48b689accb4ff34f932bcc15699ccda,video,delivered,2026-03-20 22:23:10,
38996bda-1e44-4957-96de-5b0081b70488,2026-04-12,msg_00105,Ud4a92c8c8050eed40ef171cc2784d638,Ufb122d3f2c7f8c905731183158dc0c0d,flex,delivered,2026-04-12 03:05:35,
3a022439-b74b-41e4-8b9b-f6cdfb857912,2025-11-17,msg_00099,U3bae1603803a839c0cb52f511d9cb8f6,U1c85136700b4cc882e5dcbbb13d481c3,text,blocked,2025-11-17 20:20:32,
b21551a6-f0b8-43c1-b383-0571a183731e,2025-12-24,msg_00091,U3bae1603803a839c0cb52f511d9cb8f6,Ufd3cd1546e6097c140f229c23be5c849,imagemap,failed,2025-12-24 01:15:08,
5e6c152e-f2f8-484d-89a0-cc87759bfd4e,2026-04-04,msg_00049,U476acbdef8e9a16d24575e4f6d7b0f31,U359a74ffc05b9ae98328e1c1eb0ca359,text,opened,2026-04-05 00:33:04,
fb5dcea5-36ba-4ed4-ac30-3da4fcae15a4,2025-12-09,msg_00059,U3bae1603803a839c0cb52f511d9cb8f6,U766d50501129ada7c20c20b623fa6cae,imagemap,delivered,2025-12-09 12:08:31,
84935434-f30b-4d2a-a2c0-093d8ab2ff7a,2025-12-25,msg_00045,Ue7310890b01058478be93761a56d0aa0,U4bad6be682c28d432ee9203fce74d785,video,delivered,2025-12-25 20:42:01,
2db7bf12-7248-4f90-9234-9ee80042355f,2026-03-20,msg_00057,Ub0341314a5534ea92b26fa8adc30543f,Ubfbb0d923c2eefdd34474057faf0b9ba,video,delivered,2026-03-20 16:08:10,
18e18c28-c9f0-48ab-8fba-367bb95554b1,2026-01-31,msg_00035,U7e808d11d6f9901a954a542a7ee09918,Ufe13c77ddcb82b2c95233337c5715344,text,delivered,2026-01-31 11:07:14,
3fcd4894-c4ce-44f5-9fbd-b0b81508efd9,2026-03-14,msg_00009,U743849e63f8101ac616f8fd0ba84a167,U094d21534e9cd1ab93c40a955c994d4b,imagemap,delivered,2026-03-14 05:49:56,
53dc80e4-52f2-41fa-afc2-7da9e4f41ef5,2026-01-01,msg_00027,U4784fc8a8e1e4eb2435ad84e0ad052f2,b6525442d4febab47664fb671dd6b245,image,clicked,2026-01-01 00:51:45,https://example-saas.jp/coupon/500off
a3c86dcf-2589-4aed-ba12-1243e9297830,2025-12-17,msg_00032,U3bae1603803a839c0cb52f511d9cb8f6,0adeb2ef402dd6bddecf252d4bf38253,video,clicked,2025-12-17 07:23:12,https://example-saas.jp/survey
f38737ec-39cc-46fb-a29a-bbd96c90a998,2025-12-25,msg_00077,U743849e63f8101ac616f8fd0ba84a167,373a2ebeb289e3fc8353daaa6a71a6ae,text,clicked,2025-12-25 19:36:16,https://example-saas.jp/survey
3e4c1585-3a31-4d55-90d0-57cb335a7196,2025-12-22,msg_00038,Ub0341314a5534ea92b26fa8adc30543f,U18453502b09ad5117aba01b28e6d79cd,image,delivered,2025-12-22 19:45:40,
d98a92f1-917d-4c66-8b2c-46e7055fca29,2026-04-12,msg_00120,U227d1cd1a801c367de206ec4bbca7330,U91272fe6223c95b64aaef53ccda67733,text,opened,2026-04-12 11:54:10,
5e8b870a-e061-4570-9f74-845586d699a5,2025-12-18,msg_00070,Ue9a1e8a5b83a6b296d43c957a8cfba4a,U159258958fcae8cd15628aca5209c554,imagemap,delivered,2025-12-18 09:51:28,
054dbcae-029a-49bb-80c9-6432cbd071fc,2026-01-14,msg_00081,Ue7310890b01058478be93761a56d0aa0,Uc06d654427530c7ef18f6cd06448e804,video,delivered,2026-01-14 17:43:06,
ca0cc5a1-7f63-4d84-b389-86f3aefe8d5b,2025-12-18,msg_00114,Ub0341314a5534ea92b26fa8adc30543f,U67438546a32ff58290d874c7880a438f,flex,clicked,2025-12-18 22:59:22,https://example-saas.jp/coupon/500off
ac9508f8-72d6-4a9a-a843-3425593efc1d,2025-12-03,msg_00012,U743849e63f8101ac616f8fd0ba84a167,U266b9703139edb0906f31588e38a40ff,imagemap,opened,2025-12-03 04:32:01,
5fc65db2-4bc0-4657-a84f-a2fe7c447504,2026-02-24,msg_00039,U743849e63f8101ac616f8fd0ba84a167,U919e3b5d60c9c6fc01f56b6838653842,flex,opened,2026-02-24 15:51:32,
48e1da68-7d80-4b7f-9303-249619970062,2026-03-14,msg_00009,U743849e63f8101ac616f8fd0ba84a167,53be00485b763b0092471a271b573a56,imagemap,delivered,2026-03-14 15:08:25,
1ad5a683-c3fb-4add-a1a6-6b581843603c,2026-04-12,msg_00120,U227d1cd1a801c367de206ec4bbca7330,U8eb06e3ed5462e8bf896918bf3d0c364,text,delivered,2026-04-12 10:02:01,
ef88ff31-c27c-43cb-a5ae-e8e9b33b29a1,2026-01-13,msg_00060,U3bae1603803a839c0cb52f511d9cb8f6,U7654161cb38c4dca215aa33dd11af6f8,image,opened,2026-01-13 05:24:31,
ad808465-3bdb-41f1-ad98-9dca5907ae29,2026-01-01,msg_00027,U4784fc8a8e1e4eb2435ad84e0ad052f2,U89bf464b098dbfb29495694b58b6b608,image,delivered,2026-01-01 10:39:55,
65897f6a-c0d2-4a64-b4fc-e5410702ee27,2026-02-16,msg_00021,U743849e63f8101ac616f8fd0ba84a167,U3783f3593490df21b406b17fcb26f58d,flex,clicked,2026-02-16 20:00:19,https://example-saas.jp/lp/newmenu
b00ab319-a023-4a07-988e-a621af33695f,2026-03-26,msg_00061,Ue7310890b01058478be93761a56d0aa0,Ue958776c7a642d7081675b3a04d4a651,flex,,2026-03-26 01:37:40,
0135c940-eacb-4fa4-bbf2-607fa1b60b7a,2026-02-19,msg_00016,U837b70463a585f85743b5bfb3b49c9fd,Uaf66335760dda752f001773881cb8546,flex,opened,2026-02-19 04:49:09,
01edbdc1-7c16-482d-b07f-a77cd7ea7bac,2025-11-27,msg_00018,U3e5dd3a641c58ad50e49f095c6f1e306,U30f83a887130e94c4752ed57aff73f49,imagemap,delivered,2025-11-27 08:12:30,
b6a7c469-997c-4340-90cd-43b49dbef578,2025-11-23,msg_00024,Ue8d9224ecde331ce692edfce0b5ecdc4,U97ca51f63c7713f50dfa5ae4b0a9bf8e,text,delivered,2025-11-23 05:00:01,
b654906a-4810-4302-927e-e7ebf11100f5,2025-12-23,msg_00109,Ue7310890b01058478be93761a56d0aa0,U06a2b37cde78251774778dc96278f56d,text,opened,2025-12-23 02:27:35,
58a760f6-3e17-4c9c-8bbd-557e9b2f36a7,2025-11-22,msg_00047,Ue7310890b01058478be93761a56d0aa0,U2d7bd781bb8aedeed353e29d4b19d5b0,video,opened,2025-11-22 07:13:46,
90d322f0-eba4-44ea-b9f8-38d67c5440c2,2025-12-25,msg_00077,U743849e63f8101ac616f8fd0ba84a167,Ufe95c1c22d806ac2951c4cd6f9e9914f,text,opened,2025-12-25 08:13:24,
4072fd95-9e79-4b46-a327-9681544ad82b,2026-03-12,msg_00084,U68d2301028fb66b51d9111f1af067e34,Ua65c7d2d6a4edd957456e07b21a52227,video,failed,2026-03-12 03:57:40,
b536e168-8988-4c7a-b253-5d44aee03121,2026-02-14,msg_00065,U743849e63f8101ac616f8fd0ba84a167,U4c8d455de927579a2443d7847bf66697,image,failed,2026-02-14 08:01:13,
cb82ba35-10f8-48d2-9425-e472862a9264,2026-03-05,msg_00014,U3bae1603803a839c0cb52f511d9cb8f6,U034c76245e0b6604a0f93713d4f75d04,flex,delivered,2026-03-05 10:56:57,
7d7446c9-ba23-44ef-b22b-f7f9ebefbf84,2025-12-15,msg_00030,U3bae1603803a839c0cb52f511d9cb8f6,U473c45becac460c98b4083b748cae59a,video,delivered,2025-12-15 08:04:13,
75b04a31-9c14-4689-9526-544ef220268f,2026-03-04,msg_00056,U1ca413826b7044d134c9c3132420c9de,U1744404dee203d0b9e3daa8433596ff5,text,delivered,2026-03-04 04:41:50,
5a1d5919-f6dd-45bd-934e-d1e8a2de17de,2026-02-20,msg_00036,U879eb903ad90cd9c2874f6df7651267a,U5c4dbabca008d3898febd2e4abebc83e,video,opened,2026-02-20 10:59:34,
0e8e2acb-09a1-46c7-b1e7-6c116196d153,2025-12-02,msg_00088,U3bae1603803a839c0cb52f511d9cb8f6,U8d2739132c8dad1e3228bb1288e35de4,image,delivered,2025-12-02 06:48:22,
ccdbc781-4a99-4fed-adcf-cc42388d1cf6,2026-02-20,msg_00048,Ue7310890b01058478be93761a56d0aa0,U8fa5453849b35fad7ea5c145a279b5da,flex,delivered,2026-02-20 08:18:13,
904a6d31-172a-4751-9349-38da9b43e473,2026-03-04,msg_00056,U1ca413826b7044d134c9c3132420c9de,U697b6fe9a77e3e8abc28dacb0b82c225,text,delivered,2026-03-04 15:00:13,
b433237d-d40d-46ee-afac-77ac95362e19,2026-02-20,msg_00036,U879eb903ad90cd9c2874f6df7651267a,Udc3cab9782dee814c2146f9f152ce887,video,delivered,2026-02-20 20:07:39,
2e46d39b-4fd0-4712-9d77-b60529f71fef,2026-01-01,msg_00027,U4784fc8a8e1e4eb2435ad84e0ad052f2,Ued524f2d269b9c8a95149700a2c7f51b,image,delivered,2026-01-01 10:27:25,
d11b7302-6980-4bf3-b812-3abdd9d078d5,2026-03-12,msg_00084,U68d2301028fb66b51d9111f1af067e34,Uc6c5315ca762de78049108a23436fc4b,video,opened,2026-03-12 10:08:31,
0bfea8f9-2bf0-4681-a855-2c83db676def,2026-01-24,msg_00066,U3bae1603803a839c0cb52f511d9cb8f6,U99e673cd11d07ccdd8eecd2fafc114a5,image,opened,2026-01-24 07:55:45,
1ce103e8-eef9-4690-a6d3-77923a9f2e6e,2026-03-12,msg_00084,U68d2301028fb66b51d9111f1af067e34,U2a554ef751763cae0212a4ab643820ed,video,delivered,2026-03-12 07:08:21,
a3ca7d8a-5c01-4814-9b3d-bfd0484ab59b,2026-02-10,msg_00058,Ue9a1e8a5b83a6b296d43c957a8cfba4a,U16ff2dcdd40a1e6e05a724cd82c73e0b,video,opened,2026-02-10 04:02:07,
818a6245-d441-4fb6-842d-d7d42095cf16,2026-01-07,msg_00110,Ub0341314a5534ea92b26fa8adc30543f,U8f729eeedc1f26ce0a53b1d296c0becb,video,clicked,2026-01-07 07:02:38,
884450f0-295a-4508-84b7-b2af470f514f,2026-03-08,msg_00112,U3bae1603803a839c0cb52f511d9cb8f6,U9f49313be28ca288c1b8d16b81ce83e9,image,delivered,2026-03-08 16:26:12,
734d98bd-a94b-487b-9804-05a323bd2290,2025-12-25,msg_00045,Ue7310890b01058478be93761a56d0aa0,Ua88296e501d23efa882f1e1f1d358cce,video,delivered,2025-12-25 05:24:58,
83eddb06-8de2-44a9-b90a-8edd6b2344e4,2026-04-05,msg_00054,U3bae1603803a839c0cb52f511d9cb8f6,d26c35199e6229b02002e1a7b878efbe,image,delivered,2026-04-05 21:18:39,
025878d2-18e4-4d14-aa25-abe35a7ff82e,2026-02-14,msg_00098,U743849e63f8101ac616f8fd0ba84a167,U4807ba9a7b372cd3a678e082fb97a0e6,imagemap,opened,2026-02-14 12:52:47,
19f95354-e384-46b8-abc7-36c96a49aa8e,2026-02-05,msg_00107,U3bae1603803a839c0cb52f511d9cb8f6,Ueebae47888623b6d06d1bb2f9a777700,text,opened,2026-02-05 05:26:54,
d9190eec-2c9e-452f-a9d4-71ba738687b7,2026-03-20,msg_00092,U743849e63f8101ac616f8fd0ba84a167,U5b4fc3371d70421cc69e0b73bac32b8f,video,delivered,2026-03-20 19:35:04,
63a72b19-a772-4ff8-817d-423d5adac146,2026-01-26,msg_00005,Ub0341314a5534ea92b26fa8adc30543f,U34cb5b9cfd089193894a1062fc82b912,image,delivered,2026-01-26 15:51:17,
b8986487-6424-476d-b2c4-e2416169b4cc,2026-02-24,msg_00039,U743849e63f8101ac616f8fd0ba84a167,U7c090f5edde2a4010d35a111105b9ab1,flex,delivered,2026-02-24 08:49:59,
940ffe24-4759-4708-884e-1c50bae30e4c,2026-03-16,msg_00002,U3bae1603803a839c0cb52f511d9cb8f6,U600a08ee03b1447e32de572216d14615,text,delivered,2026-03-16 20:27:54,
86e44b2e-cba4-4df8-9faa-c98a4ffd6c18,2026-03-25,msg_00079,U743849e63f8101ac616f8fd0ba84a167,U20e1a147c8068e56f986a8dbfb8177bb,text,delivered,2026-03-25 18:16:31,
a4b73849-6035-4f00-a285-8db81af84f56,2026-03-11,msg_00067,U7e808d11d6f9901a954a542a7ee09918,Uc9f2e954a3b664455ac705a870e141c7,video,delivered,2026-03-11 16:30:41,
c9ff96c7-79b5-4171-ae67-bdc5439a2df5,2026-02-08,msg_00051,U3bae1603803a839c0cb52f511d9cb8f6,U614574f728f78d83bbbcfc4f990e9753,image,delivered,2026-02-08 05:15:46,
6af1c705-3d96-470b-9cef-3c6b052b0af0,2026-02-20,msg_00036,U879eb903ad90cd9c2874f6df7651267a,418d250f1401b09a3b64b5444d030784,video,opened,2026-02-20 01:34:51,
d8392a3e-ac69-4b0a-9bcf-81b605e1c0a4,2026-02-24,msg_00039,U743849e63f8101ac616f8fd0ba84a167,Uea39e9a98b2d0b41e927dc4ca40fabaf,flex,delivered,2026-02-24 11:13:08,
67c3885e-5461-42f5-af26-1c594ace20a8,2026-03-20,msg_00057,Ub0341314a5534ea92b26fa8adc30543f,Ub6200e926d323f4ac482789451f84943,video,clicked,2026-03-20 21:42:36,https://example-saas.jp/coupon/500off
d8344e8a-dacf-4790-9035-ba8d3c934d6f,2026-01-14,msg_00081,Ue7310890b01058478be93761a56d0aa0,U10c96544d064b6b127d8238f07af8d04,video,delivered,2026-01-14 02:28:31,
92d5a447-3a44-434e-ab95-171633ec907e,2026-03-14,msg_00009,U743849e63f8101ac616f8fd0ba84a167,U867de6db6dee8e2c5e3d6dc3e857c8e6,imagemap,opened,2026-03-14 22:16:58,
7950b92f-97ec-4ccb-8bba-8a6e99a574d7,2026-03-31,msg_00046,U4784fc8a8e1e4eb2435ad84e0ad052f2,U1239cdf8c71b8112796fe47d2e9e4ba2,flex,opened,2026-03-31 11:24:56,
0616028e-9f92-41c0-86af-3030eb6abcfe,2025-11-22,msg_00047,Ue7310890b01058478be93761a56d0aa0,U357d73bc4c4ff25f0f7d4403d222bd93,video,opened,2025-11-22 02:41:26,
5f16a9d7-5c07-437e-9813-0000acf1aed2,2026-02-10,msg_00058,Ue9a1e8a5b83a6b296d43c957a8cfba4a,Ueccf5d6369b96936f1d3ef9ca129dcb4,video,delivered,2026-02-10 12:55:46,
4bcaf66b-03dd-4189-acac-8beee8b360e4,2026-01-14,msg_00081,Ue7310890b01058478be93761a56d0aa0,U1b1f8b38d5487ac0856016293d67e9b2,video,delivered,2026-01-14 01:44:35,
49a748c6-f38f-4dc6-adbc-2d89255c9e87,2026-01-14,msg_00081,Ue7310890b01058478be93761a56d0aa0,001662f6f3e6fb0c677b6005df2cb522,video,delivered,2026-01-14 18:27:01,
169910a7-63b2-422d-96d8-68c38bc3755a,2025-11-16,msg_00020,U3bae1603803a839c0cb52f511d9cb8f6,Ua8ed0ec4eb0cf43849b42ceb1c7b59e5,text,opened,2025-11-16 11:31:31,
8ee8381f-e4b4-43a8-b5c0-c7a2b8a3b3ca,2026-04-10,msg_00101,U743849e63f8101ac616f8fd0ba84a167,U6673f077a3c468c5a30811427869d11a,imagemap,opened,2026-04-10 06:47:26,
d9497c24-357a-46cd-9f94-8f131942d0be,2026-02-15,msg_00087,U3bae1603803a839c0cb52f511d9cb8f6,cfe2676757d721ba50a43cbc7810ec91,imagemap,delivered,2026-02-15 17:16:54,
988fadc6-bec2-4c2c-8bde-b46ad55bcb79,2026-03-27,msg_00096,U476acbdef8e9a16d24575e4f6d7b0f31,c6a8aede6ce0664e9f20e12d626cc73b,imagemap,delivered,2026-03-27 00:08:05,
5a86a2e1-25b5-4d3e-bc5d-f256105920b8,2025-12-09,msg_00069,Uc20f9c7e9b662bedec3cb78e127885c7,U1bc43918efe952dd6966d9909909a73d,imagemap,delivered,2025-12-09 10:09:06,
27119025-212a-43a1-aa72-67e6bd7ffed0,2025-11-24,msg_00033,U3bae1603803a839c0cb52f511d9cb8f6,U8d4cf478b3aae05f2b34c3ab3a6a1f78,text,delivered,2025-11-24 16:28:56,
db0d1307-6680-4a00-8a06-cc7074990ecf,2025-11-19,msg_00019,U743849e63f8101ac616f8fd0ba84a167,U03bb5e659af7f31e983905d4b1b7430b,flex,opened,2025-11-19 01:08:22,
f5eacc0e-4376-4d46-9d52-5fd77449429b,2026-04-04,msg_00049,U476acbdef8e9a16d24575e4f6d7b0f31,Ue902dbe2bff868bfc31df0515b2eaaa2,text,opened,2026-04-04 22:23:25,
c71f3ccd-c12e-40ab-8388-9a4d37e3b92f,2026-04-04,msg_00049,U476acbdef8e9a16d24575e4f6d7b0f31,U1a5d6ba8ce0362ea5f7987d3032a860e,text,opened,2026-04-04 12:10:37,
6959f10f-9b36-4c67-bb5e-7aa767370a01,2025-12-24,msg_00062,Ub0341314a5534ea92b26fa8adc30543f,Ubd27e1aea2e4db16555bc8efba3c6e7b,video,delivered,2025-12-24 17:27:29,
42395032-2762-4d83-8ad5-58c233fb6d1a,2025-12-09,msg_00094,U227d1cd1a801c367de206ec4bbca7330,Uebb8ad6c099f648f48e3151ea90f53b3,flex,opened,2025-12-09 03:28:04,
8ac3c8ec-5812-409c-a199-199a2414e3eb,2025-12-24,msg_00062,Ub0341314a5534ea92b26fa8adc30543f,U3d6415a590c27ede97686a0539e4a892,video,opened,2025-12-24 12:02:42,
cef52d10-1388-497a-b8d5-3370e39e05ff,2026-02-20,msg_00048,Ue7310890b01058478be93761a56d0aa0,U83647efb990ebb33b115ec1ebe37152a,flex,delivered,2026-02-20 16:27:23,
d20ac5ca-5431-4287-bb53-e57f831a83d4,2026-03-22,msg_00119,U3bae1603803a839c0cb52f511d9cb8f6,1eb1adc153f98c2971196e13600302d8,imagemap,delivered,2026-03-22 16:32:03,
d69153c4-bfeb-4848-9a81-522c1667a76c,2025-12-23,msg_00061,Ub0341314a5534ea92b26fa8adc30543f,U08dcc6cfd4260a5c911ad73e1965b411,imagemap,opened,2025-12-23 04:07:07,
6e7158c7-25d5-414d-92fe-9e75b24e439a,2026-03-13,msg_00001,U4784fc8a8e1e4eb2435ad84e0ad052f2,Ue5e16bac4cdff10cc00aa286b915b45b,image,opened,2026-03-13 17:06:18,
13aa7085-f23c-4ac3-b246-f725db87d222,2026-02-14,msg_00098,U743849e63f8101ac616f8fd0ba84a167,U43e132d56b5d57d37f3f45ff0e9ba2d4,imagemap,delivered,2026-02-14 21:10:06,
67496a0f-968a-4808-a21a-6a7b8bb9c38e,2026-01-26,msg_00103,U3bae1603803a839c0cb52f511d9cb8f6,U072de02b96ca56ee5b315c2d40e5d660,flex,opened,2026-01-27 00:22:12,
33f9b104-4be5-4534-919f-3187a0fd104e,2025-12-17,msg_00032,U3bae1603803a839c0cb52f511d9cb8f6,Uda8dcf12d29b774ef69d8d07d9036fe4,video,delivered,2025-12-17 04:25:52,
6e0cc112-a898-40d4-b819-e80d2c45b0bd,2025-11-22,msg_00047,Ue7310890b01058478be93761a56d0aa0,7660a063e2eaeb1c08ff0b7ce804d174,video,delivered,2025-11-22 22:06:00,
1d2f0e22-33bc-4670-ad8b-273a62403edd,2026-02-14,msg_00098,U743849e63f8101ac616f8fd0ba84a167,U2ae14d5f57054387937a3a66eb3967a9,imagemap,opened,2026-02-14 19:50:40,
fbeb8855-a9fe-46b5-a692-6797d133fc04,2025-12-12,msg_00029,U743849e63f8101ac616f8fd0ba84a167,U2a6a990681036ce8794c332fa3cc9072,imagemap,delivered,2025-12-12 04:33:21,
768c5053-1422-4d31-bf61-f9c1e681d038,2026-02-20,msg_00036,U879eb903ad90cd9c2874f6df7651267a,78cbd64af351a34c20c2de4b3d8546ca,video,delivered,2026-02-20 09:47:30,
b0b99da0-4e94-4459-914f-029a4ba56deb,2026-02-07,msg_00090,U4784fc8a8e1e4eb2435ad84e0ad052f2,U33efaa72dd9af5aa13a164b7d646c762,imagemap,clicked,2026-02-07 23:23:07,https://example-saas.jp/survey
90e60f5c-7669-4257-886f-6babe283d1da,2026-02-20,msg_00048,Ue7310890b01058478be93761a56d0aa0,U7b676ae9ba3b1082edb07306a8450ccd,flex,delivered,2026-02-20 12:07:25,
37a0c075-b469-441c-971e-62520ff8142a,2026-03-22,msg_00119,U3bae1603803a839c0cb52f511d9cb8f6,U36e98e825a733e327866e634ae1d1f55,imagemap,delivered,2026-03-22 15:41:12,
5fc149e6-2503-47eb-8e1c-e6f2539d2038,2025-12-19,msg_00118,U4784fc8a8e1e4eb2435ad84e0ad052f2,Ua887bcdd59e7cb7206bf65780bef5bab,image,opened,2025-12-19 23:58:26,
d26b6677-7c5b-4a17-982d-8659c8e8c82a,2025-12-14,msg_00085,U743849e63f8101ac616f8fd0ba84a167,U573dc3ef7c2d5617744a881b5ab51da0,image,opened,2025-12-14 05:04:19,
84c3a176-d678-40f7-be0d-22399c975706,2026-01-31,msg_00035,U7e808d11d6f9901a954a542a7ee09918,U3047d9bd95c45b9a398efca83271d8cb,text,delivered,2026-01-31 20:50:13,
d2a322aa-50c4-4e2c-b117-ab39571d5568,2026-03-16,msg_00002,U3bae1603803a839c0cb52f511d9cb8f6,U1488a23b6b9788763c4089a6bb1c0ac0,text,opened,2026-03-16 18:19:17,
4c0f96e9-13a4-442f-9213-3f42ccf5c13d,2025-12-21,msg_00022,U3bae1603803a839c0cb52f511d9cb8f6,U746a7aabcaef4e54038cb9b735b81a10,video,delivered,2025-12-21 15:18:11,
e557cac1-7a64-4a95-ac37-929f85985238,2026-02-15,msg_00089,U3bae1603803a839c0cb52f511d9cb8f6,U1e17bf26fdf907a69f2b828278227b85,text,delivered,2026-02-15 15:09:33,
5f6c0cab-7148-4624-982d-5a6ab54d22e3,2026-03-26,msg_00040,U3bae1603803a839c0cb52f511d9cb8f6,U5a359b1a5cc56d8e15cadde9b787f68c,imagemap,delivered,2026-03-26 05:30:41,
ab4c54df-48ed-42d2-b6ff-3161f0592307,2026-02-05,msg_00107,U3bae1603803a839c0cb52f511d9cb8f6,U2226d8478d5c0f3580ca6a3e2eb523b0,text,delivered,2026-02-04 02:09:08,
2820694a-17e7-415f-a83a-6029c61d967f,2026-02-10,msg_00058,Ue9a1e8a5b83a6b296d43c957a8cfba4a,Udc76a996422daae5a2c0d8bbd4b47dce,video,delivered,2026-02-10 21:03:16,
b674e0c7-c280-4a71-a8fe-1eb77377dc6e,2026-04-12,msg_00120,U227d1cd1a801c367de206ec4bbca7330,b54563c1074be38e32c90c173733ca3a,text,delivered,2026-04-12 05:25:18,
965860d4-0fbd-49d9-a783-c78560571aa3,2026-02-15,msg_00087,U3bae1603803a839c0cb52f511d9cb8f6,U212ee9dcc7ee9b880defcb3e4f0cfb36,imagemap,clicked,2026-02-15 16:32:34,https://example-saas.jp/survey
cdaa38ea-ee6c-4203-8335-643f88971f14,2025-11-21,msg_00010,Ue7310890b01058478be93761a56d0aa0,U8cc81fc6bd245e72b051130336dfd3e8,imagemap,delivered,2025-11-21 08:51:01,
7dc0d7c3-299b-4529-8b2d-1ed294c09218,2026-04-08,msg_00078,Ud4a92c8c8050eed40ef171cc2784d638,Ubcd62a0237b63fe06dfadb4547b595c6,image,delivered,2026-04-08 06:27:45,
9ded9f01-d08a-4557-9792-f954bfceb111,2025-11-16,msg_00011,U837b70463a585f85743b5bfb3b49c9fd,U3c905533b0c463fa545f3dc809b878b6,flex,delivered,2025-11-16 18:26:35,
d54b7eaa-dd89-4228-80ac-d56eadecbdb5,2026-02-24,msg_00111,Ub0341314a5534ea92b26fa8adc30543f,b37d0bccf1a025dd0425164e70f07d57,flex,delivered,2026-02-24 18:01:55,
29972c5e-6616-4cf5-b0fd-2abe51d8b71e,2026-04-08,msg_00041,Ue7310890b01058478be93761a56d0aa0,d20d4a958fc3363376c8436869495857,text,delivered,2026-04-08 16:40:13,
48cc60c3-0543-45fe-b6ce-20bbc3f12d3f,2026-03-05,msg_00014,U3bae1603803a839c0cb52f511d9cb8f6,U39b8e320f3aaa2d3a68bd686768f81b1,flex,delivered,2026-03-05 13:26:08,
0366955a-06ea-4de8-9a45-31f65d08c0bd,2026-01-26,msg_00115,U3bae1603803a839c0cb52f511d9cb8f6,24cff065d29e796933d48bd63fba30de,imagemap,delivered,2026-01-26 04:19:42,
b56dc9a6-33fb-4e4b-af55-1f26e9428755,2025-11-16,msg_00011,U837b70463a585f85743b5bfb3b49c9fd,Ub9494652b4a3900a6d2add252aefa25d,flex,delivered,2025-11-16 03:08:29,
3dd697a3-4ba8-4325-a3f2-0b6b501d1211,2026-01-24,msg_00113,Ub0341314a5534ea92b26fa8adc30543f,U178e8cba1e176ffe9a57177909d5d264,text,opened,2026-01-24 07:24:36,
9a7d3749-7b23-4a34-8417-da575c0db94d,2025-12-03,msg_00012,U743849e63f8101ac616f8fd0ba84a167,4fcf2b4d01fa55814dd11ad07d5108d4,imagemap,delivered,2025-12-03 21:12:55,
5bd6b267-eddb-4544-8d7b-faedf06d9d52,2025-12-23,msg_00061,Ub0341314a5534ea92b26fa8adc30543f,U08dcc6cfd4260a5c911ad73e1965b411,imagemap,delivered,2025-12-23 03:27:42,
fd1def6e-6e8e-4668-918b-612228c48ed1,2025-11-23,msg_00024,Ue8d9224ecde331ce692edfce0b5ecdc4,U9888b2da8761d215e3998de3313d2bce,text,opened,2025-11-23 09:14:50,
1964ce72-0f63-41e0-bc9f-a89c15f191e3,2026-02-20,msg_00017,U22a93bc29b1df104af6b1ba1cd91fc56,U8f05b73fc5845525241658ebfbb9d903,video,opened,2026-02-20 19:59:05,
6413a00f-6091-4186-94de-da6598e331b7,2025-12-07,msg_00003,U227d1cd1a801c367de206ec4bbca7330,Ua4c30789515610f6696efead23796cbd,image,delivered,2025-12-03 15:37:37,
a956c3c0-2b1c-4ca2-b7fc-ae053e0843c1,2026-01-26,msg_00063,Ub0341314a5534ea92b26fa8adc30543f,U2b8bc50d1caec5a2d08e345d9f483489,imagemap,opened,2026-01-26 04:53:52,
ebc055a1-2e56-44de-a35d-a1fd4b21448d,2025-12-09,msg_00069,Uc20f9c7e9b662bedec3cb78e127885c7,Ud77b91899db2a70fd822267862b129cc,imagemap,delivered,2025-12-09 15:36:53,
aa46fcc0-b12b-4083-893a-e94c70912297,2026-03-22,msg_00020,U4784fc8a8e1e4eb2435ad84e0ad052f2,U8aa344d154fa1c9db40bfdbf0cdf4190,video,delivered,2026-03-22 12:03:03,https://example-saas.jp/survey
c9bbad23-35ce-41c2-a1d5-48dbf8f991c0,2026-03-06,msg_00055,U3bae1603803a839c0cb52f511d9cb8f6,55329ab45bd151100f24fc0e56f32ee8,flex,delivered,2026-03-06 00:14:33,
5b37a012-2f7c-45c5-87eb-e576e9d27cc3,2026-02-08,msg_00051,U3bae1603803a839c0cb52f511d9cb8f6,U15060bf73b30a17485eb64871d572040,image,delivered,2026-02-08 00:59:22,
db10fb44-bddd-4be7-85f2-d07cec7d2d8d,2025-12-09,msg_00094,U227d1cd1a801c367de206ec4bbca7330,U9420e7b18f8cd50b68298a0f6ddfe3c5,flex,opened,2025-12-09 05:30:22,
33b89cbf-933b-41de-af70-0a7f3aa8e356,2026-03-22,msg_00119,U3bae1603803a839c0cb52f511d9cb8f6,U250a837bb7cdb5d6da4ee30eec29dc33,imagemap,delivered,2026-03-22 01:42:23,
41b13c9c-e2eb-4b35-87b6-e44e0cebb58a,2025-11-17,msg_00099,U3bae1603803a839c0cb52f511d9cb8f6,36a8076c04d79ca29c4ac4ec008ee505,text,delivered,2025-11-17 10:53:00,
a26f91bd-20be-487d-8cd6-1641fcb8e1c5,2025-11-27,msg_00018,U3e5dd3a641c58ad50e49f095c6f1e306,U37c319934c8faefd37dc71830bb7cf2d,imagemap,delivered,2025-11-27 16:10:35,
8d86d585-13ad-4271-9d20-7c5911ecb9fd,2026-03-21,msg_00023,U743849e63f8101ac616f8fd0ba84a167,U0e675c01e83935132c0cccd7259d3556,imagemap,delivered,2026-03-18 04:01:02,
1c8b719c-b962-4d1f-bbe0-85d52fc16f6e,2025-11-21,msg_00010,Ue7310890b01058478be93761a56d0aa0,U3eec23aae63c32d28b687dc81edf9264,imagemap,opened,2025-11-21 20:42:59,
de78bb1b-46f1-44e2-acf1-442bf36bb69c,2026-03-20,msg_00092,U743849e63f8101ac616f8fd0ba84a167,Uf01dfd0d2395e33c97aca2fe6248bd82,video,delivered,2026-03-20 15:17:07,
9380a36f-710d-41ca-a454-8d558c144bda,2026-03-31,msg_00046,U4784fc8a8e1e4eb2435ad84e0ad052f2,U9456236d70ade4259e17f5c4501dd176,flex,opened,2026-03-31 21:45:06,
aa00894d-760a-4751-a3e8-fdb3f2b09f72,2026-01-20,msg_00108,Ub0341314a5534ea92b26fa8adc30543f,Ue2476e6974cbcf71794eb9510df2f889,flex,delivered,2026-01-20 08:38:34,
2223024b-a0c0-4109-b558-394d4eaacb0d,2025-11-17,msg_00099,U3bae1603803a839c0cb52f511d9cb8f6,U6405c7d45a6eac7f95b84a1aac7a21fa,text,delivered,2025-11-17 17:20:17,
f75451c1-1195-4e83-90ea-cd0ba0e94b61,2026-02-01,msg_00075,Ub0341314a5534ea92b26fa8adc30543f,U40645331b47cbd48eb6e9536df7f41d3,imagemap,delivered,2026-02-01 05:24:24,
bb04cd43-0061-4dff-8140-7aa1f9ce3b97,2026-03-20,msg_00106,U3bae1603803a839c0cb52f511d9cb8f6,U130bd7e238ca783bffa431d9918ceaf6,video,delivered,2026-03-20 08:59:01,
4b2627f9-f76a-4619-8594-c3a549416935,2026-03-20,msg_00106,U3bae1603803a839c0cb52f511d9cb8f6,U1540e11090c201fd5213445b3bffa1b9,video,opened,2026-03-20 19:14:27,
93e2c8f9-0e19-4530-831c-dda830805c6f,2026-02-20,msg_00095,Ub0341314a5534ea92b26fa8adc30543f,Udfb04825095e001faf728e0c7922f954,text,opened,2026-02-20 05:27:59,
ee13782b-014e-4992-8f0e-ba831a819871,2026-02-05,msg_00107,U3bae1603803a839c0cb52f511d9cb8f6,U57a9f76653dc7f9ad766ae780792f1f7,text,opened,2026-02-05 17:02:10,
5d777d48-51c5-4e0c-8d26-a2283c3ef093,2025-12-09,msg_00069,Uc20f9c7e9b662bedec3cb78e127885c7,U9ef444b4dd1917392ac50479c9650be0,imagemap,delivered,2025-12-09 15:12:32,
260f90b9-e3ec-4a77-baa5-878709efb533,2026-02-20,msg_00036,U879eb903ad90cd9c2874f6df7651267a,U2bb62276b506651b36810d590c26a5d7,video,opened,2026-02-20 04:29:28,
2eb4f752-2f49-4325-a7bd-1a25dd1a9c42,2025-12-07,msg_00003,U227d1cd1a801c367de206ec4bbca7330,U8f7632335805dd4ac5872d394df41c1d,image,delivered,2025-12-07 03:58:40,
f480dccb-23e2-4c47-9fb7-9724baa45b0b,2025-11-21,msg_00010,Ue7310890b01058478be93761a56d0aa0,U0a95d6a209b84f0995843723da7b40c3,imagemap,delivered,2025-11-21 18:33:03,
a26fac86-64e7-4759-91a9-994dd55ea4ac,2026-02-20,msg_00048,Ue7310890b01058478be93761a56d0aa0,U76d0a8ccba503c0dbc09cb824a59277d,flex,clicked,2026-02-20 13:59:47,https://example-saas.jp/survey
230f3612-dc2d-4226-a62c-0125fc6a735e,2026-04-05,msg_00054,U3bae1603803a839c0cb52f511d9cb8f6,U0f3e96bd61816bbff22210d5aaf2ed1f,image,delivered,2026-04-05 01:16:50,
5b8e7ec5-e726-46f6-a97e-f6e7820d7d8e,2025-12-09,msg_00069,Uc20f9c7e9b662bedec3cb78e127885c7,Uaf5198ae302f0be3e6b81128e784417a,imagemap,delivered,2025-12-09 03:49:23,
433ade09-7d00-41a6-b719-c6ba2ba32434,2026-03-23,msg_00071,U3bae1603803a839c0cb52f511d9cb8f6,U8454e3f3636cf89a4c2192dd4a500cd3,imagemap,opened,2026-03-23 18:14:04,
af30fe8a-7de9-402a-ab63-3e0ef33711a5,2026-01-13,msg_00060,U3bae1603803a839c0cb52f511d9cb8f6,Ud89d1427c7adb9cd27a5906ffd7d6573,image,delivered,2026-01-13 04:49:00,
6bbb6372-4fba-4168-a201-4f32bbb26229,2026-04-04,msg_00049,U476acbdef8e9a16d24575e4f6d7b0f31,Ud6e92ecfa7f3b0a6f700a99a4a43478a,text,delivered,2026-04-04 13:19:39,
ef450f87-de82-4837-9c4e-383b4f02d4c3,2025-11-26,msg_00028,U3bae1603803a839c0cb52f511d9cb8f6,U5e0aca82f16eec0ebae65d79b4eb1039,image,delivered,2025-11-26 12:06:03,
fbf4869b-d053-441f-bf9e-66e41073013c,2026-03-27,msg_00096,U476acbdef8e9a16d24575e4f6d7b0f31,U2839a76922b06fa324d8f9907321f0bc,imagemap,delivered,2026-03-27 21:00:34,
63ecad90-f88a-414f-9d99-8f017a91e524,2025-12-23,msg_00109,Ue7310890b01058478be93761a56d0aa0,Ud95458a3b968a0fc4e169b5c333f7ab7,text,opened,2025-12-23 23:38:16,
06e05fb2-f37a-41c3-97fd-fe33f5b6a02b,2025-12-09,msg_00059,U3bae1603803a839c0cb52f511d9cb8f6,Ubabfce7278af87f2e12fe2ade6592c78,imagemap,opened,2025-12-09 10:56:14,
ea1fde3b-50a1-4d2d-b966-ad9c6aea334f,2025-12-23,msg_00109,Ue7310890b01058478be93761a56d0aa0,U6590962b045284b00dc8e18cbfabd13d,text,delivered,2025-12-23 03:09:02,
1515f9ce-d664-4641-868a-f3d2bd06b160,2026-03-29,msg_00097,Ub0341314a5534ea92b26fa8adc30543f,U341690e8f9baaf4356f588b793cd2b3d,text,opened,2026-03-29 14:35:10,
25101c4e-9812-4f25-aab6-56a2f78e955a,2025-12-21,msg_00022,U3bae1603803a839c0cb52f511d9cb8f6,Uf778d16493a1fc9025228e1014537964,video,delivered,2025-12-21 23:37:24,
636f8f17-fc64-44ac-bc5d-db49b2a881fb,2026-03-16,msg_00002,U3bae1603803a839c0cb52f511d9cb8f6,U3a0bbbea5c9da1f8f13c29a57d6aee3d,text,delivered,2026-03-16 06:42:58,
892c4617-e864-42d2-a452-225e7fdaccce,2026-02-07,msg_00090,U4784fc8a8e1e4eb2435ad84e0ad052f2,U041dd989ff176f5ccb3edcd24e7bca61,imagemap,delivered,2026-02-07 21:10:36,
fb68bb5b-63da-4091-b50d-2871ff4e8f13,2026-01-31,msg_00035,U7e808d11d6f9901a954a542a7ee09918,U65dc3dbe6d8cdb6048b3d16282f3d739,text,opened,2026-01-31 02:06:26,
466081e9-0924-4735-a657-5090fc2cc88a,2026-02-08,msg_00051,U3bae1603803a839c0cb52f511d9cb8f6,Ue7e01caefe28d3c6a4f7de9060dd89e3,image,opened,2026-02-08 14:31:45,
e0102550-665c-484f-8299-044782c9a95e,2026-01-10,msg_00044,U30ad60bba5da9837ca5dd0230ca8f531,Ub65f4f9850faecb638d5fab631a8592b,video,delivered,2026-01-10 22:31:57,
49a54881-70a6-4ccc-8aea-13d6a95ab8a2,2025-11-19,msg_00019,U743849e63f8101ac616f8fd0ba84a167,U7fe0942bed1ccce3ce417b39dd8eaf51,flex,delivered,2025-11-19 21:54:01,
b8b79a13-1e9d-48f3-a5fd-8c5801bfb760,2025-12-07,msg_00003,U227d1cd1a801c367de206ec4bbca7330,19b24f50797b1f11f9fc39b631adf8a5,image,delivered,2025-12-07 20:59:17,
8e93d6f0-bf7d-4856-b683-a93bd501d132,2026-01-26,msg_00063,Ub0341314a5534ea92b26fa8adc30543f,U23e6fbbd8c78e0cb9a08ae9a1c0dd4a8,imagemap,opened,2026-01-26 23:36:09,
df066f9a-a0b4-4fd2-b469-e05a808f5044,2025-12-12,msg_00004,Ub0341314a5534ea92b26fa8adc30543f,U52eafd2e8d62fe7d4ead68e7ef205a7b,video,delivered,2025-12-12 18:08:23,
f21f26dc-588a-4a6a-a084-8b206c66ecf3,2025-11-23,msg_00053,U743849e63f8101ac616f8fd0ba84a167,b76cfe05d495147a81954a7d193b5fe7,video,delivered,2025-11-23 08:51:29,
8370d367-661d-4a99-b6e6-99a8d9bb73a5,2026-02-24,msg_00039,U743849e63f8101ac616f8fd0ba84a167,Uaa9a2d25e691779ac917b31fba141cd8,flex,opened,2026-02-24 12:40:57,
5e21d84f-38ab-4089-a350-c93bb0f206f8,2026-02-07,msg_00090,U4784fc8a8e1e4eb2435ad84e0ad052f2,U36afe297590c9ae84b67ee28d816fd79,imagemap,opened,2026-02-07 07:48:58,
c54973f2-cc74-48e7-aa55-53b26ec67bae,2026-02-14,msg_00098,U743849e63f8101ac616f8fd0ba84a167,Uc66d51ba0beff49d2cae9daa57b5777f,imagemap,opened,2026-02-14 14:03:39,
6e5d5bc2-8e7d-4a06-8028-8bbc2855c934,2025-12-09,msg_00069,Uc20f9c7e9b662bedec3cb78e127885c7,Ufb2e0ee241371813424c6f14d7fe0bb0,imagemap,blocked,2025-12-09 14:53:37,
45f99f47-deff-415b-8a0e-2c0c527e698d,2026-03-11,msg_00067,U7e808d11d6f9901a954a542a7ee09918,U57c9c8750c32a9df6430483eb94b5046,video,delivered,2026-03-11 23:36:38,
07fc2d63-96de-4bf6-9268-e514df1d38d7,2025-12-07,msg_00003,U227d1cd1a801c367de206ec4bbca7330,U630f90186e9556b42ba58e1f93a44293,image,delivered,2025-12-07 11:07:43,
2cd41a91-d62b-466e-bb44-5685486104ed,2025-12-07,msg_00003,U227d1cd1a801c367de206ec4bbca7330,U3a0166b4d201d34e1e44557c78ca8eb4,image,opened,2025-12-07 11:13:57,
2893d9d3-726c-4794-a536-89fbaed7fe95,2026-03-20,msg_00092,U743849e63f8101ac616f8fd0ba84a167,Uf1d091558c6f46ba5113a193971e95a0,video,delivered,2026-03-20 17:42:59,
ea189148-5c5c-4e32-ba21-e16a6aa51ead,2025-12-22,msg_00038,Ub0341314a5534ea92b26fa8adc30543f,U4b21f99692160e4b84e15ce438b27000,image,delivered,2025-12-22 07:25:53,
e870c9f9-ad36-4283-9ea6-5e3f8b0b9a4a,2025-12-24,msg_00091,U3bae1603803a839c0cb52f511d9cb8f6,U857338f5a7ec2cc666a6db1464299609,imagemap,opened,2025-12-24 14:24:39,
1f761326-1f6b-4b8b-9410-5634e654fc19,2026-02-14,msg_00065,U743849e63f8101ac616f8fd0ba84a167,U18aed61c82ba31c9c1baaba3949ea50f,image,clicked,2026-02-14 11:44:53,https://example-saas.jp/survey
d409ec8e-62e8-419b-9875-1e32cacc4e54,2025-12-24,msg_00091,U3bae1603803a839c0cb52f511d9cb8f6,U2859acc170fdf8f664b49317fc67469b,imagemap,blocked,2025-12-25 08:17:23,
f3da3535-b9f5-47f6-acf6-1fc6c106c421,2026-01-24,msg_00113,Ub0341314a5534ea92b26fa8adc30543f,Udfbf59b882b2bd9b045a722f9510920d,text,delivered,2026-01-24 20:43:15,
62ab3e6c-7309-4e33-80d7-58389a2ab58b,2025-11-23,msg_00024,Ue8d9224ecde331ce692edfce0b5ecdc4,U0f9714b6a5e785702e60358e90d28685,text,opened,2025-11-23 18:14:14,
d1c36909-ad06-4a36-b80b-44cf4778c788,2025-11-24,msg_00033,U3bae1603803a839c0cb52f511d9cb8f6,U59f9d291fdf51af63d800792352041ff,text,delivered,2025-11-23 04:08:06,
95d831e5-a57c-497d-88af-4257570b1c80,2026-03-13,msg_00001,U4784fc8a8e1e4eb2435ad84e0ad052f2,Ubd9a3f6953c5c0423705138e906f6689,image,delivered,2026-03-13 07:00:52,
e5ce20b7-5a6f-47ea-8705-2e343558b076,2026-01-26,msg_00005,Ub0341314a5534ea92b26fa8adc30543f,U380e94fe3d9701c5fbecfea95f2fbb93,image,opened,2026-01-26 22:13:52,
8622d0f6-8ab1-4db2-803d-84837af0858f,2025-12-23,msg_00109,Ue7310890b01058478be93761a56d0aa0,U28d133a8edbd7db50b1a3c287a343cab,text,delivered,2025-12-23 06:58:59,
4bcae335-a83d-4d28-857a-7dd8f86f5589,2026-03-31,msg_00046,U4784fc8a8e1e4eb2435ad84e0ad052f2,U77b9ea7ea4288a43b02a63ee1d9553c5,flex,opened,2026-03-31 06:22:59,
56418368-51cc-4f13-be30-307fc15a7e0f,2026-02-20,msg_00095,Ub0341314a5534ea92b26fa8adc30543f,U08ddcf45f30f04ebb1e9ee47b97c8ea7,text,delivered,2026-02-20 10:52:48,
c537ab50-5d3d-4549-8a09-5ec84eead9d3,2026-02-19,msg_00016,U837b70463a585f85743b5bfb3b49c9fd,U964178e418f5597617ca980385d65127,flex,opened,2026-02-19 07:31:32,
ecae083d-09db-4f8f-a356-ada2a508b9f8,2026-04-10,msg_00101,U743849e63f8101ac616f8fd0ba84a167,Uf3f3353712ea614c613746d8ba88a667,imagemap,opened,2026-04-10 09:21:28,
1bdbdeba-9caa-47f4-813d-f2cc0d3f2685,2026-04-06,msg_00074,U3bae1603803a839c0cb52f511d9cb8f6,U4b727e9dd352e9897e4267ce17c49ea6,text,delivered,2026-04-06 21:41:03,
fae0f7f6-abb4-4efa-ad22-917bb4126130,2025-11-16,msg_00020,U3bae1603803a839c0cb52f511d9cb8f6,U43ce3cfc9644dd909b4ad3da94872ec3,text,delivered,2025-11-16 15:43:53,
503c7d59-f281-42e8-9556-d94047ec1505,2025-12-12,msg_00029,U743849e63f8101ac616f8fd0ba84a167,Ub9dc0022c46f82d0af70968ed695ab57,imagemap,opened,2025-12-12 22:00:50,
a752a66b-c6a7-4a2f-9405-f264e44be23a,2025-11-23,msg_00053,U743849e63f8101ac616f8fd0ba84a167,Ue005540b401cd5febb5b180d5253d685,video,opened,2025-11-24 00:36:15,
703625d1-4927-4dc1-8478-0111e40f53a3,2026-04-10,msg_00101,U743849e63f8101ac616f8fd0ba84a167,U6c54bce9ef46f53ffcb3177461be4494,imagemap,delivered,2026-04-10 01:14:29,
b11e7a40-5246-41f9-bf36-d8d17972efa1,2026-02-15,msg_00087,U3bae1603803a839c0cb52f511d9cb8f6,U2201affe8cce4142c0b8d55a20ab2a95,imagemap,delivered,2026-02-15 18:03:53,
2ae35111-c373-48ce-82ec-10caee103e76,2026-01-04,msg_00093,U4784fc8a8e1e4eb2435ad84e0ad052f2,Ueda909cf8481b888c281eb7fe3af87fd,video,unsubscribe,2026-01-04 00:16:16,
2c21fc29-1a03-4090-9061-96dd7b6967c3,2026-01-20,msg_00108,Ub0341314a5534ea92b26fa8adc30543f,U67f587b451d622747e70938b934cd5fd,flex,delivered,2026-01-20 03:21:46,
df42fe3d-d41e-455e-bc79-ec8d5df203d7,2026-01-26,msg_00063,Ub0341314a5534ea92b26fa8adc30543f,U30dbe596757efb84a646ccdbb3b5643c,imagemap,opened,2026-01-26 21:23:28,
1bd4c39c-9c6a-4386-8fc9-58e7b8a0acc6,2026-03-21,msg_00023,U743849e63f8101ac616f8fd0ba84a167,U32d22714e1baf4fc0efe34ab752c9d0e,imagemap,delivered,2026-03-21 08:51:13,
02daecf9-668e-43f3-9f28-31b2b83c2167,2025-11-23,msg_00053,U743849e63f8101ac616f8fd0ba84a167,U710217a4a76817bca9e478e9bcef9e4b,video,delivered,2025-11-23 22:57:36,
2feaa1c3-a1ed-4c81-a0f6-c3e81bb3ca17,2026-03-12,msg_00084,U68d2301028fb66b51d9111f1af067e34,eb9a33b35439adcc4b0c5022080acd6c,video,delivered,2026-03-12 16:48:09,
9aeda8c6-306d-4b0d-a7e2-c40a640ae4ec,2026-01-13,msg_00060,U3bae1603803a839c0cb52f511d9cb8f6,Uc70ff165f1b10374709b31d9c9896bea,image,delivered,2026-01-13 22:26:10,
4bc212ac-a2fd-4a80-a5a2-a76431d8bfec,2026-03-13,msg_00001,U4784fc8a8e1e4eb2435ad84e0ad052f2,U1d58caa1eeb5559c70e7a1fb545244bc,image,delivered,2026-03-13 04:27:25,
a345f569-2db6-4661-aeaa-3d4c768ce69e,2025-12-21,msg_00022,U3bae1603803a839c0cb52f511d9cb8f6,U69d6d2c13031356902dfdc6c3cf31999,video,delivered,2025-12-21 18:29:08,
34bfec08-6456-4bef-a082-facaac6f6778,2026-04-05,msg_00054,U3bae1603803a839c0cb52f511d9cb8f6,Ucaef25f864f709e162d0c8c0513066b6,image,delivered,2026-04-05 03:06:25,
44f591dd-972c-4d58-ad39-03242d5fa9a2,2025-12-18,msg_00070,Ue9a1e8a5b83a6b296d43c957a8cfba4a,Ud23f872005877483be1a1bb6e6d59610,imagemap,opened,2025-12-18 21:37:50,
d1c09849-1188-4327-9529-503f95b575b5,2026-03-31,msg_00046,U4784fc8a8e1e4eb2435ad84e0ad052f2,U8b081bcdc9025bbea47565c3ab5eaf72,flex,clicked,2026-03-31 19:01:41,https://example-saas.jp/lp/newmenu
ecc22b4d-d3c7-4727-b9b2-48a0962f420b,2026-01-17,msg_00037,U7e808d11d6f9901a954a542a7ee09918,Ud32d3fe47abc77d9fc061cbf16253342,text,delivered,2026-01-17 11:20:18,
3d58e126-abe7-4cf5-9bc6-0dc67b9eab7d,2026-02-24,msg_00111,Ub0341314a5534ea92b26fa8adc30543f,U6da6d341858d6f373b0b8889ca71fbd5,flex,clicked,2026-02-24 10:42:18,https://example-saas.jp/coupon/500off
d627711b-4a72-4daa-9434-2f4bc1b567de,2026-03-27,msg_00096,U476acbdef8e9a16d24575e4f6d7b0f31,U5199d92eda65a5d75f35aab5cafb5383,imagemap,delivered,2026-03-27 04:32:34,
baaa7483-eb35-4414-9b4e-f0d8350e4700,2026-03-06,msg_00055,U3bae1603803a839c0cb52f511d9cb8f6,Ub26830843f90a6bbb2227d7f93aae38e,flex,failed,2026-03-06 09:57:09,
5de7d0ad-9660-442c-82f9-7e403c0b9d26,2025-12-09,msg_00069,Uc20f9c7e9b662bedec3cb78e127885c7,U732ae719cda5c24a569311eb5cd14653,imagemap,opened,2025-12-09 22:30:38,
c0d5e1b5-0dda-443c-af52-f39142bec52e,2026-01-24,msg_00007,Ub0341314a5534ea92b26fa8adc30543f,Ub22bafa19658e599b09c4e023e3c557f,imagemap,delivered,2026-01-24 22:41:49,
b942ec0f-e499-407d-b1d2-8355f2db6954,2026-03-04,msg_00056,U1ca413826b7044d134c9c3132420c9de,ccf7d483dc1c19271eeeebd27bdd27a3,text,delivered,2026-03-04 19:18:34,
ef01fa4a-413b-4f46-a41e-f56afe17310d,2026-03-20,msg_00106,U3bae1603803a839c0cb52f511d9cb8f6,U257027829449047abeda73d4ac0448a5,video,delivered,2026-03-20 07:35:12,
070ffb28-5784-4aec-9ca1-0698d8fa503a,2025-11-21,msg_00010,Ue7310890b01058478be93761a56d0aa0,Ua0d9a26c1e499848566d9c4074d6b2c1,imagemap,delivered,2025-11-21 13:22:00,
4f0351b0-4a30-4759-97fd-6f823ab452ce,2026-03-08,msg_00112,U3bae1603803a839c0cb52f511d9cb8f6,U9ec391296011cd2ad8964ecdb957d5cc,image,opened,2026-03-08 18:49:46,
e5f7b600-c927-4e50-9e05-901d7b290850,2025-11-30,msg_00025,Ub0341314a5534ea92b26fa8adc30543f,U3db9bd6b2988015a50bb63e05edca410,imagemap,delivered,2025-11-30 18:38:08,
f2b58349-8da7-43a1-9249-298dead92529,2025-11-27,msg_00018,U3e5dd3a641c58ad50e49f095c6f1e306,U68586ffa1e2fef389f277eebcb5d2164,imagemap,delivered,2025-11-27 12:28:27,
4692e8ef-06e8-42ed-b9db-cbe51059f06d,2026-04-12,msg_00105,Ud4a92c8c8050eed40ef171cc2784d638,U69640771a220eb5e4bbdf7dc84b56c22,flex,clicked,2026-04-12 03:59:52,https://example-saas.jp/campaign/spring
f230e831-0d90-4ad7-ba1a-21c8e9a2947f,2026-01-07,msg_00110,Ub0341314a5534ea92b26fa8adc30543f,3b3269c536a695448a20e8681055efd5,video,delivered,2026-01-07 07:12:25,
4761d63c-81b8-456f-a0fe-5bc0f84d2f4a,2025-12-21,msg_00022,U3bae1603803a839c0cb52f511d9cb8f6,e7e75c072278c1b461541314066eae8d,video,delivered,2025-12-21 10:20:24,
9e5dd1eb-8bc7-430c-b711-ca47b18fb03e,2026-01-18,msg_00102,U227d1cd1a801c367de206ec4bbca7330,U54a6b90f30bc649e16c5284c56d8403b,video,opened,2026-01-18 10:31:13,
f783c278-4687-4afd-8ae3-c5379e677722,2026-02-05,msg_00107,U3bae1603803a839c0cb52f511d9cb8f6,U50218247103db4a186701af747c86533,text,delivered,2026-02-05 11:23:00,
50cf4c9f-59bf-4934-a063-b092a109ee0f,2025-12-07,msg_00003,U227d1cd1a801c367de206ec4bbca7330,U0f9fee1a98a80c74683bf1514ed70626,image,opened,2025-12-07 18:59:35,
3f881860-33a2-4188-8933-a57fc037fa65,2025-12-02,msg_00088,U3bae1603803a839c0cb52f511d9cb8f6,U9f2ff72c7415de6ee47f8ceb1394aade,image,opened,2025-12-02 08:10:23,
adbafc85-acd8-49df-aac0-8db4cd9aa7d0,2026-03-31,msg_00046,U4784fc8a8e1e4eb2435ad84e0ad052f2,U77b9ea7ea4288a43b02a63ee1d9553c5,flex,delivered,2026-03-31 05:29:49,
4c841f42-9a5c-4ed4-be70-1471f0bbb783,2026-02-14,msg_00065,U743849e63f8101ac616f8fd0ba84a167,U29e7c76d0696bda81b947fe43babb2fd,image,delivered,2026-02-14 07:32:27,
b520266d-4458-4327-8825-95082508f2e0,2025-12-12,msg_00004,Ub0341314a5534ea92b26fa8adc30543f,Ud29794b351369af045c44cd2b6b47784,video,delivered,2025-12-12 23:04:34,
c586593a-4d33-45c0-8330-1dedd6e04acb,2025-12-19,msg_00064,Ub0341314a5534ea92b26fa8adc30543f,5d81847a1ca613e0ee64ff2c35474d43,image,opened,2025-12-19 17:23:01,
dd6bc6ad-6f24-4899-abbf-63c9303d338a,2026-02-16,msg_00021,U743849e63f8101ac616f8fd0ba84a167,0cff6eb130b727ad2686e4167be636aa,flex,opened,2026-02-16 22:14:22,
1410cd66-4cee-4e8f-a494-417b3499efc4,2026-02-05,msg_00107,U3bae1603803a839c0cb52f511d9cb8f6,Uba91b425c4755120ae33c93835a76284,text,delivered,2026-02-05 20:58:36,
13dcb8db-097e-48fe-8e99-9678231a4537,2026-04-06,msg_00074,U3bae1603803a839c0cb52f511d9cb8f6,U5cdbb34d687fb9de4d5ad403d352c46e,text,opened,2026-04-06 05:12:06,
7f65a972-3af8-459e-83b4-7ebc5a71b836,2026-03-27,msg_00096,U476acbdef8e9a16d24575e4f6d7b0f31,Ud99ec32c3f37909f1801a9886c79a8c1,imagemap,delivered,2026-03-27 06:21:30,
0fc4e008-638d-4d32-8aea-5d2bde579315,2026-03-20,msg_00106,U3bae1603803a839c0cb52f511d9cb8f6,Ubd8a2b4a3d09c8b45d92770507f6da76,video,delivered,2026-03-20 14:21:42,
274c9654-5983-4304-a1d8-c9d9a6a0a1d6,2026-01-24,msg_00007,Ub0341314a5534ea92b26fa8adc30543f,U7a252764d26ccef3be3a44ef17616c40,imagemap,delivered,2026-01-24 01:37:59,
1ab22b14-12ed-4a13-a474-222aaa435425,2025-12-21,msg_00022,U3bae1603803a839c0cb52f511d9cb8f6,a143b1a87237592ac55f036a21ba9c69,video,delivered,2025-12-21 22:55:09,
c1ae305c-ea28-4105-a4dd-facfea7ce973,2026-02-08,msg_00051,U3bae1603803a839c0cb52f511d9cb8f6,U3f9698857302b93134a04ecbc62c56c9,image,clicked,2026-02-08 13:31:11,https://example-saas.jp/survey
b30f0af7-181a-493c-990d-fe40c426f919,2026-03-04,msg_00056,U1ca413826b7044d134c9c3132420c9de,Udfe4a12b24266ff7de7005595b22777b,text,delivered,2026-03-04 11:51:46,
5343f44a-5b18-431b-99a8-9ed254d04827,2025-12-17,msg_00032,U3bae1603803a839c0cb52f511d9cb8f6,U81efcf9bb6c99629c481dc5dc9e1f040,video,delivered,2025-12-17 09:29:54,
3d9ee93c-4db9-429c-8fd6-4bf8ec2900ab,2025-12-18,msg_00114,Ub0341314a5534ea92b26fa8adc30543f,U78451a618caf29b32c5e6651edb90e33,flex,clicked,2025-12-18 21:23:34,https://example-saas.jp/lp/newmenu
6cc21154-4c2a-4c01-a491-3f5dad0b6876,2026-01-01,msg_00027,U4784fc8a8e1e4eb2435ad84e0ad052f2,Ub2071925d9eda6c04fa94d0f54fea702,image,delivered,2026-01-01 00:44:09,
8acf3840-f34b-4329-aa42-46e2066f17fa,2026-04-12,msg_00120,U227d1cd1a801c367de206ec4bbca7330,38d65078c3bfa40a46019c579b7a282a,text,opened,2026-04-12 01:27:39,
2ec51fe2-5375-4e8f-95dd-47f1ca09333b,2025-11-24,msg_00033,U3bae1603803a839c0cb52f511d9cb8f6,U1f411d409ba054af4457ae1529119367,text,delivered,2025-11-24 11:59:21,
f1639912-be08-4363-9f78-2ee90ce0b68a,2026-01-26,msg_00063,Ub0341314a5534ea92b26fa8adc30543f,U7759a36329a954ff7ac300f9f6689f68,imagemap,delivered,2026-01-26 17:28:30,
3347b2e1-5200-4e3e-80c9-c2e984a02f21,2025-12-03,msg_00012,U743849e63f8101ac616f8fd0ba84a167,U807c5b95a98e046ec53a5b6c4993ee1c,imagemap,delivered,2025-12-03 19:10:59,
71d141dc-8aca-4d96-a413-6a49ac8a53bf,2026-02-10,msg_00058,Ue9a1e8a5b83a6b296d43c957a8cfba4a,Ub6a3eab91b3e57961f837db18b69c767,video,clicked,2026-02-10 15:58:16,https://example-saas.jp/lp/newmenu
50d11573-efab-4bef-a9d0-9d1c72648f48,2026-01-29,msg_00031,U3bae1603803a839c0cb52f511d9cb8f6,02b46793617fd9b61cc5517fb9c0a5b6,video,delivered,2026-01-29 00:55:00,
478e4c74-fc68-4dc6-8a5e-7a337f090a91,2026-04-04,msg_00100,U743849e63f8101ac616f8fd0ba84a167,U412ae27d4b6ccf7ac16c4fe9ea548b6a,image,delivered,2026-04-04 11:08:05,
59adb208-3656-4b44-9c9a-e411f42a21cb,2025-12-03,msg_00012,U743849e63f8101ac616f8fd0ba84a167,U14dc7c584719b7792e8609d5fbed29be,imagemap,opened,2025-12-03 07:16:10,
6bf031d1-eebf-4ee1-85c7-290ad5316677,2025-12-07,msg_00003,U227d1cd1a801c367de206ec4bbca7330,U043d15d1a66844935cba2921d1d19657,image,delivered,2025-12-07 05:48:42,
6beab577-221b-43f9-86b1-b67ac763b21c,2026-01-18,msg_00102,U227d1cd1a801c367de206ec4bbca7330,Uffa65590225404cd45ec65f6f5af4aff,video,opened,2026-01-18 03:06:15,
8a75ef41-45b0-44f3-985d-27dea127f16e,2025-12-19,msg_00064,Ub0341314a5534ea92b26fa8adc30543f,U0b4a98460bd8c2c510fcbf7df477256c,image,delivered,2025-12-19 05:16:37,
0af461ab-15b4-413d-869f-e6fa95d00f2c,2026-03-31,msg_00046,U4784fc8a8e1e4eb2435ad84e0ad052f2,U5eae48c3c2903e60fa967b4113426427,flex,opened,2026-03-31 13:58:54,
e3056f1b-e6bb-4d9b-a517-59e878d3d8b5,2026-02-09,msg_00083,U3bae1603803a839c0cb52f511d9cb8f6,U55944d5f183c4913ff72d128978713ed,flex,delivered,2026-02-06 11:08:35,
568ec1a2-a511-4a86-ad9b-50ab9a0d45f7,2026-02-01,msg_00075,Ub0341314a5534ea92b26fa8adc30543f,U66104ccbc217559880aa2edffb798eac,imagemap,delivered,2026-02-01 02:50:09,
08c30149-9737-44da-bf01-e4abed77da2b,2026-01-30,msg_00050,U3e5dd3a641c58ad50e49f095c6f1e306,U109fd0989923f97ef5eb3de67039a4dc,image,delivered,2026-01-30 17:58:37,
fc8300a6-1170-4b5e-97c9-6432b0bcbdd4,2026-01-26,msg_00115,U3bae1603803a839c0cb52f511d9cb8f6,Ue318507e98534fe7f0d2ebc789360765,imagemap,delivered,2026-01-26 21:53:05,
d01bbcb9-cf35-4a2a-b0cf-e20da0bbda67,2025-11-17,msg_00099,U3bae1603803a839c0cb52f511d9cb8f6,U2a4a723703fc4b1b0d6e488965de888a,text,delivered,2025-11-17 21:47:02,
0afefbdd-91a4-4a51-b3a3-08fce77c7067,2025-11-21,msg_00010,Ue7310890b01058478be93761a56d0aa0,Ua0b26491a73d9389bb0cd55cebbceb0f,imagemap,delivered,2025-11-21 14:01:08,
d51254a1-ad76-4f4e-9a63-e7bd0812a195,2026-02-05,msg_00107,U3bae1603803a839c0cb52f511d9cb8f6,Ucd8c778e8b63e0283677c57434b9f62e,text,delivered,2026-02-05 21:51:00,
44fafc31-f613-42ed-becd-9bc0a5f55ab0,2026-04-12,msg_00120,U227d1cd1a801c367de206ec4bbca7330,U769bdff90805305505d1d7de67825ea3,text,opened,2026-04-12 17:51:52,
a8d43224-534e-4f2d-bc3e-f927d0f68fc1,2025-12-07,msg_00003,U227d1cd1a801c367de206ec4bbca7330,U981417062ba1de2b2ee42e2c22329fb9,image,opened,2025-12-07 11:51:43,
97abf1fa-e4b8-4558-8170-11d523c10efb,2026-01-10,msg_00044,U30ad60bba5da9837ca5dd0230ca8f531,U060fe95320d183d1a19ec1660e95f4e6,video,opened,2026-01-10 02:24:49,
fec4da23-69a0-470e-8749-1f5a5efafa2e,2026-04-04,msg_00100,U743849e63f8101ac616f8fd0ba84a167,U9730b85f15aa7c4e3d075051f609d44e,image,delivered,2026-04-04 10:12:27,
efbfd50d-3078-48d5-a6a0-18364a1b8cae,2026-04-10,msg_00101,U743849e63f8101ac616f8fd0ba84a167,U8f41869e7a2b96205f1c55a7fdecb565,imagemap,clicked,2026-04-07 14:23:20,https://example-saas.jp/lp/newmenu
08afd3f7-e449-4481-928d-18c45c1efe1b,2025-11-23,msg_00053,U743849e63f8101ac616f8fd0ba84a167,U4d8ebe9e68170816b365ce5b966eea54,video,delivered,2025-11-23 07:59:52,
5301f277-90d3-4df9-9912-40f8091bc3c8,2025-12-18,msg_00114,Ub0341314a5534ea92b26fa8adc30543f,Uec10e52d49b7324831ccef8c34ce89f5,flex,delivered,2025-12-18 02:27:17,
b65527d0-9a03-4e7f-b573-68e03d219709,2026-03-31,msg_00046,U4784fc8a8e1e4eb2435ad84e0ad052f2,U9624a6f56b1d84613222beaa65ca319b,flex,opened,2026-03-31 13:17:57,
a29e4573-e625-43f4-9e74-1ed078417ae5,2026-01-30,msg_00050,U3e5dd3a641c58ad50e49f095c6f1e306,dec77c9a0b8a76c8352803556c77d6be,image,delivered,2026-01-30 09:47:10,
655e3729-ceee-40b3-932c-e4eb44117506,2026-02-07,msg_00090,U4784fc8a8e1e4eb2435ad84e0ad052f2,U268f1271e398767847ff029fbaafe8ca,imagemap,delivered,2026-02-07 19:32:40,
3c916041-dfd7-448f-9b08-f8bc07f6cc2a,2026-01-26,msg_00005,Ub0341314a5534ea92b26fa8adc30543f,U92742e83319fa804787cb3fdb4987c23,image,opened,2026-01-27 00:10:47,
ec09c7a1-35d7-416f-84ec-e932d8e9f0fe,2025-12-17,msg_00032,U3bae1603803a839c0cb52f511d9cb8f6,U81efcf9bb6c99629c481dc5dc9e1f040,video,clicked,2025-12-17 09:28:34,https://example-saas.jp/survey
d98c59eb-61b8-4b90-a470-1a7f0ffa5523,2026-03-23,msg_00116,Ud4a92c8c8050eed40ef171cc2784d638,Ue87dfd5d96fb3ad82ccd172b401f6dc6,text,delivered,2026-03-23 20:07:37,
f59beca6-2cb9-40c3-a3c4-19c769ad903a,2026-02-15,msg_00087,U3bae1603803a839c0cb52f511d9cb8f6,Ub05f483193f4168056715d955e551014,imagemap,delivered,2026-02-15 13:10:40,
f1c10366-6908-4de1-83ac-66533d30146b,2025-11-30,msg_00025,Ub0341314a5534ea92b26fa8adc30543f,U0130199ba148a4107329417e04c9a8e4,imagemap,clicked,2025-11-30 09:33:46,https://example-saas.jp/survey
40be1264-5860-4ea1-91d5-332e2fa1066e,2026-03-20,msg_00106,U3bae1603803a839c0cb52f511d9cb8f6,U0f01ff3371c6e858f620d55657a79142,video,delivered,2026-03-20 14:43:42,
e65668a8-ec6b-4c88-8b69-516e29dd7dfb,2026-01-20,msg_00108,Ub0341314a5534ea92b26fa8adc30543f,U19c220b2aab824f6b9dd75c9b54297f9,flex,opened,2026-01-20 11:56:59,
4cc9ba16-0e51-4a49-bf90-7ab4f5a0a536,2026-02-20,msg_00048,Ue7310890b01058478be93761a56d0aa0,3ff8ffda15e566b1953bc19946338dfd,flex,delivered,2026-02-20 10:02:27,
a912006b-08e5-4b55-8aac-976762638711,2026-03-05,msg_00014,U3bae1603803a839c0cb52f511d9cb8f6,Uc0b4af33777cff6d7f45f22e6b25bc22,flex,delivered,2026-03-05 18:33:46,
b49cd696-a05e-49d9-9c7f-abb9f33a8d8b,2026-02-14,msg_00098,U743849e63f8101ac616f8fd0ba84a167,Uee9c59a9c6bbc92ef110a2057bafefcc,imagemap,delivered,2026-02-14 09:10:54,
ee423e75-273c-46ff-b6cf-29de758b924f,2026-02-07,msg_00090,U4784fc8a8e1e4eb2435ad84e0ad052f2,U0df645451bac3a0675b0e011480f46dc,imagemap,delivered,2026-02-07 07:20:57,
7db0d3f2-b63b-448c-a3d7-4e69c914c7a2,2025-11-25,msg_00043,U3e5dd3a641c58ad50e49f095c6f1e306,Ud606350196532b4c62ba2b22f405e115,flex,delivered,2025-11-25 01:21:24,
06da3291-9fca-4889-99e4-3ab979eaed36,2026-03-12,msg_00084,U68d2301028fb66b51d9111f1af067e34,U2fcb4ff5f77fa7e449d452d6fc919e67,video,delivered,2026-03-12 09:50:08,
82a28a4e-8bfb-4e5f-9e5f-499626bb76e0,2026-01-26,msg_00086,U4784fc8a8e1e4eb2435ad84e0ad052f2,U7976107c37936a81aed9d3ce17ccd982,text,delivered,2026-01-26 10:49:47,
2a40b2dc-81d5-4d5e-8d8b-7fc6e2e7babe,2026-01-07,msg_00110,Ub0341314a5534ea92b26fa8adc30543f,848d5d232e48c7a2295741f8b34c7bec,video,delivered,2026-01-07 04:49:28,
c3a4419d-546d-43cc-914a-ab4e03ae3180,2026-01-26,msg_00103,U3bae1603803a839c0cb52f511d9cb8f6,U11b95662e8c391279045631ea99af877,flex,delivered,2026-01-26 02:25:24,
7e4557b8-76de-49db-bb1e-2674583746ca,2026-01-13,msg_00060,U3bae1603803a839c0cb52f511d9cb8f6,Uf12eea0b3ec3baea58e3570d5dd08a07,image,delivered,2026-01-13 01:19:42,
6fb94fa9-4fd0-4780-868d-cb707c297b3f,2025-12-25,msg_00077,U743849e63f8101ac616f8fd0ba84a167,U210b7586c67a3d5e824d56db4c800acc,text,delivered,2025-12-25 06:24:50,
ba2b26e5-dea0-4693-af7a-c57e41bb2b05,2026-02-15,msg_00087,U3bae1603803a839c0cb52f511d9cb8f6,1e1164d895ab9aef68efb726e9283a22,imagemap,delivered,2026-02-15 17:51:07,
e1afe48a-3e47-47dd-ad53-ee04e9b80b18,2026-02-14,msg_00042,U3bae1603803a839c0cb52f511d9cb8f6,Uf5c6ac4b50cf1224ab08c555ea5c1b3b,video,delivered,2026-02-14 14:40:03,
a98ef738-3e67-423d-a0c0-e7ee18d3e2ca,2026-01-10,msg_00044,U30ad60bba5da9837ca5dd0230ca8f531,Ubb182a0051ee7bd15ebd7bde846a11f4,video,opened,2026-01-10 06:02:46,
13669c01-a2c8-4e14-ac18-db03ea9d9a4c,2025-12-21,msg_00022,U3bae1603803a839c0cb52f511d9cb8f6,Uac26f1edd566a58ad72be8bd7724cac1,video,opened,2025-12-21 21:16:47,
e5e003e1-218a-42be-a656-8c6da95f9b95,2025-12-09,msg_00059,U3bae1603803a839c0cb52f511d9cb8f6,U469349d890f71f23cf1de71987c3b577,imagemap,delivered,2025-12-09 08:38:40,
aec3619b-6ce8-45b0-acd8-ecc996e66e64,2025-12-09,msg_00069,Uc20f9c7e9b662bedec3cb78e127885c7,U43e378a4ad6fee88c16d0bae4159f56e,imagemap,delivered,2025-12-09 01:51:43,
2f970589-7ca0-401b-aac3-a6c005a5707c,2026-01-24,msg_00066,U3bae1603803a839c0cb52f511d9cb8f6,U221fef6d33f6b1e4000c96c054ad8e0b,image,delivered,2026-01-24 21:03:06,
22bb9a37-2893-480e-a7e9-7e18db415097,2026-01-01,msg_00027,U4784fc8a8e1e4eb2435ad84e0ad052f2,U22c9491623af72aeeebd4ffa6698581d,image,delivered,2026-01-01 18:18:52,
e6bb68e5-5158-4600-9acc-a4ed61bd3751,2026-03-16,msg_00002,U3bae1603803a839c0cb52f511d9cb8f6,U6a475d7b50bd49869a54d50bbe7a19cc,text,delivered,2026-03-16 20:26:22,
5c13ff67-3192-4738-9f61-5f278be37e55,2025-12-18,msg_00114,Ub0341314a5534ea92b26fa8adc30543f,Ufc587bb7742e9d9f9b1628e516bd5cc8,flex,delivered,2025-12-18 10:32:43,
1e85e5bc-dba2-4aef-9a40-642fa0651450,2026-03-31,msg_00046,U4784fc8a8e1e4eb2435ad84e0ad052f2,Ub5bc79bb3acac22ab361325e247e3c49,flex,opened,2026-03-31 13:11:54,
c87ed47c-a6e4-42dd-b6c4-2e9909ae2c8e,2025-12-23,msg_00109,Ue7310890b01058478be93761a56d0aa0,Ubb0bcc40aae08f6e68b77c80260dcf3e,text,delivered,2025-12-23 12:51:06,
69586bca-8ab7-4c93-98f4-93b792e13407,2026-03-11,msg_00067,U7e808d11d6f9901a954a542a7ee09918,U41b2759790c018a9de6cd040dd22547a,video,delivered,2026-03-11 13:13:42,
0d6557cb-f85c-48f7-92b5-703efa3ddf46,2026-04-12,msg_00120,U227d1cd1a801c367de206ec4bbca7330,f57afdbe924adf0dd0aaa807b5729040,text,delivered,2026-04-12 15:49:27,
43b011c8-2a9b-43e2-a121-e6aeddddb350,2026-02-20,msg_00095,Ub0341314a5534ea92b26fa8adc30543f,Ue73bcf2267c9f30494b0cccb5885f9cf,text,opened,2026-02-20 17:21:05,
bfb6ee58-2d47-4d2e-ae4e-8efbca7b840d,2025-11-22,msg_00047,Ue7310890b01058478be93761a56d0aa0,Ub481a836539a29c79cc1d0aa058f6b6d,video,clicked,2025-11-22 22:57:29,https://example-saas.jp/survey
7122bbdd-f99d-42fc-be4e-398891586816,2026-04-08,msg_00041,Ue7310890b01058478be93761a56d0aa0,Uf58db19bf479a6afdd40064681f83d72,text,opened,2026-04-08 16:31:23,
64c1d536-33c1-4ff7-8480-7905e6f59cea,2026-02-14,msg_00098,U743849e63f8101ac616f8fd0ba84a167,ade6048745c655a2f6e9125db6926a08,imagemap,delivered,2026-02-14 07:13:53,
89f87dae-d1e2-4e3d-a66a-3539fbe5cf63,2026-02-10,msg_00058,Ue9a1e8a5b83a6b296d43c957a8cfba4a,4db41ee8664cbc890453f2557a0798fb,video,delivered,2026-02-06 19:10:01,
df532dfb-0a2c-46ce-88e3-d0e607756330,2026-04-10,msg_00101,U743849e63f8101ac616f8fd0ba84a167,U5b6f7b602ed8a0e818713b8b272ba61d,imagemap,opened,2026-04-11 01:37:35,
06eb2b1f-7400-4486-b73e-a09a6bb3fc17,2026-04-08,msg_00041,Ue7310890b01058478be93761a56d0aa0,Ub3e17f91c4ac4a180dc6c785e1f54c13,text,delivered,2026-04-08 00:44:38,
0366d074-aca8-4681-a53d-4840eb35027a,2026-03-12,msg_00084,U68d2301028fb66b51d9111f1af067e34,Uc6c5315ca762de78049108a23436fc4b,video,delivered,2026-03-12 09:52:38,
9c98de71-6070-4eae-9df7-db872ea5ce4d,2025-11-17,msg_00099,U3bae1603803a839c0cb52f511d9cb8f6,c7a19dc1a3f1a30e9c96bd323735adc8,text,delivered,2025-11-17 20:37:11,
a791c634-efd3-4c37-9682-e5544fba43ba,2026-03-05,msg_00059,U743849e63f8101ac616f8fd0ba84a167,U5a4a524b086075f7c251c7860be61cc1,text,CLICK,2026-03-05 01:29:21,
f641ace0-517d-49fd-8bab-df0b47231438,2026-02-14,msg_00098,U743849e63f8101ac616f8fd0ba84a167,U8a348f53c08c05a2ce2b387aed3b6670,imagemap,clicked,2026-02-14 16:53:24,https://example-saas.jp/lp/newmenu
8f3ad445-a56a-4f87-af14-72b4fbbcc0df,2026-02-24,msg_00039,U743849e63f8101ac616f8fd0ba84a167,Uf9dbf08886850167171b9ccb99194a30,flex,opened,2026-02-24 07:02:19,
7fa22bec-2c58-4a23-944f-66aa5cba661b,2026-03-26,msg_00040,U3bae1603803a839c0cb52f511d9cb8f6,Ue9977cfde54753f913efd8a6d0f89f31,imagemap,delivered,2026-03-26 04:09:37,
08f038ee-6934-428f-8342-ac350e4e19e7,2026-01-26,msg_00086,U4784fc8a8e1e4eb2435ad84e0ad052f2,ad7c0ced1934b95cdf477503e04372dc,text,opened,2026-01-26 10:13:34,
0d38752f-1164-428e-b714-10b9bc09eb8b,2025-11-21,msg_00010,Ue7310890b01058478be93761a56d0aa0,Ubc3bcd43408a38503f29e26df46e06f9,imagemap,opened,2025-11-21 10:32:53,
b70c0cd1-fd4c-40b7-b9ae-3d5e8586936e,2025-12-03,msg_00012,U743849e63f8101ac616f8fd0ba84a167,U5dd42ddf982cf36238806a0701b6d233,imagemap,delivered,2025-12-03 16:41:55,
abd3bf77-c2a3-48b5-bade-6ad32d479a62,2026-03-21,msg_00023,U743849e63f8101ac616f8fd0ba84a167,U4515b52b14dcf1faa70d22952b266678,imagemap,delivered,2026-03-21 05:42:18,
833e4ef7-2a53-439f-b250-fe75b3834dfd,2025-12-07,msg_00003,U227d1cd1a801c367de206ec4bbca7330,2fef7e3d48a18d6ded4ced96cda47a83,image,clicked,2025-12-07 17:17:37,https://example-saas.jp/coupon/500off
93efe9ac-1bd3-4930-9627-7a76536a0930,2026-01-14,msg_00081,Ue7310890b01058478be93761a56d0aa0,Ucfe8a9aad05612b0d18b6a65bdbf8b22,video,delivered,2026-01-14 17:46:47,
9d521cc2-b14c-4e26-b4c3-7c1d6352020a,2026-02-15,msg_00089,U3bae1603803a839c0cb52f511d9cb8f6,U00c24413e540f35cfede998987f11a97,text,delivered,2026-02-15 04:07:41,
69ca98e7-fdb6-4787-9b9b-17b4b07661e6,2026-02-20,msg_00017,U22a93bc29b1df104af6b1ba1cd91fc56,U0d2d276d297d3d08854082201830bf1f,video,delivered,2026-02-20 08:41:29,
f60f8805-2362-4b89-9e80-65ce1bc71aa3,2026-01-14,msg_00081,Ue7310890b01058478be93761a56d0aa0,Ud649ea7934dc4778e2a2248c96ad480d,video,delivered,2026-01-12 04:15:19,
438dc082-e4f8-44ca-821f-c779e1a30141,2025-12-22,msg_00038,Ub0341314a5534ea92b26fa8adc30543f,Udffc026d7a5e5eedab09c8e20d432ea6,image,delivered,2025-12-22 10:42:14,
e10044d3-fe7e-498b-88d3-6cf859e9e9c9,2026-01-30,msg_00050,U3e5dd3a641c58ad50e49f095c6f1e306,U2706dacc896682932596c4ebb275a901,image,delivered,2026-01-30 07:28:14,
2b238dd6-da11-42fb-bd5e-9b0cfb10811d,2026-01-26,msg_00086,U4784fc8a8e1e4eb2435ad84e0ad052f2,Ufab83447c5467432cf39395776f89b6a,text,delivered,2026-01-26 12:01:23,
1c94bfc6-ddbe-4c69-a53e-905b50d3378a,2025-11-30,msg_00025,Ub0341314a5534ea92b26fa8adc30543f,Ue123129c2438f46b3cffa72c39f2073e,imagemap,delivered,2025-11-30 07:46:14,
2bad656e-f537-4de9-8aba-b4ab16717d3e,2026-01-24,msg_00007,Ub0341314a5534ea92b26fa8adc30543f,U7aa510eb56f991871ea9d26107d8679c,imagemap,delivered,2026-01-24 16:53:25,
ca160c19-2e6f-4476-9a6f-e0a2f07f576d,2025-12-12,msg_00004,Ub0341314a5534ea92b26fa8adc30543f,Ua89122b6caeb47e5e2dce2e47a6a24cf,video,delivered,2025-12-12 07:40:59,
472c5c47-34f1-49e1-b6dd-a9f66a5475fa,2026-03-11,msg_00067,U7e808d11d6f9901a954a542a7ee09918,Ucf2546dd66b6f35ba379065711008472,video,delivered,2026-03-11 17:12:41,
ac81a61b-4e34-4ba5-81b3-2938b25e79d3,2025-12-18,msg_00114,Ub0341314a5534ea92b26fa8adc30543f,Ud0da6886fd560fc60d1b9cb3fee8c57a,flex,delivered,2025-12-18 22:53:00,
158dfd8f-7e02-4a97-808e-15519ffb4312,2026-03-25,msg_00079,U743849e63f8101ac616f8fd0ba84a167,973977191648089eff5a67ea86c175b6,text,opened,2026-03-25 07:29:28,
b2c8508c-e77f-4958-b8e6-96fcca0f5b2e,2025-11-22,msg_00047,Ue7310890b01058478be93761a56d0aa0,U0d5c394ea89d02b2a280eb9181e7efbe,video,delivered,2025-11-22 21:54:02,
b9777a02-6190-4cb5-9a68-d2d4e383f2f2,2026-03-23,msg_00073,Ud4a92c8c8050eed40ef171cc2784d638,U56baf44a072dd8ecc7a670b6feba0782,imagemap,delivered,2026-03-23 19:24:19,
9e403341-3124-465a-9fdb-0631bc259fab,2026-01-26,msg_00005,Ub0341314a5534ea92b26fa8adc30543f,U294ede112553e3bd35e1c85a48f4ae45,image,delivered,2026-01-26 15:44:56,
110644b3-7421-4798-8926-bf22fac4b516,2025-11-30,msg_00025,Ub0341314a5534ea92b26fa8adc30543f,Ub42727534b65cf39adebaa2e24720545,imagemap,delivered,2025-11-30 14:12:46,
822a7906-02b7-4f6c-8cd0-f7cdd0ed6122,2026-03-20,msg_00057,Ub0341314a5534ea92b26fa8adc30543f,U4575b674281726d42b0c6008906e8635,video,opened,2026-03-20 05:55:10,
b7f352c1-58f8-457a-ba52-0d1a07d6b5c1,2026-01-07,msg_00110,Ub0341314a5534ea92b26fa8adc30543f,U79acb92971c43cf378b1a95744fb8f27,video,delivered,2026-01-07 14:01:26,
a94226cf-a180-4524-8fc8-c18c54212387,2026-03-08,msg_00112,U3bae1603803a839c0cb52f511d9cb8f6,U5752705a83efacfb73f8556f6bebad76,image,opened,2026-03-08 12:10:50,
d04ae21e-7cb9-4286-ab51-9edc755a8a46,2025-12-17,msg_00032,U3bae1603803a839c0cb52f511d9cb8f6,Uc766966684fb8abc9876aea1eb30e78a,video,delivered,2025-12-17 06:36:29,
dac3f54a-6398-4516-a65c-366fb5e6ae8a,2025-12-09,msg_00059,U3bae1603803a839c0cb52f511d9cb8f6,Uba673e8dd5e5bc48fe01a1ef35a94784,imagemap,opened,2025-12-09 02:51:32,
719298bd-ee8c-4346-8156-580ad45a1069,2025-12-23,msg_00109,Ue7310890b01058478be93761a56d0aa0,U92467af9a2000235f757c144e5c51b09,text,opened,2025-12-23 08:25:27,
c0ae348c-af5b-4849-a6ff-e502f3e6519b,2025-12-18,msg_00070,Ue9a1e8a5b83a6b296d43c957a8cfba4a,U71d8826e8a221504d48f1c9c12f2b174,imagemap,opened,2025-12-18 14:00:11,
630d3090-23b3-44d1-9199-1f6fee2f94b4,2025-11-22,msg_00047,Ue7310890b01058478be93761a56d0aa0,U357d73bc4c4ff25f0f7d4403d222bd93,video,delivered,2025-11-22 02:06:40,
7ac35d89-ce23-4a18-96fe-9867fe476199,2026-02-15,msg_00087,U3bae1603803a839c0cb52f511d9cb8f6,57df54d9898e041622031dac004edf95,imagemap,delivered,2026-02-15 18:03:40,
d0791276-2929-4814-bc87-f93623c5f349,2025-12-14,msg_00085,U743849e63f8101ac616f8fd0ba84a167,Ub555287bc8b23fe1072fa837e06a652b,image,delivered,2025-12-14 02:29:16,
8f93c63e-3b27-4b13-a00d-b26cc871ab6e,2026-02-20,msg_00048,Ue7310890b01058478be93761a56d0aa0,U1fdd9b3f707ee95631d5333a409b35ea,flex,opened,2026-02-20 16:03:03,
48a4a4f0-7ca9-4329-806f-fdda35f4ce42,2025-12-18,msg_00114,Ub0341314a5534ea92b26fa8adc30543f,U813c8f85a10a5305ca368ba305d04c3a,flex,opened,2025-12-18 15:15:53,
b076f558-ce94-4ff7-9c9b-1d570883f64a,2026-03-11,msg_00104,Ub0341314a5534ea92b26fa8adc30543f,Udc45bd70217c9ac4e1c3e7305a8b03aa,image,delivered,2026-03-11 03:36:51,
f6b40677-1cd8-410a-9e3f-c9d9c763c3af,2026-01-24,msg_00066,U3bae1603803a839c0cb52f511d9cb8f6,U983289d323156b3aa1678cb1da1fe197,image,opened,2026-01-24 01:30:22,
aed4e13f-c28c-49bb-9672-f0c4d519a3bc,2025-12-31,msg_00082,U227d1cd1a801c367de206ec4bbca7330,U25d4aff16382b6a9a9815f59925dc933,imagemap,opened,2025-12-31 18:15:09,
7252f5b8-1b1e-44af-814f-1af7634db5ce,2026-03-23,msg_00073,Ud4a92c8c8050eed40ef171cc2784d638,Uc62b9d5c311854e53d225332b2b991b9,imagemap,delivered,2026-03-23 16:31:48,
33531d27-2bb7-4716-b4eb-91665572f73d,2025-12-03,msg_00012,U743849e63f8101ac616f8fd0ba84a167,Ua6be9e9a90cc9b0609c91656aaf6c0d6,imagemap,opened,2025-12-03 12:22:46,
c2ebac5b-3c62-4998-b956-4d80ebd6f19b,2025-11-23,msg_00053,U743849e63f8101ac616f8fd0ba84a167,U8c9578588e581c75f27e8bbdc20f6568,video,delivered,2025-11-23 04:26:12,
fcf3e053-3bb3-48cf-bf56-4a5304c448d7,2026-02-15,msg_00006,U743849e63f8101ac616f8fd0ba84a167,U866b2a2f02a86b764d7ce318477879fc,flex,delivered,2026-02-15 02:44:15,
603850a4-ca6e-469c-b583-83ca87569bef,2026-02-13,msg_00043,Ub0341314a5534ea92b26fa8adc30543f,Ua3c00e720981fa2b0e72fdc0ba3b4c0f,flex,CLICK,2026-02-13 08:44:44,
b3f3da4f-6cfb-43f2-982a-c8b80b05d09a,2026-01-29,msg_00031,U3bae1603803a839c0cb52f511d9cb8f6,Uc1142fc0837a958dce4f5785338b0bd9,video,delivered,2026-01-25 11:46:05,
e00365fa-aedd-4485-a829-0ea3fd04ec23,2025-12-25,msg_00045,Ue7310890b01058478be93761a56d0aa0,Ub745976837d935718d2a5073b61138d8,video,delivered,2025-12-25 07:30:07,
d7d5df55-69a9-429d-8c4f-b79562c866c1,2025-12-12,msg_00004,Ub0341314a5534ea92b26fa8adc30543f,U586daabb210b77e77efc7a27a0005f23,video,delivered,2025-12-12 13:58:04,
14d9f611-19ac-4bf8-af12-cce0270b24f5,2026-04-01,msg_00072,U4784fc8a8e1e4eb2435ad84e0ad052f2,U34941302def1b3b538236c83e4b71aca,image,clicked,2026-03-30 08:35:01,https://example-saas.jp/campaign/spring
f64411f6-6b1e-4508-9fad-c341c22d4398,2026-03-21,msg_00023,U743849e63f8101ac616f8fd0ba84a167,Ua4efaf1e0353d56c0124bc31f7fcb0ca,imagemap,delivered,2026-03-21 22:35:07,
59f9da0e-4330-412c-af42-9bf99fdff1a3,2026-03-27,msg_00096,U476acbdef8e9a16d24575e4f6d7b0f31,U16fb86d4f4fe76947d8b6347a17141ba,imagemap,delivered,2026-03-27 21:03:36,
33498b74-851a-406c-827c-01ea7cdc4ab9,2025-12-21,msg_00022,U3bae1603803a839c0cb52f511d9cb8f6,U4928a13c88b0902c2466f07a3cf5bd1a,video,clicked,2025-12-21 10:16:13,https://example-saas.jp/campaign/spring
f53690fc-cca8-43e9-98fc-3fbb573f1faf,2025-12-17,msg_00032,U3bae1603803a839c0cb52f511d9cb8f6,U879b23b8b05d630cba40320d5b6d4823,video,clicked,2025-12-17 10:06:09,https://example-saas.jp/lp/newmenu
19e6bd1a-1b5f-4b8d-b9e6-bc79b0a02951,2026-01-20,msg_00108,Ub0341314a5534ea92b26fa8adc30543f,Udf01e5a41ca2fb857df8f52f7ab1288c,flex,failed,2026-01-20 12:30:41,
a0faffea-c4f7-4b5f-a436-1a59a69ecf69,2025-11-19,msg_00019,U743849e63f8101ac616f8fd0ba84a167,U46200d9f66ca5f3b4b796f5543c13593,flex,delivered,2025-11-19 11:55:42,
bf15b447-e7ee-4b7b-bc45-b42013eb1ab0,2025-11-17,msg_00099,U3bae1603803a839c0cb52f511d9cb8f6,U9045a97d76f772db98f4ef9eea3fb919,text,opened,2025-11-17 19:13:04,
7081ce8d-26ab-467a-a3a4-048ea1b35873,2026-01-31,msg_00035,U7e808d11d6f9901a954a542a7ee09918,U363b2398a4d3642099e36e7e66ff2862,text,opened,2026-01-31 03:00:33,
c0495b35-ebcd-4a28-a125-5d692740beb3,2026-02-20,msg_00017,U22a93bc29b1df104af6b1ba1cd91fc56,Ue22ba27c971bd921f1dcb1e60a39c324,video,opened,2026-02-20 18:34:13,
a8514bb9-3178-466d-af78-7400c889162c,2026-02-25,msg_00008,Ub0341314a5534ea92b26fa8adc30543f,U87e99f075cf7f693b4c5a5ed2a462946,image,delivered,2026-02-25 01:47:52,
d0f8576f-dbe6-4fe6-8979-bc754d1b3149,2026-04-12,msg_00120,U227d1cd1a801c367de206ec4bbca7330,U44c4fcb41c066cfe151b0de04ef517a9,text,opened,2026-04-12 01:21:19,
86d0be8a-dc29-4575-93e7-c436ed4bf228,2025-11-30,msg_00025,Ub0341314a5534ea92b26fa8adc30543f,U7a1503d371f80ab461eef79a769c61d7,imagemap,delivered,2025-11-29 19:41:42,
6c5202c6-8b4c-43d8-b583-eb179d94944f,2026-02-08,msg_00051,U3bae1603803a839c0cb52f511d9cb8f6,3e8e4e6384b6cacc3dba49142191f263,image,delivered,2026-02-08 01:05:51,
f1ade162-2f82-4871-be32-eb64f21cfe95,2026-04-10,msg_00101,U743849e63f8101ac616f8fd0ba84a167,U58659527f43a579d7a87d779105ee440,imagemap,opened,2026-04-10 19:29:50,
6fb972e6-19a2-45d0-86b1-a82c8c7ac57a,2025-11-30,msg_00025,Ub0341314a5534ea92b26fa8adc30543f,10c8f0b36f81679e750e94bfcdb4081b,imagemap,opened,2025-11-30 12:06:27,
071b0a77-d196-4248-bc1b-b7b72b6f9ced,2025-12-25,msg_00045,Ue7310890b01058478be93761a56d0aa0,4b823089cf9b7e8cef8d31a46eb6f2d2,video,opened,2025-12-25 12:24:37,
892d04c4-66d6-4ae5-ac34-8880dc00ca4d,2026-01-18,msg_00102,U227d1cd1a801c367de206ec4bbca7330,7bfdc12565a7ed2c23a75a16d369ace4,video,delivered,2026-01-18 23:42:38,
29f72ccf-966c-43e8-8fc0-25c37eb160cf,2026-03-30,msg_00076,U743849e63f8101ac616f8fd0ba84a167,U5a675a0aaa430f1baf569f88a65b6fcc,image,opened,2026-03-30 18:35:43,
e3094988-19e0-4f27-a1a0-89a7bc8b41ff,2026-03-04,msg_00056,U1ca413826b7044d134c9c3132420c9de,U6f58e187c14f033cf2a6beabe8a5dd21,text,delivered,2026-03-04 03:23:24,
adda2d99-d4b5-459a-9e06-fd2f1ee4fac0,2026-03-04,msg_00056,U1ca413826b7044d134c9c3132420c9de,Uc1cb30e5b1e6e6cf76744829516d2b1f,text,delivered,2026-03-04 23:35:56,
b9e5497f-ce48-441a-80e9-40b2723f11bd,2026-02-20,msg_00036,U879eb903ad90cd9c2874f6df7651267a,Ucee8b8886b8c9e0da5c2ae7caf43d344,video,delivered,2026-02-20 07:42:47,
940c471e-17b5-4b0f-a08e-ce4d6bb6cf66,2026-03-30,msg_00076,U743849e63f8101ac616f8fd0ba84a167,U5a675a0aaa430f1baf569f88a65b6fcc,image,clicked,2026-03-30 19:08:02,https://example-saas.jp/coupon/500off
a5ae24e5-7dbb-4783-b013-34c5afd9f16f,2026-03-21,msg_00023,U743849e63f8101ac616f8fd0ba84a167,Uc6b5ff12202660b4620be6f9e25b767e,imagemap,delivered,2026-03-21 16:39:01,
d7cfd263-4870-4232-b787-e3fdb410430d,2025-12-19,msg_00064,Ub0341314a5534ea92b26fa8adc30543f,U33946abe8278a644e1d4501974221516,image,delivered,2025-12-19 06:06:24,
1db0d234-d28e-4a89-b279-12d20f108b4a,2025-12-02,msg_00088,U3bae1603803a839c0cb52f511d9cb8f6,U75d605201e16eb51d43fdc56048d207e,image,delivered,2025-12-02 04:59:11,
26b5c4a9-c1ca-48c1-9a93-4be88e72f666,2026-02-28,msg_00117,U743849e63f8101ac616f8fd0ba84a167,U33b6b31489422f252a5843877ade2693,video,delivered,2026-02-28 18:09:56,
54612882-056d-4dd4-80bc-b20b18ab3604,2025-12-03,msg_00012,U743849e63f8101ac616f8fd0ba84a167,U924165bebef00eed8b2c958431ae2a55,imagemap,delivered,2025-12-03 07:10:35,
0dffcc7e-0fad-4099-a7e7-2fd3a62e405d,2026-01-26,msg_00086,U4784fc8a8e1e4eb2435ad84e0ad052f2,U87473f77eb38c5c88795d2e8ae95ef10,text,delivered,2026-01-26 05:59:16,
bac80571-3740-4b26-b99c-dc0bb2cdaa5e,2025-12-07,msg_00003,U227d1cd1a801c367de206ec4bbca7330,Ubbc487c9100559e53a784024b1190beb,image,blocked,2025-12-07 20:32:54,
504fa66b-ab63-4fa1-906d-652c5bf5fef4,2026-03-03,msg_00093,U743849e63f8101ac616f8fd0ba84a167,4a661d9794d52002976798042a4bf9ce,imagemap,opened,2026-03-03 14:27:45,
80339e22-ca35-4a5d-ba49-8bd44853f49a,2026-02-16,msg_00021,U743849e63f8101ac616f8fd0ba84a167,U92c22b9fd50ee744ecd3b9c4bd825213,flex,delivered,2026-02-16 10:39:23,
1fc0cfd0-fb68-4344-a12a-ac0bdace1289,2026-01-17,msg_00037,U7e808d11d6f9901a954a542a7ee09918,Ub8fa143162ecd0884c875dfad1abc8fa,text,delivered,2026-01-17 23:11:00,
817b9897-5ca4-453f-9528-09e585a933f3,2025-12-18,msg_00070,Ue9a1e8a5b83a6b296d43c957a8cfba4a,9c56de165d170c6a1138e09e267e45a3,imagemap,delivered,2025-12-18 06:57:46,
bb62099f-3cd1-4e4e-846a-30a8eb48db68,2025-12-22,msg_00038,Ub0341314a5534ea92b26fa8adc30543f,U47d979209b74bf20f664535726d72d50,image,opened,2025-12-22 23:42:39,
71598054-f718-4975-bc62-7b8d84aeb8b5,2026-04-12,msg_00120,U227d1cd1a801c367de206ec4bbca7330,Ud564a5b16ffb62bbd58884bb52e53010,text,opened,2026-04-12 17:47:23,
ebf8931f-9183-47ec-840a-bf3be9b04799,2025-11-30,msg_00025,Ub0341314a5534ea92b26fa8adc30543f,U1c356db024c290331657359a7b435194,imagemap,opened,2025-11-30 02:53:49,
c82f2237-9361-4672-90f9-37a2da02d474,2026-04-10,msg_00101,U743849e63f8101ac616f8fd0ba84a167,Udf0ea00c9f8abb58c6aa8801352af129,imagemap,delivered,2026-04-10 16:48:03,
933aeae8-baf4-45be-8807-e9b41a5fd767,2026-01-01,msg_00027,U4784fc8a8e1e4eb2435ad84e0ad052f2,U37d49e0e19407bdf8570156e3e2f0682,image,delivered,2026-01-01 08:34:03,
ed8cf8c3-058a-49e4-a563-6cb16e2187a0,2026-01-13,msg_00060,U3bae1603803a839c0cb52f511d9cb8f6,U0faecf9fb33e0c66ef792f1c5ce56b38,image,opened,2026-01-14 01:24:34,
62eebc70-9024-4350-9c01-8effbbbe17cb,2025-12-18,msg_00070,Ue9a1e8a5b83a6b296d43c957a8cfba4a,U066e7e68ed5658767a818a70fd29ddd4,imagemap,delivered,2025-12-18 21:53:45,
81838244-6830-485c-9435-95b595e4ff9b,2025-12-12,msg_00004,Ub0341314a5534ea92b26fa8adc30543f,0881abcef020b5d3f12913cf25d29b05,video,opened,2025-12-13 00:29:37,
97fe7589-353f-4266-bf1f-42952b6bd739,2026-03-06,msg_00055,U3bae1603803a839c0cb52f511d9cb8f6,Uc12be3a0f585ac18c7acbcbacb3ae253,flex,delivered,2026-03-06 10:57:56,
d8fcb8c4-1b4d-40c7-8530-3fdf088be304,2026-02-05,msg_00107,U3bae1603803a839c0cb52f511d9cb8f6,Ucc286b68426a41cf6c55c0a5b3c2297d,text,delivered,2026-02-05 16:30:08,
58dc9d53-2158-4ad1-b356-4b6fac2879aa,2026-01-20,msg_00026,Ud4a92c8c8050eed40ef171cc2784d638,U87ddf66b04b6e753e46a8c309355a565,imagemap,delivered,2026-01-20 22:33:49,
813cd324-4a6a-4f09-b697-9908eb760742,2025-12-18,msg_00070,Ue9a1e8a5b83a6b296d43c957a8cfba4a,Uc7a90c98904a4700b5d213b428a09024,imagemap,opened,2025-12-18 18:21:59,
40e3afd3-faa2-430a-8c0c-831f0e49ce93,2026-01-09,msg_00016,Ue7310890b01058478be93761a56d0aa0,U2ea6f005877aaea2d559452bceb0138f,flex,delivered,2026-01-09 13:48:14,https://example-saas.jp/campaign/spring
b17a1340-25b7-4a9f-8670-95028f19ca27,2026-03-23,msg_00073,Ud4a92c8c8050eed40ef171cc2784d638,U8df93a76690ca29af0276d5e07bc9ed2,imagemap,opened,2026-03-23 14:06:56,
4bcd71ba-f52a-4837-b992-6190cc6c7d71,2026-03-16,msg_00105,Ud7cd4c737b35e126236570d6cf0e97f4,Uae8013b2d87e059704412a1bdd4abf13,text,deliverd,2026-03-16 16:08:18,
ad6529be-aa5c-40ea-a263-9e0b33968d89,2026-04-01,msg_00072,U4784fc8a8e1e4eb2435ad84e0ad052f2,Uc246c800e6de77c87a4edf9446444037,image,delivered,2026-04-01 03:36:32,
507227b1-c141-4937-9d9d-ca8d3a113708,2025-12-21,msg_00022,U3bae1603803a839c0cb52f511d9cb8f6,U06fad51f15ff9633230b2962572b5e99,video,delivered,2025-12-21 11:37:20,
705cf75a-8d57-4924-be6b-6b5a5eaa03ce,2026-01-09,msg_00052,U743849e63f8101ac616f8fd0ba84a167,2954a10850f8d912e0a9e30a137c54fb,video,delivered,2026-01-09 17:51:21,
e6accd2d-64ce-46b7-9818-dded0ea98a10,2025-11-25,msg_00043,U3e5dd3a641c58ad50e49f095c6f1e306,U1931be2493379eb4769a479386016281,flex,opened,2025-11-25 09:08:00,
9fe807ba-1db7-4694-b427-2cc2c1f09760,2026-01-24,msg_00066,U3bae1603803a839c0cb52f511d9cb8f6,Uc5b83ea28526ae8ec2d580e05d4f2f41,image,clicked,2026-01-24 23:16:43,https://example-saas.jp/coupon/500off
8b190301-ab95-43c9-af81-a8e6a8cceab2,2025-12-19,msg_00064,Ub0341314a5534ea92b26fa8adc30543f,Ue759802afec444ba411559c2eff2aaed,image,delivered,2025-12-19 03:02:54,
46a52c3c-4ab5-4975-8787-2d7fe0961375,2025-12-24,msg_00091,U3bae1603803a839c0cb52f511d9cb8f6,U85f14521ff6825e12ba06c0620a58752,imagemap,delivered,2025-12-24 13:52:42,
020850ae-2d89-481e-a5d0-d79e32291288,2025-12-18,msg_00114,Ub0341314a5534ea92b26fa8adc30543f,U3dbe92ec5884c8a6fcd134f378f2e65b,flex,delivered,2025-12-18 08:39:07,
cda95b22-8d49-4ff1-86db-2e475e0220be,2025-11-27,msg_00018,U3e5dd3a641c58ad50e49f095c6f1e306,U68ae8811eccf640f74c09075d3e840e9,imagemap,delivered,2025-11-27 04:06:43,
73a782cb-a978-42a8-9fac-f70dbb00c1e3,2025-12-25,msg_00077,U743849e63f8101ac616f8fd0ba84a167,U29361f5a54da334ab7c06d21402d69fb,text,opened,2025-12-25 09:38:33,
6f024fa0-27e5-41aa-9188-04930d16b39e,2026-03-06,msg_00068,Ub0341314a5534ea92b26fa8adc30543f,U2e247c698e61c4f23aeaf7fad5e9e46e,video,delivered,2026-03-06 17:43:20,
ebffe9a7-e3fe-46f5-aa08-7289cbf8b4bc,2026-02-08,msg_00051,U3bae1603803a839c0cb52f511d9cb8f6,a0ff34ae4d9799d3c96a9cce77db5d1f,image,opened,2026-02-08 06:29:54,
67dffa5e-9e2a-4d39-b09a-d00829d64d29,2026-03-08,msg_00112,U3bae1603803a839c0cb52f511d9cb8f6,2b4ec4e3fc2c7e7bec1fe155438c27f8,image,delivered,2026-03-08 08:58:34,
c2b47b80-e70e-47c5-9d58-f53605221cf9,2025-12-25,msg_00077,U743849e63f8101ac616f8fd0ba84a167,U9176aa83263e493337efc214b8e23433,text,opened,2025-12-25 01:10:15,
d9c4e26e-6922-43f1-8acd-a39d30d6cbc2,2026-01-29,msg_00031,U3bae1603803a839c0cb52f511d9cb8f6,aedff421e001c02eb295df68240091f9,video,delivered,2026-01-29 07:25:30,
8a3372c4-cf1b-4031-8329-422ed52c71aa,2025-11-17,msg_00099,U3bae1603803a839c0cb52f511d9cb8f6,U30d39f9f2d87b492d14e90d559700bf9,text,clicked,2025-11-17 20:16:50,https://example-saas.jp/survey
3c9e2ced-522a-46ea-9faf-8b660e7e15af,2026-01-10,msg_00044,U30ad60bba5da9837ca5dd0230ca8f531,Uf8b5e19fda4bb154b479b55d88c51280,video,delivered,2026-01-10 12:04:51,
cb326888-a547-421c-ba5c-9e4529077fa4,2026-03-23,msg_00073,Ud4a92c8c8050eed40ef171cc2784d638,Uee568087a632b35e26fcf1365caa7aed,imagemap,delivered,2026-03-23 07:14:57,
636d1f32-8c58-4191-9649-7d4923ee6d5e,2026-02-07,msg_00090,U4784fc8a8e1e4eb2435ad84e0ad052f2,U33efaa72dd9af5aa13a164b7d646c762,imagemap,delivered,2026-02-07 20:53:58,
c81e3aa8-d216-47ef-87e8-dbec65e7aef8,2025-12-22,msg_00038,Ub0341314a5534ea92b26fa8adc30543f,U7e7b8ecafeb9ee1da83ce0f17b933d98,image,failed,2025-12-22 12:43:18,
97d144ac-b09b-4abc-9871-76d072f09c40,2026-03-06,msg_00055,U3bae1603803a839c0cb52f511d9cb8f6,U592aefafaa6bc6d84a4868000b3ca47d,flex,delivered,2026-03-06 06:08:13,
f3a17149-0a01-4852-aa9f-cb7e2cb003aa,2026-02-20,msg_00048,Ue7310890b01058478be93761a56d0aa0,U073b4e9e18bcefddf8b699a910ac1e36,flex,delivered,2026-02-20 12:33:41,
92fb6dff-9e2f-4dd4-ae6f-5fb85852b4a9,2026-02-01,msg_00075,Ub0341314a5534ea92b26fa8adc30543f,U743bef39412ea677096491b5e57d2f0d,imagemap,delivered,2026-02-01 16:17:04,
0063c149-432b-44b3-ac7b-5f3533202385,2026-03-26,msg_00040,U3bae1603803a839c0cb52f511d9cb8f6,U0af4535592da199f0046f9788a77edbf,imagemap,clicked,2026-03-26 03:41:38,https://example-saas.jp/coupon/500off
c7ea87bc-0f90-4dfa-8a60-3f075d660d3f,2025-12-21,msg_00022,U3bae1603803a839c0cb52f511d9cb8f6,U37f56b53bbbb99222d161af0ab0a1ce4,video,delivered,2025-12-21 20:00:05,
13849712-c41f-4935-bf23-bb1b926459c6,2025-12-21,msg_00022,U3bae1603803a839c0cb52f511d9cb8f6,4fb9cd7f7759ab2682b79d15579f5973,video,delivered,2025-12-21 04:13:21,
661d2216-1f9b-4963-99d1-53a5678bd791,2025-12-12,msg_00004,Ub0341314a5534ea92b26fa8adc30543f,U36cb93cd0dc7001498a40ba42cc9c1ee,video,delivered,2025-12-12 08:36:40,
814533cf-a15d-4113-ac6a-d62cb5221465,2026-02-07,msg_00090,U4784fc8a8e1e4eb2435ad84e0ad052f2,U1d524f9783d80a40be8daa6717756737,imagemap,failed,2026-02-07 16:22:10,
e0f67632-fb3b-4f49-9825-5e022f899b01,2026-03-06,msg_00055,U3bae1603803a839c0cb52f511d9cb8f6,U2f5ffe1926d20023510ecf5200b10466,flex,opened,2026-03-06 22:13:14,
b1240148-c3b4-4174-820d-1f16dc1a7bc5,2026-02-20,msg_00048,Ue7310890b01058478be93761a56d0aa0,U756f49682b6e54a841125bd33d08587e,flex,delivered,2026-02-20 16:29:39,
31319230-efa5-4ce0-96db-8de8208dcb33,2026-03-27,msg_00096,U476acbdef8e9a16d24575e4f6d7b0f31,Uaea2e10e0fb9a029c3fff7f42412381c,imagemap,delivered,2026-03-27 05:57:08,
92dfb598-7561-43ba-b8d1-2caa49ce026b,2026-02-15,msg_00087,U3bae1603803a839c0cb52f511d9cb8f6,Ud58fb26e7f4ce40ac0ef4d0a2c7b713a,imagemap,delivered,2026-02-15 06:15:05,
c7f547e6-dfbc-43d1-b14f-4fa20a95ec88,2026-02-09,msg_00083,U3bae1603803a839c0cb52f511d9cb8f6,Ufee741b6c65d1315745d213674720e14,flex,delivered,2026-02-09 10:11:09,
913dad72-5f11-4d16-bdff-9fd0affd8d72,2026-04-12,msg_00120,U227d1cd1a801c367de206ec4bbca7330,U8d6bddc79e6aed7f14f3a00240afd16d,text,delivered,2026-04-12 22:36:08,
8add635c-ba12-489d-a143-91e9538cdeca,2026-01-29,msg_00031,U3bae1603803a839c0cb52f511d9cb8f6,U39915ae3909c88c26e2e79c059cda580,video,opened,2026-01-29 14:27:49,
e01e9cc9-b15d-4355-bee7-17e51453839b,2025-12-07,msg_00003,U227d1cd1a801c367de206ec4bbca7330,U6fa0de1a7c2070cfe42af54a810b9310,image,delivered,2025-12-07 17:22:16,
99473ea3-f415-43ab-93ac-3371c0bd2761,2025-11-22,msg_00047,Ue7310890b01058478be93761a56d0aa0,U737a6eaa736e2f2c9bfd23ff52189e10,video,blocked,2025-11-22 22:04:27,
ab8caeeb-27fe-4e65-b15b-3c3a8d982d2d,2026-03-13,msg_00001,U4784fc8a8e1e4eb2435ad84e0ad052f2,U41ec132f29e5da19bd7d5ae5874448da,image,delivered,2026-03-13 07:30:13,
d3e59889-5744-492a-95ca-35233bbde24b,2025-12-09,msg_00059,U3bae1603803a839c0cb52f511d9cb8f6,U9f799fae401d1fe4eefb9cbc2575e5f3,imagemap,delivered,2025-12-09 13:33:52,
91d5650c-d24e-4f01-88a9-5faad68df45c,2025-11-21,msg_00010,Ue7310890b01058478be93761a56d0aa0,Ubc3bcd43408a38503f29e26df46e06f9,imagemap,delivered,2025-11-21 10:29:16,
ab9dfc30-1465-4fad-9d79-0365c9dc8066,2025-12-23,msg_00061,Ub0341314a5534ea92b26fa8adc30543f,U57a0cfb022040b22b4a7ea343d9cfb4e,imagemap,opened,2025-12-23 06:59:41,
af6a72f3-d09d-4527-ac6b-d0cff6e683cd,2025-12-25,msg_00045,Ue7310890b01058478be93761a56d0aa0,Ufaf29c04fdd7fa78347784167d5cd525,video,opened,2025-12-25 05:39:52,
bc3c8e39-4193-4d8a-b4bb-8faf33291d85,2025-12-18,msg_00070,Ue9a1e8a5b83a6b296d43c957a8cfba4a,Uad870e53c3838a412d21e95b5fbd63a7,imagemap,opened,2025-12-18 18:59:57,
1dad3ff9-6c17-4cff-9f19-9d0f212ac339,2025-12-23,msg_00061,Ub0341314a5534ea92b26fa8adc30543f,Ub2ebe59c6c8e9a24cdcf1f89c0b45679,imagemap,delivered,2025-12-23 00:15:58,
4a5de381-1239-492b-9ddf-0d0ecc61e10d,2025-12-18,msg_00070,Ue9a1e8a5b83a6b296d43c957a8cfba4a,U7e0ae954b50318aeec72c6576689e1aa,imagemap,delivered,2025-12-18 14:34:36,
de85634e-872a-4743-beb0-8c2656bc72b0,2025-12-02,msg_00088,U3bae1603803a839c0cb52f511d9cb8f6,U2e34243a620ebf2489d4062a49f895da,image,opened,2025-12-02 13:46:26,
283c329d-b487-46da-837e-1720f9755b1e,2026-03-06,msg_00055,U3bae1603803a839c0cb52f511d9cb8f6,U6fb59ba6b311745b104e2183fa7f5cd5,flex,clicked,2026-03-06 07:19:15,https://example-saas.jp/lp/newmenu
e0f181cb-2646-448a-936e-df7aaa0cc0f5,2026-02-09,msg_00083,U3bae1603803a839c0cb52f511d9cb8f6,Ueda46923449ceb74ff0466dd40c40e62,flex,opened,2026-02-09 06:20:58,
c810f726-a866-4c2c-9e86-db9633d5613d,2026-01-26,msg_00063,Ub0341314a5534ea92b26fa8adc30543f,U55e19b572390de83f5acd360dc258206,imagemap,opened,2026-01-26 23:31:06,
9f741bad-679b-4156-aea4-16e300f42738,2026-03-05,msg_00014,U3bae1603803a839c0cb52f511d9cb8f6,U4aa4a007defd7d109465f424c19ca4cc,flex,delivered,2026-03-05 05:57:49,
85a76b46-b4b7-4799-a125-9865d29a1713,2026-02-28,msg_00117,U743849e63f8101ac616f8fd0ba84a167,Uaef32cb46595db8b3fd497776f6ca42c,video,opened,2026-02-28 07:11:49,
b0f1ab39-04d2-4e5c-adde-f183bd230736,2026-01-26,msg_00005,Ub0341314a5534ea92b26fa8adc30543f,U9cad094467dbcbf4ea0c2ce5771a4a84,image,clicked,2026-01-26 12:56:44,https://example-saas.jp/campaign/spring
34ea13be-3c7a-4486-b4a3-0ad3fb7a69fa,2026-02-16,msg_00021,U743849e63f8101ac616f8fd0ba84a167,U6860ec2c8e25e3c3654473cacf1594b4,flex,delivered,2026-02-16 00:09:37,
e3493999-0d6c-47d2-b930-ab335ae0481d,2025-12-19,msg_00064,Ub0341314a5534ea92b26fa8adc30543f,Ueaf8317d76bafc63c0613bf7a5feb551,image,delivered,2025-12-19 17:02:27,
168d6ac1-468d-458a-9a4b-8497323dfcd7,2025-12-17,msg_00032,U3bae1603803a839c0cb52f511d9cb8f6,U0009fa0184156f5a54ff8dbf0141607e,video,delivered,2025-12-17 01:33:01,
e8e4727b-b750-4cba-97f0-3aad1f45c79e,2026-03-03,msg_00093,U743849e63f8101ac616f8fd0ba84a167,U9cf875b087456ce0fd689e090a853c6b,imagemap,delivered,2026-03-03 20:23:45,
5e9f1753-83b4-4165-ba51-084093aed46c,2025-12-23,msg_00109,Ue7310890b01058478be93761a56d0aa0,U75d2955062a373721ff5de7490a2c5af,text,delivered,2025-12-23 08:26:11,
b35a8803-05f1-4858-9d32-98e06daecab0,2025-12-17,msg_00032,U3bae1603803a839c0cb52f511d9cb8f6,Uacf632ad6ecde21af5475be2fab4e63c,video,clicked,2025-12-17 05:52:50,
b4a6cb94-ecda-4f37-b301-a96076783852,2026-03-25,msg_00066,Ub0341314a5534ea92b26fa8adc30543f,U253178259802d3318f45d82c3971ea77,flex,CLICK,2026-03-25 12:33:51,https://example-saas.jp/lp/newmenu
d9c9c0db-a94b-4cd0-8201-7acd0ef4f93b,2025-12-09,msg_00069,Uc20f9c7e9b662bedec3cb78e127885c7,07c5a19ec2c29d2c6cdac7d1f531817b,imagemap,delivered,2025-12-09 09:51:48,
5e80c5b9-eb58-4954-95e1-ec07ef499172,2026-04-04,msg_00049,U476acbdef8e9a16d24575e4f6d7b0f31,Uc1e5ee76c52a4867940cc098a962307a,text,opened,2026-04-04 10:13:58,
2680e128-c5a4-4306-9ef5-9d33cf1e1dfe,2026-03-29,msg_00097,Ub0341314a5534ea92b26fa8adc30543f,Ucc2108447d714594f6b11ebe5f0627b5,text,opened,2026-03-29 14:29:58,
29df5a5b-3054-4fd4-938f-5a658ce967af,2025-12-08,msg_00015,Ub0341314a5534ea92b26fa8adc30543f,Ueeadc7d78bf04ddc53943b04c30ec595,text,delivered,2025-12-08 03:41:27,
fc201867-eb62-4c64-8711-705a901133b6,2026-03-25,msg_00079,U743849e63f8101ac616f8fd0ba84a167,Ud008668eb6a63aa7b202ef129042aaa7,text,delivered,2026-03-25 14:15:58,
e267c74b-2714-48d0-a59a-0805bdd4cf2b,2025-11-17,msg_00099,U3bae1603803a839c0cb52f511d9cb8f6,Uba078868691f714d33e7d7c91720c7eb,text,delivered,2025-11-17 21:16:23,
373dbb8a-b8ce-4cc7-b51c-6ce4fd938718,2026-04-12,msg_00120,U227d1cd1a801c367de206ec4bbca7330,U9ba8fb1957f6eb364f95477f0288a63a,text,opened,2026-04-12 12:04:56,
32b790ba-cd35-42d1-b776-73c59f8f5478,2026-03-23,msg_00071,U3bae1603803a839c0cb52f511d9cb8f6,U2b84f93d4e730b0b75ff06dc1a6c821c,imagemap,opened,2026-03-23 16:42:19,
6232510a-4871-4e7f-856f-17a92ee6d7bb,2026-03-31,msg_00046,U4784fc8a8e1e4eb2435ad84e0ad052f2,Uc95a12e6943d51bf37c92b45d12e4f24,flex,delivered,2026-03-31 10:59:55,
db719546-14c3-4017-9860-d61d56284a67,2026-02-20,msg_00048,Ue7310890b01058478be93761a56d0aa0,5ad3dc5bcd5119677884a05925c6ba8a,flex,delivered,2026-02-20 18:29:44,
61605551-d984-4ba8-a639-6806b8523eac,2026-01-20,msg_00108,Ub0341314a5534ea92b26fa8adc30543f,U752bd99d327e4dfa2d5fc2ed7fa324d5,flex,opened,2026-01-21 00:07:30,
7a34e596-1493-41cd-bbdd-1028bcff56ba,2026-02-08,msg_00051,U3bae1603803a839c0cb52f511d9cb8f6,U69d433cd79ffa39b0b08ea2c4f93237a,image,delivered,2026-02-08 06:39:39,
1821b6a1-0aa6-4aa6-a2be-37ea4791581d,2025-11-22,msg_00047,Ue7310890b01058478be93761a56d0aa0,Uc3b64503aea41ccc8d402c8c89c14728,video,delivered,2025-11-22 00:58:10,
ab9dc07d-73a1-41e5-abac-d308dee70925,2026-04-01,msg_00072,U4784fc8a8e1e4eb2435ad84e0ad052f2,U4748b39cc530242eff3ac0d08418ee4f,image,delivered,2026-04-01 19:54:52,
61270c8e-8e41-457c-9ce5-e7f73935687f,2026-03-27,msg_00096,U476acbdef8e9a16d24575e4f6d7b0f31,U7bcadf9e0a146baa5b3440e622396aa6,imagemap,delivered,2026-03-27 03:38:58,
ecb04cc6-b21e-4441-9e23-ae3cebb3cd22,2025-11-21,msg_00010,Ue7310890b01058478be93761a56d0aa0,8497e5bb110ecb9a117ba5b8b13be129,imagemap,blocked,2025-11-22 15:34:16,
ce9d266b-1f22-4c73-b3b3-0aedfd871717,2026-04-01,msg_00072,U4784fc8a8e1e4eb2435ad84e0ad052f2,U314e1063bfe5f196bd364c886cfcf664,image,delivered,2026-04-01 20:01:42,
6489b6d8-1ef0-4636-9b3f-df5031656195,2026-04-12,msg_00120,U227d1cd1a801c367de206ec4bbca7330,Uf7e64676feb4687e68a1dce979ae8ac2,text,opened,2026-04-12 14:30:29,
c2a80fa5-32f6-4161-8224-679515ea8644,2026-03-21,msg_00023,U743849e63f8101ac616f8fd0ba84a167,Ue8a4942e40d85d80b9ef557011f73adc,imagemap,delivered,2026-03-21 23:11:04,
e3ec9fe5-74bc-44bd-8586-e8030c5bd0ed,2026-03-26,msg_00040,U3bae1603803a839c0cb52f511d9cb8f6,U7d06b365c3314a3d4550de33feeee58d,imagemap,delivered,2026-03-26 00:43:09,
f59d3f79-9d59-4814-9865-6f33c6e75542,2026-03-08,msg_00112,U3bae1603803a839c0cb52f511d9cb8f6,U8d67094e696ed8d27d6d73b8fe37f6be,image,opened,2026-03-08 21:30:04,
6be1cc9f-93ea-434b-bddc-cf17603eb5fb,2025-12-07,msg_00003,U227d1cd1a801c367de206ec4bbca7330,U6e6824885657f2b13aba306091bfed9f,image,clicked,2025-12-07 02:05:10,https://example-saas.jp/coupon/500off
0a6c9bef-4484-47ba-b899-7e0da95f85af,2026-04-05,msg_00054,U3bae1603803a839c0cb52f511d9cb8f6,831d930d48532a7241748011dc363f3c,image,delivered,2026-04-05 05:43:30,
5ce13582-3df2-4445-91d3-0b245b5d3b6f,2026-04-04,msg_00049,U476acbdef8e9a16d24575e4f6d7b0f31,Ub4d9bdeb493b783af83d93f773e24812,text,opened,2026-04-04 00:54:44,
9c217007-d743-428b-8837-05e580c985ca,2026-01-14,msg_00081,Ue7310890b01058478be93761a56d0aa0,U05cab36e15637e69196cdcf17bf280f1,video,delivered,2026-01-14 06:52:00,
4c2508ca-ae68-4e1b-be78-92294ccc5ac9,2025-11-17,msg_00034,U743849e63f8101ac616f8fd0ba84a167,Ua8011e311b41a4fb79d8466526d372e9,text,delivered,2025-11-17 17:03:23,
e5d304aa-3a03-4692-8b09-eed06163a312,2025-12-09,msg_00094,U227d1cd1a801c367de206ec4bbca7330,U07b92225a9fd6effdc579276922aafd8,flex,clicked,2025-12-09 04:37:28,https://example-saas.jp/lp/newmenu
694434ac-5e27-4d46-8275-3d22df542b1c,2026-03-26,msg_00040,U3bae1603803a839c0cb52f511d9cb8f6,Ue8a767e86ba7142efcaedf95663bee93,imagemap,delivered,2026-03-26 09:52:43,
4d61f413-0b6c-40ed-980e-8914443c95f5,2026-01-24,msg_00007,Ub0341314a5534ea92b26fa8adc30543f,U22cbb5f6802698eb39016d8d0b5135dc,imagemap,delivered,2026-01-24 02:49:35,
bcb70477-72de-4486-91fa-29c50afefb3e,2026-02-10,msg_00058,Ue9a1e8a5b83a6b296d43c957a8cfba4a,U5f333318f09f68992e55a3324a17463b,video,delivered,2026-02-10 13:52:07,
883a2965-67e6-4496-86c6-5e4d203286f3,2026-03-04,msg_00056,U1ca413826b7044d134c9c3132420c9de,U700757ba63d5fd5902db16557fcff1e5,text,delivered,2026-03-04 04:55:23,
3fabfb73-adff-4bad-b4c4-ea91c4d8eb10,2026-02-01,msg_00075,Ub0341314a5534ea92b26fa8adc30543f,U4e04e7e3c5a3cc07e743b39ca1ddf046,imagemap,delivered,2026-02-01 00:56:53,
7d8f704a-65b6-451e-9eed-2a9caf9f770f,2026-04-04,msg_00100,U743849e63f8101ac616f8fd0ba84a167,U3a331d19b01a05c4a609a0a3e1e1943f,image,delivered,2026-04-04 15:06:24,
7accefeb-795b-4074-bfe3-e6daffcf26ef,2026-01-24,msg_00066,U3bae1603803a839c0cb52f511d9cb8f6,Ue99c23fa009ecd5db4d8caf10e16d527,image,failed,2026-01-24 13:56:26,
6f7a1707-79a7-4847-8634-d74151dcccc3,2025-11-26,msg_00028,U3bae1603803a839c0cb52f511d9cb8f6,Udb8fd1a3fb703cbcbb08cd8b1a0c8baa,image,opened,2025-11-26 21:55:52,
8b681a5c-efd5-44ba-a1f0-f8cf819934f1,2026-03-14,msg_00009,U743849e63f8101ac616f8fd0ba84a167,U95cc7ad624ca42de5146498748bd1898,imagemap,opened,2026-03-14 14:53:34,
31a378f8-0c0e-47ea-9a1e-6d0ff3c8f0f0,2025-12-09,msg_00094,U227d1cd1a801c367de206ec4bbca7330,Ue20ae8e11880ceb7df0292babe5d7fdc,flex,delivered,2025-12-09 23:28:13,
8b93024f-415f-42cb-992e-48719a5c9b14,2026-03-03,msg_00093,U743849e63f8101ac616f8fd0ba84a167,Ub320515e2ae8dda387f59d4af98553cc,imagemap,delivered,2026-03-03 09:40:16,
3a747e47-62a5-4e63-87e8-3dedbf0fadc1,2026-01-17,msg_00037,U7e808d11d6f9901a954a542a7ee09918,Ud1d78e7ee70213668fe3d522f2e306e4,text,delivered,2026-01-17 12:35:20,
6c4155df-ad2c-4323-8842-2050d7f6c0dc,2025-11-25,msg_00043,U3e5dd3a641c58ad50e49f095c6f1e306,U68adbfa76d0b6fcd383b92e634421c86,flex,opened,2025-11-25 13:36:07,
63c5ecac-9a2f-4a48-8db7-bf196506e7fe,2026-03-31,msg_00046,U4784fc8a8e1e4eb2435ad84e0ad052f2,Uc76d5336676a00e624241233f89a4802,flex,opened,2026-03-31 19:25:49,
e8cf808d-2383-4bd1-9309-6cc4e277a843,2026-01-20,msg_00108,Ub0341314a5534ea92b26fa8adc30543f,U7f150238f326bc98fdf65ab295d6d136,flex,clicked,2026-01-20 02:18:58,https://example-saas.jp/survey
c512c1cb-74d6-4604-a359-3aac4db64459,2025-11-22,msg_00047,Ue7310890b01058478be93761a56d0aa0,U7f01ec3d9d1c1f04c4abd576a650f62f,video,delivered,2025-11-22 16:51:54,
00f393ac-a00f-4700-b0c2-f43a504b3510,2026-02-08,msg_00051,U3bae1603803a839c0cb52f511d9cb8f6,ae3bbff00c512fd9745e8eb06ee32b00,image,delivered,2026-02-08 10:14:15,
b86ea1ae-ed88-418a-a271-2897b0350892,2025-12-25,msg_00077,U743849e63f8101ac616f8fd0ba84a167,U376d1e2449e6ca3d2bf7e02b0fc35c91,text,opened,2025-12-25 03:27:18,
570ef66b-cfaa-4ac7-96d4-fe5bb8c9c366,2025-12-25,msg_00077,U743849e63f8101ac616f8fd0ba84a167,U65d63f90004bc5bfd34a577097ca19c5,text,delivered,2025-12-22 17:45:28,
cfec7203-d30d-460e-8a04-95632d411965,2025-12-24,msg_00091,U3bae1603803a839c0cb52f511d9cb8f6,Ue1931f88178fd12b4a3f72e492d7a942,imagemap,delivered,2025-12-24 00:24:03,
5453386c-ba1d-493e-9a8f-eb267e101643,2026-04-08,msg_00078,Ud4a92c8c8050eed40ef171cc2784d638,U490e721c8c05c5ccfe233914de5043ed,image,delivered,2026-04-08 01:11:03,
6ee63354-6e36-44e7-b452-a338e1b4dceb,2026-02-10,msg_00058,Ue9a1e8a5b83a6b296d43c957a8cfba4a,Uc39d6bb0fc8d535f3cab8a3a0ebcb149,video,delivered,2026-02-10 02:25:49,
938456b6-4e60-449d-bb4c-988606308e75,2025-11-23,msg_00053,U743849e63f8101ac616f8fd0ba84a167,c182cc5cf15e0a41f8622eeab86010d7,video,opened,2025-11-23 20:43:43,
fa24801b-c8a7-4af7-8355-1c58dee9c70c,2025-11-17,msg_00034,U743849e63f8101ac616f8fd0ba84a167,U10f5aef0c36ef036801019dda00c93f6,text,opened,2025-11-17 11:41:09,
48545651-8bfe-4449-a437-dba709780857,2026-02-01,msg_00075,Ub0341314a5534ea92b26fa8adc30543f,Ue0c4954b5c9ae459729ce08a36d8200e,imagemap,delivered,2026-02-01 05:23:38,
16769b25-203e-4e50-af40-77214232ac64,2026-01-13,msg_00060,U3bae1603803a839c0cb52f511d9cb8f6,Ua7e46c043d599101127fc37e849ae5b6,image,opened,2026-01-13 09:57:17,
39300ea8-98eb-4e19-a3f8-e50c50f24d24,2026-01-26,msg_00063,Ub0341314a5534ea92b26fa8adc30543f,U3fb64be87e4dc7797c69ea6d128b9018,imagemap,opened,2026-01-26 09:01:59,
102c28af-2349-47c1-a359-a0d69f509c21,2026-02-09,msg_00083,U3bae1603803a839c0cb52f511d9cb8f6,U9c840a1e40c4907540a807157589dc89,flex,delivered,2026-02-09 19:31:00,
b340907b-bf2f-427c-bea1-237e6606139f,2026-03-26,msg_00040,U3bae1603803a839c0cb52f511d9cb8f6,U51468a423e10c3b54bf9978915a4b917,imagemap,delivered,2026-03-26 16:33:12,
8a99c0ef-8917-4655-9952-0bc1d09ca815,2025-12-12,msg_00004,Ub0341314a5534ea92b26fa8adc30543f,U4ebd29ba35601808300c4902c17942cb,video,delivered,2025-12-12 08:52:56,
e83434a7-c3e4-45f1-9a78-bf3eb2a63d7b,2026-02-08,msg_00051,U3bae1603803a839c0cb52f511d9cb8f6,U69f3f75f0d5769c5a4f6f1a6ba218732,image,delivered,2026-02-08 10:45:53,
17dbe060-419f-4dd0-81ae-307da6af3278,2026-02-28,msg_00117,U743849e63f8101ac616f8fd0ba84a167,2d02b99a6ba7b9c27fed0a034aec374d,video,delivered,2026-02-28 05:19:47,
96917536-4821-4cbd-aa44-a56c58781d54,2026-04-08,msg_00078,Ud4a92c8c8050eed40ef171cc2784d638,U3adc52c7119567a67ccd3a4f1f22e462,image,delivered,2026-04-08 18:13:47,
d18c2cda-dd31-4c5a-8f4d-2eee7361399b,2026-01-10,msg_00044,U30ad60bba5da9837ca5dd0230ca8f531,Ub4f6739b524c8a8c1c1abf17d8a150c5,video,opened,2026-01-10 15:48:22,
08b5ad66-5a76-4b4e-823a-43a02b4a2bcc,2026-02-14,msg_00065,U743849e63f8101ac616f8fd0ba84a167,6dd8d0897137037dd4cbe1d6fd395390,image,clicked,2026-02-14 13:52:47,https://example-saas.jp/lp/newmenu
27734613-d19b-4ccb-ab0b-12e41121bc23,2026-03-06,msg_00055,U3bae1603803a839c0cb52f511d9cb8f6,U1873052653a5682a8fe3ec7adca0b04b,flex,opened,2026-03-06 01:28:50,
e97cfb98-bdee-4fec-aa5d-7da59500355e,2025-12-24,msg_00062,Ub0341314a5534ea92b26fa8adc30543f,bfe3b56d01bbb6a3a07bac87707558b0,video,delivered,2025-12-24 17:42:42,
63858c56-a7cc-4ca6-8b7e-501326bab82e,2026-03-11,msg_00067,U7e808d11d6f9901a954a542a7ee09918,U13e65cb88f66e10a942670a1f30e9c40,video,delivered,2026-03-11 12:34:29,
8ed6e68c-b914-49b6-824a-0db49ab66b51,2026-01-26,msg_00086,U4784fc8a8e1e4eb2435ad84e0ad052f2,U79bae557e955dd54049f58d2e99be51c,text,delivered,2026-01-26 00:07:08,
de8dc5c6-5d79-4f19-bc46-acd8d4140a78,2025-12-09,msg_00059,U3bae1603803a839c0cb52f511d9cb8f6,U04e3499eb5a97c99511dad7845b18c34,imagemap,opened,2025-12-09 19:08:34,
7a4afc3b-3ffa-446c-94ff-4fd0648b6c82,2026-03-25,msg_00079,U743849e63f8101ac616f8fd0ba84a167,U7e9b3819a0c6f7f4ba4913ff78a8fabc,text,delivered,2026-03-25 02:51:34,
99322a08-b4b8-472b-941d-d7892fcc7feb,2026-01-26,msg_00005,Ub0341314a5534ea92b26fa8adc30543f,Ua18195bef3709d16ec9d3e31f8ac13ba,image,delivered,2026-01-26 18:58:36,
98d0e60b-f73f-44bf-ab49-0521764e38ee,2026-01-24,msg_00066,U3bae1603803a839c0cb52f511d9cb8f6,Uf5d6456c9324122b075c1f381ef6e7df,image,delivered,2026-01-24 13:30:47,
e7eb1530-9cb1-4fc5-a23c-7e4d2e81b518,2026-04-08,msg_00078,Ud4a92c8c8050eed40ef171cc2784d638,U524724da896d3b555bd28ca70ff99e60,image,opened,2026-04-08 04:11:26,
46951cc0-67fe-45a9-a401-acbb1f3a519f,2026-03-30,msg_00076,U743849e63f8101ac616f8fd0ba84a167,U955884dd9d18933d91f0ee5c17c245a3,image,delivered,2026-03-30 21:27:21,
99d3ba71-faeb-486c-8b82-c48a47fc05f6,2025-11-17,msg_00034,U743849e63f8101ac616f8fd0ba84a167,Ud08462df8d605283bd7cf31b1728e51f,text,delivered,2025-11-17 23:21:32,
5b5f66fd-861b-41c5-adca-bc58e017fdd1,2026-03-20,msg_00092,U743849e63f8101ac616f8fd0ba84a167,U0ae2c194bc9aa61f57e7f893d56eb6c1,video,opened,2026-03-20 08:52:09,
a98171cf-8ac2-4311-b943-c77f7e36b293,2026-01-17,msg_00037,U7e808d11d6f9901a954a542a7ee09918,U80f60732a92bc69d5974973dfc10e42c,text,delivered,2026-01-17 22:51:12,
70b2f872-5473-4e79-a9ef-15e53598bb1a,2025-12-15,msg_00030,U3bae1603803a839c0cb52f511d9cb8f6,U561477f841beba27972ac2decfaf099f,video,clicked,2025-12-15 12:03:03,https://example-saas.jp/lp/newmenu
53266016-a123-476e-96d2-7862e4c7bec6,2026-02-09,msg_00083,U3bae1603803a839c0cb52f511d9cb8f6,Uffc916c1862a2d63af4f62a96e55901d,flex,delivered,2026-02-09 13:06:58,
f61e6f6a-917a-412e-9646-97de81cb154c,2026-01-29,msg_00031,U3bae1603803a839c0cb52f511d9cb8f6,U58674bfe279e45c10a1ec7da8d4d0f1f,video,delivered,2026-01-29 19:44:27,
25e2807e-98ae-4414-bcfd-c9ea977246aa,2025-12-12,msg_00004,Ub0341314a5534ea92b26fa8adc30543f,U6fbe6ae397aa50ba86bbc17355bb7ee2,video,clicked,2025-12-12 05:27:20,https://example-saas.jp/campaign/spring
7b589c3e-ce0a-4ae5-b653-0babf3b92530,2025-12-21,msg_00022,U3bae1603803a839c0cb52f511d9cb8f6,U97cb5db5a7c359514169a33473ae9057,video,opened,2025-12-21 05:07:48,
4dfd08d4-e7fd-43a3-8f92-f6f4bae627d1,2026-03-21,msg_00023,U743849e63f8101ac616f8fd0ba84a167,Ub8d97a1b2030a79b130aff7cb30a254e,imagemap,opened,2026-03-21 16:29:52,
52e75014-49b6-407d-b05a-bd94a2cc4b71,2026-01-14,msg_00081,Ue7310890b01058478be93761a56d0aa0,U2c9dc877e35dd5e5a5b47ff833a974b9,video,delivered,2026-01-14 06:11:52,
9c018bcf-2ab3-4ab5-bf20-529485437893,2026-03-03,msg_00093,U743849e63f8101ac616f8fd0ba84a167,Uabac656ab4d06bb78f508d1b847d2e95,imagemap,delivered,2026-03-03 04:13:59,
585a7225-24b1-4c6e-9e95-5787f5c0935d,2026-01-18,msg_00102,U227d1cd1a801c367de206ec4bbca7330,U461d1029707de993272edfba70c0d442,video,delivered,2026-01-14 13:54:59,
a0733bfc-f052-4a17-93f6-933ed79e98db,2026-02-28,msg_00117,U743849e63f8101ac616f8fd0ba84a167,65292502ef4de578799a03b2194807ef,video,delivered,2026-02-28 17:09:08,
b197055e-74af-4039-8178-7cee864faedd,2026-03-04,msg_00056,U1ca413826b7044d134c9c3132420c9de,Ufbcb9c0cb2f1bce331781f1f1a60e1ff,text,delivered,2026-03-04 05:56:33,
4e253814-babe-4f52-a250-6263e70495a7,2026-01-20,msg_00108,Ub0341314a5534ea92b26fa8adc30543f,U27b01cba25f9c0fa34c85f41292dcf7a,flex,delivered,2026-01-20 05:11:39,
ea4e9ce7-4240-490a-9b75-b69fcb0ce8a4,2026-03-29,msg_00097,Ub0341314a5534ea92b26fa8adc30543f,U6d52b33f3794d3f586603b7c59c78170,text,delivered,2026-03-27 02:56:31,
a60c1f73-0374-4cbf-9e84-1518df82719e,2026-01-31,msg_00035,U7e808d11d6f9901a954a542a7ee09918,U1553817b5d6c2a941b730cf25e55c9cf,text,delivered,2026-01-31 04:45:35,
37d86ff3-c268-42b0-bf67-fbc3d5ed7353,2026-03-26,msg_00040,U3bae1603803a839c0cb52f511d9cb8f6,U045c5292de32b3efbf431b0b40faed27,imagemap,delivered,2026-03-22 15:24:16,
59930712-dd2c-457d-8071-677470bad8aa,2025-12-19,msg_00064,Ub0341314a5534ea92b26fa8adc30543f,Ud47dda8f5b3cdfb23a83ce0d8c47785f,image,delivered,2025-12-19 18:39:59,
0525908c-60b1-4f65-ad83-592b6a63c841,2026-01-20,msg_00108,Ub0341314a5534ea92b26fa8adc30543f,Ua06c9503986217bb7eb868f6c512dd86,flex,delivered,2026-01-20 08:51:17,
09efd547-b7ce-4e80-b47a-16cea9f790bb,2026-03-31,msg_00046,U4784fc8a8e1e4eb2435ad84e0ad052f2,Uf24b2f9f5bbdf2bc4747756dfe39301f,flex,delivered,2026-03-31 09:54:54,
6985b404-6e86-468e-956b-87c82478342c,2025-12-15,msg_00030,U3bae1603803a839c0cb52f511d9cb8f6,844063d54d2b9bde085af99b1b2ad5c4,video,opened,2025-12-15 21:49:48,
5280d48e-5920-4062-a2f3-cacefc368f5f,2026-03-27,msg_00096,U476acbdef8e9a16d24575e4f6d7b0f31,U1ed8cd6fadd11335b3f4d13636e1b450,imagemap,clicked,2026-03-27 06:07:19,https://example-saas.jp/coupon/500off
d11353d9-fd0c-4d64-a0e6-d7011fea2a07,2026-01-18,msg_00102,U227d1cd1a801c367de206ec4bbca7330,U25a60c6dfd4267548af1cbe65c77f0b9,video,opened,2026-01-18 10:34:50,
fc06e2c5-fb79-4b08-9bd0-1df6964f228a,2025-12-25,msg_00045,Ue7310890b01058478be93761a56d0aa0,Ufc139a14426d19f1d9ffe971e6809e62,video,opened,2025-12-25 05:52:01,
37f1a15b-c9e8-4131-a0cf-f904bc8bc9a9,2025-12-25,msg_00045,Ue7310890b01058478be93761a56d0aa0,U3b48cf271c5d07478ab2e49faa61ef0b,video,delivered,2025-12-25 13:35:47,
89c13a8a-46c3-488f-8a6f-59bcc3b96fdc,2025-12-23,msg_00061,Ub0341314a5534ea92b26fa8adc30543f,Uf8db2ff0859baef02aec5d7e64281b6c,imagemap,opened,2025-12-23 10:12:22,
ded48833-cb2a-440d-981d-3cfc5be79879,2026-02-08,msg_00051,U3bae1603803a839c0cb52f511d9cb8f6,U0345b50ebcaa78b8b311c6f5bbb2eef4,image,delivered,2026-02-08 00:58:55,
37a0e7bd-0a7b-49da-ace2-0b5673101c9d,2026-01-26,msg_00115,U3bae1603803a839c0cb52f511d9cb8f6,U88678a56bc8d11df58c6586a6970fcbd,imagemap,delivered,2026-01-26 02:37:50,
e81af56d-2dcd-4413-a30b-acc1ca9f5443,2025-12-09,msg_00069,Uc20f9c7e9b662bedec3cb78e127885c7,U57038b3e98c157bc025858e0c15b2e64,imagemap,delivered,2025-12-09 01:28:01,
e2ab8e37-0608-46c4-a153-e8b00e30f78e,2026-02-14,msg_00098,U743849e63f8101ac616f8fd0ba84a167,U5bc4804e3511c0c7e7932c8034ad11c3,imagemap,delivered,2026-02-14 22:32:21,
a380b065-5a22-4254-a9fb-0b3ebae6b637,2026-03-27,msg_00096,U476acbdef8e9a16d24575e4f6d7b0f31,U1c1f1040380b336eb536dc1cd2518f02,imagemap,opened,2026-03-27 20:14:20,
f2640444-8ce1-4666-b23c-4c4d16913bcd,2025-11-17,msg_00034,U743849e63f8101ac616f8fd0ba84a167,U49b1c49cc5abe7fc6a07858c4423d1a4,text,delivered,2025-11-17 17:40:29,
1ed9effe-0293-4a46-beb8-dd812dccfa70,2026-04-06,msg_00074,U3bae1603803a839c0cb52f511d9cb8f6,Ud58eb4c9532bf09e440077f9a6f7e421,text,delivered,2026-04-06 22:38:29,
85a5f70e-d1ec-41f7-b734-2b81051ec96f,2025-12-21,msg_00022,U3bae1603803a839c0cb52f511d9cb8f6,Ua135648ea2f5b3ac9790ba066d7b3ba7,video,delivered,2025-12-21 01:02:58,
267174a6-1433-44f1-939b-ec4235575329,2026-03-31,msg_00046,U4784fc8a8e1e4eb2435ad84e0ad052f2,U9d6c6af1b41629fee4dd424e05fa281a,flex,opened,2026-04-01 00:44:34,
98274512-8d71-410e-991d-fbe4f3f365f9,2026-01-24,msg_00066,U3bae1603803a839c0cb52f511d9cb8f6,Ubef58cb476653d7d49e0188ffc4fd5f4,image,clicked,2026-01-24 22:01:06,https://example-saas.jp/campaign/spring
792975a5-c9f8-42b9-9b3e-5cf833b605b6,2026-02-14,msg_00042,U3bae1603803a839c0cb52f511d9cb8f6,U4d0ecc565399815cf7ebad3c5c51b810,video,delivered,2026-02-14 21:25:02,
9bb222ba-16fa-4428-a7da-60ffe1595b35,2026-03-03,msg_00093,U743849e63f8101ac616f8fd0ba84a167,U929c043cb463a4aa212296c3fba718ac,imagemap,delivered,2026-03-03 15:11:07,
fff9a024-b5dd-4b7d-80bb-216898805639,2025-12-12,msg_00029,U743849e63f8101ac616f8fd0ba84a167,U63b00d5972eebb0af3d728b8808773da,imagemap,opened,2025-12-12 10:22:07,
79e656ff-eee5-4ae7-ad68-5a8070339a47,2026-02-09,msg_00083,U3bae1603803a839c0cb52f511d9cb8f6,Uee61f4922adc41e3bfc070904f338778,flex,delivered,2026-02-09 19:53:26,
22ea9345-adc5-4314-b6cf-2ef5c06966d2,2025-12-25,msg_00077,U743849e63f8101ac616f8fd0ba84a167,U57b5f7f8c7459403c61f05b0f977798a,text,clicked,2025-12-25 01:25:23,https://example-saas.jp/coupon/500off
06402a1f-47f3-49e7-8a8d-01d7fef46841,2025-11-17,msg_00034,U743849e63f8101ac616f8fd0ba84a167,U63fdf99fa6935ab8b44c3555a26e0d91,text,opened,2025-11-17 21:19:20,
e31499a4-8098-4b30-8c15-651aee43c48d,2026-01-14,msg_00081,Ue7310890b01058478be93761a56d0aa0,U41f651c1a2b87d30209811e9871812ce,video,delivered,2026-01-14 17:15:30,
2ec53c5c-5d54-442e-96c8-99137f543e5c,2026-03-22,msg_00119,U3bae1603803a839c0cb52f511d9cb8f6,U9a2900b1cd421d517cdf67fe7139d7e4,imagemap,delivered,2026-03-22 21:31:06,
76f70065-7253-4972-aa20-aa45b44e015d,2026-01-13,msg_00060,U3bae1603803a839c0cb52f511d9cb8f6,Uc30abccdb4837097fc5b119c988c7a3c,image,delivered,2026-01-13 06:44:48,
5c87e7be-eef8-43f6-abb6-b89125e3c6ee,2026-02-20,msg_00017,U22a93bc29b1df104af6b1ba1cd91fc56,Ue5688c02672ad88f19505db7160c2941,video,delivered,2026-02-20 12:12:33,
f21fb7f0-5450-462e-a0ed-c9847c9b25d5,2026-02-16,msg_00021,U743849e63f8101ac616f8fd0ba84a167,Uee95d2db19f320f16d8cbdd0b52d423e,flex,delivered,2026-02-16 16:55:07,
09eac142-467b-4c03-96a1-fbc16f9398b6,2026-01-26,msg_00103,U3bae1603803a839c0cb52f511d9cb8f6,U52206477164e9d10087b589604185e30,flex,delivered,2026-01-26 10:32:23,
c2455834-0f5c-4ab1-82ca-3c3ab7302883,2025-12-07,msg_00003,U227d1cd1a801c367de206ec4bbca7330,U043d15d1a66844935cba2921d1d19657,image,clicked,2025-12-07 06:19:13,https://example-saas.jp/lp/newmenu
51ddd942-0d78-4ca4-a71a-7b7e1abdc4bc,2025-12-19,msg_00118,U4784fc8a8e1e4eb2435ad84e0ad052f2,U2bfc483f2b7a6b2b674cf63ea917aea3,image,clicked,2025-12-19 05:28:07,https://example-saas.jp/lp/newmenu
482fb213-d083-43aa-873b-20769fdc5b02,2026-03-27,msg_00096,U476acbdef8e9a16d24575e4f6d7b0f31,Ueb817e2af8d54fdd203645a91606e904,imagemap,delivered,2026-03-27 12:37:07,
ea4c289b-5013-45af-b913-5cdd7d1276ff,2025-11-30,msg_00025,Ub0341314a5534ea92b26fa8adc30543f,U6944954019531b09f449c038b5ee3a3f,imagemap,opened,2025-11-30 23:12:53,
a161f119-89c4-4253-bb1a-641dcf421122,2026-01-24,msg_00007,Ub0341314a5534ea92b26fa8adc30543f,Udd5a7daeb7ee1529f5c8b7aabeac7bd0,imagemap,clicked,2026-01-24 07:54:43,https://example-saas.jp/coupon/500off
7d904316-b43e-4ae7-8c1c-681ca992361b,2026-03-08,msg_00112,U3bae1603803a839c0cb52f511d9cb8f6,Ub55da810285ef62a46102b8b245f67c2,image,clicked,2026-03-08 05:36:07,https://example-saas.jp/campaign/spring
68ef0cb6-20a7-4f1f-8f26-09b5c235fac1,2026-03-08,msg_00112,U3bae1603803a839c0cb52f511d9cb8f6,Uf696b94941752c320b47f033eafc6f5b,image,delivered,2026-03-08 21:37:06,
d3b55bda-f090-4fcf-8717-0aeec49eec78,2026-04-04,msg_00049,U476acbdef8e9a16d24575e4f6d7b0f31,U1c2d425373ab32978fe0ef8a7b3351df,text,delivered,2026-04-04 19:39:32,
3fd56e58-736f-4a4d-8394-2b49c4ddf852,2026-04-12,msg_00120,U227d1cd1a801c367de206ec4bbca7330,U9ba8fb1957f6eb364f95477f0288a63a,text,delivered,2026-04-12 11:26:13,
81e5e876-493f-43f4-95ff-69c788e95068,2026-03-03,msg_00093,U743849e63f8101ac616f8fd0ba84a167,U920fef87ce2249eec67719ef5abd2e92,imagemap,delivered,2026-03-03 06:48:50,
ba4f7d2d-3aac-4f75-9d89-c124d6bb56b3,2026-03-05,msg_00014,U3bae1603803a839c0cb52f511d9cb8f6,U876e006dd2a6dcfe743037d948d26fa8,flex,delivered,2026-03-05 18:50:42,
6b8c0f43-dd62-421c-a6ba-89f97f4b9f4c,2026-04-04,msg_00100,U743849e63f8101ac616f8fd0ba84a167,Ucad7a84d6c1248e89504fea7e244bbc4,image,opened,2026-04-04 20:45:33,
0ccd3d57-f256-4b43-9730-f163328327af,2026-02-15,msg_00006,U743849e63f8101ac616f8fd0ba84a167,Ufa49cb1078c47cff6fefcfcbd28727da,flex,opened,2026-02-15 09:50:44,
3e28c00c-d96b-4518-8036-5504a275359b,2026-01-24,msg_00113,Ub0341314a5534ea92b26fa8adc30543f,Uff6556b60bd6a392170ff1862f697849,text,opened,2026-01-24 12:54:29,
20c8c1d0-8e5b-436d-8f72-e2f51d4f2526,2026-02-16,msg_00021,U743849e63f8101ac616f8fd0ba84a167,Ua95c8302171f95f1dbb409d4a35cf515,flex,failed,2026-02-16 21:45:58,
53ef491a-f0eb-47b8-bb59-91abbba8df36,2026-03-25,msg_00079,U743849e63f8101ac616f8fd0ba84a167,U97f26ebc635f4ba3b4e0557b896b1782,text,delivered,2026-03-25 17:00:33,
70e99be5-e463-454a-8089-2d854e51399e,2025-12-18,msg_00114,Ub0341314a5534ea92b26fa8adc30543f,Uef7039baa17985ac0da731c4e049451a,flex,delivered,2025-12-18 23:59:27,
d88767bd-b9e4-4f96-8171-be71ae090784,2026-03-11,msg_00067,U7e808d11d6f9901a954a542a7ee09918,U31baf2d1b39a814d3c206c895b4e0384,video,delivered,2026-03-11 15:22:02,
cf4d792a-2e36-4570-bbdf-61c08c7c7fd0,2026-04-04,msg_00049,U476acbdef8e9a16d24575e4f6d7b0f31,U71f2f369e436018faf9efc1c7d16645d,text,opened,2026-04-04 04:03:14,
11f9177d-dc55-4f63-9b2b-acd0a38b689c,2025-12-09,msg_00069,Uc20f9c7e9b662bedec3cb78e127885c7,U6a6210cd11688219846bb4adb2845b7c,imagemap,clicked,2025-12-09 23:11:49,https://example-saas.jp/lp/newmenu
2b975e8c-3e68-4efd-b9e6-f6d483febceb,2026-01-26,msg_00086,U4784fc8a8e1e4eb2435ad84e0ad052f2,Ue99a0acb87216b3d4e5a9574b6b827f0,text,delivered,2026-01-26 14:37:55,
31dc9107-f0c2-4cae-b066-3abc27974b1d,2025-11-30,msg_00025,Ub0341314a5534ea92b26fa8adc30543f,U0fe1f599ef61fde7d375320fcfbb71eb,imagemap,delivered,2025-11-30 13:04:30,
ca023ca1-4688-473e-b428-7ddbb23ac129,2025-12-07,msg_00003,U227d1cd1a801c367de206ec4bbca7330,Ue4fc4ee6090e75e8e0f1ddaabc07a3f6,image,opened,2025-12-07 03:32:41,
5d3e693d-c2bc-44f1-a55f-e1e6cea55ae0,2025-12-18,msg_00114,Ub0341314a5534ea92b26fa8adc30543f,U9573d4d8ab6bc7f4efa4635fdf336b2d,flex,opened,2025-12-18 08:18:27,
5032f541-0350-4c82-a656-37007f30415b,2026-03-20,msg_00057,Ub0341314a5534ea92b26fa8adc30543f,Uf6869d1a0e47d44db8fcde3c9c47b768,video,clicked,2026-03-20 15:16:56,https://example-saas.jp/campaign/spring
2f35bd06-6cd0-41ac-9d01-4c48adb31d19,2026-02-15,msg_00087,U3bae1603803a839c0cb52f511d9cb8f6,U19c1da7c5f7cb7402ca660b0d71572dc,imagemap,delivered,2026-02-15 06:51:07,
6b56ea3c-6986-4991-80d8-0cdf891aef53,2026-04-04,msg_00049,U476acbdef8e9a16d24575e4f6d7b0f31,Ua9c3f3d55f313e394e69663db1623e7a,text,delivered,2026-04-04 10:09:39,
5be1968b-6905-4f66-8977-0a1aa5518f5f,2025-11-16,msg_00020,U3bae1603803a839c0cb52f511d9cb8f6,b38cd4acfc0059a34f57766182ad23d4,text,clicked,2025-11-16 03:15:43,https://example-saas.jp/coupon/500off
f1d6aac3-bfe7-477c-a143-7b5eddc4d2c0,2026-03-23,msg_00071,U3bae1603803a839c0cb52f511d9cb8f6,U6148540022919574b85b7032796e1728,imagemap,delivered,2026-03-23 19:39:43,
b4fe5488-69ac-4aa4-b7c3-f08543a97c30,2026-03-20,msg_00092,U743849e63f8101ac616f8fd0ba84a167,2fa34e44e85a6e94d2f2ce33fcdd699f,video,opened,2026-03-20 13:55:26,
fb7a7a15-73f7-482a-9c6f-ec0426d7e2f7,2026-01-09,msg_00052,U743849e63f8101ac616f8fd0ba84a167,U125e02ce0a873886b4955f17e744d539,video,clicked,2026-01-10 00:50:26,https://example-saas.jp/campaign/spring
5d9249b1-e537-477b-a291-70383319c9f4,2025-12-21,msg_00022,U3bae1603803a839c0cb52f511d9cb8f6,U924428d5b4f5c187f4f40964fe5d8cd5,video,opened,2025-12-21 13:56:55,
4eb77dbb-ff24-45aa-aeb9-80adf1a9708f,2025-12-21,msg_00022,U3bae1603803a839c0cb52f511d9cb8f6,Uac3656b031a89ed4817739f3105977be,video,opened,2025-12-21 12:08:27,
39660514-5e73-4ed3-b3dc-404eba5e6974,2025-11-17,msg_00099,U3bae1603803a839c0cb52f511d9cb8f6,U93755e5c091ca76f922fc20c8c8d3a9b,text,opened,2025-11-17 10:25:02,
dc430494-75e1-4679-b56b-7c2c1f150396,2025-12-25,msg_00077,U743849e63f8101ac616f8fd0ba84a167,U0c6939ddcefd5ff691721d0cd60a80e6,text,delivered,2025-12-25 03:59:04,
757aa51b-a012-4d07-ac40-aa1e6e886004,2025-12-24,msg_00091,U3bae1603803a839c0cb52f511d9cb8f6,U3b889df7645ed63b70fea00b7943d263,imagemap,opened,2025-12-24 04:30:25,
9fa60069-3fa5-4147-b448-de292c2a91de,2025-12-21,msg_00022,U3bae1603803a839c0cb52f511d9cb8f6,U7a787d7ca980db8aa113323a5dd8458e,video,delivered,2025-12-21 18:20:35,
67fccb45-490f-4461-a83c-123e6c186cbf,2025-11-17,msg_00099,U3bae1603803a839c0cb52f511d9cb8f6,Uca945e5ec0d96e438fcb0b63a57be1af,text,delivered,2025-11-17 14:57:39,
5ac14fb5-7557-4bde-b82f-6136986669b1,2026-03-27,msg_00096,U476acbdef8e9a16d24575e4f6d7b0f31,5b92bc3cf412431e52fafe7e5a750779,imagemap,opened,2026-03-27 13:49:14,
de08c24a-c354-4335-a27b-20b35845cec0,2025-12-31,msg_00082,U227d1cd1a801c367de206ec4bbca7330,U37539c3a163083e3bea923f5cd4c7f03,imagemap,opened,2025-12-31 14:05:29,
85773781-d6ca-4b25-91e2-19b374a24043,2026-04-01,msg_00072,U4784fc8a8e1e4eb2435ad84e0ad052f2,U27616cc28b837e01e5189df78381d852,image,delivered,2026-04-01 13:51:15,
5171be1f-dcc7-408b-a737-91ec804dbb03,2025-11-19,msg_00019,U743849e63f8101ac616f8fd0ba84a167,U9518f70c20fbc1aa1bd8dc744806bb9d,flex,delivered,2025-11-19 01:05:53,
216f9ba7-bb8d-4479-9b92-e1f0c33e120e,2026-03-30,msg_00076,U743849e63f8101ac616f8fd0ba84a167,U741a8003d34d967397510b47bbbfceac,image,opened,2026-03-30 23:07:13,
b099c1e5-225d-46a5-9bfe-3bd69e58af7e,2026-01-01,msg_00027,U4784fc8a8e1e4eb2435ad84e0ad052f2,Ub2071925d9eda6c04fa94d0f54fea702,image,blocked,2026-01-01 08:30:04,
e4aa600d-0f66-4944-bce7-c31861ccc66d,2025-12-18,msg_00070,Ue9a1e8a5b83a6b296d43c957a8cfba4a,U72e825d358ac8433dc94fe91eee467ea,imagemap,delivered,2025-12-18 02:41:21,
e4dac4e9-a130-44bd-83dc-e3682b549e80,2025-12-09,msg_00069,Uc20f9c7e9b662bedec3cb78e127885c7,Uaea9d8ffde3fa2e9d53149e416dd3605,imagemap,blocked,2025-12-09 23:57:12,
281840ea-98ce-4674-aab6-51bf46e724e2,2025-12-23,msg_00109,Ue7310890b01058478be93761a56d0aa0,8df2af1e6438ceabedfe7a1680f582e3,text,delivered,2025-12-23 08:32:33,
712478d2-bc0a-4ca5-a171-9d06662da545,2025-11-22,msg_00047,Ue7310890b01058478be93761a56d0aa0,U092078732bb164845251da5c4e8bf6f5,video,delivered,2025-11-22 17:39:14,
821411e2-ab1b-41d9-a970-6109866697c8,2026-03-30,msg_00076,U743849e63f8101ac616f8fd0ba84a167,Udea561bcb5e42b07f3c91a12965c03fb,image,opened,2026-03-30 14:04:02,
3022fbd5-d350-4ac7-9f28-4d49642cc916,2026-01-24,msg_00007,Ub0341314a5534ea92b26fa8adc30543f,U95b0eb7c4491b8913a81a0182fee5392,imagemap,delivered,2026-01-24 11:32:13,
ce206dae-014c-4349-9cb5-30480ecdaa95,2026-03-08,msg_00112,U3bae1603803a839c0cb52f511d9cb8f6,U0b23557e39998773e6aacfcb4f28ee86,image,opened,2026-03-08 04:24:25,
c1dcaa3b-619a-4e15-a55e-fc6dd13b6725,2026-04-01,msg_00072,U4784fc8a8e1e4eb2435ad84e0ad052f2,Ufb1e0f8e1e39ae4a4f7bb8d59b3ab465,image,clicked,2026-04-01 08:30:10,https://example-saas.jp/coupon/500off
f12039f0-8fd4-4260-a605-ebd4a1f334cd,2026-03-11,msg_00067,U7e808d11d6f9901a954a542a7ee09918,U0c81fc55e17f5e8b1d35ee7e302195d7,video,delivered,2026-03-11 02:07:36,
a23eccca-42dd-40d9-9a4d-3c17fc964cf5,2025-12-21,msg_00022,U3bae1603803a839c0cb52f511d9cb8f6,U45f1630db772b385ca8b35d999c776c1,video,delivered,2025-12-17 11:43:46,
8b5229a0-2896-485b-ba4a-f0ba90fa588a,2026-03-04,msg_00056,U1ca413826b7044d134c9c3132420c9de,U5422637869d0fdf8ea929097e567523e,text,delivered,2026-03-04 07:29:11,
d9c11b5c-4918-44c0-9fbd-8dce9a85368b,2026-02-19,msg_00016,U837b70463a585f85743b5bfb3b49c9fd,U772c77cd65f79d5c01c42c2116b6c87a,flex,delivered,2026-02-19 21:17:54,
69a23a69-cfd1-43f2-8866-3464e85b778b,2025-12-23,msg_00109,Ue7310890b01058478be93761a56d0aa0,Uec5d7cdd0eca3f923129f6f33f6d8f91,text,delivered,2025-12-23 12:06:50,
8a8bc248-5117-42cf-8611-cfe80c85df8c,2025-12-09,msg_00094,U227d1cd1a801c367de206ec4bbca7330,U71aa58a35e7c3e62a1cbafc2c74b6de8,flex,opened,2025-12-10 00:08:15,
eb0358c4-43de-4d9e-8df0-f5e4a352b7e4,2026-03-03,msg_00093,U743849e63f8101ac616f8fd0ba84a167,U1430e77bf495ed983bc38ae211c00df6,imagemap,delivered,2026-03-03 01:42:29,
a612804d-53db-4b2e-a376-1a99cbe505a1,2025-11-24,msg_00033,U3bae1603803a839c0cb52f511d9cb8f6,Uf620aa1ef0658c064e0aa3e1a907ac9b,text,opened,2025-11-24 22:07:46,
f72ba6e1-dbb6-4278-a8a2-058a937baecf,2025-12-24,msg_00091,U3bae1603803a839c0cb52f511d9cb8f6,Uae0b084b09772fc3e1761aea465ecb3f,imagemap,delivered,2025-12-24 05:38:48,
1eda855f-46a5-4b7f-9458-6870ab22fcec,2026-01-26,msg_00086,U4784fc8a8e1e4eb2435ad84e0ad052f2,06514ebfd1965cd4191076cec5684e89,text,delivered,2026-01-26 00:50:05,
30b34a0b-4272-4176-ac24-8580150e7a80,2025-12-21,msg_00022,U3bae1603803a839c0cb52f511d9cb8f6,U993b7008731353e6e574d6e28973ecd2,video,delivered,2025-12-21 19:37:49,
fdeb2d9a-6834-4ffb-beaa-4e7a270a8062,2025-11-24,msg_00033,U3bae1603803a839c0cb52f511d9cb8f6,Uf074f026043953f5f65ce14bbf533af3,text,delivered,2025-11-24 20:50:53,
f6a6aa00-285d-4605-85dc-c92b2a782385,2025-12-12,msg_00004,Ub0341314a5534ea92b26fa8adc30543f,Ud6a314bd343d619255c69ac1e883337b,video,opened,2025-12-12 20:59:55,
4a35902f-4650-4a51-be2c-13218f60be4a,2026-03-03,msg_00093,U743849e63f8101ac616f8fd0ba84a167,U88dd977b772946c2df3b8074dd8647de,imagemap,opened,2026-03-03 08:44:19,
6457a58f-a878-4926-9d02-fb1bf5538326,2025-11-16,msg_00011,U837b70463a585f85743b5bfb3b49c9fd,U24d5eeb57eba38aab6f6285526e68dfc,flex,opened,2025-11-16 04:24:33,
2685be04-690c-441c-b182-ddc947b2f10d,2025-12-18,msg_00114,Ub0341314a5534ea92b26fa8adc30543f,U213955192c253acd638f44d3431f7a6d,flex,opened,2025-12-19 00:03:38,
0d02117e-4e97-4885-b744-96d95ca42133,2025-11-16,msg_00020,U3bae1603803a839c0cb52f511d9cb8f6,U390eda46e0dc574ddcc9aba76ed6a5b1,text,delivered,2025-11-16 12:55:26,
a9d09cd5-28f0-4520-822d-e283871349ea,2025-11-23,msg_00024,Ue8d9224ecde331ce692edfce0b5ecdc4,Uf3eeecfc0ffeb87f976b2b31034f0c78,text,opened,2025-11-23 18:20:36,
b97fd062-9ca3-4ef7-8d30-4e579ed126ff,2026-03-11,msg_00104,Ub0341314a5534ea92b26fa8adc30543f,897a03973bff7e5e0e3f55f62ed90f4f,image,delivered,2026-03-11 23:24:42,
5b196f90-098f-44b4-86c5-4ed328748813,2026-03-14,msg_00009,U743849e63f8101ac616f8fd0ba84a167,U066f8c09302a8407c84e180f9702355c,imagemap,opened,2026-03-14 06:15:04,
b9db8898-2900-4582-b1d0-5af73edc1f37,2026-03-08,msg_00112,U3bae1603803a839c0cb52f511d9cb8f6,U84ed4a87ea49c416c37550a478c7a5e9,image,opened,2026-03-08 06:45:01,
16aec680-5e5b-4b02-9a13-42505db0fac6,2026-02-01,msg_00075,Ub0341314a5534ea92b26fa8adc30543f,U98b80bac8cfb86bef5f8efb7bbb09c8b,imagemap,delivered,2026-02-01 20:07:31,
986cb962-5cef-4cc9-8a23-d9415f05202e,2026-02-24,msg_00111,Ub0341314a5534ea92b26fa8adc30543f,U6362958c9afe3d6550338185cec86189,flex,delivered,2026-02-24 17:23:06,
d1cb7b92-0d57-42ae-a5f6-4379543db164,2026-04-08,msg_00078,Ud4a92c8c8050eed40ef171cc2784d638,Ud74412e3f3e4e558f914d0dc743a2263,image,delivered,2026-04-08 17:31:33,
b185d860-f3e0-4e51-ac6e-531a7c6dcdd7,2025-12-31,msg_00082,U227d1cd1a801c367de206ec4bbca7330,U784a825ed67194ddf6e21c5f5401e2ce,imagemap,delivered,2025-12-31 05:22:34,
3c41cb36-31f5-4133-b620-be4482cfd84a,2026-04-04,msg_00049,U476acbdef8e9a16d24575e4f6d7b0f31,U9748a79ad114cba8555134531d01e2a4,text,clicked,2026-04-04 08:01:02,https://example-saas.jp/coupon/500off
80f89d21-0554-4764-94e5-37595cdc10fc,2026-02-25,msg_00008,Ub0341314a5534ea92b26fa8adc30543f,6500b7ed35cb6936841d6b5affc9ed93,image,delivered,2026-02-25 23:10:33,
5b459608-b549-4ceb-a23a-8d30b82d0988,2026-01-24,msg_00007,Ub0341314a5534ea92b26fa8adc30543f,Uc55a30a174e31634076fc23800172cc3,imagemap,delivered,2026-01-24 23:57:50,
a5a80d80-0d42-4df0-b385-fe713d2765d2,2025-12-09,msg_00069,Uc20f9c7e9b662bedec3cb78e127885c7,b86b36653dc1647a64977289e51ac639,imagemap,delivered,2025-12-09 14:49:15,
f77df8f7-c280-4820-b238-fa68c20f0191,2026-02-25,msg_00008,Ub0341314a5534ea92b26fa8adc30543f,U228dadbf65a66d58e85862cf3e77350d,image,delivered,2026-02-25 06:06:03,
f3702810-9588-41a9-9d8a-7de55a63fe54,2025-12-18,msg_00070,Ue9a1e8a5b83a6b296d43c957a8cfba4a,U9e44a808175c4c6e708c04fe32a32b52,imagemap,blocked,2025-12-19 01:14:32,
35a85c7e-651e-40c2-bca2-47e482a0ce25,2026-02-08,msg_00051,U3bae1603803a839c0cb52f511d9cb8f6,U7a1f1bc66fee6be42ce41354cfbdb3e2,image,delivered,2026-02-08 16:46:09,
50b48bbb-44f8-429e-ac16-375ef7227c3b,2026-03-21,msg_00023,U743849e63f8101ac616f8fd0ba84a167,U4f23116222e304b1083a7decb99e1543,imagemap,delivered,2026-03-21 03:13:16,
510dd7eb-b178-43de-a2b7-fba12890da8b,2025-12-07,msg_00003,U227d1cd1a801c367de206ec4bbca7330,U5345b52d818c842bc906a27eea1ce99c,image,opened,2025-12-07 22:37:54,
13aa479d-ec03-4416-8746-72e1358ecc64,2026-01-14,msg_00081,Ue7310890b01058478be93761a56d0aa0,Uc98df525a212de2b9bee48b315845e52,video,delivered,2026-01-14 01:00:13,
52dfd35e-4376-4678-802e-2227bcc4fcee,2026-02-10,msg_00058,Ue9a1e8a5b83a6b296d43c957a8cfba4a,U41b1d175fe1f5f9320551dec05ade19c,video,opened,2026-02-10 02:51:44,
91290ae1-0979-4393-9b25-a9e0e7730cf3,2026-01-29,msg_00031,U3bae1603803a839c0cb52f511d9cb8f6,U6615cab1ef2b1855d14a36ce54a245ec,video,delivered,2026-01-29 02:02:23,
e59d2763-e270-415e-b29c-b611055458b2,2025-12-17,msg_00032,U3bae1603803a839c0cb52f511d9cb8f6,U229729d87fdc98d846e2d36c9f1a9d83,video,clicked,2025-12-17 17:43:33,https://example-saas.jp/campaign/spring
691b918b-e705-49e0-af2a-dc481b520cbc,2026-02-20,msg_00048,Ue7310890b01058478be93761a56d0aa0,U13716a1313b118e98d5b0b9658f78513,flex,clicked,2026-02-20 21:51:47,https://example-saas.jp/survey
7c2e64f9-077b-489e-8f8f-0e34d8a0c04c,2025-12-21,msg_00022,U3bae1603803a839c0cb52f511d9cb8f6,Ud0b060179c7910e8e8e6e047f4bc62f2,video,delivered,2025-12-21 06:53:31,
0174ffeb-894c-4807-ab09-095310a149d3,2026-02-10,msg_00058,Ue9a1e8a5b83a6b296d43c957a8cfba4a,U18ac9fc7ffb46db89b7aafc8f23f0a28,video,delivered,2026-02-06 13:50:49,
47b30522-ee98-4c28-9ca2-a65a2fc24af1,2025-12-19,msg_00064,Ub0341314a5534ea92b26fa8adc30543f,U02d6f4130ccb46504651257f534c5b16,image,opened,2025-12-19 23:45:15,
14b68abb-a400-46f3-be72-177027a1f557,2026-02-24,msg_00039,U743849e63f8101ac616f8fd0ba84a167,U272ef55e89811c8c5124d90b9ba0ef1b,flex,delivered,2026-02-24 08:16:28,
89dfcca4-bc25-4eb1-bc70-5f7e40c33a6e,2026-01-29,msg_00031,U3bae1603803a839c0cb52f511d9cb8f6,U569156057c33d4827a2de5fdb8cd8259,video,delivered,2026-01-29 16:28:28,
f39cd1c9-1574-40ab-a5e8-099ee71e922c,2026-02-14,msg_00042,U3bae1603803a839c0cb52f511d9cb8f6,934a2a05ebb16e1f15d39b0c87af0a09,video,delivered,2026-02-14 19:57:52,
893b2421-2321-4991-a47b-50d459368f75,2026-03-27,msg_00096,U476acbdef8e9a16d24575e4f6d7b0f31,Ucb53271da782aaddfe4df8d23cdc3150,imagemap,clicked,2026-03-28 02:06:29,https://example-saas.jp/lp/newmenu
ae05955a-ee94-40d6-8a8c-9d47a6935fac,2026-01-20,msg_00026,Ud4a92c8c8050eed40ef171cc2784d638,U90d1e56b623ae16713319a89ddce481b,imagemap,delivered,2026-01-20 03:18:52,
4e930c48-06f5-4e91-9b18-159c2d695bfd,2025-12-18,msg_00070,Ue9a1e8a5b83a6b296d43c957a8cfba4a,Ud9dd08843c0689d25cb5020ce38ae01a,imagemap,opened,2025-12-18 13:37:23,
b5478a16-13a1-4ef1-9f1d-4abb7e581045,2026-03-11,msg_00067,U7e808d11d6f9901a954a542a7ee09918,U4e8aedcb8539133b4aa985eaf9cc5335,video,opened,2026-03-11 04:55:20,
0f6f6d48-8de1-4bdc-8537-1ef1b34d44a8,2025-11-17,msg_00034,U743849e63f8101ac616f8fd0ba84a167,a191ca485a9ce4d5edefbfb9869d42f5,text,opened,2025-11-17 18:54:02,
363215a1-29b1-4ea0-95a7-437542cda994,2025-11-30,msg_00025,Ub0341314a5534ea92b26fa8adc30543f,U69eb5805f448e0306ab42eefa14aabea,imagemap,delivered,2025-11-30 06:06:00,
b94e0ade-8f63-451b-804d-e9017ec884db,2026-02-07,msg_00090,U4784fc8a8e1e4eb2435ad84e0ad052f2,5fcfaee2bb22bb76a13c330438994d32,imagemap,delivered,2026-02-07 07:57:27,
0f9c8dd9-dc10-4dd5-ada7-2b5edf16f88b,2025-11-23,msg_00024,Ue8d9224ecde331ce692edfce0b5ecdc4,U7dc3cec2eb0d1ef70b78ea7143dc1d86,text,delivered,2025-11-23 08:20:21,
7b881084-9621-4d14-9c6d-28e68431e63f,2026-03-27,msg_00096,U476acbdef8e9a16d24575e4f6d7b0f31,U394d5a34b676606b4caf633ed7992f32,imagemap,opened,2026-03-27 11:36:51,
905fc460-fca7-4b3e-aa2c-736764ac7b2c,2026-03-22,msg_00119,U3bae1603803a839c0cb52f511d9cb8f6,U717ff546a4279b6df5289764b764f3f5,imagemap,opened,2026-03-22 06:22:25,
0d3614b7-ec6e-46e2-beba-220409ede5ae,2026-03-27,msg_00096,U476acbdef8e9a16d24575e4f6d7b0f31,U6f720ca16313a9665513af4385dcab45,imagemap,delivered,2026-03-25 11:04:52,
585d3d5a-6a27-4c62-8bf8-a9d4eaa4ec34,2026-03-20,msg_00092,U743849e63f8101ac616f8fd0ba84a167,U735393377920549744ea6896e3857db7,video,delivered,2026-03-20 06:00:19,
8c576947-fa2e-48d2-9cf8-d8c38de4f2e4,2026-01-26,msg_00115,U3bae1603803a839c0cb52f511d9cb8f6,a7cdd2782a2b437b4d54febccbb61f2f,imagemap,clicked,2026-01-26 19:29:19,https://example-saas.jp/coupon/500off
dc01597f-a631-4480-9139-b364ccd5c93a,2026-03-21,msg_00023,U743849e63f8101ac616f8fd0ba84a167,U63cc981e0373d8fed8ae24cf931bc4cb,imagemap,delivered,2026-03-21 14:33:21,
9df16bd8-8d10-460f-89ae-b06957d4d072,2026-03-08,msg_00112,U3bae1603803a839c0cb52f511d9cb8f6,U80c399e418f650a28bb8ccc4d7d598e0,image,delivered,2026-03-08 06:04:18,
1ae18b98-4143-4897-be1e-9eef7c644ab5,2026-02-07,msg_00090,U4784fc8a8e1e4eb2435ad84e0ad052f2,Ua5dc26f6b1c4d378f677911a9549312a,imagemap,delivered,2026-02-07 16:40:20,
36d01085-afe0-45c6-900a-03f839bd8574,2025-12-23,msg_00061,Ub0341314a5534ea92b26fa8adc30543f,Ue53814f9657173097cf98772b7ce361b,imagemap,opened,2025-12-23 02:47:56,
c22eff82-8f62-440c-9f1c-4e67976938d3,2026-02-10,msg_00058,Ue9a1e8a5b83a6b296d43c957a8cfba4a,a2f694cc6d8a9095d0d9c72ab7289bdf,video,delivered,2026-02-10 23:16:47,
a53ac148-ef94-41bc-ba07-f27d099b740a,2026-01-17,msg_00037,U7e808d11d6f9901a954a542a7ee09918,U741db9007bdb116be2752c81a6966945,text,opened,2026-01-17 03:17:35,
e3497cd1-1cb4-4240-afdc-f14c0880389e,2026-04-12,msg_00120,U227d1cd1a801c367de206ec4bbca7330,Ua82a4e6c63661b306bbf0aa7e37433bc,text,delivered,2026-04-12 08:40:30,
6ae1ea24-c1a5-4d14-8696-de8dd445a5f5,2026-03-20,msg_00092,U743849e63f8101ac616f8fd0ba84a167,U23f432d48796c6f3437856f3fe666ffa,video,delivered,2026-03-20 11:53:21,
af822026-4d32-45d5-a692-c7f3cc041e75,2025-11-27,msg_00018,U3e5dd3a641c58ad50e49f095c6f1e306,Ue1e9b3505e7f0fe22f3a4d6c7ee525c7,imagemap,delivered,2025-11-27 11:27:59,
d155caf1-c9a7-425e-819d-afb8e965ae54,2026-03-04,msg_00056,U1ca413826b7044d134c9c3132420c9de,U05f466dbdd1131306b3072a0675aef31,text,delivered,2026-03-04 19:54:03,
52297eb9-86c9-402b-a0dc-c44ed2ae41f9,2025-12-14,msg_00085,U743849e63f8101ac616f8fd0ba84a167,U75dec5b03a9a9c1b2c8ed74ccecfdb27,image,delivered,2025-12-14 13:33:55,
be9436a4-50bd-458a-b740-4590aba269a5,2025-11-17,msg_00099,U3bae1603803a839c0cb52f511d9cb8f6,U50754283c16feaa121f29032508600f9,text,delivered,2025-11-17 13:08:11,
915f1a56-9bff-433a-83d3-473a1c3f9405,2026-01-22,msg_00106,U743849e63f8101ac616f8fd0ba84a167,U54aed04d4eadf78651ad8d15213dcd88,image,CLICK,2026-01-22 09:35:36,
28484c69-2aac-41a1-982c-5a0908b08d49,2025-12-14,msg_00085,U743849e63f8101ac616f8fd0ba84a167,0645e3b29a6b5a38205b97bc013ab60e,image,delivered,2025-12-14 15:46:47,
51bd4bee-483c-4569-b95c-63e737a5c7d6,2025-12-19,msg_00064,Ub0341314a5534ea92b26fa8adc30543f,Ufacbddf7c2febb1207cbf078234be427,image,delivered,2025-12-19 16:23:25,
d3e8046e-2f48-41d9-b749-fe3537400064,2026-02-14,msg_00098,U743849e63f8101ac616f8fd0ba84a167,U945348888cfd7f7be3a81579bf3ea8b2,imagemap,clicked,2026-02-14 02:14:27,https://example-saas.jp/survey
c2a9735e-368d-4d75-bff8-9106eb274e7e,2026-03-11,msg_00067,U7e808d11d6f9901a954a542a7ee09918,U6ee39d37f79c8f975b607d6f3de5adbb,video,clicked,2026-03-11 05:01:18,https://example-saas.jp/coupon/500off
2f4d1c37-af15-4b00-958c-4594d2382cd7,2025-12-09,msg_00094,U227d1cd1a801c367de206ec4bbca7330,U5d9836495f8ee506cd6d401d5911b757,flex,opened,2025-12-09 15:33:54,
0ed2abec-288a-4f78-9763-8f0c3abd69c3,2026-02-14,msg_00065,U743849e63f8101ac616f8fd0ba84a167,U3da7c813ab693b8872daeca498a5d5be,image,opened,2026-02-14 21:14:36,
6e91e1e6-8bff-43ed-84d6-e244b0fcd592,2026-03-06,msg_00068,Ub0341314a5534ea92b26fa8adc30543f,U3a8adc0baaae433ea797ea312c15f5de,video,clicked,2026-03-06 06:34:02,https://example-saas.jp/lp/newmenu
1e55ccb8-d1d0-49b9-b32e-ee9cb7a19d92,2026-02-07,msg_00090,U4784fc8a8e1e4eb2435ad84e0ad052f2,Ud8bf651543ca966c7d9ddf9057b3fe41,imagemap,delivered,2026-02-07 22:42:51,
06aa1cb8-33dc-4ebe-8c83-5f1c81de09e8,2025-11-16,msg_00020,U3bae1603803a839c0cb52f511d9cb8f6,b583f1af8d84a9a5beb7e220ddfd7250,text,delivered,2025-11-16 06:09:23,
d99ea58f-70fd-4757-b84a-13e3ced5dc7f,2025-12-12,msg_00004,Ub0341314a5534ea92b26fa8adc30543f,be82e1de96f41688e8e3d036f44173cf,video,delivered,2025-12-12 10:20:05,
81634a9e-7232-4c97-8572-5e1abef5e8dc,2025-11-23,msg_00053,U743849e63f8101ac616f8fd0ba84a167,8df89e894c8caa3fc34d266378becfdd,video,delivered,2025-11-23 18:24:31,
3ab865cc-4760-43b5-a466-76c9d924406f,2026-01-26,msg_00005,Ub0341314a5534ea92b26fa8adc30543f,Ue17a86167115b5974b050a0f8b292139,image,delivered,2026-01-26 06:30:03,
3412725d-b688-427e-bf1b-e8987f14a23e,2025-12-21,msg_00022,U3bae1603803a839c0cb52f511d9cb8f6,U2bab36158919f202723c4462b9f513c9,video,delivered,2025-12-21 07:07:30,
2b730304-86dd-4ba0-88a4-944f106c0157,2025-12-22,msg_00038,Ub0341314a5534ea92b26fa8adc30543f,U47d979209b74bf20f664535726d72d50,image,delivered,2025-12-22 22:54:05,
9e0840a4-c626-4daa-bc91-5a4f94546b62,2025-12-24,msg_00091,U3bae1603803a839c0cb52f511d9cb8f6,U9970c6f1569db4e3b380faaf2dfe98be,imagemap,opened,2025-12-24 08:44:56,
a01c4e08-7f31-4690-8780-e4d74dafbc7e,2026-04-01,msg_00072,U4784fc8a8e1e4eb2435ad84e0ad052f2,U36db87ac0351b3f37401e627531b427c,image,delivered,2026-04-01 07:35:57,
036e82bb-415b-4298-afd2-3434fd70fd63,2026-01-10,msg_00044,U30ad60bba5da9837ca5dd0230ca8f531,U958ef72e012f082033e6d46e9c84816b,video,delivered,2026-01-10 20:00:19,
fca92c77-386c-41ac-8249-0a1768f9884e,2026-02-20,msg_00048,Ue7310890b01058478be93761a56d0aa0,U7ff7a0f97af83a98f5ac8bc473f5fb36,flex,delivered,2026-02-20 13:52:38,
48a3d21a-5043-48fb-9001-7e2c5dffac21,2025-12-07,msg_00003,U227d1cd1a801c367de206ec4bbca7330,Ueab2a04c0d1e78b6eea9b4d28434157b,image,delivered,2025-12-07 10:30:21,
50b6da57-7e4a-464a-9ce0-bef97487d3b7,2026-03-08,msg_00112,U3bae1603803a839c0cb52f511d9cb8f6,Ue43ac097d57668ade0b81864b3edd087,image,clicked,2026-03-08 15:22:54,https://example-saas.jp/survey
3a6a05e7-4a41-4c37-b218-56dd3bbe077e,2026-03-29,msg_00097,Ub0341314a5534ea92b26fa8adc30543f,Uf9802556f15437040790d95eae1840cd,text,delivered,2026-03-29 18:17:07,
1f0b7a57-a898-4235-b06a-74d698f7732f,2025-11-25,msg_00043,U3e5dd3a641c58ad50e49f095c6f1e306,U03bebd127fe8d52506d77f109301ef14,flex,opened,2025-11-25 07:48:17,
79124e2d-fd93-4783-be3a-86a0a6dfa226,2026-01-10,msg_00044,U30ad60bba5da9837ca5dd0230ca8f531,U675de50869f0cdae317e436c67389941,video,opened,2026-01-10 15:53:52,
40a40ade-73f5-4e76-a1f7-32455b1b9105,2026-02-05,msg_00073,Ud4a92c8c8050eed40ef171cc2784d638,Uc87c11c6437bca18420518d08af6f35f,image,,2026-02-05 06:51:40,
55d71980-b171-4789-b620-1024bccb24da,2026-02-28,msg_00117,U743849e63f8101ac616f8fd0ba84a167,65292502ef4de578799a03b2194807ef,video,clicked,2026-02-28 19:19:03,https://example-saas.jp/lp/newmenu
65012bf8-4cca-4365-b330-cd2008fee292,2026-01-26,msg_00115,U3bae1603803a839c0cb52f511d9cb8f6,U93ad11663afc582f071421352ac2b867,imagemap,delivered,2026-01-26 14:29:53,
2584a7db-9912-479c-87fe-23fc1c89cbf5,2025-11-23,msg_00024,Ue8d9224ecde331ce692edfce0b5ecdc4,U7c894d59b9815242eb95d656c9c65b72,text,clicked,2025-11-23 17:36:02,https://example-saas.jp/campaign/spring
290db154-580e-4da7-add2-bb46c3182e5f,2025-12-23,msg_00109,Ue7310890b01058478be93761a56d0aa0,Uc22ff44b3b76e0d9447c1c7849eb810d,text,delivered,2025-12-23 15:44:05,
6fec2d4e-ab67-46fc-9f8f-c6507f8a36b0,2026-01-09,msg_00052,U743849e63f8101ac616f8fd0ba84a167,U012b5be0909bafdb01f1e3693dd4cb06,video,opened,2026-01-09 01:43:40,
92c767aa-8fb0-41f2-a79b-af7a75394b64,2026-01-10,msg_00044,U30ad60bba5da9837ca5dd0230ca8f531,U2dab14b13efedb5fa3816feea1900082,video,delivered,2026-01-10 19:08:58,
3eb55af2-820e-4997-b1b3-b789c0013d0b,2026-03-27,msg_00096,U476acbdef8e9a16d24575e4f6d7b0f31,Ufb7b00ef80562e70db78099ab549f8d7,imagemap,opened,2026-03-27 04:16:01,
8d11a00e-86f3-42e0-a412-2bca0a9b4ada,2026-03-26,msg_00040,U3bae1603803a839c0cb52f511d9cb8f6,Ue5a8b3549537fd3016289f589289730b,imagemap,delivered,2026-03-26 01:37:25,
779d3a4a-1bcf-4353-af81-0ebc8d383bad,2026-02-08,msg_00051,U3bae1603803a839c0cb52f511d9cb8f6,Ud2e5c63635fc0ec2e19ef5d15aa02bf1,image,opened,2026-02-08 13:34:39,
eeb714de-2409-4e10-a7f3-692f2d5edf08,2025-12-21,msg_00022,U3bae1603803a839c0cb52f511d9cb8f6,8d7d454761a4b90ccff53f5ba82fd672,video,delivered,2025-12-21 13:33:05,
cbf9a103-d0dc-44a1-8e68-db60c9fd6898,2026-04-12,msg_00105,Ud4a92c8c8050eed40ef171cc2784d638,U3a8f6c4389746ddd5da0b0dc221f85df,flex,delivered,2026-04-12 06:56:41,
3a5d28d5-1ece-43df-a725-cc503b778b3e,2025-12-09,msg_00069,Uc20f9c7e9b662bedec3cb78e127885c7,Ufb2e0ee241371813424c6f14d7fe0bb0,imagemap,delivered,2025-12-09 07:46:10,
cc7d9486-bfa4-4ef7-82bb-14caa281830d,2026-02-15,msg_00087,U3bae1603803a839c0cb52f511d9cb8f6,U21350c960f38729b4cb5b05b493f9e8b,imagemap,delivered,2026-02-15 02:48:09,
6730d47d-d9b4-47af-9a02-e51c25b8a01a,2025-12-12,msg_00029,U743849e63f8101ac616f8fd0ba84a167,Uf50313a4a26e1c492328324df1374707,imagemap,delivered,2025-12-12 04:10:52,
d0818654-aefc-493c-bd89-b5eb17eb8ed9,2026-01-12,msg_00119,U4784fc8a8e1e4eb2435ad84e0ad052f2,Ufcce742391fbc38d7f8dfdee7043b8f8,text,delivered,2026-01-12 22:32:26,https://example-saas.jp/coupon/500off
c7ef9f91-50c2-4334-9313-ba78a99a9814,2026-03-22,msg_00119,U3bae1603803a839c0cb52f511d9cb8f6,U3f11c1d152511ec8c8debf4580fb9fb7,imagemap,delivered,2026-03-22 07:49:53,
5ebf3040-d7f8-436c-9328-1762b1eaf171,2026-04-01,msg_00072,U4784fc8a8e1e4eb2435ad84e0ad052f2,Uc4bda43b5377dcc8936cb24e2b93f0d9,image,delivered,2026-04-01 19:35:17,
61e926d3-c416-4438-a455-36a71f56aaac,2026-02-19,msg_00016,U837b70463a585f85743b5bfb3b49c9fd,U964178e418f5597617ca980385d65127,flex,delivered,2026-02-19 07:17:10,
027b9076-8ebf-488f-b201-6a618b21f8db,2025-12-22,msg_00013,Ub0341314a5534ea92b26fa8adc30543f,U817c6f2714bf8f3980410224a32c55e8,image,opened,2025-12-22 11:02:23,
8bc90101-e87e-4cd2-bdaa-8a44737c47af,2025-12-12,msg_00004,Ub0341314a5534ea92b26fa8adc30543f,U08a5287ebe4813ee93292ef4af9a255c,video,opened,2025-12-12 13:36:53,
052a843a-414d-4dbc-add5-03cba1b5b843,2026-02-25,msg_00008,Ub0341314a5534ea92b26fa8adc30543f,U4fd2e9c258d315b83fd7dcb7ac06644b,image,opened,2026-02-25 06:32:21,
e58d1ea5-ce3a-4983-bc36-e2bc51df5f6c,2025-12-25,msg_00045,Ue7310890b01058478be93761a56d0aa0,Ufaf29c04fdd7fa78347784167d5cd525,video,delivered,2025-12-25 05:20:11,
754edfd7-8712-4c23-b657-249933e8da05,2026-02-16,msg_00021,U743849e63f8101ac616f8fd0ba84a167,U3558ad9b2c986cc571ee17a61e81d058,flex,delivered,2026-02-16 12:32:11,
0e6fbfda-37b4-44b0-9826-547802d23642,2026-01-18,msg_00102,U227d1cd1a801c367de206ec4bbca7330,Ubd318e9af2d52c62cbd9b27102dadf54,video,opened,2026-01-18 11:57:46,
165eee94-936c-4704-b03b-f3a1afeaa380,2025-11-27,msg_00018,U3e5dd3a641c58ad50e49f095c6f1e306,Ufacfe62c24de0eb70b042c4b1b7c9d03,imagemap,opened,2025-11-27 01:00:18,
6ebdcc07-085f-4abb-8e70-e1e0b5e71448,2026-03-05,msg_00014,U3bae1603803a839c0cb52f511d9cb8f6,U58e7ac5f664d33cee9a8f86a5784de32,flex,delivered,2026-03-05 06:25:21,
ffbdcf02-3b86-4488-91ae-f7037277ef9c,2026-03-12,msg_00084,U68d2301028fb66b51d9111f1af067e34,Uc237c533ad53490d198bf68186a823f8,video,opened,2026-03-12 16:20:07,
09f038d6-d0ad-4491-a78a-b2d175e9c0e0,2026-02-08,msg_00051,U3bae1603803a839c0cb52f511d9cb8f6,Ue551e4bd5870efcd9d617c047f94bed6,image,blocked,2026-02-08 21:24:23,
fe99cdea-c0fc-483f-b4ec-86f9ebbfe09b,2025-12-18,msg_00070,Ue9a1e8a5b83a6b296d43c957a8cfba4a,Ueae8265f6a472dcd99765f5ad675c773,imagemap,delivered,2025-12-18 02:53:40,
bc07c6b5-5874-44bb-bd5c-b4a8317de15c,2026-04-05,msg_00054,U3bae1603803a839c0cb52f511d9cb8f6,U528dcc6b3769db2eb61083d8b336be8d,image,opened,2026-04-05 21:11:58,
8de65a18-759a-474b-a080-5da950fe8cec,2026-01-01,msg_00027,U4784fc8a8e1e4eb2435ad84e0ad052f2,U533504e6af3daf78afa548dc7b3d828c,image,delivered,2026-01-01 17:39:54,
2ae6db1f-9cb5-4f3d-9b20-80c474764f83,2025-11-23,msg_00024,Ue8d9224ecde331ce692edfce0b5ecdc4,U0cabee10a5bebb246577a610fbc0b73d,text,delivered,2025-11-23 18:21:42,
19a43b71-91a8-410d-9b10-7b825e28e50f,2025-12-17,msg_00032,U3bae1603803a839c0cb52f511d9cb8f6,Ua97cf239bfe648092790e1cbbbb27fdc,video,delivered,2025-12-17 18:30:14,
4c1f50fb-0a0a-44a6-bc13-ac364bde85c3,2026-04-10,msg_00101,U743849e63f8101ac616f8fd0ba84a167,U2895bbd7ac82bc5e50bc7f919ea6a1b2,imagemap,delivered,2026-04-10 21:28:11,
85f3c1b5-9de6-44ce-876b-266f79d5f223,2025-11-17,msg_00099,U3bae1603803a839c0cb52f511d9cb8f6,e26755521cb3af188f21638977a54929,text,delivered,2025-11-17 17:24:40,
9718fe12-a8ba-4144-ae79-81e4f0193b7b,2026-03-26,msg_00040,U3bae1603803a839c0cb52f511d9cb8f6,aaeb431f4bf49264954ffd24694ebb8c,imagemap,delivered,2026-03-26 19:51:59,
3be8d505-e57a-47f8-b984-61a5a1b2a14b,2025-12-17,msg_00032,U3bae1603803a839c0cb52f511d9cb8f6,U56f2eaaa8e9d13d399197a8be53de829,video,delivered,2025-12-17 07:23:42,
883af4d0-ef8a-42b5-8258-292f8ae4b8e6,2026-03-30,msg_00076,U743849e63f8101ac616f8fd0ba84a167,Uecf331adac791705af1db3a4f6455df1,image,opened,2026-03-30 16:18:55,
068f703c-b117-4c5a-8dfd-887b8315b3c0,2026-02-15,msg_00087,U3bae1603803a839c0cb52f511d9cb8f6,Ucdf410223ac6955e5d8e23c1a3df7729,imagemap,delivered,2026-02-15 22:23:21,
cce9a287-03fa-4de5-a64a-43237ab5daf4,2026-04-05,msg_00054,U3bae1603803a839c0cb52f511d9cb8f6,Ueae3a453e509afdc789b26d490ac41d9,image,delivered,2026-04-05 22:12:59,
da71f0b6-2353-47d9-9d6f-e9e4514f0dd5,2025-12-05,msg_00039,U7e808d11d6f9901a954a542a7ee09918,Ubffdf22f8485f1f2a35c385900baa682,image,,2025-12-05 11:18:37,
a86f957b-536d-4bde-9ecf-28b009521d55,2026-04-12,msg_00120,U227d1cd1a801c367de206ec4bbca7330,Ud564a5b16ffb62bbd58884bb52e53010,text,delivered,2026-04-12 16:17:45,
b484aa60-1dc6-4200-a110-946f379d7d55,2026-03-20,msg_00057,Ub0341314a5534ea92b26fa8adc30543f,U572cd51bbb3284b3e35f4e1161e76fb9,video,delivered,2026-03-20 02:56:50,
92903d18-02c6-4307-8a57-8a581b371215,2026-03-08,msg_00112,U3bae1603803a839c0cb52f511d9cb8f6,Ud817ba9e5d1fefdd4a8765eff80d1504,image,delivered,2026-03-08 08:29:17,
51564e1b-39c7-4301-af77-d3d94469309a,2026-02-08,msg_00051,U3bae1603803a839c0cb52f511d9cb8f6,Uf0333a1c084feff3225dcaadd2c6d9f1,image,delivered,2026-02-08 09:07:34,
aca51bc4-af86-462c-b7af-f9904df29921,2025-12-17,msg_00032,U3bae1603803a839c0cb52f511d9cb8f6,U02c62b3ceaa447a47e1a7b112d5ccea3,video,opened,2025-12-17 22:49:13,
7be87071-3c7a-40c4-a817-ae4dc8643bc8,2025-12-12,msg_00004,Ub0341314a5534ea92b26fa8adc30543f,ec2fe272ab3aef4894cb7c818b21fd77,video,delivered,2025-12-12 00:45:30,
f395fc65-b071-4f47-8184-80461e9102e8,2025-11-27,msg_00018,U3e5dd3a641c58ad50e49f095c6f1e306,U2768147666ed9d24c2ed6c580de8e309,imagemap,clicked,2025-11-27 04:35:24,https://example-saas.jp/lp/newmenu
1ae2040e-299b-42c5-8847-e4dc5be4770d,2025-12-03,msg_00012,U743849e63f8101ac616f8fd0ba84a167,U90a0eece70195aee997b80eb4a85ed44,imagemap,delivered,2025-12-03 16:17:22,
ae38d158-d92a-4266-b590-623c6eff1f4e,2026-02-01,msg_00075,Ub0341314a5534ea92b26fa8adc30543f,Ubeb32335840fb5fe63b2eadeabb040ab,imagemap,delivered,2026-02-01 19:52:36,
502eba52-4b21-4cd1-afe4-e15a4eb55c9a,2026-01-24,msg_00007,Ub0341314a5534ea92b26fa8adc30543f,Ub562309f43433c0185afacf5d299dc4f,imagemap,delivered,2026-01-24 02:05:39,
07f7ca17-dc42-455f-9616-258fff69f8d3,2026-03-11,msg_00067,U7e808d11d6f9901a954a542a7ee09918,U88213dae6bce2add1456d07da4eda1f4,video,delivered,2026-03-11 16:11:33,
c886357e-c8de-43f8-8952-87ba253fb271,2026-04-01,msg_00072,U4784fc8a8e1e4eb2435ad84e0ad052f2,Uac5a441ab9d2975cb15779606beca509,image,delivered,2026-04-01 10:32:37,
173df6c7-ced2-4fbe-a7cc-a4c1aaa23f50,2026-03-06,msg_00055,U3bae1603803a839c0cb52f511d9cb8f6,Ue9759de1983fcce808137fe679d11f11,flex,opened,2026-03-06 02:36:28,
c9615b51-d277-4a4d-8a05-1947b3194fad,2025-12-03,msg_00012,U743849e63f8101ac616f8fd0ba84a167,24884cd2faeccfdbcc013d3bbf1c4141,imagemap,delivered,2025-12-03 04:10:40,
2fc155bf-2267-4856-9205-adb9e7458109,2026-01-10,msg_00031,U743849e63f8101ac616f8fd0ba84a167,U4a2c979028de2a8d803a1a31de2ed8ea,video,delivered,2026-01-10 21:08:15,https://example-saas.jp/lp/newmenu
40a9af0d-6545-45dc-a7cd-4e95bd13db62,2026-01-24,msg_00066,U3bae1603803a839c0cb52f511d9cb8f6,U4a1997477ad5c5b9e3597492c697b0df,image,opened,2026-01-25 00:44:47,
3a23f89d-a4b9-4484-95b3-39fdb2bd9f06,2026-01-24,msg_00007,Ub0341314a5534ea92b26fa8adc30543f,Ue05824fe88bec47afcc6a8c69212ec95,imagemap,delivered,2026-01-22 04:33:32,
4f476824-4fd8-41ae-a7dc-c08229da074d,2026-03-05,msg_00014,U3bae1603803a839c0cb52f511d9cb8f6,Ua4c182a41bd25422af4627b28395ba04,flex,delivered,2026-03-05 06:05:20,
505320ea-46f4-402b-acb9-5c1c88356e15,2026-04-05,msg_00054,U3bae1603803a839c0cb52f511d9cb8f6,U7e81d6baa74872a90617f9ad7d573369,image,delivered,2026-04-05 23:35:51,
a3b8e450-daff-4d29-ab18-8b1e19988db9,2026-04-05,msg_00054,U3bae1603803a839c0cb52f511d9cb8f6,U635967d3e98faf386d73d34ca8bb5781,image,delivered,2026-04-05 07:35:52,
7d9e4619-3ce2-402c-a6c4-93ff799078fd,2026-01-26,msg_00063,Ub0341314a5534ea92b26fa8adc30543f,U4d17cd010640225ac6529d1efc388782,imagemap,opened,2026-01-26 11:50:00,
4942cb49-a799-40cb-8fd8-b4e0473315a5,2026-01-09,msg_00052,U743849e63f8101ac616f8fd0ba84a167,Uc6da2f8d3b2a50afaaf578e02c9efe46,video,opened,2026-01-09 17:47:03,
84449fa5-cde8-4e4e-a4fb-884908f7cdd5,2026-04-12,msg_00120,U227d1cd1a801c367de206ec4bbca7330,U5cd8ed08856b7eba7f41afd98c3abcf9,text,delivered,2026-04-12 04:21:16,
3d7fa7da-41ce-4e6a-becf-71d54753d86a,2025-12-25,msg_00045,Ue7310890b01058478be93761a56d0aa0,59bcfd91e8e208105657dbe4458a9b23,video,delivered,2025-12-25 08:48:46,
8c24c925-c507-43de-87b0-ec61b0b9dcea,2026-04-01,msg_00072,U4784fc8a8e1e4eb2435ad84e0ad052f2,Ub190476ca59db80272c82d563889b2ad,image,delivered,2026-04-01 05:57:39,
34fddfb1-ce7c-4f52-871b-4cc5bac4b712,2026-02-05,msg_00107,U3bae1603803a839c0cb52f511d9cb8f6,U5c2d8ab9083cdbac360131d2f31eec8c,text,opened,2026-02-05 18:10:10,
ae738df5-2b18-47ca-8e5e-22e7d1e72a39,2025-12-21,msg_00022,U3bae1603803a839c0cb52f511d9cb8f6,U2110def3c9cc8a91e2b4bb60e836f1db,video,delivered,2025-12-21 07:39:30,
6254b75f-bf51-4cca-8bf2-60172881e1b9,2026-02-16,msg_00021,U743849e63f8101ac616f8fd0ba84a167,U94c6d6dbe2fcc1c6306e0c6ac5331c67,flex,delivered,2026-02-16 13:54:45,
ca754aa3-7a3e-4890-989a-d9a0bcc281f1,2026-03-08,msg_00112,U3bae1603803a839c0cb52f511d9cb8f6,U6640d5e8cdfa23cdbf7d4fd8539baa9d,image,failed,2026-03-08 03:57:36,
4ebc7e8a-8b7e-4006-9c7a-6e8de128b994,2026-03-14,msg_00009,U743849e63f8101ac616f8fd0ba84a167,U4f36a32e962e6ac581cad48e6b660484,imagemap,opened,2026-03-14 23:34:47,
247b797c-2f4f-47f3-af7d-2b5a4490b46d,2025-12-18,msg_00114,Ub0341314a5534ea92b26fa8adc30543f,35bb4f7cc4a7a03125bf06ff2baca1df,flex,opened,2025-12-18 04:33:59,
4b875081-c5f5-4b70-8e1a-87ec9e6dabc4,2025-12-19,msg_00064,Ub0341314a5534ea92b26fa8adc30543f,Udd7c0131cdfd17082011ff7b5bc30a3a,image,delivered,2025-12-19 19:22:33,
d52a18a6-2629-431b-b426-d17220137948,2026-01-09,msg_00052,U743849e63f8101ac616f8fd0ba84a167,U1fa57d66c54988ce95650628eb9e33ec,video,delivered,2026-01-09 18:55:30,
6ec1a176-e708-4247-a7fb-4b72926208ab,2026-03-29,msg_00097,Ub0341314a5534ea92b26fa8adc30543f,42e525bc97f253d7b5759871426b1d96,text,opened,2026-03-29 22:38:57,
4b300839-cb89-4c3f-b640-cdf727f783de,2025-12-19,msg_00064,Ub0341314a5534ea92b26fa8adc30543f,Ud47dda8f5b3cdfb23a83ce0d8c47785f,image,opened,2025-12-19 19:13:34,
1cb09b86-22a1-40b3-b3eb-a5cd08cd9988,2026-02-01,msg_00075,Ub0341314a5534ea92b26fa8adc30543f,Ub1957338d90362219e4a265876758777,imagemap,clicked,2026-02-01 21:06:07,https://example-saas.jp/coupon/500off
ba312930-2164-4ea5-8913-09a77e1cc8f7,2025-11-23,msg_00024,Ue8d9224ecde331ce692edfce0b5ecdc4,U1a2c975f06fb53c7c15548cc03e2609a,text,delivered,2025-11-23 21:35:53,
a8d7c097-ddfa-45a5-8bc7-0da2a95281ed,2026-03-11,msg_00067,U7e808d11d6f9901a954a542a7ee09918,U83faeb5bd947fe3c669f23c86f4ea88c,video,opened,2026-03-11 16:25:51,
564c522f-30ae-4fcd-bf1a-56c50d977d61,2025-12-22,msg_00038,Ub0341314a5534ea92b26fa8adc30543f,U727d78c5e45d9767bfea072b73ae7978,image,delivered,2025-12-22 00:11:27,
b46f8477-9964-44e9-b328-55f0a792d437,2026-01-20,msg_00026,Ud4a92c8c8050eed40ef171cc2784d638,Ubda2584f3677938dd6a875b47bbf9c49,imagemap,clicked,2026-01-20 22:57:26,https://example-saas.jp/coupon/500off
7bba3490-7c72-4ea5-8da9-ce5c9120a481,2025-12-02,msg_00088,U3bae1603803a839c0cb52f511d9cb8f6,U4260ae043077edf75a57c65bfe7cfd25,image,opened,2025-12-02 12:51:38,
5e12ff94-a13f-4223-adb9-647482d28945,2025-12-17,msg_00032,U3bae1603803a839c0cb52f511d9cb8f6,Uef26c728916e3b47887459806d49d9fd,video,opened,2025-12-17 09:12:24,
dfaff6bf-13b4-4740-81d5-7727d911c72c,2025-11-27,msg_00018,U3e5dd3a641c58ad50e49f095c6f1e306,Ub35f8162dadb79d6b9d392fe198a207b,imagemap,delivered,2025-11-27 14:18:08,
5ae1f9cd-f983-4998-a47e-1d8bf021efa6,2026-01-14,msg_00081,Ue7310890b01058478be93761a56d0aa0,U7d91dca07be58ac3fddab6e297397c23,video,delivered,2026-01-14 08:30:39,
5f222b9f-c425-462b-94e0-21bc5f3f8905,2026-03-29,msg_00097,Ub0341314a5534ea92b26fa8adc30543f,U199cbf03cdbf6cf57ae0bfcae65c837c,text,opened,2026-03-30 00:20:55,
8462a758-7d50-43c6-aa31-6b31d5301234,2025-12-07,msg_00003,U227d1cd1a801c367de206ec4bbca7330,Ufae2150ee6554310db94045cbb73f1e3,image,delivered,2025-12-07 23:54:17,
ad6c45eb-162a-4e69-9f0e-d1e41d406471,2026-01-26,msg_00063,Ub0341314a5534ea92b26fa8adc30543f,23c6ab0b3aace3fc5b2391b159f022f8,imagemap,delivered,2026-01-26 03:29:17,
2bcf1dc5-45a1-489e-b422-a8e7d83b9bc9,2026-01-13,msg_00060,U3bae1603803a839c0cb52f511d9cb8f6,Ub33e31fe701e1338aac2cd0163cf742f,image,delivered,2026-01-13 21:29:59,
ab562442-55e0-4a0f-98b2-26ffae46b84b,2026-02-14,msg_00042,U3bae1603803a839c0cb52f511d9cb8f6,U9ced30d337f0e3f54f99dc92e0cca1ed,video,opened,2026-02-14 12:26:15,
5e398b2f-bb70-452e-93af-29bc103bd17f,2026-01-24,msg_00007,Ub0341314a5534ea92b26fa8adc30543f,U9528ac4f46a9556164fc8748f0a28b47,imagemap,delivered,2026-01-24 05:09:55,
8b09caf7-f09f-4e62-aefc-13907eba1419,2026-03-27,msg_00096,U476acbdef8e9a16d24575e4f6d7b0f31,Ubfc924e6ed02fe1185f07acc28ef760a,imagemap,delivered,2026-03-27 02:32:07,
28c01e9f-0562-4809-955e-548f94ad7792,2025-12-07,msg_00003,U227d1cd1a801c367de206ec4bbca7330,ba6b8c94d312d5f7e56ea90d1fd1fd3d,image,delivered,2025-12-07 21:51:30,
ce80c97c-9123-4365-a7ce-f5450eb8b84c,2026-01-26,msg_00086,U4784fc8a8e1e4eb2435ad84e0ad052f2,Uca3220d8cc8ef60b25bebd4c8213857d,text,opened,2026-01-26 15:17:52,
702c5fb1-3f79-4f2f-a62e-fc6fe3f17f26,2025-11-16,msg_00020,U3bae1603803a839c0cb52f511d9cb8f6,U982a8767e04c6ad962432d1004793f03,text,delivered,2025-11-14 15:42:23,
44f59d9d-a18d-4599-8738-61a3687d1fd9,2026-04-10,msg_00101,U743849e63f8101ac616f8fd0ba84a167,U2073c98e354b0432d1384e3468f3741c,imagemap,delivered,2026-04-10 09:00:23,
7201ce85-d06b-46de-9091-a152d3c28118,2026-03-16,msg_00002,U3bae1603803a839c0cb52f511d9cb8f6,a6f46d7ccbf2e0189ac045613a0e0934,text,opened,2026-03-16 11:53:15,
3d601573-74c9-44d8-b4e1-dc88d6d81999,2026-01-18,msg_00102,U227d1cd1a801c367de206ec4bbca7330,Uce30f729faa00ec4f7bc053c1f8a3258,video,clicked,2026-01-18 06:37:10,https://example-saas.jp/campaign/spring
3172d24c-0f0e-4bb8-8b20-c902e6a41304,2026-02-15,msg_00006,U743849e63f8101ac616f8fd0ba84a167,U7f61b6fb88cd10ce5b2d70a3ac57ab3f,flex,delivered,2026-02-15 03:28:05,
b1ee16a2-f724-41ed-af97-98b1cf4784d7,2025-12-24,msg_00091,U3bae1603803a839c0cb52f511d9cb8f6,U697681118f67c2acee04f7db03e96003,imagemap,clicked,2025-12-24 18:54:46,https://example-saas.jp/lp/newmenu
9945210c-7940-4f51-9b41-bab4b494b0ce,2025-11-26,msg_00028,U3bae1603803a839c0cb52f511d9cb8f6,U7072cf96fd69d8f6481afa9d14a48e1f,image,delivered,2025-11-26 16:35:49,
8726a5ff-e78c-4479-9663-218841ee2000,2025-11-16,msg_00020,U3bae1603803a839c0cb52f511d9cb8f6,U768a408f4d69d1a075e792fc7c9e3b0b,text,delivered,2025-11-13 13:40:54,
64680457-2089-42f3-8fcb-47a43fcffcdd,2025-12-31,msg_00082,U227d1cd1a801c367de206ec4bbca7330,U784a825ed67194ddf6e21c5f5401e2ce,imagemap,opened,2025-12-31 07:15:01,
a164b26a-50c8-443d-b726-561abbc885da,2025-12-24,msg_00091,U3bae1603803a839c0cb52f511d9cb8f6,U0db94f07cb9bc6314e051d8234086f5c,imagemap,opened,2025-12-24 02:51:28,
c2ce5e6a-1f57-4bd5-982e-3d4da938f83f,2026-03-20,msg_00106,U3bae1603803a839c0cb52f511d9cb8f6,Uc45b95ac0d23919b7bae178b213ad0dc,video,clicked,2026-03-20 20:01:13,https://example-saas.jp/coupon/500off
a87d4353-032c-438e-a8fe-677fcc021194,2025-11-23,msg_00024,Ue8d9224ecde331ce692edfce0b5ecdc4,Uda9ed7b31c5de9362f171db864d5d50d,text,delivered,2025-11-23 04:33:41,
e169210e-e168-43f7-bca8-4dbbbe7d41d1,2025-12-18,msg_00070,Ue9a1e8a5b83a6b296d43c957a8cfba4a,1a2853471f791a74d97357dfadac92fb,imagemap,opened,2025-12-18 20:00:47,
c7d86153-e36f-465f-978c-daacd8055d43,2026-03-13,msg_00001,U4784fc8a8e1e4eb2435ad84e0ad052f2,U0f1259ce4afd9adef246f2ba4b13f8fd,image,delivered,2026-03-13 20:33:46,
b7e9abcd-3427-43bc-93cc-228ba4030983,2025-12-12,msg_00004,Ub0341314a5534ea92b26fa8adc30543f,9b1cd504253ddb581aa947aebd588ed9,video,delivered,2025-12-12 22:57:19,
12820182-123d-454c-9b55-8938a62313c7,2026-01-09,msg_00072,U3bae1603803a839c0cb52f511d9cb8f6,U023dcbb21ecf22cf84f4991bff9eac76,video,delivered,2026-01-09 04:29:40,https://example-saas.jp/coupon/500off
767067bc-5c83-4de9-bce9-ae4ad441e424,2026-02-14,msg_00042,U3bae1603803a839c0cb52f511d9cb8f6,U99cde17cca84f2f69b39c8aea565f0bc,video,delivered,2026-02-14 07:08:11,
008ddf72-222c-4022-8485-8869fc8187c5,2026-03-20,msg_00092,U743849e63f8101ac616f8fd0ba84a167,U747263c036e0bd476ec679369493ebec,video,clicked,2026-03-20 15:32:14,https://example-saas.jp/lp/newmenu
02b684e8-1886-461a-a422-8834c40ae948,2026-03-29,msg_00097,Ub0341314a5534ea92b26fa8adc30543f,Uf0e4fa8222b9c3a32e56d009bc552b92,text,delivered,2026-03-29 22:58:01,
8418b037-501b-491d-9f9a-bc86270159d2,2026-02-05,msg_00107,U3bae1603803a839c0cb52f511d9cb8f6,U91096445521f01aaaa37655b83c8a608,text,opened,2026-02-05 18:54:32,
e10aa67a-d4ec-4aaf-a87c-69001d38c5b0,2026-03-20,msg_00106,U3bae1603803a839c0cb52f511d9cb8f6,9263b2fa9186f251a379b8ade64e0d8b,video,delivered,2026-03-20 20:46:04,
e84b756b-dbc0-49ba-acf3-e6eca38b4774,2026-02-24,msg_00111,Ub0341314a5534ea92b26fa8adc30543f,Uc141d0414c8b09f041a03d9ca252b117,flex,delivered,2026-02-24 22:47:32,
c8577710-7a34-4268-8af0-5e858dc60ce1,2026-02-15,msg_00087,U3bae1603803a839c0cb52f511d9cb8f6,U661b146e919080d17897e7ba5e99e583,imagemap,opened,2026-02-15 00:25:50,
26108114-7010-4c6e-91dc-37dda637528b,2025-11-27,msg_00018,U3e5dd3a641c58ad50e49f095c6f1e306,U125768e3dde60f721303d0998203d0fd,imagemap,delivered,2025-11-27 18:41:45,
37018012-6d34-4a0d-9d7c-063599fb423b,2025-12-23,msg_00109,Ue7310890b01058478be93761a56d0aa0,U082f8183ff57a5c5aba93ac3fc3be06a,text,failed,2025-12-23 17:51:12,
40ec6998-a372-4c6c-b957-33edcba93de1,2025-12-21,msg_00022,U3bae1603803a839c0cb52f511d9cb8f6,Uac26f1edd566a58ad72be8bd7724cac1,video,delivered,2025-12-21 20:06:04,
ec685b16-b09b-457c-83fc-6e32ba48ec4e,2025-11-17,msg_00034,U743849e63f8101ac616f8fd0ba84a167,U64690edce126f2885358890fd2980c23,text,opened,2025-11-17 09:57:11,
9bb7918f-925a-478a-9048-7d9ea6aac608,2025-12-18,msg_00114,Ub0341314a5534ea92b26fa8adc30543f,Ueb31c0016ca9a1e57003c20ab444c866,flex,opened,2025-12-18 08:17:14,
af9fd4a7-13ca-4f3a-aa63-639379bdd36d,2026-03-26,msg_00040,U3bae1603803a839c0cb52f511d9cb8f6,Ue9977cfde54753f913efd8a6d0f89f31,imagemap,opened,2026-03-26 04:41:01,
52c362a1-0663-44e5-a6bd-e14e7726615d,2026-02-01,msg_00075,Ub0341314a5534ea92b26fa8adc30543f,U4e04e7e3c5a3cc07e743b39ca1ddf046,imagemap,opened,2026-02-01 01:52:58,
9d70cab7-ecae-41ca-b590-277b77855cfa,2026-04-12,msg_00120,U227d1cd1a801c367de206ec4bbca7330,U46143ec4ef93a0108543682f7901f82a,text,delivered,2026-04-12 07:18:24,
baafa409-96f1-40a0-8d42-3c68e3d12329,2026-02-20,msg_00048,Ue7310890b01058478be93761a56d0aa0,U15c68e14a48e1e5d5d239202ebe0d8b6,flex,delivered,2026-02-20 12:59:39,
cb589e7e-fe63-4b79-9845-b6de99694fb1,2025-11-26,msg_00028,U3bae1603803a839c0cb52f511d9cb8f6,U85c92b6e7d9431b2fa5181358f991b8a,image,delivered,2025-11-26 03:57:36,
9366ec0a-feb1-4384-b39e-f96b73fdc644,2025-11-30,msg_00025,Ub0341314a5534ea92b26fa8adc30543f,Ubb4a48778299a7eee8a0b3e08c6c489f,imagemap,delivered,2025-11-30 17:13:02,
e898caa7-16a3-4954-b4b7-6cc49a68e7d1,2026-03-20,msg_00057,Ub0341314a5534ea92b26fa8adc30543f,U078255b35fd80d3ec565c9d295e3cd12,video,delivered,2026-03-20 05:22:51,
ae8a97a9-dcfc-41dc-8fd8-2d111b0dbc77,2026-03-13,msg_00001,U4784fc8a8e1e4eb2435ad84e0ad052f2,U1527acb830e186db862c3751d86be360,image,failed,2026-03-13 00:49:37,
fb0621ef-d0cf-4e87-a53a-d908847c11e0,2026-02-15,msg_00089,U3bae1603803a839c0cb52f511d9cb8f6,Uea5058f9753c67c21aed9ebb668adc75,text,delivered,2026-02-15 06:10:54,
92b2e1c4-a566-4e3a-8e43-df07460d08a9,2026-02-15,msg_00089,U3bae1603803a839c0cb52f511d9cb8f6,U756b27fff79c6df97626d4124c4d2dac,text,failed,2026-02-15 16:11:12,
60d6e76a-aa83-4d8b-a10d-aea7a400c80b,2026-03-31,msg_00046,U4784fc8a8e1e4eb2435ad84e0ad052f2,U293803606db38a741fd770ea8099f63a,flex,clicked,2026-03-31 04:07:26,https://example-saas.jp/campaign/spring
ab5a0b25-8463-4ab5-b9f8-10d3ebc37c74,2026-03-26,msg_00040,U3bae1603803a839c0cb52f511d9cb8f6,U9c4c2e1fe3f2b3ab7ac1e5340edc8550,imagemap,opened,2026-03-26 14:06:51,
28e56250-aaef-4087-b119-97b46571de32,2026-02-05,msg_00107,U3bae1603803a839c0cb52f511d9cb8f6,Ua0260c7f35076a7a2dbc25c656cc23d2,text,opened,2026-02-05 07:52:55,
2fb6b0ef-8132-4d00-95c4-c29d7afc20b9,2026-02-14,msg_00042,U3bae1603803a839c0cb52f511d9cb8f6,Ub8d81d6407e8b95a9e748627e8cc933c,video,delivered,2026-02-14 10:30:07,
b69f02d6-6e14-4434-be23-43c58148f9de,2025-12-19,msg_00064,Ub0341314a5534ea92b26fa8adc30543f,U463a6ecbf3aa1a5a2c283abceff2e1dd,image,opened,2025-12-19 06:37:46,
bdac0a6e-c0f4-4e4f-b57b-13e1e2347fff,2025-12-09,msg_00094,U227d1cd1a801c367de206ec4bbca7330,Ue97daee1f2355c40883f31868e4658e7,flex,delivered,2025-12-09 10:04:07,
7b354407-bb44-4e40-84eb-f6df39112ada,2025-11-24,msg_00033,U3bae1603803a839c0cb52f511d9cb8f6,Ue5f93ca70dd605b3a3769573433e75cd,text,delivered,2025-11-24 17:56:00,
e015fcb4-0b5f-4ced-b97c-5bccb5a56130,2026-02-08,msg_00051,U3bae1603803a839c0cb52f511d9cb8f6,U7d68048ab97b70a35518e818c151e7e0,image,opened,2026-02-08 05:47:35,
d6028c55-8c8b-4deb-af56-bd60a3f9596f,2026-01-18,msg_00102,U227d1cd1a801c367de206ec4bbca7330,Ubaa4fed3389d5137696fa6262292da62,video,opened,2026-01-18 23:47:46,
a8d71715-6315-491b-a51c-1f849c3644b6,2025-11-19,msg_00019,U743849e63f8101ac616f8fd0ba84a167,U46af6264ffda8ae0e526a88305e7852c,flex,clicked,2025-11-19 10:01:38,https://example-saas.jp/campaign/spring
e798ae5a-719b-4448-819b-7f7c7c0e6387,2026-01-30,msg_00050,U3e5dd3a641c58ad50e49f095c6f1e306,U117bfbbcb5f3374bb5b7a2836c24d842,image,delivered,2026-01-30 11:18:19,
af948bf3-e784-49bc-a804-3eaed3b0d6f9,2026-03-21,msg_00023,U743849e63f8101ac616f8fd0ba84a167,U89c52cde7f58affc81f8a73b3752260f,imagemap,blocked,2026-03-21 10:48:50,
8057d772-8fe6-4f47-9356-f56011c10322,2026-01-20,msg_00108,Ub0341314a5534ea92b26fa8adc30543f,Uc3d75e173adf928d91513a54eed7621f,flex,delivered,2026-01-20 11:32:39,
e0787c16-71e5-4ad6-a8a8-862733c8eb36,2026-01-24,msg_00066,U3bae1603803a839c0cb52f511d9cb8f6,U04cf686cfe7182ee45bcbebcdd419afb,image,opened,2026-01-24 16:44:00,
f41e21dd-0dd9-4591-b2cd-de575fa252d6,2026-03-05,msg_00014,U3bae1603803a839c0cb52f511d9cb8f6,Ucc8baae5f3cbe1632f5dc1f12ad4ca69,flex,opened,2026-03-05 08:52:04,
17a8a02e-5773-4785-8cf7-8ac1b228d9ca,2026-04-12,msg_00120,U227d1cd1a801c367de206ec4bbca7330,Ufc2582f449a4ddba92ab5d17b54459eb,text,delivered,2026-04-12 22:56:52,
82101987-414b-42aa-96d7-bcb7d6feaa41,2026-01-24,msg_00007,Ub0341314a5534ea92b26fa8adc30543f,Uee0a0002ce481dd19c7c3ebed87eefa2,imagemap,delivered,2026-01-24 02:26:16,
f5719c3c-bc93-44c3-b902-faca2d132e0f,2026-01-30,msg_00050,U3e5dd3a641c58ad50e49f095c6f1e306,U2bddec73eb8c0271c3d7b2cdd2bfe6c2,image,clicked,2026-01-30 00:53:37,https://example-saas.jp/campaign/spring
353e936b-3e81-411c-8a11-fea956af56c0,2026-03-17,msg_00023,U4784fc8a8e1e4eb2435ad84e0ad052f2,Uc24f7addd346556f369d20c6eb885bc0,text,open,2026-03-17 05:12:59,
38d49bf6-132c-4452-9ab4-df9aaad1c1dd,2026-01-26,msg_00086,U4784fc8a8e1e4eb2435ad84e0ad052f2,U16ac0ea483003e3a2f9a285c822d198a,text,delivered,2026-01-26 23:30:49,
29346130-0593-49cb-80d0-4c601350300f,2026-03-04,msg_00056,U1ca413826b7044d134c9c3132420c9de,U6b7fdd75c7206b563d1f71dc98ce696b,text,clicked,2026-03-04 10:13:48,https://example-saas.jp/lp/newmenu
97a7a3df-0d65-48c6-a917-0da390ce72fc,2026-03-05,msg_00014,U3bae1603803a839c0cb52f511d9cb8f6,Uecf0cee44195718c1525e8bc2419534f,flex,delivered,2026-03-05 09:04:42,
be63c415-d7af-484b-9a19-563db421ee6d,2026-01-07,msg_00110,Ub0341314a5534ea92b26fa8adc30543f,U8f995c4f6e7908b2c0e6732240a71f91,video,delivered,2026-01-07 02:54:37,
5e6ec6de-7154-4bb7-ab73-5cf7f498305d,2026-02-14,msg_00065,U743849e63f8101ac616f8fd0ba84a167,U03e95df43e4c04920ba42a42388f1b62,image,clicked,2026-02-14 10:41:04,
2d2164d0-080d-4859-9e70-cee367b7869f,2025-12-09,msg_00069,Uc20f9c7e9b662bedec3cb78e127885c7,U2fc5e9ebb4b63abc3c519850583fe3f9,imagemap,delivered,2025-12-09 14:09:50,
6dee81bd-7a57-4e38-83f9-2faf276036c0,2025-11-27,msg_00018,U3e5dd3a641c58ad50e49f095c6f1e306,Ubaf290ef72c06f67702edff741678698,imagemap,delivered,2025-11-27 17:19:01,
cb35f075-699b-4497-8a3b-c940afab6c23,2026-04-04,msg_00049,U476acbdef8e9a16d24575e4f6d7b0f31,U87000f1e25003bdfa49580704cef2d43,text,delivered,2026-04-04 10:26:44,
9841e91a-1682-4f91-9701-6fc0f8bce1fd,2025-12-31,msg_00082,U227d1cd1a801c367de206ec4bbca7330,Uff9b11ee784b4c6bdbda8fdef9da9dba,imagemap,opened,2025-12-31 06:54:31,
8a8e4856-8fa2-4512-ad4a-cb1793210011,2026-01-26,msg_00115,U3bae1603803a839c0cb52f511d9cb8f6,Uad31a07a2a81156ffaab11b907ff1239,imagemap,delivered,2026-01-26 04:44:05,
b3b623a2-7e1b-4ed4-bac5-ef19329e9c72,2025-12-07,msg_00003,U227d1cd1a801c367de206ec4bbca7330,Ue4fc4ee6090e75e8e0f1ddaabc07a3f6,image,clicked,2025-12-07 04:05:43,https://example-saas.jp/coupon/500off
2ff96477-33ec-417d-a6da-ef1b7295a6e5,2025-12-24,msg_00062,Ub0341314a5534ea92b26fa8adc30543f,U35505a259e1253be5467fc59394a283e,video,delivered,2025-12-24 16:18:41,
3626d28a-ffa0-4f3f-ac11-0070587c7c6b,2025-11-26,msg_00028,U3bae1603803a839c0cb52f511d9cb8f6,U5e0aca82f16eec0ebae65d79b4eb1039,image,opened,2025-11-26 12:17:46,
4292315c-2ddb-4842-a79c-838460954b2e,2025-11-22,msg_00047,Ue7310890b01058478be93761a56d0aa0,U08e683a6408d29e4a63c762ecedd4f09,video,delivered,2025-11-22 01:07:23,
1416752e-a88d-441c-a78d-c303e05222f3,2026-01-24,msg_00007,Ub0341314a5534ea92b26fa8adc30543f,Ue9a34d0ffa871920ae0bd0d78033dd39,imagemap,delivered,2026-01-24 01:33:09,
e9d79e8b-2285-4354-a10f-5995ac398cf9,2026-02-15,msg_00087,U3bae1603803a839c0cb52f511d9cb8f6,U21350c960f38729b4cb5b05b493f9e8b,imagemap,clicked,2026-02-15 04:14:29,https://example-saas.jp/survey
f2ad726d-b9c4-421c-a234-90bff23fbfc0,2025-12-22,msg_00013,Ub0341314a5534ea92b26fa8adc30543f,Ucff518d40817bec772da9987fc7b744c,image,delivered,2025-12-22 15:39:31,
f8f2b994-5bba-4d1f-9516-91aa0a0e33d3,2025-11-17,msg_00034,U743849e63f8101ac616f8fd0ba84a167,U0314595299cf94828e49eeeb7cec0109,text,delivered,2025-11-17 14:36:33,
9533a6a9-f4be-4aba-8a0e-f2f0a49dba75,2026-01-14,msg_00081,Ue7310890b01058478be93761a56d0aa0,U707de92eaa2791bfbccad22165876918,video,delivered,2026-01-14 22:15:46,
c1937a07-421a-4dad-8aaa-5d20c95cc3db,2026-03-27,msg_00096,U476acbdef8e9a16d24575e4f6d7b0f31,a3d82700cdb2cfd63c83412deb63f8be,imagemap,opened,2026-03-28 00:10:33,
46942d89-555d-4f13-8d62-08597784977e,2026-03-20,msg_00092,U743849e63f8101ac616f8fd0ba84a167,2fa34e44e85a6e94d2f2ce33fcdd699f,video,delivered,2026-03-20 13:45:12,
a1fd7b0d-97ca-4049-9380-3eb2de55e2b4,2026-02-15,msg_00089,U3bae1603803a839c0cb52f511d9cb8f6,U1b34c7ded314411e0925ab3227c6cffa,text,opened,2026-02-15 01:57:50,
807a5bc0-1371-4509-8e11-bcdc82dd8adf,2026-03-22,msg_00119,U3bae1603803a839c0cb52f511d9cb8f6,U86a450ced8792c3da198330e346eb9a7,imagemap,delivered,2026-03-19 16:36:58,
f6e42693-7602-4924-a47d-4fa838d9cdfc,2026-03-31,msg_00046,U4784fc8a8e1e4eb2435ad84e0ad052f2,Ub37f463b00f62b6d435ceae30cdea6f2,flex,opened,2026-03-31 20:03:11,
8bf71589-8b74-43e7-9b1b-519ee2352e90,2025-11-16,msg_00011,U837b70463a585f85743b5bfb3b49c9fd,Ue224d58b719730d37d442edb99d8ea8e,flex,blocked,2025-11-16 14:31:34,
5032af87-632a-46ec-bf2f-09e586bb0b41,2026-03-31,msg_00046,U4784fc8a8e1e4eb2435ad84e0ad052f2,Ubccd49f67d1710027c348dde2a85c252,flex,clicked,2026-03-31 01:04:54,https://example-saas.jp/campaign/spring
e38e9cc5-f977-4b4d-b537-abddd257999e,2026-02-12,msg_00093,U4784fc8a8e1e4eb2435ad84e0ad052f2,U4b33054897fe4cc980ec3f02c379ed17,image,delivered,2026-02-12 23:35:45,https://example-saas.jp/campaign/spring
96e8f48a-e1f6-49ba-a32f-e6e8b74f448d,2026-02-20,msg_00036,U879eb903ad90cd9c2874f6df7651267a,U749b90fb30ad60a2795787cbc6b88235,video,delivered,2026-02-20 08:01:47,
9f3b70ec-7e58-418a-8286-9345cbd0efaf,2026-01-31,msg_00035,U7e808d11d6f9901a954a542a7ee09918,Ud266230cafa0d44d7353d3d154bd7926,text,delivered,2026-01-31 11:58:01,
1a05afab-4d3a-4d20-be41-686af97cc5ae,2026-02-20,msg_00048,Ue7310890b01058478be93761a56d0aa0,U0405bc6ec27c6a0e2315a83ded039479,flex,delivered,2026-02-20 01:43:57,
cc47a677-61c8-44eb-b50c-d2568dcb52f3,2025-11-17,msg_00034,U743849e63f8101ac616f8fd0ba84a167,U33436985919a87cef47b21a70e02e84c,text,clicked,2025-11-18 01:00:08,https://example-saas.jp/campaign/spring
cd80dfb3-e070-4cb7-ab76-493be9334999,2026-03-25,msg_00079,U743849e63f8101ac616f8fd0ba84a167,U3fc07e26ee6ed8f4952ae82d9916d444,text,delivered,2026-03-25 23:20:59,
aac19674-e152-4fb8-820b-0fd335f4c2b3,2025-12-09,msg_00094,U227d1cd1a801c367de206ec4bbca7330,Ue20ae8e11880ceb7df0292babe5d7fdc,flex,opened,2025-12-10 00:10:35,
493283c4-8270-471c-a0aa-2e06c589175b,2025-12-25,msg_00045,Ue7310890b01058478be93761a56d0aa0,1546621db4a0ef38a60bfa6eefcfd851,video,delivered,2025-12-25 06:52:27,
3b588f78-85a4-4f74-b775-d5785032d27f,2026-03-26,msg_00040,U3bae1603803a839c0cb52f511d9cb8f6,U4939736e31d30c47540bc63b968f52bc,imagemap,delivered,2026-03-26 10:20:27,
6c1bf5ef-2a22-4900-a713-5d67d8cdb958,2026-01-10,msg_00044,U30ad60bba5da9837ca5dd0230ca8f531,U17fbfd9169a35c222487f04de79bcd0e,video,delivered,2026-01-10 21:56:24,
d839eba9-71fd-4094-aca7-85540a0112cd,2026-03-05,msg_00014,U3bae1603803a839c0cb52f511d9cb8f6,U81bed45de97ab351e3a05b537124320f,flex,delivered,2026-03-05 16:22:04,
b095010f-8ac8-42a3-bb44-0e03153fb113,2026-02-14,msg_00065,U743849e63f8101ac616f8fd0ba84a167,U1f40edef7506cd9a041e064939b1e20f,image,delivered,2026-02-14 14:38:39,
15f250a0-378b-43dd-9b05-ee7e0c550583,2026-01-26,msg_00115,U3bae1603803a839c0cb52f511d9cb8f6,U79d9f719d22291221ca639f099cd11a0,imagemap,delivered,2026-01-26 22:13:54,
81da965f-bfdf-4471-983c-7cfeb7d72fd8,2026-03-23,msg_00073,Ud4a92c8c8050eed40ef171cc2784d638,U8fb142b3ef19d19b121e1a65ce489edf,imagemap,opened,2026-03-23 11:51:27,
ff6f1ce6-b1f1-45ae-8564-14dc5cc0df1b,2025-12-18,msg_00070,Ue9a1e8a5b83a6b296d43c957a8cfba4a,U078fbeb7327b2c0d03142e61a1fd4b99,imagemap,failed,2025-12-18 06:06:03,
c4c125a3-f780-409d-ad11-4364b4fbfe8a,2026-03-16,msg_00002,U3bae1603803a839c0cb52f511d9cb8f6,c7da52b48191859612622bda32eda432,text,delivered,2026-03-16 05:15:48,
47cc8a75-8150-4819-8260-3ee038f110a9,2025-11-22,msg_00047,Ue7310890b01058478be93761a56d0aa0,49961c74b17f3b3fd97e3ac2b348bd26,video,delivered,2025-11-22 06:48:07,
1b5cda9a-bfd0-46bc-a488-c97255ba8f5c,2025-12-12,msg_00029,U743849e63f8101ac616f8fd0ba84a167,U7c0e4ffd657c5eb3d8dacc822a84f421,imagemap,delivered,2025-12-12 18:41:49,
d51d4b88-2c34-4c1c-8802-79fa4c9ffa90,2026-02-10,msg_00058,Ue9a1e8a5b83a6b296d43c957a8cfba4a,U25972d3e22d73758a17a88f4e99194d4,video,opened,2026-02-10 15:33:30,
8e6d9d76-18be-4a18-bbab-5b1e288253ff,2025-12-12,msg_00029,U3bae1603803a839c0cb52f511d9cb8f6,U28488052adf5dc39593bed56179d2ba6,text,delivered,2025-12-12 04:50:30,https://example-saas.jp/coupon/500off
0060982e-1b48-4536-818b-927944045c7e,2026-03-06,msg_00068,Ub0341314a5534ea92b26fa8adc30543f,U72f75b6e5cf4cdb68580f28283921c40,video,opened,2026-03-06 08:11:34,
9fb9b3b4-f8c2-4453-8a91-5f04e3e9abb1,2025-12-25,msg_00077,U743849e63f8101ac616f8fd0ba84a167,Uf0811caf6a9862c6520f4af9afcd8785,text,opened,2025-12-25 04:04:09,
282f9891-2c6f-43de-93a8-b5f07029df8f,2026-02-10,msg_00058,Ue9a1e8a5b83a6b296d43c957a8cfba4a,U13d15a431cdcb82744b98bb668c2917a,video,clicked,2026-02-10 23:40:18,https://example-saas.jp/coupon/500off
5684fafc-4b39-4a1e-96cb-2f364b36c032,2026-03-26,msg_00040,U3bae1603803a839c0cb52f511d9cb8f6,U47fe648e73caa3f9c0d4dc9289550114,imagemap,delivered,2026-03-26 04:30:05,
3420a012-6a94-4db1-96c8-d276b1917605,2026-01-10,msg_00044,U30ad60bba5da9837ca5dd0230ca8f531,U63ea41b1f5c0c97bf05b7b6fdc17b753,video,delivered,2026-01-10 11:29:46,
2c137112-0ad2-4504-b5f8-e29b6e117c3e,2026-01-09,msg_00052,U743849e63f8101ac616f8fd0ba84a167,U04dfb887c8b3250e1b18a0118dddf96e,video,delivered,2026-01-09 01:58:55,
116f8811-7ba6-4ffd-b155-f843fba8e1a1,2025-12-23,msg_00109,Ue7310890b01058478be93761a56d0aa0,U21c4aedf0807724b7804553b72013897,text,opened,2025-12-23 20:44:17,
3f832d65-f58a-4cb8-b3c6-e688da51050e,2025-11-22,msg_00047,Ue7310890b01058478be93761a56d0aa0,U0433e2370180cda84552974be63257e3,video,clicked,2025-11-22 21:05:33,https://example-saas.jp/coupon/500off
6e339efc-0069-4b67-8c06-7a1d9c8cded6,2025-11-25,msg_00043,U3e5dd3a641c58ad50e49f095c6f1e306,Ub6ae876530fdd9f9f3cc85297eb62881,flex,delivered,2025-11-25 21:58:06,
875bbcf0-3705-4dd2-b75e-e5e00e8696d8,2026-02-28,msg_00117,U743849e63f8101ac616f8fd0ba84a167,Ud2add43f0f6e3d4fdb4d4470adb58edf,video,delivered,2026-02-28 15:38:32,
f40541ba-d3a9-4ccb-8736-0e90e341b568,2026-03-08,msg_00112,U3bae1603803a839c0cb52f511d9cb8f6,Ue93f5ae7c02c0a2ca766f666cd575690,image,clicked,2026-03-08 01:58:56,https://example-saas.jp/campaign/spring
eb98b470-8eca-4acc-a955-bf2b90c1a42f,2025-12-22,msg_00013,Ub0341314a5534ea92b26fa8adc30543f,Ud544e6ee8938171b61dd7821b0a3828d,image,clicked,2025-12-22 11:14:29,https://example-saas.jp/lp/newmenu
29d0aa03-7440-4662-8c39-492684f1f516,2026-03-11,msg_00067,U7e808d11d6f9901a954a542a7ee09918,U2e7c6472b976ac10a61ba69183b039fb,video,delivered,2026-03-11 19:02:52,
5cb93bbd-2e37-4c57-8abe-e63debacce17,2026-02-05,msg_00107,U3bae1603803a839c0cb52f511d9cb8f6,U5886ef9811e8fa63e5634c811b4e303e,text,delivered,2026-02-05 18:01:18,
ca047862-9040-4f4e-9ac9-9a4693261971,2025-12-19,msg_00118,U4784fc8a8e1e4eb2435ad84e0ad052f2,U85c6d5ce41d4751bd7653e132fb47fba,image,opened,2025-12-19 19:57:41,
132a942a-cf16-4371-bb09-a87bc0ec0407,2025-12-18,msg_00114,Ub0341314a5534ea92b26fa8adc30543f,Uaaed6747eb3bcf63a85b557dc98eec99,flex,delivered,2025-12-18 11:39:59,
05459b60-ce01-416e-8f73-c9cf308bf854,2025-11-23,msg_00024,Ue8d9224ecde331ce692edfce0b5ecdc4,Ue12fd1e39050f562333f826e7ff59141,text,clicked,2025-11-23 15:03:10,https://example-saas.jp/lp/newmenu
53646109-be3a-44a5-92f7-ad8cb0af40e6,2025-11-23,msg_00053,U743849e63f8101ac616f8fd0ba84a167,U3a0cafe6e4879647a52dbdaa07b11c13,video,delivered,2025-11-23 03:43:04,
1e408cfb-bc5a-45a4-a068-682893c40eb4,2025-12-09,msg_00094,U227d1cd1a801c367de206ec4bbca7330,U32c4aa051a63b6b910c40ac77ac113fc,flex,delivered,2025-12-09 16:43:58,
5cc505cd-ddf0-444d-bf89-d3dca43baa3e,2026-03-21,msg_00023,U743849e63f8101ac616f8fd0ba84a167,U89c52cde7f58affc81f8a73b3752260f,imagemap,delivered,2026-03-21 00:52:04,
dd1b6e8a-ac7d-4ae1-8c3f-9ee6bdccbb84,2026-03-13,msg_00001,U4784fc8a8e1e4eb2435ad84e0ad052f2,Uec5564f8b1380c3aaae7f90239d050a0,image,delivered,2026-03-13 14:52:23,
bc22956e-8034-4ed4-882d-c121a53b0ce3,2025-12-18,msg_00114,Ub0341314a5534ea92b26fa8adc30543f,U095912cd86215c8f06e090225ab8387e,flex,delivered,2025-12-18 23:31:41,
37b1d222-9d49-4bea-937f-ab23a2fe940e,2026-02-05,msg_00107,U3bae1603803a839c0cb52f511d9cb8f6,U843382745bf90e19c014a22705bdc44f,text,delivered,2026-02-05 02:27:56,
a4533ab6-b492-42ee-a45b-55b746e2b204,2026-02-15,msg_00006,U743849e63f8101ac616f8fd0ba84a167,U3701f35598169a8da78dbe8d92dd4e39,flex,delivered,2026-02-15 04:52:21,
b89c40b7-179c-48ac-afa9-edc79d07944e,2025-11-27,msg_00018,U3e5dd3a641c58ad50e49f095c6f1e306,d4ea2cf697ce9f45fa5910c9ca02f3e4,imagemap,delivered,2025-11-27 23:47:54,
f6cdec94-0cf9-49a2-ad95-49c8e7e144da,2025-12-21,msg_00022,U3bae1603803a839c0cb52f511d9cb8f6,U360f2a9c19ccc39959d61e1b99f7d11c,video,delivered,2025-12-21 09:09:35,
57c97aef-addc-4bd3-b979-b1d875a6d64b,2025-12-18,msg_00114,Ub0341314a5534ea92b26fa8adc30543f,U4fb10087e6ef729040f2877aefc73e11,flex,delivered,2025-12-18 03:57:23,
b5d5c190-47c8-4c30-b625-7a9a3e562140,2025-12-23,msg_00109,Ue7310890b01058478be93761a56d0aa0,U7bb8ffbed99901fd7f21cf26371968a3,text,delivered,2025-12-23 13:36:15,
6b9c9934-2d43-413d-902a-0a3cfa384760,2026-03-11,msg_00104,Ub0341314a5534ea92b26fa8adc30543f,U1a876a9ffa58d64ea33ab8790f78b9aa,image,delivered,2026-03-11 18:59:13,
0653ac20-4cb1-4177-8300-bde72d483cf6,2026-03-21,msg_00023,U743849e63f8101ac616f8fd0ba84a167,U6c5aee3693f286910c4c1aa9a8d3eb72,imagemap,delivered,2026-03-21 21:08:46,
812ecde2-b2bd-4efe-a084-151f462c0783,2026-01-26,msg_00005,Ub0341314a5534ea92b26fa8adc30543f,Ucc436776d1b28ee7707e98a34d4013f7,image,opened,2026-01-26 10:35:11,
bd0c1a5a-766d-4386-b145-f8757f244889,2025-11-24,msg_00033,U3bae1603803a839c0cb52f511d9cb8f6,U0ffa30a968bbb58141d9e591ff6bf571,text,delivered,2025-11-24 22:13:21,
ed6e7064-41db-4fac-90eb-d7abc23f288e,2026-01-01,msg_00061,U1ca413826b7044d134c9c3132420c9de,U2f7cd5e4cbf126a4ea669c8326186e0b,video,CLICK,2026-01-01 22:17:01,
a9df7dff-0d76-4e1e-86d5-2c19c55583d2,2025-12-07,msg_00098,Ub0341314a5534ea92b26fa8adc30543f,Ue08894de044a95f717931586f246be1d,video,CLICK,2025-12-07 12:23:05,
73fa031a-3082-4f74-8756-78994e3a614e,2026-03-31,msg_00046,U4784fc8a8e1e4eb2435ad84e0ad052f2,Uc24a414a5206e716da4a48a923356680,flex,opened,2026-03-31 02:56:06,
56ceaf76-4f67-4c95-b1b6-1d85537c8b94,2026-03-11,msg_00067,U7e808d11d6f9901a954a542a7ee09918,U2b488dbadc6bb8f109fd477785d8693d,video,delivered,2026-03-11 21:33:38,
19d25de6-7425-48e3-9147-910e1c130a6c,2026-02-09,msg_00083,U3bae1603803a839c0cb52f511d9cb8f6,U2c11af3d1cf1b43d055be9d84bce1378,flex,clicked,2026-02-09 18:10:42,https://example-saas.jp/campaign/spring
4e51a88f-2cac-4607-8670-4e7ab7d7649c,2026-03-30,msg_00076,U743849e63f8101ac616f8fd0ba84a167,Uecf331adac791705af1db3a4f6455df1,image,delivered,2026-03-30 14:29:21,
69095e88-1167-41c1-ae34-4fa779007deb,2025-11-16,msg_00011,U837b70463a585f85743b5bfb3b49c9fd,U5e96e7592248b4c87971a6768b409177,flex,delivered,2025-11-16 01:10:28,
202ee565-0340-4589-a7b6-15b7faf76990,2025-11-23,msg_00053,U743849e63f8101ac616f8fd0ba84a167,U86560d5b6edaaf70d86d39b304e37cc8,video,delivered,2025-11-23 11:29:18,
54518e7f-ce79-453a-9688-a11b1a5ad9b7,2026-03-21,msg_00023,U743849e63f8101ac616f8fd0ba84a167,Ua958358f2cc9d791402fb00f3c287c62,imagemap,delivered,2026-03-21 02:07:03,
f026d0da-e0cd-40ee-b2d9-d260a9e05d8e,2026-03-13,msg_00001,U4784fc8a8e1e4eb2435ad84e0ad052f2,Uca72eb0ae11628adf07fffcc5c1764e7,image,clicked,2026-03-13 03:28:05,https://example-saas.jp/lp/newmenu
df0dcdaa-584c-47a0-8f0d-466ae68cff53,2026-02-16,msg_00021,U743849e63f8101ac616f8fd0ba84a167,U7ddde5de20278a5cbb95309276a2c2fb,flex,clicked,2026-02-16 19:20:03,
f7f9919d-6f83-4917-92cf-50d8b25e62a3,2026-02-20,msg_00036,U879eb903ad90cd9c2874f6df7651267a,U8f160cc1e82bd9f1783d3833ae1cf09c,video,opened,2026-02-20 02:37:26,
280f2249-7416-487d-91d7-80e2d294d7da,2026-01-10,msg_00044,U30ad60bba5da9837ca5dd0230ca8f531,Ua700347371f81bd64efadfa53c3c19df,video,delivered,2026-01-10 06:22:26,
ed53a03d-38a6-4df9-8f90-31b07a3bacc3,2025-12-23,msg_00061,Ub0341314a5534ea92b26fa8adc30543f,U99b6a8c5a0af532716497f1990c8ef3f,imagemap,delivered,2025-12-23 06:33:48,
e5cd1b47-ebcf-4849-8d4c-42a11b1051d6,2026-02-10,msg_00058,Ue9a1e8a5b83a6b296d43c957a8cfba4a,Ub0aa3825e7c8a18f14e3cf0617e3109f,video,delivered,2026-02-10 10:40:40,
651ccab2-52b4-4af7-b6d2-5df409ae1ec3,2026-02-09,msg_00083,U3bae1603803a839c0cb52f511d9cb8f6,U870e895a7ec742ad201edc935d3bd773,flex,delivered,2026-02-09 16:43:06,
bab75fb0-f758-4d46-b0ce-aff6fd6fc224,2026-03-20,msg_00092,U743849e63f8101ac616f8fd0ba84a167,Ub6e1c641ea888482f0e934dc0bb41497,video,opened,2026-03-20 20:27:29,
54c2a64d-4d0f-4abd-ace0-b6da6c7d501a,2025-12-12,msg_00004,Ub0341314a5534ea92b26fa8adc30543f,Ud1f47f604cbf6abf14220e3029793bfa,video,delivered,2025-12-12 05:15:18,
621bc083-c7c0-4707-98fc-a9c5416adc2c,2025-11-17,msg_00099,U3bae1603803a839c0cb52f511d9cb8f6,U500516ed541f2624243309841b8f7096,text,delivered,2025-11-17 04:38:54,
54b4b198-b564-44e8-b640-1d065f81559e,2026-02-15,msg_00087,U3bae1603803a839c0cb52f511d9cb8f6,U47afe469d4a597e2e7a9b1d4f4d921b9,imagemap,delivered,2026-02-15 08:07:27,
8491c4a7-e8cf-4e50-8946-54c96911456c,2026-01-26,msg_00115,U3bae1603803a839c0cb52f511d9cb8f6,U83bc82500a0a1d1fcfb199a2325c9329,imagemap,delivered,2026-01-26 03:10:02,
e84bb773-818f-49d6-9ccb-c1c53966b087,2026-01-30,msg_00050,U3e5dd3a641c58ad50e49f095c6f1e306,Ue079c4f2a31f62dabac243c37659dc8a,image,delivered,2026-01-27 10:28:03,
f1395014-d4e6-4e26-8d01-bc92799483b6,2025-11-17,msg_00099,U3bae1603803a839c0cb52f511d9cb8f6,bf17ee127dd12d74fee439c3ac2803fd,text,delivered,2025-11-17 13:57:15,
a8f21126-5041-4562-9ee0-0364f528a893,2025-12-19,msg_00118,U4784fc8a8e1e4eb2435ad84e0ad052f2,U0c9a8318457f8018adf65ff1a17b42c3,image,delivered,2025-12-19 05:02:45,
6db10b82-1873-43b3-8e05-bf044b140eec,2026-02-15,msg_00087,U3bae1603803a839c0cb52f511d9cb8f6,U4406347f5d870e372929e78126dc39dc,imagemap,delivered,2026-02-15 22:05:27,
67c3a28d-afe9-45ce-a076-0caf04c3859f,2026-02-15,msg_00089,U3bae1603803a839c0cb52f511d9cb8f6,U71348adcde3efd715381f81e5f3646cc,text,opened,2026-02-15 08:29:45,
e6e21150-5a23-484e-9bda-6f1d552ad3a2,2026-03-11,msg_00104,Ub0341314a5534ea92b26fa8adc30543f,U54521d966fac70233c917f8ee305d622,image,delivered,2026-03-11 10:14:50,
19e21ced-a5a0-4447-ad3e-40f6a0fcc972,2026-03-27,msg_00096,U476acbdef8e9a16d24575e4f6d7b0f31,U94c565f181514c50306710a9cbfa77f7,imagemap,delivered,2026-03-27 19:21:08,
38c179a6-7582-4735-9f79-bea6102a8e51,2026-01-31,msg_00035,U7e808d11d6f9901a954a542a7ee09918,U78891d2dffdbc11a5e9c0a01d8e1b0bd,text,delivered,2026-01-31 20:13:22,
e4522c1e-4eca-44f9-899e-ccb3aa1b7403,2026-03-30,msg_00076,U743849e63f8101ac616f8fd0ba84a167,U955884dd9d18933d91f0ee5c17c245a3,image,opened,2026-03-30 22:14:48,
fc04e15f-ad01-408b-b4fa-e05dc22959ff,2026-03-14,msg_00009,U743849e63f8101ac616f8fd0ba84a167,U347643bec7fa5c686c3fbe12ffec7400,imagemap,delivered,2026-03-14 13:05:16,
984319ba-6551-42ca-8a9e-2c5578515fec,2026-02-05,msg_00107,U3bae1603803a839c0cb52f511d9cb8f6,Uf0ab866cd8f3fe0a47b2f06b5882530b,text,opened,2026-02-05 17:32:51,
b3365d03-04e3-46a4-a354-74f70b2a6485,2026-01-20,msg_00108,Ub0341314a5534ea92b26fa8adc30543f,Ue59349a5c414be813e0cc3d3756d183a,flex,delivered,2026-01-20 12:33:00,
770bb9c0-32d1-4e14-88d1-b93a74c12094,2025-11-16,msg_00020,U3bae1603803a839c0cb52f511d9cb8f6,Uc78d01149021979d09fbc37c76e46a61,text,opened,2025-11-16 16:54:43,
d21274df-88cb-431e-a38e-95123d33a473,2026-04-04,msg_00100,U743849e63f8101ac616f8fd0ba84a167,U8f217583deb7e53784191e800f3074db,image,delivered,2026-04-04 02:32:31,
7ac1d0bb-d14d-4de1-96d8-cb6b1a0d4bb6,2025-12-12,msg_00029,U743849e63f8101ac616f8fd0ba84a167,U2293dcd0a06ae0e4fd84e532d1a1004c,imagemap,delivered,2025-12-12 14:11:10,
5deba197-35a0-403c-aab5-6aed67e2b207,2025-11-19,msg_00019,U743849e63f8101ac616f8fd0ba84a167,U46200d9f66ca5f3b4b796f5543c13593,flex,clicked,2025-11-19 14:02:33,https://example-saas.jp/survey
53871710-e4eb-4d7a-b948-7286d4a7f5c4,2025-12-25,msg_00045,Ue7310890b01058478be93761a56d0aa0,U48bf76d9e6ed6750d7f35baeace67147,video,delivered,2025-12-25 04:09:56,
49684575-78d0-40db-9d59-3aff00947cdf,2025-12-18,msg_00070,Ue9a1e8a5b83a6b296d43c957a8cfba4a,Uea11ecc4d61b91d519d1a953ecc4ee8f,imagemap,delivered,2025-12-18 11:38:58,
cb6cd5ed-8e63-4ba7-babb-cd06a754bded,2026-03-23,msg_00071,U3bae1603803a839c0cb52f511d9cb8f6,U9134cf93c1f7d7ec0c4e81ddd127a86b,imagemap,delivered,2026-03-23 22:07:44,
04d39c0c-e151-41c8-b6ef-6002b098347d,2026-01-09,msg_00052,U743849e63f8101ac616f8fd0ba84a167,Uff7ded3b5cb4b2c62006adc650031241,video,delivered,2026-01-09 02:07:10,
c1d2cddc-a9d2-446e-be2c-8812e437639c,2025-11-24,msg_00033,U3bae1603803a839c0cb52f511d9cb8f6,U969e6c9aed14c324a05f3dadca829597,text,delivered,2025-11-24 06:13:51,
d03bacdf-8ed8-4c33-97aa-0170063998be,2025-11-21,msg_00010,Ue7310890b01058478be93761a56d0aa0,U335b157fc222dc39c9c8951676c562b4,imagemap,delivered,2025-11-21 04:27:39,
6425db46-50cc-4fb7-befb-0d9eca74273e,2026-01-24,msg_00066,U3bae1603803a839c0cb52f511d9cb8f6,U1545d99d13b5cd5ad5eb506f9edb949c,image,delivered,2026-01-24 16:21:21,
ccf52a65-7806-4c26-a287-9ee7d9e5d05b,2026-03-31,msg_00046,U4784fc8a8e1e4eb2435ad84e0ad052f2,Uf8a58222b43472d40d34a27ce7cf0c48,flex,failed,2026-03-31 22:26:02,
83fc5d39-3881-4afd-b9db-ce0f2dd831c0,2026-02-16,msg_00021,U743849e63f8101ac616f8fd0ba84a167,U0e2661d83171be474b21604153eb5905,flex,delivered,2026-02-16 18:24:51,
b1b9cde4-c92b-400c-af40-23926c90e551,2026-03-08,msg_00112,U3bae1603803a839c0cb52f511d9cb8f6,Ue5c5b526a1d420f0bae51a2e85fa66e7,image,delivered,2026-03-08 21:55:53,
754b0d38-aeb9-4905-b056-532a31baeef4,2025-12-25,msg_00077,U743849e63f8101ac616f8fd0ba84a167,Udd37b98a055a99fee579be1c2b2e21bf,text,opened,2025-12-25 11:25:13,
53045aab-63c5-4a2a-a2e5-3fc845310bd2,2026-02-24,msg_00039,U743849e63f8101ac616f8fd0ba84a167,Ubcd5af7fa75ea7b2a3d78ab50dd898ac,flex,delivered,2026-02-24 13:39:55,
aba160bf-25c2-4c6d-9cde-30f2102e9427,2025-12-09,msg_00059,U3bae1603803a839c0cb52f511d9cb8f6,Ufd47e3f5e07e84c0f8a102b31fd75126,imagemap,opened,2025-12-09 06:17:50,
24b41abe-2927-4e4b-b0e6-db5b15a366aa,2026-01-30,msg_00050,U3e5dd3a641c58ad50e49f095c6f1e306,aa5a95d47b3dc59f9fdf83713152f15d,image,opened,2026-01-30 20:23:19,
df7c6bf4-a78d-40b4-8d1e-d41864a9f70e,2025-12-09,msg_00059,U3bae1603803a839c0cb52f511d9cb8f6,U62cf777669f4e53f447500ce4111191c,imagemap,delivered,2025-12-09 07:25:34,
35efd3fb-4d2d-45f2-a252-99dd7bea847b,2026-01-14,msg_00081,Ue7310890b01058478be93761a56d0aa0,Ud8881c4a59e2b6374621609df4f44af5,video,opened,2026-01-14 21:59:42,
42f7f7f1-56aa-4c0f-8a55-39c332f463d3,2026-01-10,msg_00044,U30ad60bba5da9837ca5dd0230ca8f531,U11ec0433d326cb373813911ce2cb0290,video,delivered,2026-01-10 02:40:02,
8180084f-1e19-4403-a1d8-0c7ae8506269,2025-12-19,msg_00064,Ub0341314a5534ea92b26fa8adc30543f,U781b04a4f871848e8fd35475e46c625a,image,delivered,2025-12-19 11:21:33,
5cdb0e56-d14a-4e8a-92f9-5e4ec3962e79,2026-04-05,msg_00054,U3bae1603803a839c0cb52f511d9cb8f6,U0ee436bc18271488d84a8b5f435d0b42,image,delivered,2026-04-05 11:53:27,
8ce7d49d-f5f8-46d3-a120-57d7c5993cf9,2026-01-07,msg_00110,Ub0341314a5534ea92b26fa8adc30543f,U99465f46284a5235bcf48c325b252461,video,delivered,2026-01-07 15:16:21,
1a46c166-945b-4a14-8f7c-fd1bed16407e,2026-03-27,msg_00096,U476acbdef8e9a16d24575e4f6d7b0f31,U986620919f9aeea54059bc969666b84c,imagemap,delivered,2026-03-27 13:14:16,
7807f731-ccbe-490f-b6e7-8a5e4fe53335,2026-01-24,msg_00066,U3bae1603803a839c0cb52f511d9cb8f6,U271a60445ea7d7443da46c72307f3fb0,image,failed,2026-01-24 04:53:27,
3a6e00e5-6b5f-47a0-9f77-c9241171cbd6,2026-01-17,msg_00037,U7e808d11d6f9901a954a542a7ee09918,U40dc40877ba119b76b42171491236dcb,text,delivered,2026-01-17 23:08:45,
15b37e2d-9991-41a2-9b54-5d9ecfe3463a,2026-03-25,msg_00079,U743849e63f8101ac616f8fd0ba84a167,U2e963f4c07099ea537b57e7b112b9268,text,clicked,2026-03-25 11:14:12,https://example-saas.jp/lp/newmenu
d470a866-1080-41bb-bb1b-423ad665e67f,2026-02-28,msg_00117,U743849e63f8101ac616f8fd0ba84a167,U36c6045e18af386a670be399b37eb0f5,video,clicked,2026-02-28 21:06:55,https://example-saas.jp/coupon/500off
545a300f-e6b7-4f6e-8abd-c9e8da795a8e,2026-02-10,msg_00058,Ue9a1e8a5b83a6b296d43c957a8cfba4a,U261745d63701fe4a6c8dddabf7c9e648,video,clicked,2026-02-11 00:00:43,https://example-saas.jp/lp/newmenu
e5e7960e-b395-427f-ba52-29355fcdf909,2025-12-09,msg_00059,U3bae1603803a839c0cb52f511d9cb8f6,U7ab232071ee88ba6c4c03e43428ab656,imagemap,blocked,2025-12-10 02:14:35,
961d302e-8e9f-4352-b0e1-938fdf5f28a5,2026-04-01,msg_00072,U4784fc8a8e1e4eb2435ad84e0ad052f2,U7116bd7663ff8bca8ac16628adf7f663,image,delivered,2026-04-01 01:21:41,
f619d410-b158-4018-8bec-a6b3ba435878,2026-02-14,msg_00065,U743849e63f8101ac616f8fd0ba84a167,U7cc1190d83fe11ef1f4814e4ab956363,image,delivered,2026-02-14 13:11:11,
90c01ff8-2e06-47b8-82bd-783311504532,2025-12-02,msg_00088,U3bae1603803a839c0cb52f511d9cb8f6,U26add0ed1cd7353255482033ebb088f7,image,opened,2025-12-02 09:27:55,
f8aec3e8-d990-4cc3-8933-e1955406c653,2025-12-23,msg_00061,Ub0341314a5534ea92b26fa8adc30543f,Ud18c3663eb6a787b71adb775f5e6c3f4,imagemap,opened,2025-12-23 17:28:43,
168566ee-ad7c-4521-a6e1-1cf1c26b52b5,2025-12-25,msg_00045,Ue7310890b01058478be93761a56d0aa0,U92f70c62d07a4677ad837e5d92f3c828,video,delivered,2025-12-25 18:02:43,
a377daec-6cb2-46e7-a459-8418f0f87529,2026-03-31,msg_00046,U4784fc8a8e1e4eb2435ad84e0ad052f2,Uf481a72c547568823cafc39a71c3040f,flex,delivered,2026-03-31 03:25:11,
34765b4e-bd33-452d-877b-0059d77b74f3,2026-02-20,msg_00017,U22a93bc29b1df104af6b1ba1cd91fc56,Ufa96e480f74347694ea965606132b9e3,video,delivered,2026-02-20 16:54:14,
80644fba-721c-4e7d-bd67-db4a72d6628c,2026-04-12,msg_00120,U227d1cd1a801c367de206ec4bbca7330,U70522d6567e31f93cadd5512a75d0405,text,opened,2026-04-12 22:39:03,
55eab956-2910-4fab-a95a-1b267779c964,2025-12-23,msg_00061,Ub0341314a5534ea92b26fa8adc30543f,Uc9344ff0721f3c03345072fab19c8447,imagemap,delivered,2025-12-23 16:50:49,
d9686ebe-8f98-419a-95c8-14f2c3e81ebb,2026-02-16,msg_00021,U743849e63f8101ac616f8fd0ba84a167,U0e2661d83171be474b21604153eb5905,flex,opened,2026-02-16 18:44:30,
6556a379-a1a2-42ae-b0de-f9d5d91441d5,2026-02-15,msg_00089,U3bae1603803a839c0cb52f511d9cb8f6,f7417daab10a4223836ebd2bbbf27a3e,text,delivered,2026-02-15 12:48:29,
6fc88bbe-4ab3-43ad-8d50-bf973b034066,2025-11-25,msg_00043,U3e5dd3a641c58ad50e49f095c6f1e306,Ue61896e599db35ea9f50da942529c78a,flex,delivered,2025-11-25 18:17:07,
36ebdf77-7cba-4ef6-940b-e46dd679a228,2026-01-26,msg_00005,Ub0341314a5534ea92b26fa8adc30543f,Ue31e293b3258b9ff7aa173dc75197f91,image,opened,2026-01-26 20:11:39,
fd302cea-b544-4d39-b7e6-7888ee04d8d0,2026-03-20,msg_00092,U743849e63f8101ac616f8fd0ba84a167,U332318763de9574dc33700190729b42b,video,opened,2026-03-20 23:58:59,
c69e66b9-e0aa-4a3c-9891-20750359511c,2026-04-08,msg_00078,Ud4a92c8c8050eed40ef171cc2784d638,U4d0aa0098864290cf8e58bb786f452a9,image,delivered,2026-04-08 05:11:58,
00c9e073-8931-42af-97bc-8c3adcf97cee,2026-04-12,msg_00120,U227d1cd1a801c367de206ec4bbca7330,Ud3711205d76111e263720831144edc71,text,delivered,2026-04-12 23:26:45,
b710e8b8-0183-4a8e-a922-37cf346e61e4,2026-01-27,msg_00077,U227d1cd1a801c367de206ec4bbca7330,U62118e26219b58d1085f157b2b3205cb,image,deliverd,2026-01-27 12:29:31,
ccb9dec3-2b1b-4f03-af33-860d733f5c9f,2026-03-25,msg_00079,U743849e63f8101ac616f8fd0ba84a167,Uc2b5056fbed7f926b90418659313004f,text,delivered,2026-03-25 08:11:45,
a5ca9aa7-9b07-443b-bd2b-2996149a33ec,2025-12-15,msg_00030,U3bae1603803a839c0cb52f511d9cb8f6,U473c45becac460c98b4083b748cae59a,video,opened,2025-12-15 09:10:57,
0837fa01-e14e-486d-b16c-5f23792ead81,2026-02-10,msg_00058,Ue9a1e8a5b83a6b296d43c957a8cfba4a,U261745d63701fe4a6c8dddabf7c9e648,video,opened,2026-02-10 23:13:26,
2475c5bb-e595-4779-9420-9ab5f2ac1cfb,2026-02-20,msg_00036,U879eb903ad90cd9c2874f6df7651267a,U6e75fb75cde4fd40b564bb5e7c347b59,video,delivered,2026-02-20 18:16:48,
95558cee-48be-4c35-a004-62e833e2f907,2025-12-24,msg_00091,U3bae1603803a839c0cb52f511d9cb8f6,U513be8b25d55c287fb252331979eeede,imagemap,delivered,2025-12-24 18:01:35,
7eac04b1-1ee7-4f92-ad4e-ed29cc236789,2026-02-14,msg_00065,U743849e63f8101ac616f8fd0ba84a167,3bb19f9379b0170030e8f9e5eb1c7968,image,opened,2026-02-14 01:48:54,
82e88a53-0efa-4c2e-8866-d488cceed972,2026-03-03,msg_00093,U743849e63f8101ac616f8fd0ba84a167,U0bbf3caa6624dab50717c97a9c34030b,imagemap,opened,2026-03-03 00:23:18,
54ae3cc8-ee76-4c4d-88c7-544db4414549,2026-01-09,msg_00052,U743849e63f8101ac616f8fd0ba84a167,U3c096251a5270ca0d833a5efb88a9f7f,video,delivered,2026-01-09 22:33:14,
a48bac9b-a6c4-47d3-87c0-fd25448ba011,2026-02-01,msg_00075,Ub0341314a5534ea92b26fa8adc30543f,U6782c02571cad133b2122a851610cb6e,imagemap,delivered,2026-02-01 06:34:00,
64ba5d65-6d92-4be3-b05c-474f0614f00d,2025-12-23,msg_00061,Ub0341314a5534ea92b26fa8adc30543f,U42da24449e0c8dc5ca0dfc6f26de7686,imagemap,delivered,2025-12-23 09:35:00,
21ca99ff-069b-4d53-be28-3775da00ef9b,2026-04-05,msg_00054,U3bae1603803a839c0cb52f511d9cb8f6,U528dcc6b3769db2eb61083d8b336be8d,image,clicked,2026-04-05 21:12:37,https://example-saas.jp/coupon/500off
eb089868-31a7-4cbf-a071-b77476661d63,2026-03-08,msg_00112,U3bae1603803a839c0cb52f511d9cb8f6,Ua9c40047b77ca53d1ea4c04dc77548d5,image,delivered,2026-03-08 16:20:20,
a0fe0937-55ff-44d4-997e-b0d8233000b9,2025-12-19,msg_00118,U4784fc8a8e1e4eb2435ad84e0ad052f2,U0d999ac8cb6ffe1e4870cce04c87a9b9,image,clicked,2025-12-19 21:48:48,https://example-saas.jp/coupon/500off
094de42b-ba68-4126-9847-ee35bf884e0d,2026-01-14,msg_00081,Ue7310890b01058478be93761a56d0aa0,Udf8fa363cf3eadd063c7634d3aab4a8b,video,opened,2026-01-14 18:51:17,
76702756-e9ac-427f-a422-11112cb898a8,2026-04-06,msg_00074,U3bae1603803a839c0cb52f511d9cb8f6,U3e03f69bbd8b76209d2d32d649de4557,text,delivered,2026-04-03 15:38:07,
2f3b0089-10bf-47ef-99de-7d73c99d035c,2026-03-29,msg_00097,Ub0341314a5534ea92b26fa8adc30543f,Uf0e4fa8222b9c3a32e56d009bc552b92,text,opened,2026-03-30 00:07:34,
a28ea3f9-92f5-455b-b23a-f9880f1b0879,2026-01-26,msg_00115,U3bae1603803a839c0cb52f511d9cb8f6,U7e2c56bcd0222935a98bcc3064ad5907,imagemap,delivered,2026-01-26 11:11:52,
c0c94f20-561e-4f6b-8f42-737cb3ffdc17,2026-03-23,msg_00073,Ud4a92c8c8050eed40ef171cc2784d638,Udf5a3b12da34d6bc3789449e578b17aa,imagemap,opened,2026-03-24 00:21:47,
d40ec342-df0b-4ddd-9e46-2123085c4644,2026-02-20,msg_00095,Ub0341314a5534ea92b26fa8adc30543f,U08ddcf45f30f04ebb1e9ee47b97c8ea7,text,opened,2026-02-20 11:28:05,
2fc5b55d-7e98-42fe-a257-a9ba922c9533,2025-12-03,msg_00012,U743849e63f8101ac616f8fd0ba84a167,U2ba0174cae19017b1f254fdef3e4bcb2,imagemap,delivered,2025-12-03 06:45:15,
118c7a48-9b6f-4271-8753-2711fd29ad1b,2025-11-23,msg_00024,Ue8d9224ecde331ce692edfce0b5ecdc4,U52ad18d50651a9e7a395a5ee00266280,text,opened,2025-11-23 16:37:18,
98c1634f-1969-4e7b-b9a7-4a11f7502a19,2025-12-25,msg_00077,U743849e63f8101ac616f8fd0ba84a167,U126e4ccaf7ae19f2e32de34f896ef87f,text,delivered,2025-12-25 05:24:13,
ab0f8890-8daa-4b39-abbc-d460fbcb833b,2026-02-25,msg_00008,Ub0341314a5534ea92b26fa8adc30543f,U1e6fe4718df05fd3e2961878d4afdc7e,image,opened,2026-02-25 13:32:38,
bd81f402-20f8-4d37-a816-e108bdbb1789,2025-11-30,msg_00025,Ub0341314a5534ea92b26fa8adc30543f,3c336b04ddd4b254bac9aaff27a67a94,imagemap,delivered,2025-11-30 13:34:40,
0c8d8024-c240-4d5a-b7cc-cdcff02df2b8,2025-11-26,msg_00028,U3bae1603803a839c0cb52f511d9cb8f6,5ec707b4c4024173abc04a32bd2c6dec,image,delivered,2025-11-22 16:19:29,
d95dcee7-ddf5-4313-a8aa-eb1e49ccc560,2026-02-14,msg_00042,U3bae1603803a839c0cb52f511d9cb8f6,Uf5f19756b3d15cb10a7e7d8fd69c308c,video,delivered,2026-02-14 07:52:25,
b35a30c2-52d9-4731-81ea-2b846dda1c15,2026-02-20,msg_00036,U879eb903ad90cd9c2874f6df7651267a,U9a67d07b1f004b3b7c87850c7bcaf65f,video,clicked,2026-02-20 16:03:59,https://example-saas.jp/survey
6f655334-4d95-46a9-bed1-1d48f0148913,2026-03-26,msg_00040,U3bae1603803a839c0cb52f511d9cb8f6,U71cf364aac76f177acc12be42db5f9ee,imagemap,delivered,2026-03-26 22:25:25,
f9b290a7-56eb-4dad-93a1-7a2bc2b124b0,2026-03-12,msg_00084,U68d2301028fb66b51d9111f1af067e34,Ua031d854d989f0d3d227f8724b1fd3d6,video,delivered,2026-03-12 19:13:30,
6646223f-93e1-4363-b8f2-5a713b290659,2026-03-23,msg_00073,Ud4a92c8c8050eed40ef171cc2784d638,U7801425f5fb61e0c1d40334a94aca88e,imagemap,delivered,2026-03-23 13:35:15,
2fb7ed6f-8fc5-4179-b53f-f9980c010543,2026-02-07,msg_00090,U4784fc8a8e1e4eb2435ad84e0ad052f2,Ucb8caa4b882a58861d37c382a5f13168,imagemap,delivered,2026-02-07 02:18:11,
1123c7ca-e784-411b-89ab-9ef70b6219f6,2026-03-29,msg_00097,Ub0341314a5534ea92b26fa8adc30543f,Uce5633d5a11a4edbc1b023e57eefc967,text,delivered,2026-03-29 07:01:17,
c0d0984d-6a49-4220-9ffe-f50c1d922821,2026-01-07,msg_00110,Ub0341314a5534ea92b26fa8adc30543f,U63c2b290fd5d1a73abc529b8782352fe,video,delivered,2026-01-07 03:43:47,
309e81c4-a464-4bad-bef2-40b90241e2a9,2026-02-28,msg_00117,U743849e63f8101ac616f8fd0ba84a167,af3a8db3641e6a8309ee21751e26aad9,video,delivered,2026-02-28 04:10:30,
b7b186c9-1267-4549-aad1-be3cd905b22a,2025-12-24,msg_00091,U3bae1603803a839c0cb52f511d9cb8f6,Ufef30d4f737d476e81998f46e90d449a,imagemap,delivered,2025-12-24 17:03:43,
357c2b32-c6e6-4381-a004-18d22f17f038,2025-12-07,msg_00003,U227d1cd1a801c367de206ec4bbca7330,Ubbc487c9100559e53a784024b1190beb,image,delivered,2025-12-07 17:27:18,
fbc527fa-68a1-487b-9d96-a33966bcaae1,2026-01-03,msg_00044,Ue7310890b01058478be93761a56d0aa0,Ud91abe242ac8386e608d04a0ad0ad9ef,video,open,2026-01-03 00:18:36,https://example-saas.jp/lp/newmenu
2a8144da-28e0-40ac-bf55-b88fb4b2382e,2026-03-20,msg_00057,Ub0341314a5534ea92b26fa8adc30543f,Ue7f0a8b59280207c7e5feafc28551dfe,video,opened,2026-03-20 20:43:21,
f85a4e2b-0839-410d-8c81-d4d789d3b56e,2026-04-05,msg_00054,U3bae1603803a839c0cb52f511d9cb8f6,U99dc29dd65e829461e1be6fa11f993f2,image,delivered,2026-04-05 17:52:59,
3b907514-5df1-4c38-af5f-b59a45df6f85,2025-12-23,msg_00109,Ue7310890b01058478be93761a56d0aa0,U0aa2312055f7edfcede120e1bcdcf664,text,delivered,2025-12-23 14:26:51,
30b2112c-12ed-4cee-b5db-771c3fa106c1,2026-01-18,msg_00102,U227d1cd1a801c367de206ec4bbca7330,U527bf533974f93f276ce2d97e07e3fa3,video,delivered,2026-01-18 12:42:54,
cc7781c6-8c13-426a-9ae4-cdcd92b929c6,2025-12-17,msg_00032,U3bae1603803a839c0cb52f511d9cb8f6,Ud63d5aa4542be9ef3976fa5b1de3ba01,video,delivered,2025-12-17 09:20:39,
bb6c2f5f-09f6-481c-8881-22e1c60c064c,2026-02-20,msg_00095,Ub0341314a5534ea92b26fa8adc30543f,Uc913f5076e0d7da98e5d60c39af2a553,text,delivered,2026-02-20 10:58:36,
3256910a-7a59-4efd-9804-5df8e9753321,2025-11-23,msg_00053,U743849e63f8101ac616f8fd0ba84a167,Ua7da4f32644bc53fc898423a803a338c,video,opened,2025-11-23 17:54:16,
b009ed24-e57d-4d8c-a9ce-2da314957cb7,2025-12-03,msg_00012,U743849e63f8101ac616f8fd0ba84a167,Ud343976d5131b0e706bc197469aae42e,imagemap,delivered,2025-12-03 17:31:54,
43d8c424-498d-475b-a068-bd98f04279f4,2026-03-05,msg_00014,U3bae1603803a839c0cb52f511d9cb8f6,Uee8e2ef026708544d454f794aa30b245,flex,delivered,2026-03-05 11:48:11,
545fe7cb-03c8-47cb-b593-81546102727c,2026-03-05,msg_00014,U3bae1603803a839c0cb52f511d9cb8f6,U6c2ec4ba070d94a9dabd53b15a5d53be,flex,opened,2026-03-05 02:00:27,
a218ccb9-d3c8-4331-a1d3-91af4c9cfbab,2025-12-24,msg_00091,U3bae1603803a839c0cb52f511d9cb8f6,U331a4629c7daddaee69d49057338861f,imagemap,delivered,2025-12-24 14:14:15,
b5c0929d-fb8f-4b21-847f-e0147b9cef41,2025-12-19,msg_00064,Ub0341314a5534ea92b26fa8adc30543f,U1c130b39261bb47468bb6c124bea1033,image,delivered,2025-12-19 20:18:33,
e2c3d936-be3a-4379-a5f1-dd14f82df200,2026-01-24,msg_00066,U3bae1603803a839c0cb52f511d9cb8f6,U04bc370ac96e04aad9fe45873e5c42a7,image,delivered,2026-01-24 13:04:34,
e02eeaa8-92b0-4046-ac43-767c36e77dcd,2026-01-30,msg_00050,U3e5dd3a641c58ad50e49f095c6f1e306,U496e32cb1466bba87f4e9a79bd70ef34,image,delivered,2026-01-30 02:53:24,
c8d34d8d-c91f-41b7-871d-3048df4fec9c,2025-12-21,msg_00022,U3bae1603803a839c0cb52f511d9cb8f6,Uf92e2e647f666352856f77d0634a7fdd,video,delivered,2025-12-21 10:21:38,
ad292fe6-50ee-4834-88b1-efb0127e5376,2025-12-07,msg_00003,U227d1cd1a801c367de206ec4bbca7330,Ud9af0c04d93f0b69db1d5fda36d6ccc6,image,opened,2025-12-07 18:37:05,
08724ed8-9de5-4e21-b27d-a97f007664ac,2026-03-11,msg_00067,U7e808d11d6f9901a954a542a7ee09918,7e7a7c8994cad9bd4257d05f675c1fc7,video,opened,2026-03-11 22:06:31,
53791bf6-6b6f-4fbe-8703-f3ffe796eabd,2026-02-09,msg_00083,U3bae1603803a839c0cb52f511d9cb8f6,U8f78b09714d5b30fe03950772fb5c5a5,flex,delivered,2026-02-09 00:51:34,
ffd87efe-3ae2-4884-ae56-07d305310156,2026-01-29,msg_00031,U3bae1603803a839c0cb52f511d9cb8f6,U6615cab1ef2b1855d14a36ce54a245ec,video,opened,2026-01-29 03:53:48,
b5575204-dbc0-48d7-b05c-731f000e09a9,2025-12-15,msg_00030,U3bae1603803a839c0cb52f511d9cb8f6,Uc38d38fb6b195d71bfc04e61ba48a80c,video,delivered,2025-12-15 17:08:05,
8f6a3042-ade8-4071-b6cc-32927324318f,2026-02-20,msg_00036,U879eb903ad90cd9c2874f6df7651267a,U2cbc4ed4411a6742d9b8762f6d7e1cbb,video,delivered,2026-02-20 23:47:01,
9dc47d39-f7e8-41f8-9f25-74365d9c4aa9,2026-03-18,msg_00080,U22a93bc29b1df104af6b1ba1cd91fc56,Ub8b59c3bc23a2fe1c6eb5caf7f6e5b4e,flex,delivered,2026-03-18 00:49:54,
4008a974-3a2b-4137-a176-28a3c982148c,2026-03-14,msg_00009,U743849e63f8101ac616f8fd0ba84a167,2afbe6242c7fc6d07b7a7c8963c1e07e,imagemap,opened,2026-03-14 03:00:10,
c5004122-08ad-4937-a787-e24531402c06,2026-03-27,msg_00096,U476acbdef8e9a16d24575e4f6d7b0f31,U47b42ee7a360003f993ff60ac6ffaeb1,imagemap,failed,2026-03-27 17:43:46,
4264a16b-2f53-4413-ba05-08f4daacc128,2026-01-24,msg_00113,Ub0341314a5534ea92b26fa8adc30543f,U178e8cba1e176ffe9a57177909d5d264,text,delivered,2026-01-24 05:34:37,
01e38c0f-8d10-42db-9ac8-8bc1bdf196a2,2025-12-18,msg_00114,Ub0341314a5534ea92b26fa8adc30543f,Ude927d1f27a193311c01720db81c04f2,flex,delivered,2025-12-18 21:15:45,
b05ba441-dd9d-40ef-91b9-88af783bf4c7,2026-04-12,msg_00105,Ud4a92c8c8050eed40ef171cc2784d638,U0ffaaa627fc443485a1fc138471b2e7a,flex,delivered,2026-04-12 01:10:56,
099da8d5-653e-41a8-9f22-bb87fe93961d,2026-01-24,msg_00066,U3bae1603803a839c0cb52f511d9cb8f6,Uc7a10840549ae5f508131cc61799485d,image,opened,2026-01-24 19:39:00,
49159735-f6a0-4d0d-8f86-626907ed671c,2026-01-30,msg_00050,U3e5dd3a641c58ad50e49f095c6f1e306,Uddbe9783778e6f296fb50f329f3b41ea,image,delivered,2026-01-26 12:14:08,
3a570c11-843c-4e21-8702-b52b98612791,2026-03-03,msg_00093,U743849e63f8101ac616f8fd0ba84a167,Ufecb3e7381b07395edd4e031157539f3,imagemap,opened,2026-03-03 17:58:54,
e486f152-0fd1-423e-ad1f-44baa45c4716,2025-12-23,msg_00061,Ub0341314a5534ea92b26fa8adc30543f,Ua89b359439375da0f8206ea975fcde89,imagemap,delivered,2025-12-23 01:54:28,
39fbc2ad-7601-4eb3-b1bc-168350bce98f,2025-12-12,msg_00029,U743849e63f8101ac616f8fd0ba84a167,U42a5dbb4b3fb1320d52afe9aac0bdf69,imagemap,delivered,2025-12-12 15:48:20,
eeb6f3aa-dcbf-49e7-ac94-6466b13bcad0,2026-01-24,msg_00007,Ub0341314a5534ea92b26fa8adc30543f,U2417b7223765216f93d80ae60196281d,imagemap,opened,2026-01-24 22:51:05,
414df246-fd0e-422e-b194-adef9b627697,2026-04-08,msg_00041,Ue7310890b01058478be93761a56d0aa0,U5ca6e0b3b4defc10a1744b1ecf3aa95d,text,delivered,2026-04-08 23:41:08,
c09601b8-9b84-4c5b-aac1-70ecb5d166fd,2026-02-16,msg_00021,U743849e63f8101ac616f8fd0ba84a167,Ue8802c3161a90e23cd92ef326f89a31a,flex,opened,2026-02-16 11:16:21,
c30931d3-3377-4faa-934e-449718a04576,2025-12-24,msg_00091,U3bae1603803a839c0cb52f511d9cb8f6,U01c1e28c9020da2ebf6c32010adf4cff,imagemap,delivered,2025-12-24 23:45:27,
b89d2fcc-82b5-48c8-ad9b-465a9eb386db,2025-12-31,msg_00082,U227d1cd1a801c367de206ec4bbca7330,U99e9e8a3041e2d375313b844d0dae4f1,imagemap,delivered,2025-12-31 02:26:01,
28ff5045-6f65-4bd4-89ea-5a1126b51f74,2026-04-01,msg_00072,U4784fc8a8e1e4eb2435ad84e0ad052f2,U4e72ecb1ad7786594110e43c9c6e0124,image,delivered,2026-04-01 10:59:47,
217a34d6-0961-40a7-9741-ff4b1aa2e4c7,2025-12-22,msg_00013,Ub0341314a5534ea92b26fa8adc30543f,Ua2ef4b268d83df9e20abb1cc86c5406c,image,delivered,2025-12-22 02:38:33,
88ea0c7a-cccb-42d5-9b4f-e87afb41a4b7,2026-01-26,msg_00103,U3bae1603803a839c0cb52f511d9cb8f6,Ue8189cddd4be9021f747802d72f29860,flex,delivered,2026-01-26 12:55:54,
d5432517-a5dd-412b-b2a5-442df1055431,2026-03-16,msg_00002,U3bae1603803a839c0cb52f511d9cb8f6,Ue7df3e3e30eda69e2ed6de6374d1e734,text,opened,2026-03-16 04:01:04,
a75ac051-ffba-4f5b-91cc-44fad8a43e24,2025-12-23,msg_00109,Ue7310890b01058478be93761a56d0aa0,Uc1739064a542de544c4ec12f1692b5b7,text,clicked,2025-12-23 17:17:54,
abe89941-52d8-4794-ab6a-718dcee41f1e,2026-02-10,msg_00058,Ue9a1e8a5b83a6b296d43c957a8cfba4a,U779c83fc15d0dd917feeb3ade8c371f2,video,delivered,2026-02-10 04:36:03,
6a0590e5-a4e2-4fd5-bd58-31c0a9737a1b,2025-11-22,msg_00047,Ue7310890b01058478be93761a56d0aa0,Ub0514978bd86ccf33d706ef36a00d0c5,video,opened,2025-11-22 01:56:31,
8755c119-fe5f-4072-be64-55160d5498c8,2026-03-20,msg_00057,Ub0341314a5534ea92b26fa8adc30543f,f4537ef49c70817ec199e9a0c63c736f,video,delivered,2026-03-20 19:52:53,
7224216d-d008-4a99-8fa8-31aaf13e147d,2025-11-21,msg_00010,Ue7310890b01058478be93761a56d0aa0,U36083027eb375e07f4e638294bcf6963,imagemap,delivered,2025-11-21 23:53:53,
005d913d-a1e2-4c37-90b9-8e7c9356a05f,2026-02-20,msg_00095,Ub0341314a5534ea92b26fa8adc30543f,U5689e2b52a6abbc788624037012debce,text,opened,2026-02-20 15:12:22,
a92ed86d-a7d1-4217-9e77-49231c1be1d2,2026-01-24,msg_00007,Ub0341314a5534ea92b26fa8adc30543f,Ud7e965554dba567cafea9997703bab9a,imagemap,opened,2026-01-24 06:57:03,
c5847f3f-1d14-4076-8b43-7d28aecb843e,2025-11-23,msg_00024,Ue8d9224ecde331ce692edfce0b5ecdc4,Uff1ec8679c106b71e7d2bfd1bf7d43da,text,opened,2025-11-23 23:44:31,
6c81b15d-5d2c-4aee-81de-4d526a8279f2,2026-03-08,msg_00112,U3bae1603803a839c0cb52f511d9cb8f6,U978547131f923ccc750d98bc3395131c,image,delivered,2026-03-08 14:55:11,
b8fdbcc5-0c4d-4f91-9b28-61ba3f2820a3,2026-01-24,msg_00007,Ub0341314a5534ea92b26fa8adc30543f,4e88f5f2f84f59376d59a512309439bc,imagemap,opened,2026-01-24 22:35:10,
de72ca93-778e-4ca2-94d4-c62e449ebdef,2026-04-10,msg_00101,U743849e63f8101ac616f8fd0ba84a167,U65c30f9d708fb39a0846aa3468cfb708,imagemap,delivered,2026-04-10 17:11:18,
cfd42d99-9d3a-48b4-bb79-777b8ccb160e,2025-12-23,msg_00109,Ue7310890b01058478be93761a56d0aa0,U0a5ef73b9bd935f01d90363a4286b2b5,text,opened,2025-12-23 16:16:31,
e226f3c1-ccc8-4c1b-b3c0-1e1e52ef5796,2026-04-04,msg_00049,U476acbdef8e9a16d24575e4f6d7b0f31,082bd1e630e5b64540147b0f241df2d9,text,delivered,2026-04-04 22:49:11,
e26a2f90-0ea1-4e04-b29e-21736cdaa31a,2026-01-17,msg_00037,U7e808d11d6f9901a954a542a7ee09918,U5e76a5ff2b31765500c21944e4effcf6,text,opened,2026-01-17 20:11:29,
27165d74-beec-4599-8871-2e44e984b046,2026-03-13,msg_00001,U4784fc8a8e1e4eb2435ad84e0ad052f2,U5d9aae1e090122a6eb39f8602778bb52,image,delivered,2026-03-13 06:56:06,
4e5d6f6a-a80a-4883-a763-2c42b2ff86ce,2025-12-19,msg_00064,Ub0341314a5534ea92b26fa8adc30543f,U2460bba0337b66058e0d3e27d21b9aaf,image,delivered,2025-12-19 05:06:30,
8743978a-f0c3-472c-bb82-0d87e105118a,2026-01-07,msg_00110,Ub0341314a5534ea92b26fa8adc30543f,Ua3cf377d84defa7079f9bbe6dfbe494d,video,opened,2026-01-07 13:53:26,
42ba0879-6a43-4726-bb32-c1f9f0441f2b,2026-02-09,msg_00083,U3bae1603803a839c0cb52f511d9cb8f6,U23e803d001173b199ca07bf8c36a6368,flex,opened,2026-02-09 17:59:38,
04c9f9c0-b1fa-45c7-a7df-1268d5d6da92,2025-12-19,msg_00064,Ub0341314a5534ea92b26fa8adc30543f,U86395785ff8c43c4eac0817000ee43a6,image,delivered,2025-12-19 23:29:50,
724e18e6-1e83-487a-88df-13b8cf152e69,2026-01-09,msg_00052,U743849e63f8101ac616f8fd0ba84a167,U0a8f6cce10438b78bfd0e44d5b6eceb7,video,clicked,2026-01-09 14:11:12,https://example-saas.jp/survey
029b58a0-9c2e-49ee-88ad-566a9d2b9446,2026-01-24,msg_00066,U3bae1603803a839c0cb52f511d9cb8f6,U4a1997477ad5c5b9e3597492c697b0df,image,delivered,2026-01-24 23:15:02,
cfb39b53-1ea9-410b-8468-aca04a386f1e,2026-01-13,msg_00060,U3bae1603803a839c0cb52f511d9cb8f6,U2779315ab5f6b1f73d55d1d037ea73eb,image,delivered,2026-01-13 22:18:50,
9a742b29-c520-49d1-9ff3-1f56273a4f67,2025-11-17,msg_00099,U3bae1603803a839c0cb52f511d9cb8f6,36a8076c04d79ca29c4ac4ec008ee505,text,opened,2025-11-17 12:19:17,
3c0d0399-f127-4390-aba2-7e9bcd4c4426,2026-01-26,msg_00103,U3bae1603803a839c0cb52f511d9cb8f6,559a1032d6d1c5798200a73966bfcb55,flex,clicked,2026-01-26 20:09:12,https://example-saas.jp/lp/newmenu
9b480f65-d07b-4dfa-ada8-87adbc947481,2025-11-17,msg_00099,U3bae1603803a839c0cb52f511d9cb8f6,455e2803557361b30dc2deb1b87c31cf,text,delivered,2025-11-17 10:54:48,
fa19f6cd-57c4-402d-8622-a36f67cd240b,2026-01-20,msg_00026,Ud4a92c8c8050eed40ef171cc2784d638,88e25a0d45557c45385034efa7d0d341,imagemap,delivered,2026-01-20 15:50:22,
81fe39b0-c274-489c-9568-925d17bd876f,2025-12-22,msg_00038,Ub0341314a5534ea92b26fa8adc30543f,U3bcd419bfe9ed89ec5b0f543db4be5f7,image,delivered,2025-12-22 22:28:16,
7dfb8b33-8c2e-442a-b6b9-ab94bf93c905,2025-12-03,msg_00012,U743849e63f8101ac616f8fd0ba84a167,Uea345a47c70654a29c724d56497ef0b3,imagemap,opened,2025-12-03 07:00:27,
df1a8a8f-64b0-4087-bc72-1431290e2b2f,2025-12-15,msg_00030,U3bae1603803a839c0cb52f511d9cb8f6,Uad671eb5c5e33026fb88f852a0b20c28,video,delivered,2025-12-15 05:29:43,
990cef8d-b788-4061-bcaf-36c1e1109870,2025-12-07,msg_00003,U227d1cd1a801c367de206ec4bbca7330,Uf8d5c12a510dc5eaded74c197e2982d9,image,opened,2025-12-07 17:24:03,
00cce1ef-53c8-4f3a-90af-2b60b102013d,2026-01-20,msg_00108,Ub0341314a5534ea92b26fa8adc30543f,Uabc13a410d7228244b3990b15fe4d34e,flex,delivered,2026-01-20 02:38:25,
4497d814-a860-4ebd-83b9-cc59f972512e,2025-12-14,msg_00085,U743849e63f8101ac616f8fd0ba84a167,Ud14383f486bf57adda237763f016eff1,image,delivered,2025-12-14 21:15:17,
c4ef5523-6bdc-4718-a71a-de06eb50467f,2026-02-14,msg_00065,U743849e63f8101ac616f8fd0ba84a167,U2a10a621d2a8aacaf97606f1dc5dfaec,image,delivered,2026-02-14 08:13:13,
2fbc1d57-0211-4102-bad1-26132e990774,2026-01-26,msg_00086,U4784fc8a8e1e4eb2435ad84e0ad052f2,Ua348cea38922b940f01e68b1c485325e,text,clicked,2026-01-26 06:39:58,https://example-saas.jp/campaign/spring
15a7dea1-04c1-47c6-bb45-5580e33b58d9,2026-03-14,msg_00009,U743849e63f8101ac616f8fd0ba84a167,Ua4106c4afb386fe117bd0abad20080af,imagemap,opened,2026-03-14 19:43:08,
466a1685-a416-4c48-be3f-442a02e4a092,2025-12-25,msg_00045,Ue7310890b01058478be93761a56d0aa0,U30ba972bc5849f9a586e99982e7c1d1e,video,delivered,2025-12-25 20:45:38,
5cbbc7c0-8f5b-47f2-afa6-0db8bef6c3d1,2026-01-07,msg_00110,Ub0341314a5534ea92b26fa8adc30543f,U563f30b05f9079e796c9b072c303b920,video,delivered,2026-01-07 02:25:47,
72fed48d-faa9-40ba-ac46-018d353719a0,2025-12-31,msg_00082,U227d1cd1a801c367de206ec4bbca7330,fd65c5ae81b505df054cbf06eae524d5,imagemap,delivered,2025-12-31 03:16:16,
9b6ce613-71ed-482c-8223-55e5231bba95,2026-01-18,msg_00102,U227d1cd1a801c367de206ec4bbca7330,Ud2dfa23df02c215d42443fc4ae768876,video,opened,2026-01-18 09:30:56,
4b110015-30af-4242-9ac6-1bb2984dc067,2026-01-24,msg_00007,Ub0341314a5534ea92b26fa8adc30543f,Uc5001d4e675b9d3dae3c81d21afa62b9,imagemap,delivered,2026-01-24 15:04:55,
b705c903-2ab4-43f1-88fe-7d8eb1ea7679,2026-02-20,msg_00017,U22a93bc29b1df104af6b1ba1cd91fc56,U34af88e97351899f4a3fc9e378b56d0a,video,opened,2026-02-20 17:33:46,
287a102b-c1af-4b28-ac84-5ead4d27abd4,2025-12-25,msg_00077,U743849e63f8101ac616f8fd0ba84a167,U627d3a18f024be466bafd42b3a7660fb,text,delivered,2025-12-25 08:34:46,
69218b71-1eff-47d2-a292-09cc754c245e,2026-03-22,msg_00119,U3bae1603803a839c0cb52f511d9cb8f6,U2d79330a69945b00e5a0069e4d1ad51e,imagemap,opened,2026-03-22 22:26:20,
d1d84588-7a6f-468f-af36-80ae2c1bfbfb,2026-01-29,msg_00031,U3bae1603803a839c0cb52f511d9cb8f6,661b5cd979f006ed92593c76410ecf30,video,clicked,2026-01-29 00:54:58,https://example-saas.jp/lp/newmenu
79429a68-eab4-45b3-856f-2299619a042a,2025-11-26,msg_00028,U3bae1603803a839c0cb52f511d9cb8f6,U6787b68e07fec50126e8436d24781df7,image,delivered,2025-11-26 20:50:14,
6562d3a9-5afe-423c-8fb1-99932991d71a,2025-12-03,msg_00012,U743849e63f8101ac616f8fd0ba84a167,Ufba555600049c9763ace24b507260fc3,imagemap,delivered,2025-12-03 13:19:55,
88818972-9afb-4296-9aa4-b28ed508be10,2026-04-05,msg_00054,U3bae1603803a839c0cb52f511d9cb8f6,Ue642134cfb027c4a1001f7145a0a842b,image,failed,2026-04-05 12:18:41,
6c7cc42e-0ab0-47e5-92e1-1e3b436ed717,2026-03-16,msg_00002,U3bae1603803a839c0cb52f511d9cb8f6,Ua4e77c680a3061ba119591e55d944da7,text,clicked,2026-03-17 01:01:50,https://example-saas.jp/lp/newmenu
88b37a90-e020-44fe-b219-2d3dbb155b14,2026-03-08,msg_00112,U3bae1603803a839c0cb52f511d9cb8f6,U016cbcebde94140b0d250de9875511cc,image,delivered,2026-03-08 12:57:59,
a93a4b0a-0861-4cba-8220-2292edf9ad46,2026-03-05,msg_00014,U3bae1603803a839c0cb52f511d9cb8f6,Ue13f1d62b2e5e3e84a2fa0c84f5bf0e8,flex,delivered,2026-03-05 18:53:52,
ad357c42-b9d3-4c57-ae7f-1552a9f206f4,2026-01-30,msg_00050,U3e5dd3a641c58ad50e49f095c6f1e306,Ue6a113b9ec9ac6d4012f816c8cc33e7a,image,delivered,2026-01-30 19:06:33,
82ecc6de-86a2-49d8-8df1-26a150bd023b,2026-03-06,msg_00068,Ub0341314a5534ea92b26fa8adc30543f,U8097a6a68bdce0a3d1c7ecc290518855,video,delivered,2026-03-06 04:05:14,
7413d82d-d4ae-47e0-a8ca-fe83e6b85cfc,2025-11-21,msg_00010,Ue7310890b01058478be93761a56d0aa0,U2f4cc37cd0948d8c11a015050b6633d4,imagemap,delivered,2025-11-21 23:43:59,
bd8309c8-3a25-487f-92cb-4c82a83dc666,2026-02-08,msg_00051,U3bae1603803a839c0cb52f511d9cb8f6,Ud1709b16dcdf1a007eb70167b5317699,image,opened,2026-02-08 23:51:47,
f83983af-7469-4f87-9a90-200e9c3c8c4a,2026-03-31,msg_00046,U4784fc8a8e1e4eb2435ad84e0ad052f2,Ucf688e091f4a31f877b075b7da240989,flex,clicked,2026-03-31 21:06:54,https://example-saas.jp/survey
625bb059-8b21-4a3b-b9fd-13bda1623b90,2026-04-12,msg_00120,U227d1cd1a801c367de206ec4bbca7330,U9ee512a7579cde6d7031f13593bad36a,text,delivered,2026-04-12 11:23:56,
65f54196-3b2a-4d54-9003-c21910263f11,2026-02-08,msg_00051,U3bae1603803a839c0cb52f511d9cb8f6,U0c2686d1c52e07e2771d33898e349ec4,image,delivered,2026-02-08 11:09:28,
a94ca2b2-f789-4916-bef8-0c04785124d9,2025-11-23,msg_00053,U743849e63f8101ac616f8fd0ba84a167,U02c17d24dbb6b67436f723dc4ef005b8,video,delivered,2025-11-23 08:19:50,
793b39d7-9925-4ee2-8b00-29197ca78a5f,2026-03-08,msg_00112,U3bae1603803a839c0cb52f511d9cb8f6,U0acd2a2670d45be08bed77082fadff90,image,delivered,2026-03-08 19:42:29,
fa1b12cb-9717-4785-998b-e3e5d01cee47,2025-12-31,msg_00082,U227d1cd1a801c367de206ec4bbca7330,U1d911d51679211947c07fcb8bd5cd60b,imagemap,delivered,2025-12-31 19:33:46,
a2d8295a-1429-4aae-939f-4d39c0cf7242,2026-02-14,msg_00098,U743849e63f8101ac616f8fd0ba84a167,U4caddcab5ff303e322c307ba49924366,imagemap,delivered,2026-02-14 15:40:02,
b4f51f2d-fb33-466c-9ce3-a470a18dcf28,2025-12-17,msg_00032,U3bae1603803a839c0cb52f511d9cb8f6,U39dc2a00a68372bdf765f2f5566be875,video,delivered,2025-12-17 20:45:07,
8e8e6cef-5654-45ea-813c-40d8685e01ac,2025-11-30,msg_00025,Ub0341314a5534ea92b26fa8adc30543f,Ucf3c36ef402ccb4f0dca4067e261e94b,imagemap,delivered,2025-11-30 08:10:20,
6df9a597-096d-416a-a52c-082b01aa980f,2025-12-18,msg_00114,Ub0341314a5534ea92b26fa8adc30543f,U7134cfd27e01c862f1f2400200bd148c,flex,opened,2025-12-18 04:32:02,
6a1085d2-ba3d-4367-9e9d-0c149ab3a905,2026-03-27,msg_00096,U476acbdef8e9a16d24575e4f6d7b0f31,Ub85d1087329c421341949104daadfd6f,imagemap,delivered,2026-03-27 18:58:22,
4e4bff67-6b02-47a0-a0a9-145d7709f3a8,2026-02-14,msg_00098,U743849e63f8101ac616f8fd0ba84a167,91b75fab6a186d163167a083e00a691c,imagemap,delivered,2026-02-14 22:42:22,
b05a1597-25bc-416b-b288-5468b17a33da,2025-12-24,msg_00091,U3bae1603803a839c0cb52f511d9cb8f6,U8f53cb3863b5a28d2dac76d599b6f78f,imagemap,delivered,2025-12-24 06:26:02,
21accf96-b3e7-444d-88aa-fff6854dcd21,2025-12-12,msg_00029,U743849e63f8101ac616f8fd0ba84a167,Ueaf24adfa50a2b2a0c744d887dc7eb7b,imagemap,delivered,2025-12-12 17:17:52,
7fd50076-ac55-4e87-95a8-13b638f244e1,2026-03-03,msg_00093,U743849e63f8101ac616f8fd0ba84a167,U88dd977b772946c2df3b8074dd8647de,imagemap,delivered,2026-03-03 07:38:05,
0205df37-9dc0-4656-a621-90aacf16dceb,2026-02-16,msg_00021,U743849e63f8101ac616f8fd0ba84a167,U0eb929e24c771b482295ea4de3d53d58,flex,delivered,2026-02-16 21:08:06,
ea425d4c-58b5-40eb-9535-36aca5a54f01,2026-02-20,msg_00048,Ue7310890b01058478be93761a56d0aa0,U32b4f45dc2abd7214ffbbd862a13269d,flex,delivered,2026-02-20 08:48:09,
e630edbd-e5ea-46f5-a989-a10271e003b1,2026-01-13,msg_00060,U3bae1603803a839c0cb52f511d9cb8f6,ac22c48a5d4816577bb869958d665ab3,image,opened,2026-01-13 11:48:13,
fdd26ddb-543e-4cbb-972b-33747809b0c5,2026-01-20,msg_00108,Ub0341314a5534ea92b26fa8adc30543f,Uabc13a410d7228244b3990b15fe4d34e,flex,opened,2026-01-20 03:57:35,
5286d9db-cf65-485e-a6a3-e092275638af,2026-04-12,msg_00105,Ud4a92c8c8050eed40ef171cc2784d638,8a1f44fe623547ab394e073ef72d4ad3,flex,delivered,2026-04-12 11:50:01,
476d8b79-9de4-4792-803e-300374b6c2cf,2026-01-24,msg_00007,Ub0341314a5534ea92b26fa8adc30543f,Ue01bdcd5ea7a562498a4d936e06be512,imagemap,opened,2026-01-24 16:32:23,
2a5acafb-a3ab-4c53-87e3-3c7b4d72a9b5,2026-01-07,msg_00110,Ub0341314a5534ea92b26fa8adc30543f,U866092dab9db819ba5e361c678366cc7,video,delivered,2026-01-07 17:50:18,
7a8ffb8f-ab53-40eb-ba89-6057dbd11262,2026-03-20,msg_00092,U743849e63f8101ac616f8fd0ba84a167,Ud5ff01e76b5a3825271ca81d17acae4f,video,opened,2026-03-20 10:29:18,
9901d89d-de1f-47c4-946d-99607944b792,2026-03-03,msg_00093,U743849e63f8101ac616f8fd0ba84a167,U8f02b8449ec1a5fe97a26bc2c9f92d6f,imagemap,delivered,2026-03-02 10:25:06,
152e8d8a-928d-4123-88d5-f52a0eda4e2d,2026-03-23,msg_00071,U3bae1603803a839c0cb52f511d9cb8f6,Uce8fe51258d70a768dc6a7b251cf732b,imagemap,delivered,2026-03-22 17:10:32,
d4efb6f7-7a0a-4404-b5aa-dae1d5f25e57,2026-04-01,msg_00072,U4784fc8a8e1e4eb2435ad84e0ad052f2,U34a6d6a3d2039cb3151ff6be65eb7ddd,image,delivered,2026-04-01 23:57:43,
951a1835-9814-4219-86ad-b37346f02a0e,2026-03-27,msg_00096,U476acbdef8e9a16d24575e4f6d7b0f31,Uee80a8630769ddc1a8a161bdbf6de533,imagemap,opened,2026-03-27 01:55:33,
38a6e1c9-e0af-437b-ad02-07e6af664dbc,2026-03-11,msg_00104,Ub0341314a5534ea92b26fa8adc30543f,Ue9867655bb4822e96cb82f2127149382,image,delivered,2026-03-11 15:29:18,
d0b7eb1b-7641-4d62-8768-1752410cb830,2026-03-06,msg_00055,U3bae1603803a839c0cb52f511d9cb8f6,Uc79007e620d8d73ef7e149765f31e537,flex,opened,2026-03-06 17:49:11,
0aaf976b-f47a-4bb4-b40f-73ad5eb8462a,2026-02-14,msg_00065,U743849e63f8101ac616f8fd0ba84a167,U27ea75fb866a47aa3beacd6ec10b7fc1,image,delivered,2026-02-14 20:34:04,
6f112809-262d-4b84-9adc-d182b92f8c02,2025-11-24,msg_00033,U3bae1603803a839c0cb52f511d9cb8f6,Ud0e541a982235b6156c85dcfe175957c,text,opened,2025-11-24 04:31:34,
4f7c8199-a644-48ab-aaab-0f33e5962660,2025-11-17,msg_00034,U743849e63f8101ac616f8fd0ba84a167,U9c17c333f51e4f9411bf0871df86f502,text,opened,2025-11-17 20:39:03,
e6d06188-3d6e-4fe1-a997-fc607279485c,2026-01-18,msg_00102,U227d1cd1a801c367de206ec4bbca7330,U2ee7fd21319fa8a0a6168d2f8cb26b4c,video,delivered,2026-01-18 00:01:16,
43838bf4-07f1-4d95-a136-ba940316280d,2026-02-08,msg_00051,U3bae1603803a839c0cb52f511d9cb8f6,Uf564c6b8c31166fffa5c7d5a171cb164,image,opened,2026-02-08 03:20:16,
406d9406-e977-4101-a72e-015e5ce9d75a,2025-12-22,msg_00038,Ub0341314a5534ea92b26fa8adc30543f,Ua7ace3070a498884f993810963f84f56,image,delivered,2025-12-22 06:48:20,
02a90d43-8b22-4d7b-913e-842d9fd685e7,2025-12-25,msg_00045,Ue7310890b01058478be93761a56d0aa0,9b8bda892f078b4cc517e143c203e83b,video,opened,2025-12-25 18:09:48,
6a980b59-3b92-40a9-9935-4edbeca9bca3,2026-02-10,msg_00058,Ue9a1e8a5b83a6b296d43c957a8cfba4a,U42a3015fed0d79ea02fb2b44513f864f,video,delivered,2026-02-10 03:43:50,
9dd98caf-5345-4dca-9718-cc5d9ab98ea4,2025-12-19,msg_00118,U4784fc8a8e1e4eb2435ad84e0ad052f2,Uf04155a69c3eba0b246cda1f47783cca,image,opened,2025-12-19 20:11:11,
b678e9e7-27cc-439d-89f5-239aebcc2e4a,2026-02-08,msg_00051,U3bae1603803a839c0cb52f511d9cb8f6,Ue4e01f7c6096445ea857b146c984a89c,image,opened,2026-02-08 17:07:40,
bbd9e765-bdbd-405c-a761-310973142ead,2026-03-14,msg_00009,U743849e63f8101ac616f8fd0ba84a167,U7cc2907dec816d8ca88d19bc4e6fa874,imagemap,clicked,2026-03-14 15:16:24,https://example-saas.jp/campaign/spring
8cf9c1fb-fdd3-4099-aeb4-de340b43d08a,2026-02-20,msg_00095,Ub0341314a5534ea92b26fa8adc30543f,U8b589412c2a8daf2dcd75f111f481da1,text,delivered,2026-02-20 13:41:02,
140e04d9-fa9b-4ad9-a49f-d87f5dee720b,2026-04-05,msg_00054,U3bae1603803a839c0cb52f511d9cb8f6,Ua8b8b0d8aa62222d26eceedd1fcf583d,image,clicked,2026-04-05 19:19:26,https://example-saas.jp/coupon/500off
cd857f2f-7ddf-4c49-8054-257ca6670cac,2026-01-26,msg_00005,Ub0341314a5534ea92b26fa8adc30543f,U3a95ad3b598177157ba4e3d6ff5f989d,image,clicked,2026-01-26 11:14:35,https://example-saas.jp/lp/newmenu
7eaac671-b5f5-4249-a56f-8a293b6eea70,2026-03-11,msg_00104,Ub0341314a5534ea92b26fa8adc30543f,U834f596f6b4cdfb79f25c648ccb56170,image,clicked,2026-03-11 15:30:15,https://example-saas.jp/survey
d3bcf739-8422-4c56-a2d2-14c10e91af88,2026-01-09,msg_00052,U743849e63f8101ac616f8fd0ba84a167,U86428de36570d5656a30febc01c663cf,video,delivered,2026-01-09 14:26:58,
d48f63cb-d2e5-45ee-83da-cfc229b718fc,2026-03-20,msg_00106,U3bae1603803a839c0cb52f511d9cb8f6,U0184266a80ea5ebb38df4a02f2220fbe,video,delivered,2026-03-20 14:39:57,
e57fd16d-88c5-4f54-8bd2-ac70d096bd9f,2026-01-13,msg_00060,U3bae1603803a839c0cb52f511d9cb8f6,Uf0d25ca65b2aae5b2654516ac6c15852,image,clicked,2026-01-13 02:59:27,https://example-saas.jp/lp/newmenu
670e8d0f-8e6d-4519-80db-36200f00885d,2025-12-25,msg_00045,Ue7310890b01058478be93761a56d0aa0,Uf7f01412a92ee1fa6a0109843562b101,video,opened,2025-12-25 18:43:12,
6e5b1e04-3149-4bff-bf8a-0780b0b54d84,2025-12-24,msg_00062,Ub0341314a5534ea92b26fa8adc30543f,Uecc02c204840714db8c2dd97f2bb32bf,video,delivered,2025-12-24 17:19:05,
57d636ba-00e7-4584-abe0-cfd67aff5a7a,2026-04-04,msg_00100,U743849e63f8101ac616f8fd0ba84a167,Uc224e704363d19b71f7558001589ef0a,image,delivered,2026-04-04 19:13:14,
281ed291-54ef-463e-82e8-a50feabba68d,2026-01-26,msg_00005,Ub0341314a5534ea92b26fa8adc30543f,U3d686c635b902d8411ff0ad4a65f04c1,image,delivered,2026-01-26 18:42:27,
554a6803-e837-425d-ab2d-477bdc7a222f,2026-02-15,msg_00087,U3bae1603803a839c0cb52f511d9cb8f6,U5fb78d89b6676559e401bdc319048eb5,imagemap,delivered,2026-02-15 16:34:59,
a4aae0e6-c77d-4d69-ad66-1bba1cc7466a,2025-12-09,msg_00069,Uc20f9c7e9b662bedec3cb78e127885c7,U4d8a1f5c7ad45e56528c105ea895ebea,imagemap,delivered,2025-12-09 20:40:42,
2d61da41-b71e-4170-a874-e402e778c82a,2026-02-15,msg_00006,U743849e63f8101ac616f8fd0ba84a167,U4307cda07ddff87957062105c59d1f6c,flex,delivered,2026-02-15 16:31:30,
0ec3b4e9-fdd8-40e6-9a0a-a2cb115f8dc2,2026-03-05,msg_00014,U3bae1603803a839c0cb52f511d9cb8f6,U3be27906bad85c94dd94d43f5a8b03e6,flex,delivered,2026-03-05 09:39:57,
bb1fae84-f130-433a-be92-84ac9eed98d5,2026-03-31,msg_00046,U4784fc8a8e1e4eb2435ad84e0ad052f2,Uf24b2f9f5bbdf2bc4747756dfe39301f,flex,opened,2026-03-31 09:50:46,
89c42d0b-b3c7-468d-a9c4-0cfbc1cbb479,2026-01-24,msg_00066,U3bae1603803a839c0cb52f511d9cb8f6,Uee47ae3b45a1467ac19debe53aac2aa1,image,delivered,2026-01-24 10:44:18,
85a74af4-12c3-43da-bb18-851e1d49d868,2025-11-17,msg_00099,U3bae1603803a839c0cb52f511d9cb8f6,95ecf3ad4cc312450f89c600ac72c87d,text,clicked,2025-11-17 23:42:59,https://example-saas.jp/campaign/spring
c84b077e-cd4f-4cd7-870f-5815d8fa892f,2026-03-20,msg_00106,U3bae1603803a839c0cb52f511d9cb8f6,Ubd8a2b4a3d09c8b45d92770507f6da76,video,clicked,2026-03-20 16:29:24,
66451686-8f4b-49d9-8fb9-70ce61a5a3b7,2026-01-26,msg_00063,Ub0341314a5534ea92b26fa8adc30543f,Ubbf9c069f9721772dec64e48a005f0d4,imagemap,clicked,2026-01-26 20:35:20,https://example-saas.jp/survey
09fee681-26a0-45a7-9505-3f172add6eb8,2025-11-16,msg_00020,U3bae1603803a839c0cb52f511d9cb8f6,U3c57946958b794b20e8d47c7ab1f2ff3,text,delivered,2025-11-16 04:14:57,
adbcdddf-74de-48cf-bac6-a00abe010143,2026-02-20,msg_00017,U22a93bc29b1df104af6b1ba1cd91fc56,Uf004f1e501ee7f3e820ab9de3661e97d,video,opened,2026-02-20 12:06:12,
e3393615-e9c9-4a6e-9d1c-b54dda29785e,2026-02-20,msg_00095,Ub0341314a5534ea92b26fa8adc30543f,Ua72d971372bf9d51ed40c99fd69f52bf,text,opened,2026-02-20 18:25:36,
d4dfeca1-64ee-413e-bd5e-fe99fc7e77b2,2026-03-20,msg_00106,U3bae1603803a839c0cb52f511d9cb8f6,5417fddc7a3c9bbdebce742c0a0c51e9,video,delivered,2026-03-20 14:19:55,
1c1948bb-e381-4d7b-adf4-7315e4911394,2025-11-23,msg_00024,Ue8d9224ecde331ce692edfce0b5ecdc4,Uda285bfc2c99fdee4ec85b139601ccda,text,opened,2025-11-23 06:31:44,
b51a6699-b1e6-49c9-a406-e6d2dbc2d5e1,2025-12-14,msg_00085,U743849e63f8101ac616f8fd0ba84a167,U649a48cd5d5de7d5f3a1d7b5ac5cfc83,image,delivered,2025-12-14 15:01:32,
59cf34a2-6e7f-4d1b-88cb-b5b6c716bd9f,2026-02-10,msg_00058,Ue9a1e8a5b83a6b296d43c957a8cfba4a,U5df7268660c6b45d7543bbccf28a2406,video,delivered,2026-02-10 13:06:58,
e235968a-b9fe-4c3c-8710-2f458c9c31f7,2025-12-14,msg_00093,Ub0341314a5534ea92b26fa8adc30543f,Ua527214958bf3703a45aeb88bdd75e12,image,open,2025-12-14 06:24:49,https://example-saas.jp/lp/newmenu
21efc689-b92c-42b4-926d-3f837eca406b,2026-03-22,msg_00119,U3bae1603803a839c0cb52f511d9cb8f6,8c2dd1eacde12f3c3d4a0e28abbe33df,imagemap,delivered,2026-03-22 14:04:39,
48b0b13a-01e3-462a-a944-1fd936bf8bb0,2026-01-26,msg_00103,U3bae1603803a839c0cb52f511d9cb8f6,U894510db7aa59b4a778e2e7f6e45edd8,flex,opened,2026-01-26 02:14:55,
3af5b512-9dcd-4fcc-bf0b-124c1c6aff4b,2025-12-17,msg_00032,U3bae1603803a839c0cb52f511d9cb8f6,U78ebf7fe0e0c35a72fd8073f9082c12a,video,opened,2025-12-17 01:29:45,
a5042fdc-e835-4b9c-abb8-6a09e20d14ed,2026-01-14,msg_00081,Ue7310890b01058478be93761a56d0aa0,U7d6fd089ed163e932842760906412e44,video,opened,2026-01-14 13:37:57,
3ee81147-6c1d-4cda-b792-1d516c19f52f,2026-01-26,msg_00005,Ub0341314a5534ea92b26fa8adc30543f,U3a95ad3b598177157ba4e3d6ff5f989d,image,opened,2026-01-26 11:07:45,
07f7319f-fc3c-48aa-9975-61f3379f9722,2026-02-20,msg_00048,Ue7310890b01058478be93761a56d0aa0,U556962abc74b61e69f312a77daa2312c,flex,delivered,2026-02-20 07:53:37,
1bcf2215-c594-4750-8817-a6795d994538,2025-12-09,msg_00094,U227d1cd1a801c367de206ec4bbca7330,6dfab11932de09a4832ab53e73dfd67f,flex,delivered,2025-12-09 02:35:20,
4be6401b-dec8-48f1-ad30-78d3f922e9fe,2025-12-17,msg_00032,U3bae1603803a839c0cb52f511d9cb8f6,c0e17388d28dbaed1c0dc778118377dc,video,delivered,2025-12-17 08:07:26,
ffd92089-d4cc-4f53-b554-1e0e7a280da0,2025-11-22,msg_00047,Ue7310890b01058478be93761a56d0aa0,U137e1f10841166a18f645436a81a4158,video,opened,2025-11-22 01:19:36,
e4b95f1e-c56b-4fbe-b011-453001d11152,2026-02-14,msg_00098,U743849e63f8101ac616f8fd0ba84a167,3310cebcb3d3caa58a45f45577778d44,imagemap,opened,2026-02-14 22:01:30,
b139725b-c394-46e4-868d-fcfb84ae239a,2025-12-21,msg_00022,U3bae1603803a839c0cb52f511d9cb8f6,U405f5aaeffc831a536fb9f218973b935,video,delivered,2025-12-21 00:09:25,
bdab2c93-21bd-43f6-bea2-421cbae39e58,2026-04-04,msg_00049,U476acbdef8e9a16d24575e4f6d7b0f31,Uc5c2dc2c18819117ce69f104a260ad5b,text,opened,2026-04-04 13:06:30,
40ca270e-b391-47a2-96a1-4c5d6153cdd5,2025-11-25,msg_00043,U3e5dd3a641c58ad50e49f095c6f1e306,U5462f642f7db85b9bfe74cacdff16b06,flex,delivered,2025-11-25 06:32:35,
18ec8b53-8e5a-4800-8bde-39385166532f,2025-11-17,msg_00099,U3bae1603803a839c0cb52f511d9cb8f6,Udb32b1220660071442238654746c1361,text,delivered,2025-11-17 22:56:21,
341f4bff-bfec-477c-bfa6-f83e958136b0,2026-01-26,msg_00063,Ub0341314a5534ea92b26fa8adc30543f,Uc199d4fd889c0934a0dea49d175e4758,imagemap,delivered,2026-01-26 10:28:30,
215460a5-3316-4390-aa72-66956ef4d111,2026-02-07,msg_00090,U4784fc8a8e1e4eb2435ad84e0ad052f2,Ufd8fb53a3f152e54b5efa524a0f58c6f,imagemap,opened,2026-02-07 17:42:09,
38a8151f-263c-4238-975b-036344236ad6,2026-02-10,msg_00058,Ue9a1e8a5b83a6b296d43c957a8cfba4a,U536ba8673df5dfb1bc3564129e2e99bc,video,delivered,2026-02-10 14:43:01,
f16b71af-9681-43d7-a935-7b997ac8dddd,2025-11-17,msg_00099,U3bae1603803a839c0cb52f511d9cb8f6,Ufe74ac8fde955ea515acdc38d3c7cfc2,text,opened,2025-11-17 05:45:53,
027a1793-6c44-45f7-9be9-3efdcf06c0bc,2026-02-07,msg_00090,U4784fc8a8e1e4eb2435ad84e0ad052f2,Ucf7d2c0815143206ebad90a1a0387d3f,imagemap,delivered,2026-02-07 04:28:57,
ef1b8b26-f0e4-4869-a393-e0c87fddd121,2026-03-20,msg_00092,U743849e63f8101ac616f8fd0ba84a167,U0b3ab0abbf53942da062c3991c35b8e9,video,opened,2026-03-20 07:37:08,
7454f63f-20c0-469d-83ea-1deb8df5dc55,2025-12-23,msg_00109,Ue7310890b01058478be93761a56d0aa0,463092728d605dda7f382adc3cfc3abe,text,clicked,2025-12-23 04:44:34,
8722377d-e3e6-40eb-8eff-0981022fe675,2025-12-18,msg_00114,Ub0341314a5534ea92b26fa8adc30543f,Ua26358b74cb0953ecd66f76a45a060af,flex,delivered,2025-12-14 03:05:38,
bc46241b-810c-44cc-a666-3729b0723a89,2026-02-24,msg_00039,U743849e63f8101ac616f8fd0ba84a167,U198b1beb0f5ecefc037c5ec40efd931a,flex,opened,2026-02-24 22:18:51,
8dc3bc6a-3a37-4824-b113-956859b6889c,2025-11-23,msg_00053,U743849e63f8101ac616f8fd0ba84a167,Ud736518d80173dd4b9e0ed7871156021,video,delivered,2025-11-23 05:44:55,
6a3b5854-aec4-4121-b815-d123ae0e129e,2026-02-14,msg_00098,U743849e63f8101ac616f8fd0ba84a167,45d3dde752f67b8e01a6502756628ad6,imagemap,opened,2026-02-14 12:08:41,
a559c1bd-16a5-4617-8edb-3db6ffc33c16,2025-12-31,msg_00082,U227d1cd1a801c367de206ec4bbca7330,Uff9b11ee784b4c6bdbda8fdef9da9dba,imagemap,delivered,2025-12-31 05:41:00,
5025e302-1af0-4916-b033-544e5fcb9f71,2025-12-21,msg_00022,U3bae1603803a839c0cb52f511d9cb8f6,U1c89247ba2cdb5947b8bed8513e8fe2c,video,opened,2025-12-21 06:12:56,
82b77ab0-2617-426f-a91d-df95aadbd260,2025-11-21,msg_00010,Ue7310890b01058478be93761a56d0aa0,U0c7dafccf4f349425bb7bfb1aa017bee,imagemap,delivered,2025-11-20 07:44:54,
8173f8b3-4180-4b64-a755-e68317a96141,2025-12-31,msg_00082,U227d1cd1a801c367de206ec4bbca7330,7042c73ffe664b2b70b3abe14ac99a28,imagemap,delivered,2025-12-31 15:06:18,
9b8975a6-0822-42f7-97c0-44a49657dcee,2026-01-26,msg_00063,Ub0341314a5534ea92b26fa8adc30543f,U8374c353c3b1435cdcab0982646aec7b,imagemap,clicked,2026-01-26 11:16:05,
8d9d073c-4f97-4635-9535-52f9cecbc2a4,2025-12-31,msg_00082,U227d1cd1a801c367de206ec4bbca7330,Uc7095d3ad09b6eff0c809e2f3dd3cc2b,imagemap,clicked,2025-12-31 19:07:58,https://example-saas.jp/coupon/500off
21fbc5d3-7f32-4721-9cca-813c92bc939d,2025-12-23,msg_00109,Ue7310890b01058478be93761a56d0aa0,Ua93647623bc9de7afe30bfafc84a6c87,text,delivered,2025-12-23 20:21:41,
8e014b7b-1455-45a2-9e69-f2bed42e8d84,2025-12-03,msg_00012,U743849e63f8101ac616f8fd0ba84a167,U0d5238651eff4809f6eed57b9c4b2661,imagemap,opened,2025-12-03 07:52:50,
759421e9-2e8c-493e-a227-d7fc12c48484,2026-01-09,msg_00052,U743849e63f8101ac616f8fd0ba84a167,U0fa4ef25948842ba43fc072ef6b27bd1,video,opened,2026-01-09 22:00:01,
f7189f18-aa67-467c-8aec-fd2471121149,2026-02-20,msg_00095,Ub0341314a5534ea92b26fa8adc30543f,U03bafbb283920bc18ce8c314b9c9fed8,text,delivered,2026-02-19 06:47:59,
299813c2-f866-4049-9d2c-e0aaa7199a75,2025-11-23,msg_00053,U743849e63f8101ac616f8fd0ba84a167,Ue3794d6b17e12a9ec2c47a1515a47cda,video,delivered,2025-11-23 21:16:37,
565474c7-cc8c-49a9-925d-abe792b4b2ae,2025-11-23,msg_00024,Ue8d9224ecde331ce692edfce0b5ecdc4,U3ff599555a278f9d8241397dc7257b80,text,opened,2025-11-23 04:58:25,
d96bec96-92b2-4742-a560-29dbf0f92821,2026-03-25,msg_00079,U743849e63f8101ac616f8fd0ba84a167,Ua3772f623510deea1d7babfc9b106506,text,delivered,2026-03-25 00:50:05,
2bfd5eeb-cb25-4064-9ede-95dc6291a5f3,2025-11-24,msg_00033,U3bae1603803a839c0cb52f511d9cb8f6,Ud43c74cf266dfba54741ff726d4e3eff,text,delivered,2025-11-24 04:59:22,
3e21298b-825c-47e1-96aa-70961d5fdec8,2026-01-26,msg_00086,U4784fc8a8e1e4eb2435ad84e0ad052f2,Uad7f3f7f18af9a148f83549e14a20dbc,text,delivered,2026-01-26 21:02:19,
19b52cc4-be85-45d9-85ea-1dd9bbc6deec,2026-02-24,msg_00111,Ub0341314a5534ea92b26fa8adc30543f,41550daa14e91edccc44dc4e74b300b2,flex,opened,2026-02-24 18:17:45,
0b3d7b5e-bef0-43c0-9c04-edf07150832a,2026-02-16,msg_00021,U743849e63f8101ac616f8fd0ba84a167,U91bd85ecb40dd74d80c7ae3b1c9d4dbb,flex,delivered,2026-02-16 12:08:20,
bd3b49ae-68dc-46ff-a28a-503a5bca7f92,2025-12-18,msg_00070,Ue9a1e8a5b83a6b296d43c957a8cfba4a,U7e0ae954b50318aeec72c6576689e1aa,imagemap,clicked,2025-12-18 14:48:26,https://example-saas.jp/coupon/500off
5f8b5ac4-b135-45b9-8d07-6a8d0d9db4ab,2026-02-28,msg_00117,U743849e63f8101ac616f8fd0ba84a167,Ue0a2cb64fec15635fa99969c9c6eba4d,video,delivered,2026-02-28 22:58:01,
0b439a88-3a44-4d96-9331-0e64874bc3b4,2025-11-25,msg_00043,U3e5dd3a641c58ad50e49f095c6f1e306,bd930a6030710a9bb073510a513304ba,flex,delivered,2025-11-25 19:56:55,
80e81b31-39ef-4c5e-8026-e2b48d31af88,2025-12-24,msg_00091,U3bae1603803a839c0cb52f511d9cb8f6,Ud6b3496a74a8703b2fd2eba2fb51e076,imagemap,opened,2025-12-25 00:08:19,
6ca6d770-aa0f-4672-b8e1-d15ab5d79344,2026-02-14,msg_00042,U3bae1603803a839c0cb52f511d9cb8f6,Ua55919ff947c05249d5c76f7a17557e9,video,opened,2026-02-14 13:58:01,
002c5fc4-0107-4fb8-81db-e5f7d6d8c22d,2026-01-30,msg_00050,U3e5dd3a641c58ad50e49f095c6f1e306,U8777e0477e871ca7a9c35102785edad9,image,opened,2026-01-30 05:53:43,
65e21eb6-2a22-4524-a026-9bdd173af490,2026-04-08,msg_00078,Ud4a92c8c8050eed40ef171cc2784d638,U273c78cb7d061ef18a512a30ac564249,image,delivered,2026-04-08 06:50:32,
b99b66f0-16cc-4baf-8a3a-5627b0cf112b,2025-12-03,msg_00012,U743849e63f8101ac616f8fd0ba84a167,U3ada863c3361f540b1042af737f95ef1,imagemap,delivered,2025-12-03 07:37:04,
85486ab3-cbdf-4032-8d45-5352ab3ad8ac,2026-02-23,msg_00028,U4f8b2d7d97720f7d61a0294f1c9c3877,Ub981084c5c5ad3b15d5ae2de902bc276,flex,unsubscribe,2026-02-23 19:16:10,
4984772f-ed71-416f-a0d5-63b4898518a2,2026-04-04,msg_00049,U476acbdef8e9a16d24575e4f6d7b0f31,Uda8f36b81ae62830d14690e1a942541e,text,delivered,2026-04-04 08:01:18,
0a56cd92-fa0a-4cac-b584-319e107078c0,2026-02-14,msg_00098,U743849e63f8101ac616f8fd0ba84a167,U4cfada7bab57b38065ec9389cf717f40,imagemap,opened,2026-02-14 08:34:05,
32639ab3-b0d4-4250-ac6b-d97f42682658,2025-11-24,msg_00033,U3bae1603803a839c0cb52f511d9cb8f6,U2d1ae72a403e1b6c47701de0155fd51a,text,opened,2025-11-24 08:30:50,
3292c372-ea74-4929-b400-0a2a849c7e7f,2026-02-14,msg_00098,U743849e63f8101ac616f8fd0ba84a167,U05d41c4e3bec50fafdfbf79ed8932e87,imagemap,delivered,2026-02-14 15:09:30,
ba740025-9ae9-4114-990b-a50811e8f096,2026-01-30,msg_00050,U3e5dd3a641c58ad50e49f095c6f1e306,Ud01c7a3059ecce948179375ed834b55e,image,opened,2026-01-30 10:23:18,
3e890b40-d863-4cf1-b2b7-1c24a962abb6,2026-02-10,msg_00058,Ue9a1e8a5b83a6b296d43c957a8cfba4a,6af40d4ad7f92353e1640f8c4468b5d6,video,opened,2026-02-10 02:04:05,
0de17173-e81f-4eda-94ad-f90ac37d45ed,2025-12-18,msg_00070,Ue9a1e8a5b83a6b296d43c957a8cfba4a,238d080494e466bc7928b42de1d58007,imagemap,delivered,2025-12-18 07:42:09,
2f057d4b-d892-4454-8343-bd984efbb2c3,2025-11-26,msg_00028,U3bae1603803a839c0cb52f511d9cb8f6,9e02f6fb806def84b6b30c1022ff8181,image,opened,2025-11-26 12:22:18,
313d00ac-79ac-41d2-a89c-e548ffcbacb7,2026-02-15,msg_00087,U3bae1603803a839c0cb52f511d9cb8f6,U21350c960f38729b4cb5b05b493f9e8b,imagemap,opened,2026-02-15 03:57:07,
d39c3ce3-9cdb-474d-9f1e-b5146e16d453,2025-12-09,msg_00094,U227d1cd1a801c367de206ec4bbca7330,U7d03ca278ffc34ccccfd308f703a190b,flex,delivered,2025-12-09 22:05:00,
a9fb8ff5-c76d-474c-ae81-03705500b535,2026-03-11,msg_00067,U7e808d11d6f9901a954a542a7ee09918,U2b06a237c9d2c83cd67bda28b78dd4f8,video,delivered,2026-03-11 15:02:40,
6fa71604-4899-4699-9ec1-7e2e484ef7a3,2026-01-26,msg_00005,Ub0341314a5534ea92b26fa8adc30543f,U9a1ba87a8a10cf463e6a9e53981aac21,image,delivered,2026-01-26 02:07:08,
00c5980a-1635-4efd-9d48-83304687b3e9,2026-01-30,msg_00050,U3e5dd3a641c58ad50e49f095c6f1e306,ec94adc058987a3a9f2f053a210acb18,image,clicked,2026-01-30 07:23:55,
bfc58463-1b5c-492a-ab20-e5d74aa5cd17,2025-11-30,msg_00025,Ub0341314a5534ea92b26fa8adc30543f,U07386475efdd26963ac6e7b04e729fe2,imagemap,delivered,2025-11-30 14:18:44,
967ebc4e-e929-4493-ab32-ade73cc328f5,2025-11-17,msg_00099,U3bae1603803a839c0cb52f511d9cb8f6,U1b3e283035bdd1cda99378ee48f170fc,text,delivered,2025-11-17 09:59:51,
c562beaa-a98b-49db-88f7-6327ae3cd7a4,2026-02-24,msg_00111,Ub0341314a5534ea92b26fa8adc30543f,U71078cc102f62dfd6ffe57102aa6c4ea,flex,opened,2026-02-24 04:36:37,
89fac4ee-92bc-4826-b4b3-d75ddf8b9a5e,2026-01-14,msg_00081,Ue7310890b01058478be93761a56d0aa0,Uc79d9c0b158cb5fb340f489ba2f4e498,video,delivered,2026-01-14 23:11:34,
4998056a-4e88-45c5-aa67-cb7bf76683f9,2026-01-10,msg_00044,U30ad60bba5da9837ca5dd0230ca8f531,U846db24a1bfca2c08198bf456fe09a20,video,delivered,2026-01-10 22:28:26,
b271d533-d18e-417c-be2a-e0d11074d3e5,2026-04-12,msg_00105,Ud4a92c8c8050eed40ef171cc2784d638,U75cc82c27626b687c48f2f48b2257e76,flex,delivered,2026-04-12 13:52:36,
a7b05a8c-2ff5-4657-bf01-f37c4b370225,2026-03-05,msg_00014,U3bae1603803a839c0cb52f511d9cb8f6,U78157af1cf69cf3c1b27dd2076aa3f4f,flex,delivered,2026-03-05 09:11:26,
b6dff6d6-476c-44dc-a911-7821a7c92668,2026-02-20,msg_00036,U879eb903ad90cd9c2874f6df7651267a,Ud21e7900c596cec70eeb25e13612fea4,video,opened,2026-02-20 14:46:39,
088b8d5b-7525-4e77-a2ac-029317ccfc69,2026-02-19,msg_00016,U837b70463a585f85743b5bfb3b49c9fd,U7e048db8f9ffdeb8f8fbb5cd0aae3989,flex,opened,2026-02-19 17:25:38,
7bdc405f-12cd-469d-9da9-24984554e719,2025-12-17,msg_00032,U3bae1603803a839c0cb52f511d9cb8f6,U89500febe1b12245b1b9395e2afe2eae,video,opened,2025-12-17 01:09:17,
758ff25d-78f6-4eee-818e-92e59f963b48,2025-11-17,msg_00099,U3bae1603803a839c0cb52f511d9cb8f6,U454678d495cf9316e42935b6938e9ea6,text,delivered,2025-11-17 05:20:07,
775cba59-3251-443f-92ca-2271af12a841,2026-01-24,msg_00007,Ub0341314a5534ea92b26fa8adc30543f,U51087e2c39b42a79b72cbb02fda4dda7,imagemap,delivered,2026-01-24 00:59:30,
2a3f799a-d7ee-4790-a644-5488942b70f2,2025-11-16,msg_00020,U3bae1603803a839c0cb52f511d9cb8f6,U949f6a4f49ac08901eddbf5a28559695,text,opened,2025-11-16 23:25:03,
fb0409af-564e-420f-977d-bde1f21310a6,2026-03-26,msg_00040,U3bae1603803a839c0cb52f511d9cb8f6,Uafefb8425b1a570130f3081e7ed5a92d,imagemap,delivered,2026-03-26 20:01:01,
167a051b-9f79-48a8-a579-46b548126b8a,2025-12-18,msg_00114,Ub0341314a5534ea92b26fa8adc30543f,U15213e7b1f12ddb2dd4776a8b572a292,flex,opened,2025-12-18 13:31:02,
c9a710c8-c4e6-431f-b020-177743e42d07,2025-12-09,msg_00094,U227d1cd1a801c367de206ec4bbca7330,U90c2c7cdfae794c13b47181897c4b7c4,flex,delivered,2025-12-09 22:21:01,
9536b991-6db0-4d9a-a408-ba2895091377,2025-12-23,msg_00109,Ue7310890b01058478be93761a56d0aa0,Ue5ccb77a5f442b3ef15ae3043626b3d9,text,opened,2025-12-23 15:20:55,
f5b18dd5-8863-43f7-b31a-09e875612846,2026-02-01,msg_00075,Ub0341314a5534ea92b26fa8adc30543f,Udebb4c0c3f65f4e1382e3b5ac68af303,imagemap,opened,2026-02-01 20:15:12,
b8eacebb-e309-49e5-ae74-2ecdcf6115c4,2026-01-20,msg_00108,Ub0341314a5534ea92b26fa8adc30543f,Ue2a40f380eb741987ee6277765880a94,flex,opened,2026-01-20 23:55:18,
7087f4a9-7218-4717-9f74-f1c4598ac384,2026-04-10,msg_00101,U743849e63f8101ac616f8fd0ba84a167,9084d38f6dbb256d8cca6cc41d6fe57a,imagemap,clicked,2026-04-10 04:01:17,https://example-saas.jp/lp/newmenu
a76fb0fd-cf00-416c-b87a-b3bbd98e6ad3,2025-12-08,msg_00015,Ub0341314a5534ea92b26fa8adc30543f,855d1118aea092a8d5c8f854ad37847f,text,opened,2025-12-08 02:04:28,
2eae4b33-a375-4e31-b9ed-cd821376be33,2025-12-18,msg_00070,Ue9a1e8a5b83a6b296d43c957a8cfba4a,c46ccea2b2d82abe40253c3225fda9c7,imagemap,clicked,2025-12-18 04:33:54,https://example-saas.jp/campaign/spring
9d491b1d-3600-4f7e-8eee-441602b9a259,2026-01-09,msg_00052,U743849e63f8101ac616f8fd0ba84a167,U0a8f6cce10438b78bfd0e44d5b6eceb7,video,delivered,2026-01-09 13:42:01,
b3d73ddf-c8d7-4261-bb68-c218a410199e,2026-02-10,msg_00058,Ue9a1e8a5b83a6b296d43c957a8cfba4a,U4170679c78e018f4ad3d9c971e6d3c25,video,clicked,2026-02-10 15:23:50,
7e511647-6ffb-473c-b8aa-691dc0549263,2026-01-31,msg_00035,U7e808d11d6f9901a954a542a7ee09918,Uc6e98e7cec20bbd6e7f6d67c41a79949,text,opened,2026-01-31 08:32:11,
bf5c3a11-dd83-4c23-810f-104e94610fb2,2025-12-19,msg_00064,Ub0341314a5534ea92b26fa8adc30543f,Uf634f59734a80ec79bba6ccbd8bbf972,image,delivered,2025-12-19 07:15:17,
58953899-6b41-4dc9-b369-db68d9effa43,2026-02-25,msg_00008,Ub0341314a5534ea92b26fa8adc30543f,U6c01a67f65dab207b219e334ccaa50ea,image,delivered,2026-02-25 15:24:44,
bea9db13-ece9-41c4-ba45-a930482f42cb,2025-12-25,msg_00045,Ue7310890b01058478be93761a56d0aa0,U5fbc9576634a85c98c6e3021ae744eb8,video,clicked,2025-12-25 16:32:00,https://example-saas.jp/coupon/500off
20e5f6de-58a5-4d89-adb2-41b5e45db48a,2026-03-20,msg_00106,U3bae1603803a839c0cb52f511d9cb8f6,9263b2fa9186f251a379b8ade64e0d8b,video,opened,2026-03-20 22:32:17,
1f7b936a-fad2-48c9-89e0-59436685e619,2025-11-16,msg_00020,U3bae1603803a839c0cb52f511d9cb8f6,U0e28c436fda5c04140e7648d83e3ee6b,text,delivered,2025-11-16 02:00:21,
2a2209f4-70d5-4102-aa1a-a78e70f36446,2026-02-24,msg_00111,Ub0341314a5534ea92b26fa8adc30543f,Ud9d397bfd2fcbb74631d89f63be9ac0c,flex,opened,2026-02-24 23:07:09,
c55b388d-cd95-4b48-ad14-a3ae524a0db8,2025-11-25,msg_00043,U3e5dd3a641c58ad50e49f095c6f1e306,U916ac3fe65eb925a352776afbf979e2b,flex,delivered,2025-11-25 18:01:28,
26b036eb-8734-4183-bb48-a087f143065e,2026-02-05,msg_00107,U3bae1603803a839c0cb52f511d9cb8f6,U4fbafe5960d3e09946d2940eef29d561,text,delivered,2026-02-05 07:39:18,
f8995ddd-38bc-4f45-ac30-835f348c5cb8,2025-11-21,msg_00010,Ue7310890b01058478be93761a56d0aa0,U32a15ce97ae682df5a4fd5648f5c026e,imagemap,delivered,2025-11-21 19:24:35,
50aeeaf7-348d-41b4-8a51-975ae2bfe77b,2026-03-06,msg_00055,U3bae1603803a839c0cb52f511d9cb8f6,U854174372bdba740eb68d51516f5b51d,flex,delivered,2026-03-06 13:48:29,
b505feb8-9b4d-437c-92c3-242f7ce80f14,2026-04-08,msg_00041,Ue7310890b01058478be93761a56d0aa0,U89eaa132ea588a4de5d68e2d84b4e058,text,opened,2026-04-08 14:55:50,
143351c9-9e41-4fe6-86c5-46c1382c573c,2026-01-17,msg_00037,U7e808d11d6f9901a954a542a7ee09918,541244b48d43e226b864e8dcd5ca0bd8,text,delivered,2026-01-17 04:46:13,
477ec32c-abc5-497c-88fd-d23f5801fff1,2026-02-14,msg_00098,U743849e63f8101ac616f8fd0ba84a167,2155830b93207b20f3b71d39629ec72f,imagemap,delivered,2026-02-14 21:52:55,
5676f2a9-dd51-41ea-97ec-26cf16a0ac59,2026-01-24,msg_00113,Ub0341314a5534ea92b26fa8adc30543f,Ub5d7cab4774ea60d0466f12bfa546704,text,delivered,2026-01-24 09:29:34,
8d010082-0a94-4d7a-85f2-7318669d0e22,2026-01-26,msg_00063,Ub0341314a5534ea92b26fa8adc30543f,U297ecd8b5db1b720e9be649e52adfe4f,imagemap,delivered,2026-01-26 03:34:00,
bec86e2d-f7b2-44be-89d2-456d8c65465c,2026-02-14,msg_00042,U3bae1603803a839c0cb52f511d9cb8f6,Ue959db569024782c824fa9d21268b00a,video,delivered,2026-02-14 18:10:08,
1d8594b0-0669-4853-a042-fe315ffd3f72,2026-02-19,msg_00016,U837b70463a585f85743b5bfb3b49c9fd,U7d8e2a3a2d42e442f1c27307bc3faaa2,flex,opened,2026-02-19 17:11:57,
5ca744ac-e911-46e3-887b-dd209588818d,2026-03-31,msg_00046,U4784fc8a8e1e4eb2435ad84e0ad052f2,U9d6c6af1b41629fee4dd424e05fa281a,flex,clicked,2026-04-01 01:32:13,https://example-saas.jp/coupon/500off
a1626d85-c8ca-47a2-9e9c-ca102bf80426,2025-12-18,msg_00114,Ub0341314a5534ea92b26fa8adc30543f,Ud0da6886fd560fc60d1b9cb3fee8c57a,flex,clicked,2025-12-18 23:40:57,https://example-saas.jp/lp/newmenu
388f2380-67ad-497f-8bf8-c71812d3af84,2025-12-09,msg_00094,U227d1cd1a801c367de206ec4bbca7330,U7817a98697fdd84217913000898e9323,flex,opened,2025-12-09 03:05:43,
fc612b9c-2e11-4ea8-8edd-f28cc8192513,2026-02-15,msg_00087,U3bae1603803a839c0cb52f511d9cb8f6,U745ef294d5d7d715c0bb1834d4bbcd32,imagemap,opened,2026-02-15 08:04:16,
590c2f48-443c-4f2a-bd2d-3b76c4f5b6dc,2026-01-01,msg_00027,U4784fc8a8e1e4eb2435ad84e0ad052f2,U7380ac270a1070ed54f0975a0e9ea8d0,image,clicked,2026-01-01 18:01:29,https://example-saas.jp/campaign/spring
37a8fe92-a247-4ab4-9ffc-70cefb7ffe22,2026-01-20,msg_00108,Ub0341314a5534ea92b26fa8adc30543f,U8fcb586b4b91d049c4ef46f271a00043,flex,clicked,2026-01-20 15:22:38,https://example-saas.jp/campaign/spring
d9d29084-0082-45b6-8128-5de29a5c5df4,2026-02-05,msg_00107,U3bae1603803a839c0cb52f511d9cb8f6,Uc4af681d0280d3aeb5834a03103463ad,text,delivered,2026-02-05 14:52:41,
1aadbccb-da1a-43ac-8b88-8c6e089724e3,2026-01-07,msg_00110,Ub0341314a5534ea92b26fa8adc30543f,U55fbe3b68bba7a1840f393516513bcc7,video,delivered,2026-01-07 11:01:27,
e8cec1af-36c0-4ef2-aaff-42639c10cf05,2026-04-12,msg_00105,Ud4a92c8c8050eed40ef171cc2784d638,Ub37ad24e1b708f47e5573da41f2ba45d,flex,failed,2026-04-12 23:55:45,
51e8faec-c70a-487b-9013-d6da10a6d4b9,2026-02-10,msg_00058,Ue9a1e8a5b83a6b296d43c957a8cfba4a,U13d15a431cdcb82744b98bb668c2917a,video,opened,2026-02-10 23:29:46,
dd64a4fd-02ea-4acd-9b1c-39edf688eb44,2025-11-17,msg_00099,U3bae1603803a839c0cb52f511d9cb8f6,U3f22b32d6f47d0b54b6d74f4c13921ea,text,delivered,2025-11-17 18:36:38,
8f8f8131-8b3b-4649-8a8d-c0928a6a9c58,2026-03-04,msg_00056,U1ca413826b7044d134c9c3132420c9de,Uc157e844e106815a562d4142ff0a0ef2,text,clicked,2026-03-04 21:08:00,https://example-saas.jp/coupon/500off
7c7f8886-0c3b-46a7-a5e2-1f0b1993efb3,2026-01-01,msg_00027,U4784fc8a8e1e4eb2435ad84e0ad052f2,U6ab8b8ec7607900f54be2f08cc73eac2,image,delivered,2026-01-01 13:51:26,
b892bd2f-3414-4155-bdd2-b806338e062c,2026-02-14,msg_00098,U743849e63f8101ac616f8fd0ba84a167,Ubfb8a582f24a93bb51abace702ae4116,imagemap,opened,2026-02-14 06:52:03,
5adb6b6d-0e6a-4884-aae1-4a5f1f6f83a9,2025-11-23,msg_00024,Ue8d9224ecde331ce692edfce0b5ecdc4,d547ca3ef517ce925f8997d883a1afd8,text,delivered,2025-11-23 05:03:30,
49dd2761-0e84-4b61-b4c7-43c8286ee16b,2025-12-19,msg_00118,U4784fc8a8e1e4eb2435ad84e0ad052f2,66fdd82b798499de8a8c5e5754629a54,image,clicked,2025-12-19 09:58:54,https://example-saas.jp/campaign/spring
9c7d1ffd-ae26-4046-a360-683d60d26c20,2026-01-17,msg_00037,U7e808d11d6f9901a954a542a7ee09918,a606ea61dd7e66204b1cbef992116fe4,text,opened,2026-01-17 11:37:31,
fe78232d-5969-4fd3-b650-74617d8eb317,2025-12-17,msg_00032,U3bae1603803a839c0cb52f511d9cb8f6,Udda7beee09daa0fa3302a198d7830ba8,video,delivered,2025-12-17 09:03:20,
bc11895a-5926-4dcd-9509-7c87ca190139,2026-02-15,msg_00006,U743849e63f8101ac616f8fd0ba84a167,U4135a8a8caf1b37ed3611c4bb7943d52,flex,delivered,2026-02-15 18:03:50,
d0fcd45a-2765-465f-b6af-03bf086d0b40,2026-03-11,msg_00104,Ub0341314a5534ea92b26fa8adc30543f,U197d192ecef312258610ec2c3badf5b1,image,delivered,2026-03-11 22:47:07,
047731fd-a289-4507-a531-dbb104381f3d,2025-11-16,msg_00011,U837b70463a585f85743b5bfb3b49c9fd,U1f6d2fee240a37b19fb13619b381745f,flex,opened,2025-11-16 02:21:43,
c89c0127-aa4b-4e67-8ace-dfd359a52328,2025-11-19,msg_00019,U743849e63f8101ac616f8fd0ba84a167,Uc1706113db02fb2605d0b6dda42db38e,flex,delivered,2025-11-19 22:21:40,
17abac91-bafc-4dd0-bf85-d36747a127c8,2025-12-12,msg_00029,U743849e63f8101ac616f8fd0ba84a167,U9c119913695de6df679ca170af1ca61d,imagemap,delivered,2025-12-12 20:23:42,
9bfad2ac-e65f-4435-a08f-94a0f5ab58ab,2026-04-08,msg_00078,Ud4a92c8c8050eed40ef171cc2784d638,Uaf6b74a211e51d5a1668b530451cb18d,image,opened,2026-04-08 09:30:47,
a31c5af9-0049-4f3f-81b6-51ab823ba5e3,2025-12-12,msg_00004,Ub0341314a5534ea92b26fa8adc30543f,Ufde732febca5482c35b0416ca8bbb440,video,clicked,2025-12-12 13:16:14,https://example-saas.jp/campaign/spring
a98c5315-86c3-4184-83dd-fa5e16e04f46,2026-02-14,msg_00098,U743849e63f8101ac616f8fd0ba84a167,U5718c0c4b1ff5cea7ee672181275d781,imagemap,clicked,2026-02-14 07:23:08,https://example-saas.jp/lp/newmenu
eaa39813-ffeb-4b30-935f-84c10b461d4d,2026-04-01,msg_00072,U4784fc8a8e1e4eb2435ad84e0ad052f2,U6c232bd987efb36e8b3e572c22e6aeba,image,blocked,2026-04-01 18:39:25,
d7919c7e-7664-49b9-8d5a-bfb3298bdb1b,2026-01-10,msg_00044,U30ad60bba5da9837ca5dd0230ca8f531,Ub5667a136328bbb91ee43c4c486ad2a6,video,opened,2026-01-10 23:41:12,
68217d54-4bfb-472a-a68b-e94704885083,2025-12-23,msg_00109,Ue7310890b01058478be93761a56d0aa0,U5e8daabbe519fa56d5e329f1996688c5,text,delivered,2025-12-23 19:25:49,
e8451139-b5d7-4b93-b339-838b02e30be3,2026-03-26,msg_00040,U3bae1603803a839c0cb52f511d9cb8f6,Uc7650c531543e5068ab771d5b28ffff9,imagemap,delivered,2026-03-26 22:52:10,
be44b2e9-481f-41b6-8aa9-0399ddaaf8db,2025-12-12,msg_00029,U743849e63f8101ac616f8fd0ba84a167,Ufb8dc3cf9512149719d97111b64d6d34,imagemap,delivered,2025-12-12 23:05:40,
f1d0f9f6-9d6e-4d02-a3e6-aed2a8f5d8f7,2026-03-06,msg_00055,U3bae1603803a839c0cb52f511d9cb8f6,U19d820bcd277320d21aecd1837dddad4,flex,opened,2026-03-06 03:54:51,
37a2447e-c879-4f56-a131-30519e29a403,2025-12-09,msg_00059,U3bae1603803a839c0cb52f511d9cb8f6,Ubabfce7278af87f2e12fe2ade6592c78,imagemap,delivered,2025-12-09 10:12:24,
8545fe5b-2807-4daf-bf52-62943495e711,2026-01-26,msg_00063,Ub0341314a5534ea92b26fa8adc30543f,U68139eeea12d89e8ee54120b7b62267a,imagemap,delivered,2026-01-26 06:54:21,
a87b42f5-c62c-42be-a754-4bfaf31968b5,2025-12-31,msg_00082,U227d1cd1a801c367de206ec4bbca7330,U025d6693d6de914bcc4342e5c6cbac94,imagemap,delivered,2025-12-31 11:30:30,
31769d44-32e0-4047-a11d-96d9d8e65845,2026-02-28,msg_00117,U743849e63f8101ac616f8fd0ba84a167,Uea4394d201aff821888d65282ac1e149,video,delivered,2026-02-28 04:44:54,
7f713b21-5752-48d5-a226-acc35586e029,2025-12-21,msg_00022,U3bae1603803a839c0cb52f511d9cb8f6,Ueb72fb2afd581d3d20d6c30f64b67b50,video,opened,2025-12-21 17:14:59,
2d8f1e01-2a6d-4b0c-ab9e-897c66057b21,2026-02-14,msg_00065,U743849e63f8101ac616f8fd0ba84a167,U2a10a621d2a8aacaf97606f1dc5dfaec,image,opened,2026-02-14 09:23:09,
9ac2fb48-abab-4349-83d6-b3180f3ea421,2026-03-25,msg_00079,U743849e63f8101ac616f8fd0ba84a167,Uc7266060e0bf11bd342d21bb3f77df11,text,opened,2026-03-25 07:46:36,
33c57e19-42b0-49f7-9a4c-d5e93fd830e5,2026-04-08,msg_00078,Ud4a92c8c8050eed40ef171cc2784d638,Udefc5f6b31526f7765a6f8988138822c,image,opened,2026-04-08 16:24:24,
c73b84aa-11ee-4aae-9c6b-ecb842b83b95,2026-04-12,msg_00105,Ud4a92c8c8050eed40ef171cc2784d638,U1d7fa011bba2baa4a9c9f8cb02fba366,flex,opened,2026-04-12 01:24:26,
10917576-6f0d-476f-93e1-07653b10b61e,2025-11-16,msg_00020,U3bae1603803a839c0cb52f511d9cb8f6,U4dea4825fa93d5c57301fbf68fb8522e,text,delivered,2025-11-16 14:40:15,
cd75f2b5-ecbd-48bc-a0a0-e78d178a7e7e,2026-04-04,msg_00049,U476acbdef8e9a16d24575e4f6d7b0f31,U480ecb1c45d94badeebf2f05ea766373,text,opened,2026-04-04 13:41:34,
0c89eb33-280c-44ca-a04a-a330c47163f8,2025-12-14,msg_00085,U743849e63f8101ac616f8fd0ba84a167,U9a03e48a626434f0fa77653c8077b3b2,image,opened,2025-12-14 16:10:51,
49c14743-2569-45a7-a691-2bae3998751b,2026-04-05,msg_00054,U3bae1603803a839c0cb52f511d9cb8f6,Uf3f8e49d6eb069a9fa212785fe332295,image,opened,2026-04-05 18:41:51,
500f4ea4-8dd5-4a8a-bb45-a8527388d0bf,2025-12-23,msg_00109,Ue7310890b01058478be93761a56d0aa0,Ub2258f003fcd710cd1bc984c7e739a98,text,delivered,2025-12-23 23:00:52,
97106ebc-5692-4a4f-a60c-8f9cf80517d1,2026-02-10,msg_00058,Ue9a1e8a5b83a6b296d43c957a8cfba4a,U2387d1da86be04ed35e98a889d307b04,video,delivered,2026-02-10 22:25:06,
a4272f8e-7288-4601-80f7-6617d3f87aa5,2026-01-26,msg_00063,Ub0341314a5534ea92b26fa8adc30543f,Ubbf9c069f9721772dec64e48a005f0d4,imagemap,delivered,2026-01-26 19:41:34,
79f388db-b34a-42f4-b582-b8c86aed7243,2026-03-11,msg_00067,U7e808d11d6f9901a954a542a7ee09918,U2c9aebb23efc85b9c36c04934b86af46,video,clicked,2026-03-11 09:03:45,https://example-saas.jp/campaign/spring
08cce2fb-277f-47e7-8ddf-726f871df86d,2026-02-14,msg_00065,U743849e63f8101ac616f8fd0ba84a167,Ua6728f23ad8c9fda5ec36948f9ba9a30,image,delivered,2026-02-14 02:38:51,
7c9e5e42-ad12-4bc9-99d6-ac04de37bd09,2026-03-11,msg_00104,Ub0341314a5534ea92b26fa8adc30543f,U5ec201b6a045a5a4d23767a57537793e,image,delivered,2026-03-11 02:45:15,
9baca6ce-f834-4494-8b52-b283a22386db,2026-02-14,msg_00042,U3bae1603803a839c0cb52f511d9cb8f6,U6e86c30a6c52ce7fcba3371b6f91cf43,video,delivered,2026-02-14 21:31:52,
0cb44648-3500-4e1b-9a2a-82d4b83e9188,2025-12-14,msg_00085,U743849e63f8101ac616f8fd0ba84a167,U9351cb7feebcf0dc57099dd74a796f84,image,opened,2025-12-14 10:40:30,
9a3e14a0-9e87-4860-83b7-5074a22f48e4,2026-02-15,msg_00006,U743849e63f8101ac616f8fd0ba84a167,U3a45548473338a11ec6b6bb5d0dec858,flex,opened,2026-02-15 11:35:57,
12c9a168-17b2-4344-b934-955f142707af,2026-02-14,msg_00065,U743849e63f8101ac616f8fd0ba84a167,d72d9fcc64c663865f6da5b7a605d35d,image,delivered,2026-02-14 15:10:06,
0b997860-c1b2-415b-af31-0c6e76a1e8fa,2026-03-23,msg_00071,U3bae1603803a839c0cb52f511d9cb8f6,U04ec2d956759501ab0f1c5eb05f625a3,imagemap,delivered,2026-03-23 16:46:46,
d822e8bb-6e29-4154-b597-b355e317a500,2025-11-16,msg_00011,U837b70463a585f85743b5bfb3b49c9fd,Ufc6919b4a4db9d1125ac93a1ac39b985,flex,opened,2025-11-16 23:32:27,
871a4a3b-b0dd-49ed-bca9-d77a155ae471,2026-04-12,msg_00120,U227d1cd1a801c367de206ec4bbca7330,U0ff038e144d0585fdfae17d5a8de0534,text,delivered,2026-04-12 08:58:57,
fc809cd2-fffb-4a12-8dc2-7069427ebf17,2026-03-05,msg_00014,U3bae1603803a839c0cb52f511d9cb8f6,Uee8e2ef026708544d454f794aa30b245,flex,opened,2026-03-05 11:53:28,
4492a8b9-f6a6-4fa5-a13c-7211db229b0a,2026-02-15,msg_00087,U3bae1603803a839c0cb52f511d9cb8f6,U0f309707a7e196a50f29c9209622a81b,imagemap,delivered,2026-02-15 03:33:55,
a63b888e-ad77-4956-8a2b-dbfb5708614a,2025-12-21,msg_00022,U3bae1603803a839c0cb52f511d9cb8f6,U9930fe32fd2f78e4b48332dc2525ef48,video,opened,2025-12-21 22:08:57,
e9fff33e-6306-4860-bc53-76a524414288,2026-01-26,msg_00115,U3bae1603803a839c0cb52f511d9cb8f6,U050f9946e0101c20ded634244d277a24,imagemap,opened,2026-01-26 02:32:21,
523589f5-933d-4daa-a691-2224f24e5e63,2026-03-11,msg_00067,U7e808d11d6f9901a954a542a7ee09918,U5b0f7f956f17c15c9ef3c37301369183,video,opened,2026-03-11 06:40:41,
6a36e5b5-f37c-4101-ba98-a2c54693b3ee,2025-12-25,msg_00077,U743849e63f8101ac616f8fd0ba84a167,U76c55ef0c7f833daf4bafbe410958637,text,clicked,2025-12-25 01:13:54,https://example-saas.jp/lp/newmenu
f3693aa0-5964-471d-9ceb-13a39caff2ef,2026-02-16,msg_00021,U743849e63f8101ac616f8fd0ba84a167,Ub5df68313be429d1110ba6040a920a39,flex,delivered,2026-02-16 14:50:05,
a8fdae84-6e5f-4074-8c51-b6bdb95c08a5,2026-03-14,msg_00009,U743849e63f8101ac616f8fd0ba84a167,U7cc2907dec816d8ca88d19bc4e6fa874,imagemap,delivered,2026-03-14 13:47:43,
99f6e8d6-a393-42c6-a537-f83ac2c74965,2026-02-16,msg_00021,U743849e63f8101ac616f8fd0ba84a167,U6c945c9539d1c772461c0b4acfe13e9c,flex,opened,2026-02-17 00:25:12,
84ac28da-27a6-497d-a7ff-009e5960ea01,2025-11-22,msg_00047,Ue7310890b01058478be93761a56d0aa0,U2ea8345ce675e066d5a2c5f2c438b08d,video,delivered,2025-11-22 14:47:51,
47da374d-c774-4bb1-9368-9eb90b639a58,2026-01-26,msg_00005,Ub0341314a5534ea92b26fa8adc30543f,Uf9898b65f82c7eb3ff2ce2d283aea98f,image,clicked,2026-01-26 22:00:00,https://example-saas.jp/survey
93c33a10-1cad-436e-a43b-a971f7677ba4,2026-03-11,msg_00067,U7e808d11d6f9901a954a542a7ee09918,U04acab16ab631a2c70a899ee98210e53,video,delivered,2026-03-11 04:53:19,
a8fcef5a-bd21-48b4-a516-f5f087d869f8,2026-03-26,msg_00040,U3bae1603803a839c0cb52f511d9cb8f6,U7e3a49c2e321668d9e3bab41302ab017,imagemap,opened,2026-03-26 22:01:27,
f51da265-7240-4473-8e71-535acb229161,2026-02-01,msg_00075,Ub0341314a5534ea92b26fa8adc30543f,U1c652eb401ca868a54098440dc5c43fa,imagemap,opened,2026-02-01 03:00:07,
fdb5d01c-a6e0-4a16-ab84-ced9de48dcce,2025-12-19,msg_00064,Ub0341314a5534ea92b26fa8adc30543f,U2460bba0337b66058e0d3e27d21b9aaf,image,opened,2025-12-19 05:18:08,
33389e35-4283-4ba5-8012-a2ab40620c1c,2025-12-23,msg_00061,Ub0341314a5534ea92b26fa8adc30543f,Uf36e3a0ff8f9e0121e7ebade3145607c,imagemap,clicked,2025-12-23 03:05:52,https://example-saas.jp/lp/newmenu
72cc9f2d-bbcd-48f5-b7d4-1694fa7c5443,2026-04-01,msg_00072,U4784fc8a8e1e4eb2435ad84e0ad052f2,U2153112e1261968ee7d26eafc8c337ed,image,delivered,2026-04-01 06:22:56,
46f9021a-b004-42a7-833e-8c6ed0abf08e,2025-12-23,msg_00061,Ub0341314a5534ea92b26fa8adc30543f,U5d041f471108168b03894f1fd5657227,imagemap,opened,2025-12-23 16:55:08,
df0982a5-777b-4adb-ae5e-25573a3e1481,2026-03-06,msg_00068,Ub0341314a5534ea92b26fa8adc30543f,Ua414de53cc7ceb818e82636bbfbc2da6,video,opened,2026-03-06 11:14:20,
b33a1ba5-b69a-44da-b1fa-a65ee18d4ca7,2026-01-10,msg_00044,U30ad60bba5da9837ca5dd0230ca8f531,Uf0e1b1ac7b279cb5a293d5a60cb86dd6,video,opened,2026-01-10 17:29:01,
ef7c4d2f-6848-4168-b313-af040908c812,2025-12-24,msg_00091,U3bae1603803a839c0cb52f511d9cb8f6,U72bfb16100a6bc0d82456ccd34ad5e19,imagemap,opened,2025-12-24 02:22:01,
69c24ca6-87cc-4760-9d4b-fde987a24b6c,2026-01-26,msg_00086,U4784fc8a8e1e4eb2435ad84e0ad052f2,U7976107c37936a81aed9d3ce17ccd982,text,clicked,2026-01-26 11:00:08,https://example-saas.jp/survey
4e1e3f5f-16d6-45cf-b03b-ed83edc799ce,2026-04-04,msg_00100,U743849e63f8101ac616f8fd0ba84a167,Uc3a3c64251925d94b8bc9583ac4db038,image,delivered,2026-04-04 11:15:41,
b309ee69-6209-4a97-bcdb-cd5f0869e62d,2026-03-22,msg_00119,U3bae1603803a839c0cb52f511d9cb8f6,U83c5bdd5689b36e13f86da42bfe9d261,imagemap,delivered,2026-03-22 17:46:54,
05247b25-01f8-4183-b451-a7b685a6bd11,2026-02-15,msg_00089,U3bae1603803a839c0cb52f511d9cb8f6,U5d2114f12ca5fc73bab5d784e3077eee,text,delivered,2026-02-15 16:25:05,
eeedb867-2bc3-4a7f-b70b-31fc2a206037,2026-01-18,msg_00102,U227d1cd1a801c367de206ec4bbca7330,U85b473790c86f54415ff3127ea83f2e8,video,clicked,2026-01-18 06:09:28,https://example-saas.jp/lp/newmenu
2c67e67d-798d-4108-bf10-40dd34fe19d0,2026-01-13,msg_00060,U3bae1603803a839c0cb52f511d9cb8f6,U52be931ecbfdb0735da8447126cd6e4f,image,delivered,2026-01-13 01:33:36,
a00ab7eb-2202-4fdf-bf63-0595c2547c5c,2025-12-17,msg_00032,U3bae1603803a839c0cb52f511d9cb8f6,U4c38a50e73a95cea6e2117751d318898,video,delivered,2025-12-17 17:40:38,
a52c4d9b-cdce-45ec-a63a-39b18e49bf8a,2026-03-16,msg_00002,U3bae1603803a839c0cb52f511d9cb8f6,d2c2733e05077e316da30bf17e0132bf,text,delivered,2026-03-16 17:20:45,
9cc54573-a873-4c0c-8520-37d733eb6d14,2026-03-12,msg_00084,U68d2301028fb66b51d9111f1af067e34,U87ba9593188d62fe239d5ed93de3d7de,video,delivered,2026-03-12 13:46:48,
e2e2dd57-4dee-4fea-81f0-a22772fd2376,2026-01-26,msg_00086,U4784fc8a8e1e4eb2435ad84e0ad052f2,U1c1939abdf467dad66ce665237be599a,text,delivered,2026-01-26 19:15:54,
27c13664-7d0f-4ca8-99d0-3deb0b5084fb,2026-03-27,msg_00096,U476acbdef8e9a16d24575e4f6d7b0f31,U73f34ff6cf9f0c2f86f59e7be1afc225,imagemap,delivered,2026-03-27 12:52:28,
ab332e95-cec8-4257-b6d5-6b2df8396db1,2025-12-19,msg_00064,Ub0341314a5534ea92b26fa8adc30543f,U379e231b08553285beabfb80ce5ec265,image,delivered,2025-12-19 14:36:38,
92968696-7756-47a5-a7dd-bb221acba680,2026-01-14,msg_00081,Ue7310890b01058478be93761a56d0aa0,U49dca6bb033357078bc3ecc5007919e0,video,delivered,2026-01-14 07:25:42,
3b4e88f2-abaf-4927-8e1e-506c3db92d11,2026-04-04,msg_00100,U743849e63f8101ac616f8fd0ba84a167,Uaf07781b02cfce2d3efa3fe8c059287e,image,delivered,2026-04-04 12:34:57,
4de4125a-826b-426f-a595-dc119e5de610,2026-02-14,msg_00065,U743849e63f8101ac616f8fd0ba84a167,Uab60e32a172b09f730c8bbb87eecdfd7,image,delivered,2026-02-14 12:50:28,
cf21210e-a3d6-46dd-a94f-ebe07e803a1d,2026-01-10,msg_00044,U30ad60bba5da9837ca5dd0230ca8f531,U609bb6bef754a2dc1f85eec775146946,video,delivered,2026-01-10 06:06:56,
29739660-f13e-422e-826a-423158a672f8,2026-02-10,msg_00058,Ue9a1e8a5b83a6b296d43c957a8cfba4a,Ueb22f4baf2de101a14d8ceefb7ac0acc,video,delivered,2026-02-10 20:54:40,
26fe970a-386f-4fea-93a2-7fb82996e6e0,2026-01-29,msg_00031,U3bae1603803a839c0cb52f511d9cb8f6,53d07b0c7df8fae3aa0aed8366bd7fb8,video,clicked,2026-01-29 14:06:06,https://example-saas.jp/survey
9fb166b7-d931-466e-bdcb-14e1b10ec3f4,2025-12-25,msg_00045,Ue7310890b01058478be93761a56d0aa0,Ub1a72fc58f412c3745f7b5a5d871ac06,video,clicked,2025-12-25 19:09:01,https://example-saas.jp/campaign/spring
c5e49a0c-165e-4827-baec-baaf942f520c,2025-12-12,msg_00029,U743849e63f8101ac616f8fd0ba84a167,U9d16b71e2fd999cbfd7a786ecf8ad740,imagemap,delivered,2025-12-12 23:45:35,
ca4d991d-5502-4452-9745-fac66bdd74ca,2026-02-15,msg_00087,U3bae1603803a839c0cb52f511d9cb8f6,Ud8a6ca1f9d3539392d55c1e15977877d,imagemap,clicked,2026-02-15 07:20:01,https://example-saas.jp/lp/newmenu
2d748ec1-b908-44f6-8ac7-cfb8b1380a3d,2026-01-29,msg_00031,U3bae1603803a839c0cb52f511d9cb8f6,U4938417bbc97a19274b2fd9fa4c277ca,video,delivered,2026-01-29 19:02:33,
e1e78bdb-ae84-4de9-aa75-c201de6dfb1a,2026-03-04,msg_00056,U1ca413826b7044d134c9c3132420c9de,U6f7750d5575766a372c949be571c43fa,text,opened,2026-03-04 22:01:13,
348bcfff-f4ff-4035-a2f8-7edf34d3e8d7,2026-01-26,msg_00103,U3bae1603803a839c0cb52f511d9cb8f6,U8d53691ad3d1e379c59ed662f2df8fa6,flex,delivered,2026-01-26 09:50:32,
452007dd-de3f-4f9f-b06f-cac13b6eb833,2025-12-03,msg_00012,U743849e63f8101ac616f8fd0ba84a167,U6b333a1801606d1eb56a867994ce7da7,imagemap,opened,2025-12-03 03:49:42,
3fe5b22e-2884-4add-b453-02589f1a7ce1,2025-12-09,msg_00059,U3bae1603803a839c0cb52f511d9cb8f6,U898747f2aec5055a25326fbef5cc6325,imagemap,delivered,2025-12-09 08:29:35,
95ccae8f-5e93-48a2-9d70-72f56c87b2d8,2026-02-08,msg_00051,U3bae1603803a839c0cb52f511d9cb8f6,U69d433cd79ffa39b0b08ea2c4f93237a,image,opened,2026-02-08 06:50:33,
906cbbc4-6461-491c-b765-8068e04f2dc2,2026-03-29,msg_00097,Ub0341314a5534ea92b26fa8adc30543f,Ue68638e0ca16fed8f86a169798564794,text,opened,2026-03-29 10:20:46,
4dbff749-343b-42d0-ae85-b9ae71bef6a1,2026-03-21,msg_00023,U743849e63f8101ac616f8fd0ba84a167,16fd89464a3bf369feecfdeb534b8a0e,imagemap,delivered,2026-03-21 10:42:36,
d8b2810e-65a5-4e95-b476-985edacdea22,2025-12-07,msg_00003,U227d1cd1a801c367de206ec4bbca7330,Ufaaa3462e4c3d4171bba6beaacaeeaa8,image,delivered,2025-12-07 10:13:45,
12a50a4a-5afb-48e6-b34b-9fad2f78e7f9,2026-02-20,msg_00048,Ue7310890b01058478be93761a56d0aa0,U96fef3a232173652d7a073d9f9ec696f,flex,delivered,2026-02-20 10:39:39,
04a7ea85-88ba-4e74-a166-1b27df644641,2026-04-12,msg_00120,U227d1cd1a801c367de206ec4bbca7330,c58aeedf84fb31ab181f1facad171577,text,delivered,2026-04-12 07:46:55,
ee30c968-634f-4c46-858a-258d3dfbd9f5,2026-02-05,msg_00107,U3bae1603803a839c0cb52f511d9cb8f6,U1a985fd4ff1d34570b8abf993e4ac3ac,text,delivered,2026-02-05 03:12:52,
4dcbbfe9-a3f2-4348-b4e3-e97448c2a39e,2025-12-24,msg_00062,Ub0341314a5534ea92b26fa8adc30543f,U664f7b1f57a8385a59699010e778522b,video,delivered,2025-12-24 15:08:46,
99546719-8fc2-4638-a054-da397590d076,2026-02-20,msg_00048,Ue7310890b01058478be93761a56d0aa0,Ue4af42c986a4a867b53ce91dd86d3634,flex,opened,2026-02-20 07:34:00,
30644067-9821-4ec9-8bb3-bb7fe05e464f,2026-01-26,msg_00115,U3bae1603803a839c0cb52f511d9cb8f6,Uf294cde0498a21b5fc44cb8c4206cd24,imagemap,delivered,2026-01-26 23:53:39,
f8b62a26-3651-4d62-a5c5-1530e8f55951,2026-01-20,msg_00026,Ud4a92c8c8050eed40ef171cc2784d638,U1efece1413d3c3d2df7a0235510695b3,imagemap,delivered,2026-01-20 16:52:21,
7d029b62-4409-4614-a19e-0daac3e65aad,2026-01-24,msg_00066,U3bae1603803a839c0cb52f511d9cb8f6,U04bc370ac96e04aad9fe45873e5c42a7,image,opened,2026-01-24 14:59:26,
35adda6f-fa03-4a3d-9e02-c0d00f527d53,2025-11-23,msg_00024,Ue8d9224ecde331ce692edfce0b5ecdc4,U68868dbc3a0a603c62ac670fd9b7f41e,text,delivered,2025-11-23 20:11:26,
1e8250ae-1616-4eba-9232-a58756c7c27d,2025-12-18,msg_00114,Ub0341314a5534ea92b26fa8adc30543f,U83ea66f695c87db97e50d29963de2892,flex,clicked,2025-12-18 08:01:09,https://example-saas.jp/coupon/500off
85fecd31-8973-4bda-be65-19a6f22e43c3,2025-12-25,msg_00045,Ue7310890b01058478be93761a56d0aa0,U181385d5be591240477bf3e54ba0be7d,video,delivered,2025-12-25 23:37:14,
31610b3b-8db8-4d48-8721-3345c91e0a8a,2026-01-18,msg_00102,U227d1cd1a801c367de206ec4bbca7330,Ubd97226941eee374eef21d9f1464abe4,video,clicked,2026-01-18 15:53:55,https://example-saas.jp/coupon/500off
17cd4253-0ee4-40ab-bb5f-5d1cb3a3d622,2026-02-20,msg_00036,U879eb903ad90cd9c2874f6df7651267a,U053b1fac1a1a49859a8f3f5a1d6005f3,video,opened,2026-02-20 06:38:13,
23e54e98-57f9-48f1-bea9-32a9f324cb8b,2026-04-05,msg_00054,U3bae1603803a839c0cb52f511d9cb8f6,Ud7c0b5b4efb29a3e9cd47ce126f46660,image,delivered,2026-04-05 23:23:39,
cefbfc40-f227-47c0-a847-1f6b68746693,2025-12-25,msg_00045,Ue7310890b01058478be93761a56d0aa0,U1f81fa5e66336b94ab1efa70440b855d,video,delivered,2025-12-25 00:32:35,
906afcbd-1eee-40b8-b49d-81ad4836c2b6,2026-02-20,msg_00036,U879eb903ad90cd9c2874f6df7651267a,Uc5f7383430e951a5865bce58b5b4f041,video,delivered,2026-02-20 13:14:41,
9434ed33-1086-45ce-ad0d-6436bf5100ea,2025-12-09,msg_00069,Uc20f9c7e9b662bedec3cb78e127885c7,U298e439f6e6746a6ce8367be2550879e,imagemap,delivered,2025-12-09 05:09:14,
07905882-a628-4d23-bb9f-83f788665c35,2026-02-05,msg_00107,U3bae1603803a839c0cb52f511d9cb8f6,U07f83b004fea09215170f3bca2a6440d,text,opened,2026-02-05 01:06:34,
86625d2c-0b1a-44bc-96fc-1f7604b84d34,2026-03-25,msg_00079,U743849e63f8101ac616f8fd0ba84a167,Uec1de451fba79828143738a3ee2ce3a7,text,delivered,2026-03-25 08:12:03,
1e8d3d5e-a71a-4ae3-a1c6-8a3dfd7bb1dd,2025-12-24,msg_00062,Ub0341314a5534ea92b26fa8adc30543f,U5fec6a178eadf41fb2dc2fe1be39aee5,video,opened,2025-12-24 17:27:34,
8ddef084-eb2c-467c-b5ec-d767aaa80f37,2026-02-05,msg_00107,U3bae1603803a839c0cb52f511d9cb8f6,Ua0260c7f35076a7a2dbc25c656cc23d2,text,delivered,2026-02-05 06:43:30,
04ecd31f-714b-4553-9f2f-500a7c2df46d,2025-11-27,msg_00018,U3e5dd3a641c58ad50e49f095c6f1e306,U915385c3a7b62040aba0b0427748df50,imagemap,delivered,2025-11-27 12:10:02,
81f03a4b-aad9-4bd6-b91d-d6c33e059289,2026-01-24,msg_00066,U3bae1603803a839c0cb52f511d9cb8f6,U0cd44a76f2f4f754df5a452522bc5238,image,delivered,2026-01-24 15:51:22,
e6fd4a14-fcf1-4917-8464-ed146f284b93,2025-12-17,msg_00032,U3bae1603803a839c0cb52f511d9cb8f6,U56f2eaaa8e9d13d399197a8be53de829,video,opened,2025-12-17 08:48:41,
de04ce7e-1bfe-496c-b7f1-b05de3c363a8,2025-11-30,msg_00025,Ub0341314a5534ea92b26fa8adc30543f,Udfa74719141bf82ab131ee671ba88b88,imagemap,opened,2025-11-30 06:56:20,
a0c7e73b-85b1-4caf-8bde-68459e470856,2026-01-26,msg_00103,U3bae1603803a839c0cb52f511d9cb8f6,Ub5a55cc887ef57df34f5d9463a924ec0,flex,clicked,2026-01-26 21:30:45,https://example-saas.jp/survey
07968068-0a21-47b8-94af-72e595d195ba,2026-02-15,msg_00006,U743849e63f8101ac616f8fd0ba84a167,U0c3d995518120105f6c6f8746fde439d,flex,delivered,2026-02-15 19:07:21,
95d6c238-a767-4306-a3ee-16f5b03a15ed,2025-11-27,msg_00018,U3e5dd3a641c58ad50e49f095c6f1e306,Uc5f26461c847679936751ca5bf962e37,imagemap,delivered,2025-11-27 15:05:54,
6ab8e7ba-7bd4-4f60-ab0b-3b74456d8e8d,2025-12-23,msg_00109,Ue7310890b01058478be93761a56d0aa0,Ue86aab9a3e327ffa36e15919bf362361,text,delivered,2025-12-23 03:23:05,
9823b346-1666-4aef-8fbf-65303c5ce335,2026-03-27,msg_00096,U476acbdef8e9a16d24575e4f6d7b0f31,U2839a76922b06fa324d8f9907321f0bc,imagemap,opened,2026-03-27 22:39:32,
127143bb-ef36-4905-8da9-41d688176da2,2026-01-20,msg_00026,Ud4a92c8c8050eed40ef171cc2784d638,U757c87086dcca5c845c13affad4e7225,imagemap,delivered,2026-01-20 08:52:03,
3261deea-ae30-43c2-b49c-7b5feee9fd49,2025-12-31,msg_00082,U227d1cd1a801c367de206ec4bbca7330,U8a1bb92a720bf532da377f0594f7d37d,imagemap,blocked,2026-01-01 09:20:35,
66d51e35-17be-4db3-b0c2-f111fabf6974,2026-03-22,msg_00119,U3bae1603803a839c0cb52f511d9cb8f6,U7959758634ee6a748f24807d43f9ecee,imagemap,opened,2026-03-22 19:08:25,
d16c99fa-b9dc-411c-a469-a6118000f835,2025-11-16,msg_00020,U3bae1603803a839c0cb52f511d9cb8f6,357cb38dc30ee528cb5ee21eeb6e03fa,text,delivered,2025-11-16 20:12:02,
902963b7-9448-4b08-8096-6d0a2c68b02e,2025-12-21,msg_00022,U3bae1603803a839c0cb52f511d9cb8f6,U162c9e4546564407bb42bb9bb09f722a,video,delivered,2025-12-17 18:04:23,
24c40aac-d1ca-4d29-8fe1-85895b129e05,2026-03-06,msg_00068,Ub0341314a5534ea92b26fa8adc30543f,U88c482e882047f73345aee963fcc22d9,video,clicked,2026-03-06 07:15:45,https://example-saas.jp/lp/newmenu
e13c8260-d7e6-4fab-b138-782edc155aff,2025-12-14,msg_00085,U743849e63f8101ac616f8fd0ba84a167,U786742334c41fdb7e0692bfdcf6ac21f,image,delivered,2025-12-14 01:37:28,
57ec7a03-d4ad-4e9a-91b7-654c80a9b79a,2025-12-19,msg_00064,Ub0341314a5534ea92b26fa8adc30543f,Ub748cec06de52add385b66de52f5ba93,image,opened,2025-12-19 06:22:49,
a9776b2d-3dff-4e1a-9992-c6e398850215,2025-12-22,msg_00013,Ub0341314a5534ea92b26fa8adc30543f,Ua84fe3eef253f2ead2f34f5da5282f59,image,failed,2025-12-22 07:02:45,
47e3647e-8510-4b1c-98db-16315640866b,2025-11-30,msg_00025,Ub0341314a5534ea92b26fa8adc30543f,Ue8dcef77c7daf52df62cc5c5e00b2e2f,imagemap,delivered,2025-11-30 21:07:21,
666535ca-dfe9-4881-9185-bae0d2520543,2025-12-22,msg_00013,Ub0341314a5534ea92b26fa8adc30543f,472f832c4c3629e0d9c1b52706e1df7e,image,opened,2025-12-22 09:29:58,
12d4ee78-ed58-4e52-ba8c-c63171d3dd5f,2026-02-10,msg_00058,Ue9a1e8a5b83a6b296d43c957a8cfba4a,U901214e24db0a6dcbf91ea0486a2658f,video,delivered,2026-02-10 22:58:55,
ae738f84-ce94-4a98-aa50-ac3ce7233575,2025-11-23,msg_00053,U743849e63f8101ac616f8fd0ba84a167,Uf9f014f12f1ba2ac8470b1e244d94d95,video,clicked,2025-11-23 06:46:41,https://example-saas.jp/campaign/spring
7eedf0c7-ff33-4939-aaec-cead8f5c1afa,2026-03-23,msg_00073,Ud4a92c8c8050eed40ef171cc2784d638,78a80eedcaa9cd99fedb818acbc06a36,imagemap,delivered,2026-03-23 22:56:06,
2569a30f-93ed-47b2-a7c7-4314c8c558fc,2026-02-10,msg_00058,Ue9a1e8a5b83a6b296d43c957a8cfba4a,U951e197c0ac7793acaa7a8ddf2449b54,video,opened,2026-02-10 07:12:42,
e6ab1ca1-70b1-44db-a961-c41f7d1d14c3,2025-11-16,msg_00020,U3bae1603803a839c0cb52f511d9cb8f6,Ue9f88ad1b9c4baa3b650410f59a6a2fc,text,delivered,2025-11-16 01:17:28,
dce9f0e6-e617-483b-885b-5af4834fd511,2026-03-31,msg_00046,U4784fc8a8e1e4eb2435ad84e0ad052f2,U4b83fcc8ffadcea186050fe9c93011f2,flex,delivered,2026-03-31 22:51:10,
8e440191-e26e-414c-a8d2-b8793d722fc5,2026-01-24,msg_00066,U3bae1603803a839c0cb52f511d9cb8f6,U27d8de001fb514e9c4fc5cc98efdb587,image,clicked,2026-01-24 19:49:45,https://example-saas.jp/lp/newmenu
a8278b51-8db4-4cc3-a822-ca2cd49421ed,2025-11-16,msg_00020,U3bae1603803a839c0cb52f511d9cb8f6,U8f2a8b72a75bfc9dc83c4c59c94058e0,text,opened,2025-11-16 07:48:45,
b8f6e16b-3d2c-41e0-987e-6cc3503c8bb7,2026-01-24,msg_00007,Ub0341314a5534ea92b26fa8adc30543f,Ud65e8573d1b73d4371799b80b5a900fe,imagemap,delivered,2026-01-24 03:26:07,
1ee487ad-1846-4a90-b70d-7d70c9f99778,2026-02-08,msg_00051,U3bae1603803a839c0cb52f511d9cb8f6,U9becf3ed7cae54c063c6fbac0f5b5b97,image,delivered,2026-02-08 07:54:03,
382548ec-25f7-4fee-993a-91a2bcb09517,2026-03-13,msg_00001,U4784fc8a8e1e4eb2435ad84e0ad052f2,90aedbb30df6df3eadeac42a2ab3c9cb,image,clicked,2026-03-13 01:18:44,https://example-saas.jp/survey
d3f6482b-404d-4b41-89f8-fd26317a9252,2026-03-11,msg_00067,U7e808d11d6f9901a954a542a7ee09918,U4b6d198b7ce7adfb788b0d4a67f008bb,video,opened,2026-03-11 12:55:41,
8e84bc67-3f6e-4786-be6a-b3da26d924f9,2026-01-24,msg_00007,Ub0341314a5534ea92b26fa8adc30543f,U1f88fe082b1705ff985abbca1aa41b18,imagemap,delivered,2026-01-24 21:36:19,
67647535-b1ba-4e25-9012-c907de23b673,2025-12-22,msg_00038,Ub0341314a5534ea92b26fa8adc30543f,U9502736a4764d24e41ef3f9568e8f758,image,opened,2025-12-22 15:44:40,
2de798e6-b50d-436b-9c70-a997806416f4,2026-01-30,msg_00050,U3e5dd3a641c58ad50e49f095c6f1e306,Ube0a136671925d3394c7e7a55ff06f54,image,delivered,2026-01-30 17:16:13,
865b1f0a-0091-45f4-8c34-a7b346365753,2025-12-22,msg_00013,Ub0341314a5534ea92b26fa8adc30543f,U44cbbb655a97035d4d4e5386a826280d,image,delivered,2025-12-22 09:07:48,
dc3be314-bd76-435f-a72e-faeea6d0e0ac,2025-12-22,msg_00013,Ub0341314a5534ea92b26fa8adc30543f,Uce894e6049e9883f74350b63a7d0ad10,image,clicked,2025-12-22 20:51:57,https://example-saas.jp/lp/newmenu
dc6b167f-6532-4160-88ea-ce6c5e88ca10,2025-12-19,msg_00118,U4784fc8a8e1e4eb2435ad84e0ad052f2,U66ce53309b1b7468a2970397cda6dcab,image,clicked,2025-12-19 08:34:41,
410b36f5-4b70-47c5-84b4-d3befbe97b53,2026-04-10,msg_00101,U743849e63f8101ac616f8fd0ba84a167,U4342f291a0c1c2fb00325b0c42752c1e,imagemap,opened,2026-04-10 08:28:04,
c9da8580-a993-48d3-99f2-eaf455063942,2025-12-18,msg_00114,Ub0341314a5534ea92b26fa8adc30543f,1c523bc954b327500741cf190c78bb52,flex,delivered,2025-12-18 01:41:45,
8f50cd4c-22f5-47cf-933b-95838162f426,2025-11-30,msg_00025,Ub0341314a5534ea92b26fa8adc30543f,Ua10734f73092f9bc1066f165eab7b916,imagemap,opened,2025-11-30 11:49:16,
7bbb4e83-28fe-4379-9e36-062e68b4c174,2025-12-18,msg_00114,Ub0341314a5534ea92b26fa8adc30543f,Udb6d0954fc905046fefd92a4ae20e769,flex,clicked,2025-12-18 05:24:51,https://example-saas.jp/lp/newmenu
22f4ae93-d5d8-4755-8a6f-d0cf9965bb7c,2025-12-25,msg_00077,U743849e63f8101ac616f8fd0ba84a167,9929ff7e3b8e1a731dfda8a3cc818ae0,text,opened,2025-12-25 20:58:19,
c8643624-4e46-4283-b888-6e5d9a926b38,2026-03-26,msg_00040,U3bae1603803a839c0cb52f511d9cb8f6,Uab177198c1d6c9af00f0ddc3082ea099,imagemap,opened,2026-03-26 20:27:37,
22b314b8-c422-4fd8-ab6f-42bc8fdb374e,2026-03-14,msg_00009,U743849e63f8101ac616f8fd0ba84a167,U95cc7ad624ca42de5146498748bd1898,imagemap,delivered,2026-03-14 14:26:01,
c4e3a0bd-4dd2-4670-b4b3-b7ebbfef18f3,2026-01-13,msg_00060,U3bae1603803a839c0cb52f511d9cb8f6,Ueb18c6e7a80e0a7bd544d8829c84aa63,image,opened,2026-01-13 19:02:07,
a1384576-f717-4124-8192-48aa71eef116,2026-02-16,msg_00021,U743849e63f8101ac616f8fd0ba84a167,U667ac426558ee2417e9a937d844a367f,flex,delivered,2026-02-16 23:02:55,
5f8dc70d-60a3-4841-9d09-630ba494cebf,2025-11-23,msg_00053,U743849e63f8101ac616f8fd0ba84a167,Ue1277b8bbff2d63a8a4aa9a86dc409c6,video,delivered,2025-11-23 04:14:02,
a803e58c-9fb2-485b-816b-01ec1da6accd,2026-02-14,msg_00042,U3bae1603803a839c0cb52f511d9cb8f6,Ue8c27dcebe1c1a69bfd1748cd3a51f24,video,delivered,2026-02-14 06:09:40,
ee2b6559-0145-4e40-a521-4c1b30b194a8,2025-11-21,msg_00010,Ue7310890b01058478be93761a56d0aa0,U079e39f8cb7740a396392eec2659a9bc,imagemap,opened,2025-11-21 16:08:43,
d637d1c0-a44d-4c43-9bdc-3cbdfd64e465,2026-01-26,msg_00005,Ub0341314a5534ea92b26fa8adc30543f,U4f70cea89349cccebcda241ff1057195,image,delivered,2026-01-26 23:09:56,
747118ac-056b-4397-9f07-04d15bce01a6,2026-04-12,msg_00105,Ud4a92c8c8050eed40ef171cc2784d638,Ufcc8abe753e4cf14554215f8383697e5,flex,delivered,2026-04-12 02:46:26,
b77c12e5-0e15-40f6-8143-288edf609d53,2026-03-16,msg_00002,U3bae1603803a839c0cb52f511d9cb8f6,17a76b6436c603ca9895aad7ea015439,text,delivered,2026-03-16 17:03:01,
57f9b72e-a8ae-4ec4-9dfe-1a476f4eab46,2025-11-30,msg_00025,Ub0341314a5534ea92b26fa8adc30543f,Uc77899f1468b6faad72aa08104e97be9,imagemap,delivered,2025-11-30 22:34:39,
ffc58b1c-719b-440a-be66-41b2788b1feb,2025-11-17,msg_00099,U3bae1603803a839c0cb52f511d9cb8f6,Ud7351ab1181e2413464a9df85c824fcf,text,delivered,2025-11-17 09:51:55,
cc2e0264-b467-47da-87db-05dd6d87bccd,2026-02-08,msg_00051,U3bae1603803a839c0cb52f511d9cb8f6,U713f7596cbb134d28302474c5468e069,image,delivered,2026-02-08 13:17:04,
b7636e47-bd69-4446-b469-14a11a034ad6,2025-11-26,msg_00074,U3bae1603803a839c0cb52f511d9cb8f6,U67f9232f2fb8ab8cde84e70c88669089,video,unsubscribe,2025-11-26 21:05:58,https://example-saas.jp/lp/newmenu
e3cadc8e-a5da-44b5-89b7-bec44ceb89bb,2026-02-20,msg_00048,Ue7310890b01058478be93761a56d0aa0,U45f5d6f5de3a457b32bd4286dc556fe1,flex,delivered,2026-02-20 20:50:19,
7712a6aa-7b17-4bbb-bda0-9beffec219d2,2026-03-22,msg_00119,U3bae1603803a839c0cb52f511d9cb8f6,U6a5f596d336d44d48a7d9e4402ad4bc5,imagemap,delivered,2026-03-22 21:18:57,
6496ec22-48b8-4fae-8683-03f079506d62,2026-03-22,msg_00119,U3bae1603803a839c0cb52f511d9cb8f6,Ua29d599e678b2fbae115cf59d409d0bb,imagemap,delivered,2026-03-22 09:41:33,
fec5cbc7-2446-4c67-b3ff-2e05f09ea85f,2025-12-24,msg_00091,U3bae1603803a839c0cb52f511d9cb8f6,Uadd866fc9ded2216860aa3c8a42ee3f4,imagemap,delivered,2025-12-24 22:50:37,
7756d78d-b75d-4696-afb1-38aa91872093,2026-03-21,msg_00023,U743849e63f8101ac616f8fd0ba84a167,Uc5dc19d41d85ea17c8a7c1b33c1dbb89,imagemap,opened,2026-03-21 23:44:21,
068c96ba-a36f-48f7-b8ac-d22b3e78cbdf,2026-01-09,msg_00052,U743849e63f8101ac616f8fd0ba84a167,U3aec865e0a80360eb5624eb75e8d64b1,video,delivered,2026-01-09 18:03:49,
f5002e54-2adb-463f-aa43-e99538e84947,2025-12-17,msg_00032,U3bae1603803a839c0cb52f511d9cb8f6,U8b3781c158459d0d0b2bb0d177d02759,video,delivered,2025-12-17 00:31:19,
1c210e41-949f-4c85-ae17-3463a64d2723,2026-02-14,msg_00042,U3bae1603803a839c0cb52f511d9cb8f6,U8ce97143a9cd272c09ad2b075d317c19,video,delivered,2026-02-14 02:57:06,
db9b03c8-e9e4-4a11-acbc-ba994d94c294,2026-02-17,msg_00018,Ue8d9224ecde331ce692edfce0b5ecdc4,Uff3ceed1465f756d7306e0613bb3a9d7,video,open,2026-02-17 13:58:49,
072440bc-500f-4c1a-b7bb-3c47d1a9b6f3,2026-04-01,msg_00072,U4784fc8a8e1e4eb2435ad84e0ad052f2,U148d6a02c738a5d3c39b87cdd8406a18,image,delivered,2026-04-01 15:01:42,
9bf65bdd-91ea-4d98-9f51-43c4ada8ce47,2026-02-07,msg_00090,U4784fc8a8e1e4eb2435ad84e0ad052f2,8ff9af4a499a4aa8557e2c7e321a0079,imagemap,delivered,2026-02-07 04:54:20,
523c38aa-acc1-4e27-9bcc-dbce27acc47b,2026-03-23,msg_00116,Ud4a92c8c8050eed40ef171cc2784d638,007b3209fed7ec9048f15beafeba8ec5,text,delivered,2026-03-23 19:47:38,
2d541264-ce7a-4bb1-95a0-a26f8795a257,2026-02-20,msg_00048,Ue7310890b01058478be93761a56d0aa0,U92858a4d864721c42c891f3ddee350e9,flex,clicked,2026-02-20 21:20:20,https://example-saas.jp/coupon/500off
b2e3b234-db5b-4171-8a03-66fc9ac61f9b,2026-03-04,msg_00056,U1ca413826b7044d134c9c3132420c9de,Uc157e844e106815a562d4142ff0a0ef2,text,opened,2026-03-04 20:29:45,
4924667e-7b2b-491d-839e-f85f163eb1d1,2025-12-24,msg_00091,U3bae1603803a839c0cb52f511d9cb8f6,U69c997a83483fa94742435b0aaf5accf,imagemap,delivered,2025-12-24 07:30:22,
a9adfddd-6358-4f4f-944d-34c5328384cb,2026-01-01,msg_00027,U4784fc8a8e1e4eb2435ad84e0ad052f2,Ued524f2d269b9c8a95149700a2c7f51b,image,opened,2026-01-01 11:19:35,
c010ecc7-d2d7-4fd1-9f60-b90a2cf05238,2026-03-06,msg_00055,U3bae1603803a839c0cb52f511d9cb8f6,U9c0607d7b198bb132e3b945a7bd66f87,flex,opened,2026-03-06 03:32:04,
34a59627-10df-4c7c-96c7-f585aedffadf,2025-11-24,msg_00033,U3bae1603803a839c0cb52f511d9cb8f6,U8dba1814491d9ee85373e87345065fc2,text,delivered,2025-11-24 08:30:30,
a143a247-741f-457c-9492-5e44dbb02ea3,2026-03-06,msg_00068,Ub0341314a5534ea92b26fa8adc30543f,Ud9e9ad1f3ea5916601d939d1456131e9,video,opened,2026-03-06 05:56:45,
b1ce7228-c371-4cba-a26d-141f03da557b,2026-01-03,msg_00036,U743849e63f8101ac616f8fd0ba84a167,Uaa86df9721da6b226bc666dba467eaa8,text,CLICK,2026-01-03 07:42:20,
d6b25208-26c6-4063-a1f4-b549bc912c1f,2026-02-20,msg_00036,U879eb903ad90cd9c2874f6df7651267a,U4eb8fa5f63f73eb44fbea673cca788f4,video,opened,2026-02-20 10:00:44,
021f9f1c-1f8a-4ecc-8834-077fa97467c0,2026-03-06,msg_00055,U3bae1603803a839c0cb52f511d9cb8f6,U2730dda4b1e2d597c949cd3b3a7700e8,flex,delivered,2026-03-06 06:21:37,
cedf2b64-53a3-4fc8-ab29-5764b5038486,2025-12-24,msg_00091,U3bae1603803a839c0cb52f511d9cb8f6,Ud6408a4e607d364d1f546c2f26dd0176,imagemap,opened,2025-12-24 06:16:08,
94f785bc-af58-459d-8b43-b97e3c69bf8e,2026-03-05,msg_00014,U3bae1603803a839c0cb52f511d9cb8f6,Ue13f1d62b2e5e3e84a2fa0c84f5bf0e8,flex,opened,2026-03-05 20:49:42,
a9a5c82e-06ca-4795-ad70-8e71894c104d,2026-03-29,msg_00097,Ub0341314a5534ea92b26fa8adc30543f,Uc761540c5915c24070a0900577485ecf,text,opened,2026-03-29 04:02:07,
48138f5c-79cd-4c4b-b74c-a8fdeafb324b,2026-02-20,msg_00036,U879eb903ad90cd9c2874f6df7651267a,U4f3bccfc4c29215c18afe83707244f11,video,delivered,2026-02-20 13:38:57,
2cce329f-426a-447b-889a-be62841dfb31,2026-02-20,msg_00036,U879eb903ad90cd9c2874f6df7651267a,Uc682c8df5eece25883e7696dce1da31c,video,opened,2026-02-20 06:29:20,
51b35a07-e55a-4fc9-93ea-75c2aaa87069,2026-03-21,msg_00023,U743849e63f8101ac616f8fd0ba84a167,901b2db1889951e23e62bc1f2ddc77f5,imagemap,delivered,2026-03-21 16:42:28,
c4f61c98-5a54-4401-9d1c-d0b218334540,2026-02-20,msg_00048,Ue7310890b01058478be93761a56d0aa0,U1a58799de18696038f81e544d7782685,flex,delivered,2026-02-20 13:54:02,
574fbc6e-73d7-4ed6-b88d-7fd31d82bc37,2025-12-12,msg_00004,Ub0341314a5534ea92b26fa8adc30543f,Uf0f8cb03a7b39e795fef2079cf16226b,video,delivered,2025-12-12 19:01:52,
093790de-bc7e-48ff-900c-44f3c0eed041,2026-03-14,msg_00009,U743849e63f8101ac616f8fd0ba84a167,U70e092f3c5c52b5c8a4b193ef53982cd,imagemap,delivered,2026-03-14 22:44:26,
53c30fd8-9394-452b-8db8-e1f5213c4aa5,2025-12-15,msg_00030,U3bae1603803a839c0cb52f511d9cb8f6,U8a9523642f73cab5ea35bbb58673578a,video,opened,2025-12-15 09:37:11,
f5d8062d-80e7-46ab-901c-7832d15e9b37,2026-03-11,msg_00104,Ub0341314a5534ea92b26fa8adc30543f,Uf9dcbe1ac4ff4db25edbf93eb58c1ceb,image,delivered,2026-03-11 21:55:02,
291735e8-d464-4d4c-affe-bdfe970918e5,2025-12-23,msg_00109,Ue7310890b01058478be93761a56d0aa0,U1301868110ac364e11d906c79eab7b35,text,delivered,2025-12-23 21:39:17,
aa14fd93-9d86-45fe-b781-8ed598de6515,2025-12-14,msg_00085,U743849e63f8101ac616f8fd0ba84a167,Ub94721ffb01850392c96a666b8288200,image,clicked,2025-12-14 18:57:36,https://example-saas.jp/lp/newmenu
d25b62f5-0056-4691-8dd4-efbd2a5fa142,2026-02-22,msg_00037,U743849e63f8101ac616f8fd0ba84a167,U4bf1a12c2309c07ef62a73bd753cd3aa,text,delivered,2026-02-22 00:26:49,https://example-saas.jp/lp/newmenu
dc7b48ca-f892-45dd-8628-ff1230f17e09,2025-12-17,msg_00032,U3bae1603803a839c0cb52f511d9cb8f6,Ufc31106b92686dbd6ef037563a4e598e,video,delivered,2025-12-17 18:07:35,
68f06ba8-575a-4688-85b7-b21d4c27c689,2025-11-24,msg_00033,U3bae1603803a839c0cb52f511d9cb8f6,9a80e51a6f55b898ff9e6af0f405056f,text,delivered,2025-11-24 19:32:32,
3c516b74-f32a-430e-af84-abea76779ecb,2025-12-18,msg_00114,Ub0341314a5534ea92b26fa8adc30543f,U0d1ea2d8a6c74d6b2f9caf54cc9c77cd,flex,opened,2025-12-18 22:04:40,
94f69889-563b-493e-b42c-cbc00e874686,2026-03-21,msg_00023,U743849e63f8101ac616f8fd0ba84a167,U32a785065804e1e0b7e5b4069d54071d,imagemap,opened,2026-03-21 08:57:03,
327185c2-8af1-41cb-a3c5-538c63ed9ee1,2025-12-19,msg_00118,U4784fc8a8e1e4eb2435ad84e0ad052f2,U20ea9e3e6017defe10f60d7b83f04a05,image,delivered,2025-12-19 13:53:58,
e155eb93-3473-440f-b870-fd895e61ef51,2026-01-26,msg_00005,Ub0341314a5534ea92b26fa8adc30543f,U98555e949d611a6d563258e723c4dd69,image,opened,2026-01-26 17:49:13,
e61707e3-923f-4bb7-bc65-b2e358fa2a73,2026-02-01,msg_00075,Ub0341314a5534ea92b26fa8adc30543f,U0339217614bf798b9ee2eade747d82a3,imagemap,delivered,2026-02-01 03:25:47,
5101d701-3da0-487f-874c-eae254adcb69,2026-03-25,msg_00079,U743849e63f8101ac616f8fd0ba84a167,Uac5bd22114b78106c5701d1e3081fdde,text,delivered,2026-03-25 11:16:18,
8607525b-9731-4f8f-9d03-53fae44482b7,2026-01-26,msg_00005,Ub0341314a5534ea92b26fa8adc30543f,Ua1afad1f9c0345f852aa9c27637b21bf,image,delivered,2026-01-26 15:13:21,
5a1ab851-eb81-4d18-a91c-83fddaa2a276,2025-12-31,msg_00082,U227d1cd1a801c367de206ec4bbca7330,U1bad5e51fe9d27588b54b9eb4f23fe18,imagemap,delivered,2025-12-31 14:09:56,
dc844eb2-4280-4dec-a5e2-a773921c7feb,2026-03-11,msg_00067,U7e808d11d6f9901a954a542a7ee09918,U355094400a13538c259f8bad480ee5c6,video,opened,2026-03-11 04:55:53,
85cbd2dc-af2f-42d1-9f20-f97d9c53d769,2026-04-12,msg_00105,Ud4a92c8c8050eed40ef171cc2784d638,Uec64625b2e335dfb8b74620fadebca2d,flex,opened,2026-04-12 15:58:01,
33ffc422-f9c2-41c1-a65d-30358b5d7a2d,2026-03-20,msg_00106,U3bae1603803a839c0cb52f511d9cb8f6,Uc08a2ae3cf1f65821266981c95733b9c,video,opened,2026-03-20 01:43:08,
ef799f94-2acd-4a8d-9c7d-ad6b4ddae135,2026-03-20,msg_00106,U3bae1603803a839c0cb52f511d9cb8f6,U454e2ed863985b389b671696ce3d095e,video,delivered,2026-03-20 12:43:21,
35ea49f0-07fe-460a-a94e-3f9c1d662dad,2025-12-08,msg_00015,Ub0341314a5534ea92b26fa8adc30543f,556f389970763f62e94dbc3b5183f31f,text,delivered,2025-12-08 07:39:38,
0e769b58-0c76-4679-b0a9-6479a2ed60e4,2026-03-16,msg_00002,U3bae1603803a839c0cb52f511d9cb8f6,a77c0377e4fce6faf98882af928a7ffa,text,delivered,2026-03-16 12:52:54,
084567c4-4ad0-4b23-9878-3938c80687c4,2025-12-18,msg_00114,Ub0341314a5534ea92b26fa8adc30543f,U2baa8c4b0e1c3b8d0dbfe23628fad8f8,flex,opened,2025-12-18 14:03:11,
2fa5bb78-d408-4455-bb43-135e91e2cc77,2026-01-26,msg_00063,Ub0341314a5534ea92b26fa8adc30543f,Uc0cd6cc2f5a3741b3bfe81fe3d8cc86d,imagemap,delivered,2026-01-26 00:53:50,
77a47f06-cb8c-4889-a577-191842734596,2026-03-14,msg_00009,U743849e63f8101ac616f8fd0ba84a167,U64acef0113a6ee92b2414537ad2884c8,imagemap,opened,2026-03-14 16:06:07,
2e2485c6-55b5-4ccb-8b8b-18d4aac42925,2025-12-15,msg_00030,U3bae1603803a839c0cb52f511d9cb8f6,16101dcb03773d1ed634a9597c6da2e9,video,delivered,2025-12-15 22:21:39,
d0c4d446-89fe-4a03-b0e9-6e460f14b0d3,2026-02-24,msg_00111,Ub0341314a5534ea92b26fa8adc30543f,U2124db596eed0ae9e125bc3754519528,flex,delivered,2026-02-24 10:42:28,
f7c78b32-83ea-4b9a-ae74-e2e287d4b607,2026-01-24,msg_00066,U3bae1603803a839c0cb52f511d9cb8f6,U27d8de001fb514e9c4fc5cc98efdb587,image,opened,2026-01-24 18:53:41,
41d269f4-045a-45ee-bbdb-c8c8613e5da7,2026-03-11,msg_00067,U7e808d11d6f9901a954a542a7ee09918,Ub4959620713c9d04872f0fe55a9ad443,video,delivered,2026-03-11 11:42:51,
1f76e725-3d86-4755-b8e8-ead3c28804a7,2025-12-19,msg_00064,Ub0341314a5534ea92b26fa8adc30543f,Uc301c43c8d91c10375b1cc5d3facccee,image,delivered,2025-12-19 08:31:08,
a3399e79-9702-4c8e-91ac-e1254d96a106,2026-03-31,msg_00046,U4784fc8a8e1e4eb2435ad84e0ad052f2,Ucf0478fe54c914c27cb0442233772f74,flex,delivered,2026-03-31 00:07:21,
671fd1df-22bd-4132-a708-3e1574fe6a26,2026-02-20,msg_00017,U22a93bc29b1df104af6b1ba1cd91fc56,Udac3d9d13a7d5d0c5807bceae848a463,video,clicked,2026-02-20 05:09:06,https://example-saas.jp/lp/newmenu
b9dd087c-2bab-4b26-b319-b0311cefbb4c,2026-01-17,msg_00037,U7e808d11d6f9901a954a542a7ee09918,Uab77e3a622b4d0fc88525db26450bf02,text,opened,2026-01-17 10:27:44,
78e6f68b-f083-457f-819f-283a4dc3b804,2026-02-08,msg_00051,U3bae1603803a839c0cb52f511d9cb8f6,U8ce369a4efc880331c447513911ce5a2,image,delivered,2026-02-08 00:01:12,
9a417200-20d8-4313-bb7e-e6694991e5d9,2026-02-07,msg_00090,U4784fc8a8e1e4eb2435ad84e0ad052f2,Ub2baa6cf994414e812615c0a9d263cf8,imagemap,delivered,2026-02-07 09:37:24,
cedfe2a4-ed60-4341-b1ab-13931dbcbc85,2025-11-23,msg_00053,U743849e63f8101ac616f8fd0ba84a167,U88043ddd01aed6466c66567214270df0,video,opened,2025-11-23 23:51:36,
082df2f7-42c0-41c6-b714-eb0da66891d0,2025-11-27,msg_00018,U3e5dd3a641c58ad50e49f095c6f1e306,Ua0e09787a0cea5e29e4bbace71d49cf4,imagemap,delivered,2025-11-27 01:11:19,
1d1e0f19-4466-45c4-a434-02877a1d80db,2025-11-23,msg_00053,U743849e63f8101ac616f8fd0ba84a167,Udd74120528ae969f901c71c72eb7d838,video,delivered,2025-11-19 04:15:24,
85db87ae-8992-43c2-ac81-8f561082440c,2026-04-01,msg_00072,U4784fc8a8e1e4eb2435ad84e0ad052f2,U482c81ea1df4d931f910bd06cb2dde06,image,delivered,2026-04-01 00:55:17,
99cdbbd3-7c34-46fe-b6fb-e839fd6c355b,2026-01-18,msg_00102,U227d1cd1a801c367de206ec4bbca7330,Ube2942fbcb9c88199cf7f4b2f112e586,video,delivered,2026-01-18 13:17:15,
123896da-ee6e-4cda-a21d-77d5fc6306f7,2026-01-26,msg_00005,Ub0341314a5534ea92b26fa8adc30543f,Uaaa67717223601f4e058213eb109d23b,image,delivered,2026-01-26 09:35:28,
aea66fcb-7ce9-4a01-b79c-7742f5a7314f,2026-02-28,msg_00117,U743849e63f8101ac616f8fd0ba84a167,156cdca31dfe28c7e61d0198d3f0f71f,video,opened,2026-02-28 07:47:14,
5336ed62-1a0c-4ee1-9a2b-ccc960f69039,2025-12-31,msg_00082,U227d1cd1a801c367de206ec4bbca7330,U8b1144d6bae31da5bf85152300ab722a,imagemap,delivered,2025-12-31 14:23:29,
642fe33a-e757-44ad-9cd6-ce5815205ea0,2026-01-20,msg_00026,Ud4a92c8c8050eed40ef171cc2784d638,4a750efca79bf8d7da039dda73119f26,imagemap,delivered,2026-01-20 17:22:12,
d46a3f73-fef7-4b31-b208-54a3f0bd8ae8,2026-03-05,msg_00014,U3bae1603803a839c0cb52f511d9cb8f6,U4fd1449f39694a2b85ec659b318660b1,flex,delivered,2026-03-05 23:06:17,
f5267f1f-cfda-4810-9a0d-464fabf0da32,2025-11-16,msg_00020,U3bae1603803a839c0cb52f511d9cb8f6,U949f6a4f49ac08901eddbf5a28559695,text,delivered,2025-11-16 22:28:54,
00d60f1f-7b41-42cd-91f5-61a5e1b0ec48,2025-11-22,msg_00047,Ue7310890b01058478be93761a56d0aa0,Uf77faf4526b2f73f5492dcf882a1327b,video,delivered,2025-11-22 09:47:58,
944d7a0b-8fb8-459a-8485-9c1dd537c725,2025-12-09,msg_00069,Uc20f9c7e9b662bedec3cb78e127885c7,Uc86d0a2d954da5003c599e7549d52e35,imagemap,delivered,2025-12-09 13:08:41,
8e3d966f-9deb-43f5-9da3-10735e04029f,2025-12-07,msg_00003,U227d1cd1a801c367de206ec4bbca7330,U2163e707c36bc3db9fa762253faf0861,image,opened,2025-12-07 15:36:26,
7ceb538a-d6c9-4566-aa95-0cf12da13b19,2025-11-22,msg_00047,Ue7310890b01058478be93761a56d0aa0,Ud9fd1f7a2c8ba4de7a65e4be605cbf8d,video,delivered,2025-11-22 03:40:53,
a500618b-50f6-4a0e-9cb0-b806352ac87f,2026-02-24,msg_00111,Ub0341314a5534ea92b26fa8adc30543f,U900cdfb36deb9d0376d135ed16346b43,flex,delivered,2026-02-24 22:44:25,
5f091003-5f4c-43e7-8681-30c6da01d5d1,2025-11-21,msg_00010,Ue7310890b01058478be93761a56d0aa0,U5f68502b6d3fa26d84827a097162f8c3,imagemap,delivered,2025-11-21 15:22:57,
bfcaafeb-94df-4fec-aa96-a5175b164f15,2026-01-24,msg_00007,Ub0341314a5534ea92b26fa8adc30543f,Ued313e620dfd64e502c9fbd45efd690b,imagemap,delivered,2026-01-24 23:19:45,
75c53a14-1e4d-4391-9298-a218ac613e98,2026-01-31,msg_00035,U7e808d11d6f9901a954a542a7ee09918,U69de92de990421dc7a425c7853a83208,text,failed,2026-01-31 04:37:31,
9aa44514-ea9e-4876-b578-dae7ac3bb00e,2026-01-14,msg_00081,Ue7310890b01058478be93761a56d0aa0,Uc169b302b2b2379884d50e732118ed4f,video,opened,2026-01-14 06:58:05,
e40bfd8e-b2fa-480b-b970-61687786ca04,2026-01-07,msg_00110,Ub0341314a5534ea92b26fa8adc30543f,U1d9f9379f815d0656e64707bc2c25971,video,delivered,2026-01-07 05:15:08,
ec7ab888-1d28-4ae7-a707-c814a84b74b9,2025-12-09,msg_00059,U3bae1603803a839c0cb52f511d9cb8f6,Ucdcec32ec913d5585593105f6cf37847,imagemap,delivered,2025-12-09 11:47:30,
997f98de-ebbd-44bb-aa8f-ef451376a6cc,2026-01-07,msg_00110,Ub0341314a5534ea92b26fa8adc30543f,U00ab1aa8673559fd97da4e2f13227c13,video,delivered,2026-01-07 13:21:28,
413fdd27-b4a6-477a-a9e1-f69cff5b0c65,2026-01-24,msg_00066,U3bae1603803a839c0cb52f511d9cb8f6,Uf70e2d3653e3484e3b8bc88ae907c34b,image,opened,2026-01-24 21:22:43,
4e03e258-61d9-488d-9247-377df1fa717f,2025-12-12,msg_00029,U743849e63f8101ac616f8fd0ba84a167,Ue50dc3c5869ef0ccac7c5d0b64017f83,imagemap,clicked,2025-12-12 09:41:09,https://example-saas.jp/campaign/spring
59658c9a-fe76-4b26-a55f-186ad2603ed6,2025-12-24,msg_00091,U3bae1603803a839c0cb52f511d9cb8f6,U57a611304740a19be3fcc4c1b53e8a19,imagemap,opened,2025-12-24 13:06:47,
828db5c6-8248-4227-9059-7a2322c64e32,2026-01-07,msg_00110,Ub0341314a5534ea92b26fa8adc30543f,U994b40d1e72af42490a56d4e6058d0be,video,delivered,2026-01-07 16:45:01,
6b462098-1ef6-4c3a-b098-968fce6c0ecf,2026-01-17,msg_00037,U7e808d11d6f9901a954a542a7ee09918,U5e76a5ff2b31765500c21944e4effcf6,text,delivered,2026-01-17 18:45:49,
7369138b-3f8e-4fc2-8cd1-aadf3c13b043,2025-12-18,msg_00114,Ub0341314a5534ea92b26fa8adc30543f,U8036214f6de7792b128b252ed11f4c87,flex,delivered,2025-12-18 09:18:40,
1fefff52-da1f-4893-a082-666857863e4a,2026-03-06,msg_00068,Ub0341314a5534ea92b26fa8adc30543f,U88c482e882047f73345aee963fcc22d9,video,delivered,2026-03-06 05:48:53,
8374dbfd-7719-4d55-9a3c-a71ce30ca0fe,2026-01-31,msg_00035,U7e808d11d6f9901a954a542a7ee09918,U363b2398a4d3642099e36e7e66ff2862,text,delivered,2026-01-28 02:45:41,
2c41fa49-888f-48b1-8a2b-5b4f10b9b8c9,2026-01-20,msg_00026,Ud4a92c8c8050eed40ef171cc2784d638,U783ae3c46d630b89ef6a1ce6800cea7a,imagemap,delivered,2026-01-20 14:37:53,
313ff469-039d-4f3f-8a9d-9d50a1788928,2025-12-25,msg_00045,Ue7310890b01058478be93761a56d0aa0,Ubd347720f3ba819ff4ee2f9878a917c8,video,opened,2025-12-25 09:21:29,
d068e083-6cf6-497a-80b4-a12fe8321ad6,2026-03-05,msg_00014,U3bae1603803a839c0cb52f511d9cb8f6,Ue6a94537d2477ab9736911569c71e726,flex,opened,2026-03-05 01:33:52,
a9c09da5-4f56-4364-b9a1-6f2e9c9032e2,2025-12-19,msg_00064,Ub0341314a5534ea92b26fa8adc30543f,682d8cdb348d5e481dd0d760cb0b77a3,image,opened,2025-12-19 09:02:44,
7299d496-6f5c-4a9a-a238-b1aca8a5764e,2026-01-26,msg_00086,U4784fc8a8e1e4eb2435ad84e0ad052f2,5571ca76ffe9d8b79d9c47af9c908a1f,text,delivered,2026-01-26 14:31:49,
d98ced88-4a29-4e88-8464-86770418b3af,2025-12-23,msg_00061,Ub0341314a5534ea92b26fa8adc30543f,b2d6237e0ef176b1f3216363612f4c97,imagemap,delivered,2025-12-23 05:32:56,
e42b9ce8-f17e-41e2-a232-26b2ff2017f6,2026-03-21,msg_00023,U743849e63f8101ac616f8fd0ba84a167,bd71d29031adc24961965fc9641852fc,imagemap,opened,2026-03-21 16:29:14,
d8bccc6a-2b69-40b1-b5a3-2530cc03e833,2026-02-20,msg_00048,Ue7310890b01058478be93761a56d0aa0,U1671ead5631cf4fa32e68647c8dbb42b,flex,opened,2026-02-20 18:17:01,
30617e57-a37e-44f1-ade7-3747c8ea7039,2026-02-20,msg_00095,Ub0341314a5534ea92b26fa8adc30543f,U370a3712e0967af1dbf35d4cb678f642,text,delivered,2026-02-20 21:08:30,
e603e4ce-b626-4d16-b142-ea0721c042d7,2026-04-04,msg_00049,U476acbdef8e9a16d24575e4f6d7b0f31,U2fe3d65fb059e188fc51c9df512a53e5,text,clicked,2026-04-04 18:07:08,https://example-saas.jp/lp/newmenu
beca6997-7363-4504-83e3-a3a75ca0d72c,2025-11-17,msg_00034,U743849e63f8101ac616f8fd0ba84a167,Ud60379b072f67826dfa3aac5eb5f6d17,text,delivered,2025-11-17 10:47:54,
45717b6b-9a2a-433c-85f9-380db9de5605,2026-03-29,msg_00097,Ub0341314a5534ea92b26fa8adc30543f,U69fa0b2d0b9cfc7a18cdcae182167092,text,opened,2026-03-29 20:54:49,
c096cb1f-8ae7-46f2-b334-a327234baa7f,2026-04-10,msg_00101,U743849e63f8101ac616f8fd0ba84a167,cc22b7dc78e46f0409fab81c99e46742,imagemap,delivered,2026-04-10 09:30:47,
0ff67a20-5e7c-4ca2-af2c-75f657679727,2026-04-08,msg_00041,Ue7310890b01058478be93761a56d0aa0,Uc76006144e696160fad68b644caa5665,text,delivered,2026-04-08 07:51:03,
fb4a2e64-7601-40f1-b03b-691a53d7020d,2026-02-09,msg_00083,U3bae1603803a839c0cb52f511d9cb8f6,U140357987aafad5b1554a3b22ba38bcd,flex,opened,2026-02-09 05:54:00,
708fe347-46f4-4684-aac5-418e131645bf,2025-11-23,msg_00053,U743849e63f8101ac616f8fd0ba84a167,U0e3119235111b9dae6ed2763bb1b5919,video,opened,2025-11-23 15:58:00,
1fbfa39d-a459-4776-a4a2-609fa6fcbcd1,2026-02-24,msg_00039,U743849e63f8101ac616f8fd0ba84a167,Ubcd5af7fa75ea7b2a3d78ab50dd898ac,flex,delivered,2026-02-24 13:39:55,
13ff4af3-e46c-4d55-8da7-58bebbd1ab93,2026-03-08,msg_00112,U3bae1603803a839c0cb52f511d9cb8f6,U2a50e394fa89257e479cdda04936c6c3,image,opened,2026-03-08 18:37:50,
d959c474-2538-4611-84b3-106cb82f78bd,2025-11-22,msg_00047,Ue7310890b01058478be93761a56d0aa0,U5d88f1ec40d16425e13dea954b3da8c1,video,opened,2025-11-22 23:39:35,
93c73e66-0958-4956-97f5-6a7dfa3a1138,2026-04-10,msg_00101,U743849e63f8101ac616f8fd0ba84a167,U30b90c6c160501f86558506acf459e38,imagemap,delivered,2026-04-10 03:51:59,
81dc4799-a628-44b9-8755-ea22643b4056,2026-03-08,msg_00112,U3bae1603803a839c0cb52f511d9cb8f6,Ud0003562ac5aed85e951e020f6cca600,image,delivered,2026-03-08 23:40:30,
fa7f8999-14d6-41d2-a6e4-63dc80f01066,2025-12-19,msg_00118,U4784fc8a8e1e4eb2435ad84e0ad052f2,U246dbbcd731c0651cdd45b1cd135676d,image,clicked,2025-12-19 21:39:09,https://example-saas.jp/lp/newmenu
0ce439ae-f219-468a-977e-a5997bf377ab,2026-03-12,msg_00084,U68d2301028fb66b51d9111f1af067e34,9d9d91c674e76be57e7cf678e88d389e,video,clicked,2026-03-13 00:27:33,https://example-saas.jp/survey
b42dba2f-7c4b-4168-acdf-a6507c75cb5e,2025-12-09,msg_00069,Uc20f9c7e9b662bedec3cb78e127885c7,U02b9271eadf273390927e965823621b7,imagemap,opened,2025-12-09 17:34:54,
fb0334b9-1ed3-4257-a26c-dec56eac7e73,2026-04-08,msg_00078,Ud4a92c8c8050eed40ef171cc2784d638,U6e0673df0e043d997b8590afeef2a3ac,image,delivered,2026-04-08 01:03:28,
04f0cd6a-567d-41bb-a395-3df3dab26b49,2026-04-12,msg_00105,Ud4a92c8c8050eed40ef171cc2784d638,U111f0a41ac40d5b2ddfa26b54eeef093,flex,delivered,2026-04-12 16:35:44,
f84a35fc-f4af-4125-a6cf-bd74ab865046,2026-02-01,msg_00075,Ub0341314a5534ea92b26fa8adc30543f,U40645331b47cbd48eb6e9536df7f41d3,imagemap,opened,2026-02-01 07:04:22,
ea7c9a75-e1a8-4493-a5d6-a3121789cfba,2026-02-08,msg_00051,U3bae1603803a839c0cb52f511d9cb8f6,U255660e6e8dd7b348376e13bab5fce6a,image,delivered,2026-02-08 15:50:56,
b9202238-a9fc-4932-945e-66215a86c2dd,2025-12-12,msg_00004,Ub0341314a5534ea92b26fa8adc30543f,dd16094568d605f0510e388932122e91,video,delivered,2025-12-12 22:11:00,
0ec78a2f-8d13-4571-8828-91d6d31584b9,2026-03-21,msg_00023,U743849e63f8101ac616f8fd0ba84a167,Uc1270a6aaaeb77ff5840ca38b6bd2998,imagemap,delivered,2026-03-21 00:39:15,
1058ee4b-2f88-4230-9e98-b5475aa88965,2025-12-23,msg_00109,Ue7310890b01058478be93761a56d0aa0,U6507d3af4a71051121a3cfb40a897424,text,delivered,2025-12-23 03:59:40,
26ed0747-2be7-4d2f-82f2-0ec2a87464f6,2026-03-25,msg_00079,U743849e63f8101ac616f8fd0ba84a167,U61097c3170b11215bc165e6923c1ca0d,text,clicked,2026-03-26 00:13:38,https://example-saas.jp/lp/newmenu
52b2002e-9bbc-43f2-bff7-550243d0a147,2026-03-04,msg_00056,U1ca413826b7044d134c9c3132420c9de,Uc5b66ac87ea2f88e0bb0570c406c3e1d,text,delivered,2026-03-04 05:11:46,
a1c4f41e-036a-4042-b464-cbff4faf0dd1,2026-02-14,msg_00065,U743849e63f8101ac616f8fd0ba84a167,U67696a7224b02b34c90797c79bb1cbe4,image,opened,2026-02-14 13:35:48,
202434bb-a406-4541-95e5-4fb4e0aa73a4,2026-02-25,msg_00008,Ub0341314a5534ea92b26fa8adc30543f,U7f9663bfd14ed5aebaf26838b210edac,image,delivered,2026-02-25 21:00:44,
620f5469-bb7b-4185-9e90-6c137229dc9f,2025-12-19,msg_00118,U4784fc8a8e1e4eb2435ad84e0ad052f2,U6d4acb0d7d3481aeb9128e5dc4d76919,image,opened,2025-12-19 00:33:36,
7d20bf31-9c0d-4cd0-b308-c4027e0d5eb9,2026-03-11,msg_00104,Ub0341314a5534ea92b26fa8adc30543f,c573a7515ba8aa48e125b68dab47bf3e,image,opened,2026-03-11 19:52:42,
c5d902b1-d4bb-455b-9c06-4be9c1193951,2026-01-17,msg_00037,U7e808d11d6f9901a954a542a7ee09918,U9a2170a6c6abe22baaf11fa260941fbf,text,delivered,2026-01-17 00:56:03,
b0b2d6db-1962-4229-88f8-15b15fddb920,2025-12-14,msg_00085,U743849e63f8101ac616f8fd0ba84a167,U573dc3ef7c2d5617744a881b5ab51da0,image,delivered,2025-12-14 04:46:31,
c9050c57-3ee5-4b2c-8061-0edd756f5cf7,2026-01-24,msg_00007,Ub0341314a5534ea92b26fa8adc30543f,Ub4d4e304cbfdbb621b26e51f3630c866,imagemap,opened,2026-01-24 15:14:22,
9c128d7c-e726-40e7-ad27-6f43d7f70503,2025-11-27,msg_00018,U3e5dd3a641c58ad50e49f095c6f1e306,U841b17b35ee2e04cb215946cb3f84748,imagemap,delivered,2025-11-27 20:09:28,
5e2c3a42-9f7c-481d-a17e-37bf84b1fc26,2025-12-12,msg_00004,Ub0341314a5534ea92b26fa8adc30543f,3c9e69b7434271f3e91f2fec18ac761f,video,delivered,2025-12-12 14:18:45,
849ad77a-f6c6-4843-b32d-933465030303,2025-12-03,msg_00012,U743849e63f8101ac616f8fd0ba84a167,Ua7b42f751efe194391d4b1b2112ebbba,imagemap,delivered,2025-12-03 12:22:21,
52fd9a0b-3777-40bc-b427-a8eaf7815c01,2025-12-31,msg_00082,U227d1cd1a801c367de206ec4bbca7330,U8c527d11e7b0d687a58411ea5094ca38,imagemap,clicked,2025-12-31 12:49:44,https://example-saas.jp/survey
863d79e5-80b0-41f5-beea-c236ca9761a0,2025-12-07,msg_00003,U227d1cd1a801c367de206ec4bbca7330,U1dd7ce3dca1f3573a8560865d631804d,image,opened,2025-12-07 20:08:39,
9cf00a52-816c-4ef5-8c96-41d66eba1caa,2026-02-08,msg_00051,U3bae1603803a839c0cb52f511d9cb8f6,0387d886f6dbd75ec68fb0a12ec136f1,image,delivered,2026-02-08 18:13:45,
f2fc2586-8cf3-4d60-b4a4-45dc44c99441,2025-12-02,msg_00088,U3bae1603803a839c0cb52f511d9cb8f6,6d6088e3e66809e80b26973ec4e2ad9f,image,delivered,2025-12-02 05:34:34,
0a903b30-e525-4ab3-9ad8-1bb802e2d42e,2025-11-23,msg_00024,Ue8d9224ecde331ce692edfce0b5ecdc4,eb8946ceaa5f2afaadb6fe0e7b6c94e6,text,delivered,2025-11-23 07:29:47,
e1b7bac6-be8f-486c-989f-62d237893696,2026-02-09,msg_00083,U3bae1603803a839c0cb52f511d9cb8f6,edf6585f274877e0bd5a1169705b2574,flex,delivered,2026-02-09 05:08:48,
15c42792-82e0-485d-a30b-8474a0538475,2026-03-22,msg_00119,U3bae1603803a839c0cb52f511d9cb8f6,Ufbc4dac0510880d6e995cb842f2aecae,imagemap,opened,2026-03-22 16:56:27,
f021aa6f-9a86-4d6e-8154-2553c83d63cc,2026-03-20,msg_00092,U743849e63f8101ac616f8fd0ba84a167,U747263c036e0bd476ec679369493ebec,video,opened,2026-03-20 14:49:45,
bd0dfda9-fe07-4419-9929-2f148b7f876e,2026-02-20,msg_00036,U879eb903ad90cd9c2874f6df7651267a,U7607d92f9a9458141b56982f6110134b,video,delivered,2026-02-20 13:30:47,
9ff99b3c-a2bf-41c0-9902-ffebd81cd273,2025-12-19,msg_00118,U4784fc8a8e1e4eb2435ad84e0ad052f2,U68713f57f456d5a74966377036ba2d87,image,delivered,2025-12-19 03:52:56,
bce983ae-d944-4e65-bed0-c2fb24f1bad8,2026-02-16,msg_00021,U743849e63f8101ac616f8fd0ba84a167,U3ff8e8c732112d092493a0cd8995687b,flex,opened,2026-02-16 02:58:54,
5fd6289d-f2c0-4dba-ad26-7df1fe0ebf3d,2025-12-12,msg_00004,Ub0341314a5534ea92b26fa8adc30543f,Ued00696c008b9533e32295045c2da287,video,clicked,2025-12-12 21:47:18,https://example-saas.jp/survey
fa559703-782d-4f83-9302-69dcf9cd6a86,2026-02-20,msg_00095,Ub0341314a5534ea92b26fa8adc30543f,U0a2cb1a84ed074e8f5871688a38ab070,text,delivered,2026-02-20 08:34:49,
4c47aad2-33fd-46f1-91a2-d5cb5770cf4a,2025-11-23,msg_00053,U743849e63f8101ac616f8fd0ba84a167,c94a3ab10d6c45b513403366706d3e5f,video,delivered,2025-11-23 12:04:29,
b6b2c39b-1d6b-4094-b978-0f71da516730,2026-02-15,msg_00087,U3bae1603803a839c0cb52f511d9cb8f6,27734e5f1a220cbd7328336821b63881,imagemap,clicked,2026-02-15 08:58:08,https://example-saas.jp/coupon/500off
544f9da6-5335-4353-9e9e-3cb6a6137120,2026-03-06,msg_00068,Ub0341314a5534ea92b26fa8adc30543f,U88c482e882047f73345aee963fcc22d9,video,opened,2026-03-06 06:49:56,
eb707bb7-9444-4ff5-a9ae-73b11d989b22,2026-04-12,msg_00120,U227d1cd1a801c367de206ec4bbca7330,U769bdff90805305505d1d7de67825ea3,text,delivered,2026-04-12 17:33:36,
01f9e989-00b7-4acd-8b4c-649d7b8c672c,2026-02-19,msg_00016,U837b70463a585f85743b5bfb3b49c9fd,U185b7b3cd0c63b87cc2197918da7ed0e,flex,delivered,2026-02-19 08:50:51,
e0870bf1-8bfb-43d8-93a4-3dcd785e8581,2026-03-04,msg_00056,U1ca413826b7044d134c9c3132420c9de,U32ca184a95b32583f7c7033d782cf965,text,delivered,2026-03-04 16:28:12,
99ddea78-eee3-48c8-a0e7-1f7401eb40a1,2026-02-15,msg_00087,U3bae1603803a839c0cb52f511d9cb8f6,U66512ca99dfff6da07b1e27d1978b5f0,imagemap,opened,2026-02-15 06:23:01,
f209b41c-1aaa-4bc3-a350-14d0190ca108,2026-02-15,msg_00089,U3bae1603803a839c0cb52f511d9cb8f6,U50fba3a4e6e68c7464bfb6e76a414438,text,delivered,2026-02-15 11:15:19,
3cb7683d-b5bd-4238-8230-4f2cdc74df5d,2026-02-28,msg_00117,U743849e63f8101ac616f8fd0ba84a167,U6670e183b3b055b6a47d7afa40b16663,video,delivered,2026-02-28 08:21:39,
ef8b8068-bd5b-4f8d-a4cc-fac55b79f80d,2025-11-30,msg_00025,Ub0341314a5534ea92b26fa8adc30543f,Ue123129c2438f46b3cffa72c39f2073e,imagemap,clicked,2025-11-30 09:04:24,https://example-saas.jp/survey
ecee59c9-ae28-4e12-9f2f-1e1957f16823,2025-11-25,msg_00043,U3e5dd3a641c58ad50e49f095c6f1e306,U5167a7275bf43b73fbdfaaa578a120ab,flex,opened,2025-11-25 08:46:07,
66a3b24a-2b89-48af-90a0-e6c1559e3ad8,2025-11-23,msg_00053,U743849e63f8101ac616f8fd0ba84a167,Uf6736e723228efc4f7997a71595c7e4e,video,delivered,2025-11-23 14:02:08,
7ccbafa2-481b-490a-af0c-dc7219ebe2f5,2026-02-15,msg_00087,U3bae1603803a839c0cb52f511d9cb8f6,6e5a23d9381b00888581f373515971cd,imagemap,blocked,2026-02-16 15:10:07,
1123bb67-154e-4ae9-891f-65e8ae4e16bf,2025-12-24,msg_00091,U3bae1603803a839c0cb52f511d9cb8f6,U259bf6596150f6234e044f6827df78e5,imagemap,delivered,2025-12-24 02:41:54,
8c6e66bc-bca0-4f83-98cd-96243e0a7e3f,2026-01-26,msg_00063,Ub0341314a5534ea92b26fa8adc30543f,Ubbf9c069f9721772dec64e48a005f0d4,imagemap,opened,2026-01-26 19:46:42,
d31220cc-28d7-4468-a56d-13ef60865ba3,2026-01-26,msg_00103,U3bae1603803a839c0cb52f511d9cb8f6,Ucd563d8e537b4e55be060ff78331ff47,flex,delivered,2026-01-26 19:52:13,
1202ea11-698f-4d1b-8089-e94dfb711d16,2026-01-17,msg_00037,U7e808d11d6f9901a954a542a7ee09918,U8f7c9a164429090ff4c9ed53dfc015aa,text,delivered,2026-01-17 06:42:27,
f60f570d-0d7a-4c15-82ac-162348586fb8,2026-01-26,msg_00086,U4784fc8a8e1e4eb2435ad84e0ad052f2,U88891f0f5de2937325c426e260714e00,text,delivered,2026-01-26 03:40:57,
54b3fc1c-8be5-44d8-8c2e-f644fb55be77,2025-12-19,msg_00064,Ub0341314a5534ea92b26fa8adc30543f,U404f882f98b726981e0555cfb45c3802,image,opened,2025-12-19 22:02:06,
fd571379-5d30-46ee-befd-c5a33b817ae6,2026-03-03,msg_00093,U743849e63f8101ac616f8fd0ba84a167,Ud82bc685e3019b1eaec7f77e3a56ad37,imagemap,delivered,2026-03-03 07:03:57,
8771cbcb-1a97-47e8-a209-0489503047de,2026-03-20,msg_00092,U743849e63f8101ac616f8fd0ba84a167,U0504255a3439d6316010c5fb6878e994,video,delivered,2026-03-20 10:54:29,
d6ba818d-bcca-4268-827c-fa17a11f6b66,2025-12-05,msg_00040,U743849e63f8101ac616f8fd0ba84a167,Ue6ecc99c40df0acfe17cf8e0f812e0a2,imagemap,deliverd,2025-12-05 01:03:07,
8d6ac221-30be-42f2-9036-89bcd568706c,2026-04-10,msg_00101,U743849e63f8101ac616f8fd0ba84a167,Ud669146d32255b9a84c8fb9f9fe0b415,imagemap,clicked,2026-04-11 00:51:41,https://example-saas.jp/survey
704fca4f-64dd-45ef-85e5-00fd785fc14e,2025-12-12,msg_00029,U743849e63f8101ac616f8fd0ba84a167,Uc8afa343db52007f8676a628b5c10b51,imagemap,delivered,2025-12-12 04:56:56,
9f8d95dd-44fe-46e9-8e92-3e9fd21c3e91,2025-11-30,msg_00025,Ub0341314a5534ea92b26fa8adc30543f,Ue123129c2438f46b3cffa72c39f2073e,imagemap,opened,2025-11-30 08:29:49,
95f93189-6228-4760-81e9-cdb342c4be73,2025-12-03,msg_00012,U743849e63f8101ac616f8fd0ba84a167,Uaf0e35f0f4bf99e41fdbcce11b450651,imagemap,delivered,2025-12-03 02:40:10,
53788707-0304-4b44-8eb0-ebaeb69dd441,2025-12-12,msg_00004,Ub0341314a5534ea92b26fa8adc30543f,Ubdb348debc4770c19731e1efb5a5f760,video,delivered,2025-12-12 15:40:42,
448a8a16-064c-4a37-b284-89d66e47983a,2026-02-09,msg_00083,U3bae1603803a839c0cb52f511d9cb8f6,cf3e57f80e2f9a9ed51133e8117ae0d4,flex,delivered,2026-02-09 20:20:37,
54239e63-d2ea-47a2-a3de-d0d72a65bff9,2026-03-03,msg_00093,U743849e63f8101ac616f8fd0ba84a167,Ud9259fcffcb3f973313dfc626ea012df,imagemap,delivered,2026-03-03 23:29:09,
bf8fbf6f-2fe1-4671-bfa6-5a2952816878,2026-01-29,msg_00031,U3bae1603803a839c0cb52f511d9cb8f6,Ub8ff5df1c82920cd502e23f14b051443,video,delivered,2026-01-29 10:22:10,
864c2c34-e009-4eda-84bd-edfbd16f0007,2025-12-23,msg_00109,Ue7310890b01058478be93761a56d0aa0,U185cc35165a5c1134bc915e41e32fed5,text,delivered,2025-12-23 07:19:14,
9a3aaff3-d26c-4b25-bfe5-866c3102dcd1,2026-01-14,msg_00081,Ue7310890b01058478be93761a56d0aa0,Ub012523060e59d0bd7a73fdd85924af0,video,delivered,2026-01-14 02:45:53,
1db591dc-625b-4290-be6d-7b2ebf3c3d03,2026-03-12,msg_00084,U68d2301028fb66b51d9111f1af067e34,U87ba9593188d62fe239d5ed93de3d7de,video,opened,2026-03-12 14:25:36,
af3e13de-a2f3-4a4e-b46c-9423770bd514,2026-01-30,msg_00050,U3e5dd3a641c58ad50e49f095c6f1e306,U399f860feab7ee528e1cdd610abe9ce2,image,opened,2026-01-30 16:30:39,
8c4f6825-e171-4180-b24f-656ffa8e5cc4,2026-01-26,msg_00005,Ub0341314a5534ea92b26fa8adc30543f,U138547e8a7b2979476736952c619d3e9,image,blocked,2026-01-26 14:49:35,
377cdb51-9a95-4c88-8d8a-0f095e9f3127,2026-03-27,msg_00096,U476acbdef8e9a16d24575e4f6d7b0f31,U2fe293f7fe1f090985bd308f9e6eb229,imagemap,clicked,2026-03-27 09:17:45,https://example-saas.jp/campaign/spring
6615c33c-587d-4071-8cea-9fdbaf5d5691,2026-02-19,msg_00016,U837b70463a585f85743b5bfb3b49c9fd,U15c6ad874c2312d0db00e46ef18cb443,flex,delivered,2026-02-19 21:54:12,
06bcade2-3d7e-4c66-9c41-4aad90bcf9fd,2025-11-16,msg_00020,U3bae1603803a839c0cb52f511d9cb8f6,U063bef80fbbf8be0a7d182cf45399278,text,delivered,2025-11-16 02:46:54,
7407b139-766d-4b45-adf4-8eee46c53829,2025-12-07,msg_00003,U227d1cd1a801c367de206ec4bbca7330,U2470c721b2d507b98f3fc75b6e9144f5,image,delivered,2025-12-07 08:25:34,
3edd6749-8d7e-467d-9c64-1284c9d144ad,2025-12-23,msg_00061,Ub0341314a5534ea92b26fa8adc30543f,26f44a7efeba248f1162a3e5f70f4dcb,imagemap,delivered,2025-12-23 03:26:11,
ea59fc7f-243b-4078-9ab8-722960ffa336,2025-12-03,msg_00012,U743849e63f8101ac616f8fd0ba84a167,U12077557e999158662bde9300603ca8f,imagemap,delivered,2025-12-03 18:46:32,
888ad206-8e35-4577-bd78-3dbba102aa5f,2026-02-15,msg_00087,U3bae1603803a839c0cb52f511d9cb8f6,U5630ada923828ef0cf2360b76983472d,imagemap,delivered,2026-02-15 23:08:19,
a02f677d-5ae8-4339-947c-8ca8dad941ca,2026-02-15,msg_00089,U3bae1603803a839c0cb52f511d9cb8f6,U73fa4b4eeacdee44a8d7ecced00ca79c,text,delivered,2026-02-15 07:56:11,
b2b0fa46-6a06-4e8e-a90e-adf91f0629a2,2026-02-20,msg_00048,Ue7310890b01058478be93761a56d0aa0,Uc3bba9320e5ad3e47957b104dacd32ae,flex,opened,2026-02-20 10:08:03,
8fd16dd6-4496-4098-9a86-cad977246ef4,2025-11-17,msg_00099,U3bae1603803a839c0cb52f511d9cb8f6,Ua9caf3bb015a5e7c12caa4f50c1da13d,text,delivered,2025-11-17 09:11:25,
01deffe7-04b7-4911-8d35-000642c42ea0,2025-12-24,msg_00091,U3bae1603803a839c0cb52f511d9cb8f6,U7c503079475a4d47671feafa7ea66964,imagemap,opened,2025-12-24 15:00:27,
e6f6dd9a-001c-48c9-b372-7975d4693870,2025-12-12,msg_00029,U743849e63f8101ac616f8fd0ba84a167,U636c90cd195b6a579147218666ff5524,imagemap,delivered,2025-12-12 15:58:19,
8b991a81-d788-4911-901a-6995bf8af318,2026-03-08,msg_00112,U3bae1603803a839c0cb52f511d9cb8f6,Uace1bc5557dd124bc487a77d84463e19,image,delivered,2026-03-08 05:30:51,
7b83bf74-3ff6-4302-9e67-26542853decf,2025-11-21,msg_00010,Ue7310890b01058478be93761a56d0aa0,U079e39f8cb7740a396392eec2659a9bc,imagemap,delivered,2025-11-21 15:50:55,
9d25cdab-2ee0-438a-a784-748368018514,2026-01-24,msg_00066,U3bae1603803a839c0cb52f511d9cb8f6,U88e6267f246ec94c8227e1e34628c468,image,opened,2026-01-24 13:12:37,
c99b3828-fdc9-4a71-82b6-8b8739ee5064,2026-03-27,msg_00096,U476acbdef8e9a16d24575e4f6d7b0f31,U2177694b0d8ad0eb9178ccf4d429af0b,imagemap,opened,2026-03-27 22:21:33,
4ce90111-9b44-4c2c-b3f0-9cdc95a1c6e3,2026-04-01,msg_00072,U4784fc8a8e1e4eb2435ad84e0ad052f2,U8bc37bbb000832d3bc7e95e0ecc951e0,image,delivered,2026-04-01 08:48:58,
fb158689-1fe6-4b43-8d66-0e72ba1d5344,2026-02-20,msg_00048,Ue7310890b01058478be93761a56d0aa0,U1ba2c1a525e9287889b4a257343d60c0,flex,delivered,2026-02-20 01:40:20,
fbebf7fb-0958-491e-8cd7-b77753acd4b5,2025-12-02,msg_00088,U3bae1603803a839c0cb52f511d9cb8f6,Uf662acc3fd9842104db69734515b12fa,image,clicked,2025-12-02 18:29:00,https://example-saas.jp/survey
c10c22e6-21c3-40b3-8824-3c1adb6956fa,2026-02-08,msg_00051,U3bae1603803a839c0cb52f511d9cb8f6,Uf564c6b8c31166fffa5c7d5a171cb164,image,delivered,2026-02-08 01:50:04,
71f684ca-1a7d-4c0b-bb43-b34bbd36de5d,2026-04-12,msg_00105,Ud4a92c8c8050eed40ef171cc2784d638,Ubc7111eedf0d2b5e7c5faa27b57fbc27,flex,delivered,2026-04-12 15:14:31,
17d60f7c-30d7-40e4-810c-88d3125db20c,2026-02-08,msg_00051,U3bae1603803a839c0cb52f511d9cb8f6,U0345b50ebcaa78b8b311c6f5bbb2eef4,image,opened,2026-02-08 02:52:52,
109e2d70-d7ba-475d-b2d5-5076532c17e8,2026-01-26,msg_00103,U3bae1603803a839c0cb52f511d9cb8f6,U2663b8edc98eea5644ed0025f18ec325,flex,delivered,2026-01-26 00:42:32,
4f736084-a500-4f35-81f6-7004d40024c1,2025-12-09,msg_00069,Uc20f9c7e9b662bedec3cb78e127885c7,U68f5e651f3deb1029e7ed29f1c9d87c1,imagemap,delivered,2025-12-09 10:22:25,
9e259114-43f9-4582-bb67-b829fb9e4836,2026-03-14,msg_00009,U743849e63f8101ac616f8fd0ba84a167,Ueac615e434e59954733631b8b46fb105,imagemap,clicked,2026-03-14 00:54:42,
fe292ef8-42d4-4213-ac4e-6111e5a62373,2026-02-15,msg_00089,U3bae1603803a839c0cb52f511d9cb8f6,U08d0ba9892b32a7d128527d382e015e2,text,opened,2026-02-15 06:26:47,
4480309c-f304-4b7a-ac69-831256d165a9,2026-02-15,msg_00089,U3bae1603803a839c0cb52f511d9cb8f6,U63a74570896778aed4516e9334b28703,text,delivered,2026-02-15 06:57:26,
7023b7b3-c144-4534-ad32-12c10e6ff006,2026-04-10,msg_00101,U743849e63f8101ac616f8fd0ba84a167,Ue617f4d1f35eca0b7e278b817818550e,imagemap,delivered,2026-04-10 19:50:57,
456ae98f-4410-4fae-8692-aac087d1fe26,2026-02-19,msg_00016,U837b70463a585f85743b5bfb3b49c9fd,U628c55e07dc9b26dc383e8b138887563,flex,delivered,2026-02-19 23:48:27,
514901a0-c7ed-46d0-b164-9f3033001017,2026-02-14,msg_00065,U743849e63f8101ac616f8fd0ba84a167,U03e95df43e4c04920ba42a42388f1b62,image,delivered,2026-02-14 08:26:13,
f4291de8-4ddb-4205-ad29-26c0b1167ca4,2026-01-18,msg_00102,U227d1cd1a801c367de206ec4bbca7330,Ub3ffdd25adabef43b6225df817d989ab,video,clicked,2026-01-18 16:20:28,https://example-saas.jp/campaign/spring
25b78e5d-6afe-4a6b-9a57-6abd317e90aa,2026-03-05,msg_00014,U3bae1603803a839c0cb52f511d9cb8f6,Uc89a3d8594d754a02a3f7b5f1c5a4955,flex,opened,2026-03-05 06:05:37,
f9989058-70df-4968-9a28-ac08661a69c8,2025-12-21,msg_00022,U3bae1603803a839c0cb52f511d9cb8f6,U90e646e938b2433ebd1d4431900b09a1,video,opened,2025-12-22 00:41:51,
554e5d48-6035-42ae-a1be-59010a08fa92,2026-03-30,msg_00076,U743849e63f8101ac616f8fd0ba84a167,U741a8003d34d967397510b47bbbfceac,image,delivered,2026-03-30 22:20:00,
557f47a6-5d5c-40b2-a5ea-aec02f6b04ef,2026-01-07,msg_00110,Ub0341314a5534ea92b26fa8adc30543f,Ubaa616b96d4a190a0096384485744250,video,delivered,2026-01-07 19:11:42,
84c72576-3315-407a-a114-799a18b32475,2025-11-24,msg_00033,U3bae1603803a839c0cb52f511d9cb8f6,U7eb0a59ae8116438cdeeea6d676274e4,text,opened,2025-11-24 05:01:34,
bd67acfc-adb9-4ead-b0c1-a6768087843e,2025-12-19,msg_00064,Ub0341314a5534ea92b26fa8adc30543f,U894b1cdc74a4151854ba2f08c0cd7aba,image,opened,2025-12-19 08:42:43,
fa4b14d6-6338-4424-8adf-cc18d60eae82,2026-03-25,msg_00079,U743849e63f8101ac616f8fd0ba84a167,Uf8132d15fe75c582a0a5de44adccb8a7,text,opened,2026-03-25 10:56:47,
9292008b-243a-4e31-8029-d2394f7f25a4,2025-12-25,msg_00077,U743849e63f8101ac616f8fd0ba84a167,7294654e4f06616d59def4058b76c5f3,text,opened,2025-12-25 17:00:07,
e361a03e-3218-4816-973c-a1e44f3c57a1,2026-02-05,msg_00107,U3bae1603803a839c0cb52f511d9cb8f6,Uc181cbe8bc45c8d5a6142f813c04f05c,text,opened,2026-02-05 05:18:03,
f992fab1-ae35-4e93-89e6-28a5a2614357,2026-02-10,msg_00058,Ue9a1e8a5b83a6b296d43c957a8cfba4a,U9c551aafcfdec6a04b3ed038ecd285e3,video,delivered,2026-02-10 23:30:50,
c9e9099a-6fc9-4202-9ecd-97bf0d0bd47b,2025-12-18,msg_00070,Ue9a1e8a5b83a6b296d43c957a8cfba4a,Ue582221c6dd837ae741e23175d9b9228,imagemap,opened,2025-12-18 05:38:56,
091bc97c-5adb-4e91-bb54-3d61bb640acc,2026-03-14,msg_00009,U743849e63f8101ac616f8fd0ba84a167,8222ac600f03053763d2d668e501d2d0,imagemap,delivered,2026-03-14 05:23:59,
979921cc-fcdf-4a1a-a5fd-6b215ab9605b,2026-03-03,msg_00093,U743849e63f8101ac616f8fd0ba84a167,U1af4528cf8d09d9ede4507be037361d5,imagemap,opened,2026-03-03 12:51:57,
28d1b6ee-0f84-4b73-bbe3-48304e87a779,2026-01-24,msg_00007,Ub0341314a5534ea92b26fa8adc30543f,U367d4a1d1207747b0fac1b107c548ee2,imagemap,opened,2026-01-24 11:21:10,
ea414f89-724b-438d-93be-5696e5b8e6a4,2025-12-17,msg_00032,U3bae1603803a839c0cb52f511d9cb8f6,Ud0c9c70f87f8b77c9df74ed7c5cf526d,video,delivered,2025-12-17 17:25:19,
2dd3764e-d981-40f0-9106-29c95eeb1bba,2026-01-26,msg_00005,Ub0341314a5534ea92b26fa8adc30543f,U0e7c7572e5f3846e28361f3f5ccaaafa,image,delivered,2026-01-26 21:10:09,
205ccd41-bcd3-48e0-b5a5-c8eefeb7be94,2026-03-18,msg_00080,U22a93bc29b1df104af6b1ba1cd91fc56,U14f7874b42ee276ed6a8a45b3ecf1168,flex,delivered,2026-03-18 21:48:49,
3911676c-c56d-44d1-b980-2f1c8a2652fa,2025-11-22,msg_00047,Ue7310890b01058478be93761a56d0aa0,Ub481a836539a29c79cc1d0aa058f6b6d,video,blocked,2025-11-23 14:22:22,
8474c6f1-605d-4062-bc89-6007e8ac1d76,2026-03-31,msg_00046,U4784fc8a8e1e4eb2435ad84e0ad052f2,Uf9716269dc70821405bb69ff0d448e42,flex,delivered,2026-03-31 01:31:00,
00475109-5e58-4fd1-b980-2c168011b381,2026-03-03,msg_00003,U3bae1603803a839c0cb52f511d9cb8f6,U2c65cb7409cb1a6a7b67fa58bf41ed1e,text,delivered,2026-03-03 17:22:32,https://example-saas.jp/survey
10b06a07-7731-4311-8321-c14e1b2b4a6e,2026-01-24,msg_00113,Ub0341314a5534ea92b26fa8adc30543f,e9f29bb1413a368a1a9a42883d8d3b9b,text,delivered,2026-01-24 19:04:24,
93aee310-c38d-42c3-b6ad-032afe855db8,2025-11-26,msg_00028,U3bae1603803a839c0cb52f511d9cb8f6,U613da0fce8f547f9af9e24532569e89f,image,opened,2025-11-26 12:07:54,
275deffd-4c13-4092-9bd2-1c92066c1e23,2026-02-16,msg_00021,U743849e63f8101ac616f8fd0ba84a167,U94c6d6dbe2fcc1c6306e0c6ac5331c67,flex,opened,2026-02-16 14:11:31,
1850df17-a65b-4b4c-b513-5fe240de51c4,2026-03-13,msg_00001,U4784fc8a8e1e4eb2435ad84e0ad052f2,U2eced86f389e647bceabc6dd9da596ca,image,delivered,2026-03-13 20:59:34,
194be16c-5d27-4759-b8c7-b173692b41c1,2026-04-12,msg_00120,U227d1cd1a801c367de206ec4bbca7330,U34de8e30d59f9a608c53381b90f2bd6a,text,opened,2026-04-12 19:22:47,
b6dc0881-3ae2-4550-8b95-73a00e44a3bc,2025-12-09,msg_00059,U3bae1603803a839c0cb52f511d9cb8f6,Ud029c8da3e8cbfa8da6ae48cc8542bb8,imagemap,delivered,2025-12-09 15:09:53,
1210410c-d18a-480c-bf43-cfe31c96968c,2026-01-24,msg_00007,Ub0341314a5534ea92b26fa8adc30543f,U36e1e8f64f3ae80d235b2dc07a1fd549,imagemap,failed,2026-01-24 09:33:51,
c8f38f1f-892c-479c-a246-63c45b9f8cfe,2026-04-12,msg_00120,U227d1cd1a801c367de206ec4bbca7330,U44c4fcb41c066cfe151b0de04ef517a9,text,delivered,2026-04-12 01:19:38,
8b8ccf21-67e8-42d4-9768-6b8eb4f56096,2026-03-04,msg_00056,U1ca413826b7044d134c9c3132420c9de,U386a686576d6b18a8140876dd262f84e,text,opened,2026-03-04 19:53:45,
4bfff57c-576e-43e4-b599-7c33e9162328,2025-11-23,msg_00053,U743849e63f8101ac616f8fd0ba84a167,Ue2b9a40a3f8a12e96909211d46556c32,video,clicked,2025-11-23 11:16:40,https://example-saas.jp/coupon/500off
bc060b6e-4392-4096-a782-4a3cc13ba217,2026-03-08,msg_00112,U3bae1603803a839c0cb52f511d9cb8f6,Udacf43b746217baa50522cdee789354e,image,delivered,2026-03-08 04:42:57,
0d83d226-1e06-4aa4-acfb-a9aa8e4d7911,2026-02-09,msg_00083,U3bae1603803a839c0cb52f511d9cb8f6,67621fe3eeddfeef663952843c38ee3a,flex,delivered,2026-02-09 15:02:23,
aa34714e-cc66-47ff-9a84-82a1bf49969c,2026-02-15,msg_00087,U3bae1603803a839c0cb52f511d9cb8f6,U46f2aa68b9c38e4c670b42706d31fabe,imagemap,delivered,2026-02-15 09:16:53,
873048ba-9826-4039-84a2-8e52093e8a82,2026-02-15,msg_00006,U743849e63f8101ac616f8fd0ba84a167,Ub57b5395b1a792e7d69cfbcf9a42237d,flex,delivered,2026-02-15 00:36:23,
962f14a1-cbed-4a58-a5da-273e807c988d,2025-11-25,msg_00043,U3e5dd3a641c58ad50e49f095c6f1e306,Uc9c1aed738123acd4418e3c250e057a6,flex,opened,2025-11-25 03:47:00,
5822c253-5a9e-4a64-ac26-ef0fef3c0c20,2026-03-31,msg_00046,U4784fc8a8e1e4eb2435ad84e0ad052f2,98c29f888a45deb61091253fcb3b8470,flex,delivered,2026-03-31 09:16:49,
f27ef224-05db-4776-93eb-612078538877,2026-03-11,msg_00067,U7e808d11d6f9901a954a542a7ee09918,U4683fb37dd3fd1bd6ff1b412a1dfc055,video,delivered,2026-03-11 17:43:09,
0904e598-e387-4034-bb68-0698724181bd,2026-04-08,msg_00078,Ud4a92c8c8050eed40ef171cc2784d638,Ufcf79d14b3d89b63a163b08d9c0f74b6,image,delivered,2026-04-08 00:05:55,
6e6e069b-7d84-40b7-a254-d6eb5b7c0587,2025-12-18,msg_00114,Ub0341314a5534ea92b26fa8adc30543f,U213955192c253acd638f44d3431f7a6d,flex,clicked,2025-12-19 00:28:38,https://example-saas.jp/campaign/spring
f757ce5e-2ea4-4830-9b15-3f2468bdb702,2026-02-28,msg_00117,U743849e63f8101ac616f8fd0ba84a167,U5c3140e0ec4b70f1ea11927ba647723e,video,clicked,2026-02-28 08:52:07,https://example-saas.jp/campaign/spring
85c8d14b-67d1-4702-9c2f-e8781a4e2089,2026-04-10,msg_00101,U743849e63f8101ac616f8fd0ba84a167,Ue16f9878b429a6685659cc1eddcbda40,imagemap,opened,2026-04-10 21:28:16,
a555311e-a584-4abf-9dd9-9ae743fc3fb4,2026-03-23,msg_00071,U3bae1603803a839c0cb52f511d9cb8f6,Ua90f157bc265707db72b7b08aa9ce367,imagemap,delivered,2026-03-23 06:22:45,
b63280bd-2bc9-4e50-9c4f-dec1936c35f9,2025-12-24,msg_00062,Ub0341314a5534ea92b26fa8adc30543f,U87ff60852c9befae2fd0d228a87afa5e,video,opened,2025-12-24 06:20:16,
c460d9ee-c624-49fa-b1f5-bdae7ced5bac,2026-03-16,msg_00002,U3bae1603803a839c0cb52f511d9cb8f6,Ub691320a9ae800e34cfeb126e0311b69,text,delivered,2026-03-16 03:18:56,
5d4bf9f4-14c4-4de7-94b2-7be40adad01d,2026-04-04,msg_00049,U476acbdef8e9a16d24575e4f6d7b0f31,Ud6e92ecfa7f3b0a6f700a99a4a43478a,text,opened,2026-04-04 14:28:11,
4eb98f5a-cdc0-492e-ad75-7c143de93960,2026-01-18,msg_00035,U743849e63f8101ac616f8fd0ba84a167,Uc060f981b7089702ae8fe965d378bd7c,flex,,2026-01-18 17:44:44,
41d24b7e-e3f9-4aa7-9506-e6412dda5e3f,2025-12-31,msg_00082,U227d1cd1a801c367de206ec4bbca7330,Uf96be9e674ca9d5f1ae93abc4fc857e5,imagemap,opened,2025-12-31 12:18:00,
5d7dd0e1-c74b-4e35-a47d-ff895042f867,2026-03-27,msg_00096,U476acbdef8e9a16d24575e4f6d7b0f31,Ufb7b00ef80562e70db78099ab549f8d7,imagemap,delivered,2026-03-27 02:41:31,
ee1475fc-5e1f-451b-96e9-d80a24e2eefe,2026-01-26,msg_00063,Ub0341314a5534ea92b26fa8adc30543f,Uf4f2f1245ee5ede41541fe8862265726,imagemap,opened,2026-01-26 06:48:43,
2d6cae82-0759-4ebc-9854-27b458f9efe9,2026-03-25,msg_00079,U743849e63f8101ac616f8fd0ba84a167,Uba48703f4b69afe01680a2db45b1e7e5,text,delivered,2026-03-25 19:53:29,
1d1a5675-a54b-41e0-b7e8-3a47e335c0b2,2026-01-18,msg_00102,U227d1cd1a801c367de206ec4bbca7330,U031c037895d8172b77e8a0e3bdc84adb,video,delivered,2026-01-18 06:44:01,
a1ee38b3-87cd-4775-b332-8f4e24166f5a,2025-12-03,msg_00012,U743849e63f8101ac616f8fd0ba84a167,U87e7c333ff8fbec78da7f7957189c5ea,imagemap,delivered,2025-12-03 08:10:43,
601d15f7-b010-4f0d-9f90-287a994c2abe,2025-12-18,msg_00070,Ue9a1e8a5b83a6b296d43c957a8cfba4a,U4ff793674547a4146f2e4aa5c3a860d4,imagemap,opened,2025-12-18 13:09:20,
ee8bd48c-8d96-4159-8324-98c24fd38ce7,2026-02-14,msg_00098,U743849e63f8101ac616f8fd0ba84a167,U01f710635a05d8a130864d2ed2e6ee70,imagemap,delivered,2026-02-14 02:07:39,
3bb62809-1597-4af9-b24a-96567d1f537a,2025-12-25,msg_00045,Ue7310890b01058478be93761a56d0aa0,Uef0c064463f20d1fec5e7a9a5478c345,video,delivered,2025-12-25 16:42:16,
277b6234-1240-4035-b3fa-41a482d5ebc5,2026-02-07,msg_00090,U4784fc8a8e1e4eb2435ad84e0ad052f2,U07328161ea90dc11473667f11569ed66,imagemap,delivered,2026-02-07 17:12:56,
4ad3fb2f-e4fd-4be9-9eaa-af255dfd230b,2026-02-10,msg_00058,Ue9a1e8a5b83a6b296d43c957a8cfba4a,U0ad5770d64d0569aeba78c27a8f74d93,video,delivered,2026-02-10 00:16:57,
33ffa174-dc86-404a-a348-09f524062114,2026-03-18,msg_00080,U22a93bc29b1df104af6b1ba1cd91fc56,19a11bcdd5f46351d54a2354b2fae338,flex,opened,2026-03-18 22:28:28,
0b970b93-214a-4224-93ed-a64fb416961c,2025-12-09,msg_00069,Uc20f9c7e9b662bedec3cb78e127885c7,U2ebbd3976d9023c4552ef66e6aa2db5d,imagemap,delivered,2025-12-09 21:00:42,
6d36c6fd-4722-4dbc-8b5c-286c339ad3d3,2026-03-26,msg_00040,U3bae1603803a839c0cb52f511d9cb8f6,U7e3a49c2e321668d9e3bab41302ab017,imagemap,clicked,2026-03-26 22:46:56,https://example-saas.jp/lp/newmenu
113072b1-70d8-473a-ada7-eea7eddccf4f,2026-03-14,msg_00009,U743849e63f8101ac616f8fd0ba84a167,8989849695fc9cd22b249ba2233934fe,imagemap,opened,2026-03-14 13:29:11,
46d58fba-ac30-4778-abd6-9defb1f30072,2026-01-24,msg_00007,Ub0341314a5534ea92b26fa8adc30543f,43aed0711b31f4b21ae2ecdb2513a357,imagemap,delivered,2026-01-24 20:31:43,
b39f5917-c2ff-487f-989b-2524cab47431,2026-01-13,msg_00060,U3bae1603803a839c0cb52f511d9cb8f6,U753522f8bcc6cec65894330eb16988dc,image,opened,2026-01-13 17:23:12,
5fab63cf-143b-4bbd-9a5d-9bbb3bfec0ac,2025-12-12,msg_00029,U743849e63f8101ac616f8fd0ba84a167,Ufc9e908e5615e4db3448f68ec84902d1,imagemap,delivered,2025-12-12 02:28:11,
8a61a891-6ae8-4ff3-8c16-2bba201f2724,2026-04-01,msg_00072,U4784fc8a8e1e4eb2435ad84e0ad052f2,Ufb1e0f8e1e39ae4a4f7bb8d59b3ab465,image,opened,2026-04-01 07:39:25,
c99189e7-a70b-41b2-ae39-300eec13bd9c,2025-11-24,msg_00033,U3bae1603803a839c0cb52f511d9cb8f6,U8550e9111f5846d79f9984b1c8ea3231,text,delivered,2025-11-22 11:11:37,
c3638b6b-c580-4bcc-ae5d-c1e4fc2dd6df,2025-12-22,msg_00038,Ub0341314a5534ea92b26fa8adc30543f,U3b65bcd8bf9f5c8cf953ceeb4d1fad5a,image,delivered,2025-12-22 04:36:32,
46f43691-c474-44e7-bcb7-3456da7e1500,2025-12-23,msg_00109,Ue7310890b01058478be93761a56d0aa0,Uac74e1b68dcf3356aaf8fe6ffa5d6aa9,text,delivered,2025-12-23 12:35:38,
94f6f303-7c64-4c71-b26a-cf04ad81dfe2,2025-12-09,msg_00059,U3bae1603803a839c0cb52f511d9cb8f6,U60898e4abc8882794ccdb9d5195a51da,imagemap,delivered,2025-12-09 08:54:33,
8b7b3d96-411d-4d98-801c-aca07ff0be24,2026-03-06,msg_00068,Ub0341314a5534ea92b26fa8adc30543f,U8ee4b268188507daf3e980122f810f69,video,opened,2026-03-06 23:18:10,
c70f9007-6bb6-43f6-80d9-60f90dda8a92,2026-03-04,msg_00056,U1ca413826b7044d134c9c3132420c9de,U7216d4277a7ee38c9022da6a39e6fd05,text,delivered,2026-03-04 17:59:51,
70b9ff09-5b92-41c2-ae6b-6d0df60a4f78,2026-01-14,msg_00081,Ue7310890b01058478be93761a56d0aa0,U4192ac0d2bcfbba48f7a35acae08e297,video,delivered,2026-01-14 15:38:22,
6e16ee26-4195-4d03-b981-0ac126846138,2026-02-15,msg_00006,U743849e63f8101ac616f8fd0ba84a167,U210d731b182c8807b818b3fbd0b42d7a,flex,delivered,2026-02-15 03:07:45,
75b02701-4c2c-49e6-ae99-966054907033,2025-11-17,msg_00118,U7e808d11d6f9901a954a542a7ee09918,U18f823b2c68f9d13300074fdcb5d8afc,image,deliverd,2025-11-17 20:49:13,
fa052e05-5d52-4449-a021-bdf825e59367,2026-04-12,msg_00105,Ud4a92c8c8050eed40ef171cc2784d638,U8bb2e98464adcbae000d5d06e5c3b033,flex,failed,2026-04-12 12:17:52,
066c8400-1fc3-44e0-978e-2e009eea306c,2025-12-07,msg_00003,U227d1cd1a801c367de206ec4bbca7330,U3791b03a9d1ca7db2a8c3d09642b877d,image,delivered,2025-12-07 23:02:14,
067a270c-e204-424e-a60f-5d80fa500ea0,2026-03-25,msg_00079,U743849e63f8101ac616f8fd0ba84a167,U2e963f4c07099ea537b57e7b112b9268,text,opened,2026-03-25 10:20:50,
f4b0a57f-21f0-4807-b1b6-ac016d16b0d2,2026-04-05,msg_00054,U3bae1603803a839c0cb52f511d9cb8f6,U2605470b537e5dd361506c97cb27a36d,image,delivered,2026-04-05 05:08:11,
2d4268fd-2b78-405e-ad26-52298d6310c8,2025-12-24,msg_00062,Ub0341314a5534ea92b26fa8adc30543f,U3d6415a590c27ede97686a0539e4a892,video,delivered,2025-12-24 11:58:57,
3861db01-9109-47b7-a4a0-dca9eb6a5beb,2025-12-24,msg_00091,U3bae1603803a839c0cb52f511d9cb8f6,Ub106e670617a3b53e7bad7b3064b25f4,imagemap,delivered,2025-12-24 12:23:54,
a6b9e337-d205-478c-b716-f22a40316eb2,2026-02-28,msg_00117,U743849e63f8101ac616f8fd0ba84a167,ef311be20ec057de5e9c82e2878a32f2,video,opened,2026-02-28 02:56:51,
a6032529-cf6d-4ecd-a951-e403624a6ecf,2026-01-09,msg_00052,U743849e63f8101ac616f8fd0ba84a167,U3562c90f2d189390de663e084a54b163,video,blocked,2026-01-09 17:32:07,
7bf311aa-891f-4bef-9724-d58fbb97b0c9,2026-01-14,msg_00081,Ue7310890b01058478be93761a56d0aa0,U7d6fd089ed163e932842760906412e44,video,clicked,2026-01-14 13:44:38,
0f778eb6-0204-450e-923c-d59ef7fa3a02,2026-03-06,msg_00055,U3bae1603803a839c0cb52f511d9cb8f6,Ud1e0987e2eccc3bcbe73a73d95940d19,flex,blocked,2026-03-06 23:00:22,
0f6087e7-2ebd-4a1e-91d9-f1df02154b41,2026-02-28,msg_00117,U743849e63f8101ac616f8fd0ba84a167,156cdca31dfe28c7e61d0198d3f0f71f,video,delivered,2026-02-28 07:13:56,
df605001-8fd9-4955-bc47-d8a0d1fa8f91,2026-02-24,msg_00039,U743849e63f8101ac616f8fd0ba84a167,U3f03bcd6d93342a700563babcc27508f,flex,delivered,2026-02-24 05:06:12,
f3ce07df-9f8e-4ec9-b929-05a6d27a2ec7,2026-01-26,msg_00086,U4784fc8a8e1e4eb2435ad84e0ad052f2,Ua348cea38922b940f01e68b1c485325e,text,delivered,2026-01-24 05:25:44,
3e895cd8-450b-40e7-8a1d-d2b3f4ce9789,2026-02-24,msg_00039,U743849e63f8101ac616f8fd0ba84a167,Ub281e8b373d66a11c9f86376367c2920,flex,delivered,2026-02-24 03:20:37,
41e6a5ad-48c8-4d9a-b81b-6d4a4a2093b8,2025-12-24,msg_00062,Ub0341314a5534ea92b26fa8adc30543f,bfe3b56d01bbb6a3a07bac87707558b0,video,opened,2025-12-24 18:35:04,
807a254a-8d14-42a0-a531-aa6f7a9237d8,2026-04-01,msg_00072,U4784fc8a8e1e4eb2435ad84e0ad052f2,U2153112e1261968ee7d26eafc8c337ed,image,opened,2026-04-01 07:47:00,
d5e4d4a9-4ba3-4285-81a2-1c6fae7a3694,2025-12-12,msg_00029,U743849e63f8101ac616f8fd0ba84a167,U937c37bd5f8f892d20cdcf7e9b91b569,imagemap,delivered,2025-12-12 22:34:04,
400f8623-b747-4a6b-9b39-6243e2f9d6ab,2026-04-04,msg_00100,U743849e63f8101ac616f8fd0ba84a167,Ub054d23ecc7eabb5a14b8de9f53f5194,image,delivered,2026-04-04 06:07:52,
b33a7027-fca4-4fad-b62d-1f215654cc09,2025-12-19,msg_00064,Ub0341314a5534ea92b26fa8adc30543f,U09b25bc35cb956f2beb159230090a9a6,image,delivered,2025-12-19 09:39:52,
2218234b-7cfa-43b6-8d8d-3cca0efc76e7,2026-03-16,msg_00002,U3bae1603803a839c0cb52f511d9cb8f6,Ua83d1f1adaa6e96635b4e0852287c5bf,text,delivered,2026-03-16 19:14:41,
a881510d-8b2b-4a4d-be58-eb9db6b6daae,2025-12-23,msg_00109,Ue7310890b01058478be93761a56d0aa0,U75d2955062a373721ff5de7490a2c5af,text,opened,2025-12-23 08:25:52,
c069ca55-dd16-45d3-9b8a-b877bc706667,2025-12-19,msg_00064,Ub0341314a5534ea92b26fa8adc30543f,Uf6496fc921395ee3d2475b1ecee098cb,image,delivered,2025-12-19 23:18:26,
2be6b623-6b68-42e9-a58f-e22f3c40917b,2026-03-06,msg_00055,U3bae1603803a839c0cb52f511d9cb8f6,Ud281d60e32f4fbe012eadedadb30666a,flex,opened,2026-03-06 13:43:48,
7e9335c5-aef8-47bc-80d8-b9dd5aec8e98,2026-03-21,msg_00023,U743849e63f8101ac616f8fd0ba84a167,U9441448e89500c800abcc7be8d22d752,imagemap,delivered,2026-03-21 07:54:01,
2b543e2e-d6bb-40d7-9cfa-9750e1d620ad,2026-01-09,msg_00052,U743849e63f8101ac616f8fd0ba84a167,U3aec865e0a80360eb5624eb75e8d64b1,video,opened,2026-01-09 19:52:39,
04070bf7-285d-4330-b463-5193d39a493e,2025-11-24,msg_00033,U3bae1603803a839c0cb52f511d9cb8f6,U2a655b7bfbef2444268b2ced0cb45366,text,delivered,2025-11-24 18:13:37,
c33cfa73-7bc1-488a-9dda-235587c2d415,2026-04-04,msg_00100,U743849e63f8101ac616f8fd0ba84a167,U3ac7aefc1cafd6001125da93c67adb94,image,clicked,2026-04-04 06:33:59,https://example-saas.jp/lp/newmenu
dd731ee4-21dd-4942-ada2-ea5330663592,2026-03-25,msg_00079,U743849e63f8101ac616f8fd0ba84a167,U7e9b3819a0c6f7f4ba4913ff78a8fabc,text,opened,2026-03-25 03:12:51,
05a3381e-1219-40f5-bf68-978359ce2bed,2025-12-22,msg_00038,Ub0341314a5534ea92b26fa8adc30543f,Udb32c79fac679dfb4ccd3cf529134bf3,image,delivered,2025-12-21 20:42:21,
52422e25-6506-407f-9db6-edef04d1a30f,2026-01-29,msg_00013,U3bae1603803a839c0cb52f511d9cb8f6,U31a6ce3e24a8a2312d623991c74f9cef,text,delivered,2026-01-29 03:32:12,https://example-saas.jp/coupon/500off
14329cb6-ccec-48fe-b221-ab2d9e777a11,2026-03-16,msg_00002,U3bae1603803a839c0cb52f511d9cb8f6,U877f03d30cb17709b122c51c23455794,text,delivered,2026-03-16 16:25:03,
aa3dcc7b-3fbc-4c30-a886-b9ff51498741,2025-12-24,msg_00091,U3bae1603803a839c0cb52f511d9cb8f6,U331a4629c7daddaee69d49057338861f,imagemap,opened,2025-12-24 14:41:06,
42b0a9a9-a13a-437a-af7e-7ed0717f92f6,2026-01-10,msg_00044,U30ad60bba5da9837ca5dd0230ca8f531,Uaa168fa05210b4f776d1c234985cb165,video,delivered,2026-01-10 06:42:33,
f641d54d-c188-42a1-aab7-46b18a0f6e76,2025-12-07,msg_00003,U227d1cd1a801c367de206ec4bbca7330,U163c68334cd9a7a0f139e753f468869f,image,delivered,2025-12-07 14:51:18,
a4467858-40c8-4ad3-90a8-edcc9edc43ff,2025-12-17,msg_00032,U3bae1603803a839c0cb52f511d9cb8f6,U5fc1138977cf068288b5666880c4b123,video,delivered,2025-12-17 20:41:32,
a0c3593c-2091-4cf4-96aa-8110cfc4a7b1,2026-01-24,msg_00066,U3bae1603803a839c0cb52f511d9cb8f6,Udb16a7b0398b73c9112e6bb0d59bc026,image,opened,2026-01-24 17:40:39,
2f1219de-39d9-41e8-80a6-23cc5dbad91d,2025-12-23,msg_00109,Ue7310890b01058478be93761a56d0aa0,U7bb8ffbed99901fd7f21cf26371968a3,text,opened,2025-12-23 15:26:02,
08275c54-96f7-44fd-a9fa-032866dfdd79,2026-01-09,msg_00052,U743849e63f8101ac616f8fd0ba84a167,U63f5d01b3d0fac5c95cf2e7efcb0cfa1,video,opened,2026-01-09 16:57:45,
762fd8e0-f86d-48db-9332-3194d269c244,2026-02-16,msg_00021,U743849e63f8101ac616f8fd0ba84a167,U02354dd5dab3a814f472676e48b5f49f,flex,delivered,2026-02-16 13:13:33,
a3830451-6217-46aa-864b-ed570f31ee1e,2025-11-19,msg_00019,U743849e63f8101ac616f8fd0ba84a167,U5748ae7dcc5c6c1a743bae082dc4bafe,flex,opened,2025-11-19 03:44:36,
8e050a14-aff7-4623-8bdd-364ac47fdb41,2025-12-24,msg_00062,Ub0341314a5534ea92b26fa8adc30543f,U930df88fdfb956d7471fdf91cbdd69cf,video,delivered,2025-12-24 19:45:18,
453a050c-c724-42c5-81ca-e7ad60410d43,2026-01-24,msg_00113,Ub0341314a5534ea92b26fa8adc30543f,Ub6cde81bb139dd0bc817773f67ca3b5e,text,opened,2026-01-24 13:04:09,
35640899-dabc-4729-9b77-f2cc44cb6901,2026-02-08,msg_00051,U3bae1603803a839c0cb52f511d9cb8f6,U7cb9022a85c6f44c21a8fc477be3cd98,image,clicked,2026-02-08 02:47:02,https://example-saas.jp/coupon/500off
34961ca0-77bd-4c3f-bb23-e26892242521,2026-02-05,msg_00107,U3bae1603803a839c0cb52f511d9cb8f6,U4d483a1d58938ca459f0ac9355df0d01,text,delivered,2026-02-05 21:51:26,
5a46e309-39a3-4a0a-b40a-576e9080b868,2026-01-26,msg_00103,U3bae1603803a839c0cb52f511d9cb8f6,U4d3c83c12aca760991dbb6446a542548,flex,delivered,2026-01-26 22:59:20,
c9bc5d0e-ddbc-4d61-a258-2383f808fb7d,2026-03-31,msg_00046,U4784fc8a8e1e4eb2435ad84e0ad052f2,U996a90d3e79b4a4ef9acdb3fec5e285f,flex,opened,2026-03-31 15:24:16,
6010540f-8d8b-4594-9274-3839782c34be,2025-12-09,msg_00094,U227d1cd1a801c367de206ec4bbca7330,U90c2c7cdfae794c13b47181897c4b7c4,flex,opened,2025-12-09 23:45:06,
96df1c8e-5ae4-40e9-8e35-c98fb4fd012b,2025-12-15,msg_00030,U3bae1603803a839c0cb52f511d9cb8f6,Ua53f48225676444362ce7af98602c493,video,delivered,2025-12-15 16:51:19,
e5b0e2ae-3728-4003-a958-fd4d3824ad04,2025-12-25,msg_00045,Ue7310890b01058478be93761a56d0aa0,U820d4a8df5dbc4c52b380e7c2355b7d0,video,delivered,2025-12-25 05:42:14,
5b5d8b43-df98-4a7b-8358-4e324a0e9866,2025-12-23,msg_00061,Ub0341314a5534ea92b26fa8adc30543f,U870c3c0d539668804cf8d0294e1f2d86,imagemap,delivered,2025-12-23 06:27:10,
43333a23-fa1d-456e-8b7f-44d7af2f2f13,2025-12-17,msg_00032,U3bae1603803a839c0cb52f511d9cb8f6,U99780e40bb47d8013325af2546f99ee6,video,delivered,2025-12-17 21:48:51,
68396363-7af7-4be7-918f-dca9034229bb,2026-02-25,msg_00008,Ub0341314a5534ea92b26fa8adc30543f,U695c7be3dc0e303fa47a96682a718602,image,opened,2026-02-26 00:38:31,
417c7a0e-829d-4983-ac26-30894f569922,2026-01-26,msg_00086,U4784fc8a8e1e4eb2435ad84e0ad052f2,U0edfdbfcff5c652577bb7804c4512919,text,delivered,2026-01-26 17:11:46,
4765856b-0b86-42b6-8432-9f4419986079,2026-01-05,msg_00023,U3bae1603803a839c0cb52f511d9cb8f6,U6e538ba98c8757e8b17e61faba5e3162,flex,delivered,2026-01-05 06:21:34,https://example-saas.jp/lp/newmenu
f735d89d-e95e-471b-989f-9772f4bfc04d,2025-12-25,msg_00077,U743849e63f8101ac616f8fd0ba84a167,Ubd55853afd671acb3d05fc89ed591666,text,delivered,2025-12-25 17:30:37,
4b057baf-a22d-4f45-9d06-28cdfaa44c7d,2026-04-10,msg_00101,U743849e63f8101ac616f8fd0ba84a167,40b9fee7bab7944548ba76a02a0d0c3a,imagemap,delivered,2026-04-10 02:33:38,
486472e0-c3ec-4436-9fdf-2dfc28284357,2026-03-16,msg_00002,U3bae1603803a839c0cb52f511d9cb8f6,Ua7a3223c04696ede167651d7d2af854a,text,delivered,2026-03-16 22:25:53,
511e16f0-d38a-4429-ad35-70d656987b79,2026-02-19,msg_00016,U837b70463a585f85743b5bfb3b49c9fd,Ud5826ec37266b7103cefac94bab17f26,flex,delivered,2026-02-19 00:48:58,
1b9e71c4-7dd2-457b-86d7-5729dc45586a,2026-03-11,msg_00067,U7e808d11d6f9901a954a542a7ee09918,U228faa58d32e7b4e8a5cfb084cd3f078,video,delivered,2026-03-11 05:04:17,
cae27fac-668a-4c04-bea1-bdeb172a39f2,2025-12-03,msg_00012,U743849e63f8101ac616f8fd0ba84a167,8dfbf9ba93bb271a8f3a134a32a7025a,imagemap,delivered,2025-12-03 20:12:37,
18e262ea-bd51-4ba6-9588-04209b571de3,2025-12-17,msg_00032,U3bae1603803a839c0cb52f511d9cb8f6,U1c930ec5ce4b4d4f6ee95a7376f5e59e,video,opened,2025-12-18 00:24:34,
1ff992fe-e012-4dd1-8e6c-94184fa49e69,2026-03-25,msg_00079,U743849e63f8101ac616f8fd0ba84a167,U0be9376961b11c4e96ec4d2caa436d01,text,blocked,2026-03-25 20:47:03,
24fcbf57-67ff-491f-b0dd-f86b2567e234,2026-01-24,msg_00007,Ub0341314a5534ea92b26fa8adc30543f,U692d60c14c3461383b3f96a89fa90be8,imagemap,delivered,2026-01-24 17:40:51,
6f42e8b2-203d-476a-ae15-20c779202ef5,2026-03-29,msg_00097,Ub0341314a5534ea92b26fa8adc30543f,e308b4212f796ff83da3b2cc61883540,text,opened,2026-03-29 05:23:13,
74ab6ffb-74f2-4f95-b89f-ca09133edf1e,2026-03-20,msg_00092,U743849e63f8101ac616f8fd0ba84a167,Uc5579754348586757a1fc02d3a37250f,video,delivered,2026-03-20 06:20:12,
6b627b53-4157-4bdc-838e-e22ae66af911,2026-02-01,msg_00075,Ub0341314a5534ea92b26fa8adc30543f,Ub1957338d90362219e4a265876758777,imagemap,opened,2026-02-01 20:44:22,
fcdd9af4-2cc2-4b56-93a4-66f0ccd6aeef,2026-01-14,msg_00081,Ue7310890b01058478be93761a56d0aa0,U6c29878bb39dd6c90803e47938823017,video,delivered,2026-01-14 10:30:20,
5b7a4832-1ebb-47cc-b9f7-320ca1243426,2025-12-09,msg_00059,U3bae1603803a839c0cb52f511d9cb8f6,Ubb4b982e6d8a6ec69828a74caee3215d,imagemap,delivered,2025-12-09 12:30:54,
d067594a-a08c-4e62-b4c0-2543f488c28b,2025-12-19,msg_00064,Ub0341314a5534ea92b26fa8adc30543f,U12ef4ea9f123f452017b411dfc660788,image,delivered,2025-12-19 07:40:08,
be2d1562-d92b-420f-a5ca-dae3ab3b083c,2026-03-25,msg_00079,U743849e63f8101ac616f8fd0ba84a167,Uba0f57e09dd64b12bc1924b39be24a8c,text,opened,2026-03-25 11:05:53,
1b8b3e60-948b-41a3-b6b1-d9c74361a5bf,2026-04-05,msg_00054,U3bae1603803a839c0cb52f511d9cb8f6,U74531578eb5711ecb72befd700f44134,image,delivered,2026-04-05 19:53:55,
3c27c002-a6f3-4e73-883a-d557c058ff4f,2026-04-08,msg_00078,Ud4a92c8c8050eed40ef171cc2784d638,Uf1811690495a4e91a175ade6b9ac67ef,image,delivered,2026-04-08 06:59:47,
50615ead-b2ee-496e-8207-17f684a4d438,2026-02-24,msg_00111,Ub0341314a5534ea92b26fa8adc30543f,Ueb14d68b48063a9d981aa7e070e6d9bd,flex,delivered,2026-02-24 17:51:58,
9fbe324a-cec8-4fc9-b3e0-c00906e1cd7c,2026-03-26,msg_00040,U3bae1603803a839c0cb52f511d9cb8f6,U2da3790dd1cbb367c86f1b92f20ce292,imagemap,delivered,2026-03-26 20:13:47,
d1c5db9c-1ba2-4faa-b2d9-d23d0fb9203a,2026-01-26,msg_00005,Ub0341314a5534ea92b26fa8adc30543f,Ub09b6e74e669e6a1f7d82e49cf91ba2a,image,opened,2026-01-27 00:22:07,
02a3d95a-ffc0-4fa8-ba07-39ce34c0ae35,2026-03-26,msg_00040,U3bae1603803a839c0cb52f511d9cb8f6,U7776f338b4a6f06fcdfd8e8c7d2e4da9,imagemap,delivered,2026-03-26 21:07:56,
ae4c64f4-93ce-42db-81f3-6d39e6afa35b,2026-01-14,msg_00081,Ue7310890b01058478be93761a56d0aa0,Uf8b6fdd7602b020076e28faf26db9cf8,video,delivered,2026-01-14 01:16:29,
bf858074-d180-494b-94c1-5f4dfaac2e00,2026-01-13,msg_00060,U3bae1603803a839c0cb52f511d9cb8f6,Ua7e46c043d599101127fc37e849ae5b6,image,clicked,2026-01-13 10:35:36,https://example-saas.jp/campaign/spring
5d163f77-1a23-4ebe-b9f7-02697699ae8d,2026-03-29,msg_00097,Ub0341314a5534ea92b26fa8adc30543f,U199f9c10d178dca6416173665f16d48d,text,opened,2026-03-29 05:30:20,
0cb7a03e-9e89-45e7-96af-47186616c760,2026-04-10,msg_00101,U743849e63f8101ac616f8fd0ba84a167,Uf43c1837b1b45749e060594439293983,imagemap,opened,2026-04-10 12:48:58,
72563370-04e7-4c44-b123-6da44dca0492,2026-01-26,msg_00005,Ub0341314a5534ea92b26fa8adc30543f,U138547e8a7b2979476736952c619d3e9,image,delivered,2026-01-26 04:35:14,
47b9026a-04b4-43c2-bd2f-90d159c4f8dc,2025-12-07,msg_00003,U227d1cd1a801c367de206ec4bbca7330,Uff58fc901ef71c6296f1e3d0ff59c5ff,image,delivered,2025-12-07 03:58:46,
5bfa325d-c6a9-4a02-8116-6b4f2b8e1fce,2026-03-21,msg_00023,U743849e63f8101ac616f8fd0ba84a167,U9d5e19da19e97ed81bef768bb8e86d67,imagemap,clicked,2026-03-21 22:09:08,https://example-saas.jp/coupon/500off
dfd71dbb-4b85-41e9-a7be-5a15a4cc267d,2026-02-20,msg_00095,Ub0341314a5534ea92b26fa8adc30543f,d4703e18760b4b678f5437efc808021b,text,delivered,2026-02-20 01:39:55,
70e611c4-c2dc-4ea4-865d-3f918e82397b,2026-03-21,msg_00023,U743849e63f8101ac616f8fd0ba84a167,U76c4a6fc1e92171559a5cc78770f9e01,imagemap,opened,2026-03-21 18:34:17,
7d569c22-8542-4247-82bc-0a3a1fde33bf,2026-03-03,msg_00093,U743849e63f8101ac616f8fd0ba84a167,U27a24f42c1331df8706b179835152a6c,imagemap,delivered,2026-03-03 20:26:41,
ca6d3509-15f7-453d-aedf-ac2f92e79b3a,2025-12-31,msg_00082,U227d1cd1a801c367de206ec4bbca7330,Uc79c15cb18aaff1dede6d8da1c4ab311,imagemap,opened,2025-12-31 19:38:07,
10d5bee2-c01c-484f-be10-45641122c0b7,2026-01-24,msg_00113,Ub0341314a5534ea92b26fa8adc30543f,0664acda01ec71c08160e0ed868ad156,text,delivered,2026-01-24 22:45:16,
00301d9b-0d1e-4634-99ae-acb620d914c9,2025-12-25,msg_00045,Ue7310890b01058478be93761a56d0aa0,U30ba972bc5849f9a586e99982e7c1d1e,video,opened,2025-12-25 20:58:09,
175c9480-b2e1-473a-8cd4-3f24ed0b6c5c,2026-01-24,msg_00066,U3bae1603803a839c0cb52f511d9cb8f6,901d56133a0329b37ab5c40e23ef7c49,image,delivered,2026-01-24 11:01:42,
cde3e386-c0f1-4cb8-994c-4964686c7b44,2026-03-27,msg_00096,U476acbdef8e9a16d24575e4f6d7b0f31,Ue5487bca11b6fcefe89e584e7c1faa70,imagemap,delivered,2026-03-27 00:01:03,
a18eeb40-0c8e-416e-a213-e4dee0c84f64,2026-01-30,msg_00050,U3e5dd3a641c58ad50e49f095c6f1e306,U43f4eca477d2931d046f040b8858616b,image,opened,2026-01-30 18:50:46,
d474a0f8-b56e-4cc8-a976-770033754ce0,2026-01-18,msg_00102,U227d1cd1a801c367de206ec4bbca7330,U414573ff53e9c06a915ae61511d66358,video,opened,2026-01-18 00:35:22,
d63d530e-dd83-44e9-89ec-baf1553dd6de,2026-03-06,msg_00055,U3bae1603803a839c0cb52f511d9cb8f6,U19d820bcd277320d21aecd1837dddad4,flex,delivered,2026-03-06 03:23:07,
b75f817a-c084-4381-8d8e-37572d58f906,2025-12-09,msg_00059,U3bae1603803a839c0cb52f511d9cb8f6,Uc2af99292b8e546c84fa159196c53fd4,imagemap,opened,2025-12-09 12:52:26,
5762136d-21a8-4617-a414-deebabb98689,2025-12-23,msg_00109,Ue7310890b01058478be93761a56d0aa0,U66851e9341965310162ef28e0b359faa,text,opened,2025-12-23 18:12:05,
17367261-a7b5-46ca-985c-ff5624b484cc,2025-12-07,msg_00003,U227d1cd1a801c367de206ec4bbca7330,Uf5cc66a13787818ad5d13457c47a5f7a,image,delivered,2025-12-07 06:33:36,
02a2674a-41b9-4193-a35b-d87ccba86b92,2026-01-17,msg_00037,U7e808d11d6f9901a954a542a7ee09918,U6182235937e180e3edf03ef72259f339,text,delivered,2026-01-17 03:50:44,
a6c3cd79-88a5-48da-87d9-0f7352fe7a15,2026-02-14,msg_00065,U743849e63f8101ac616f8fd0ba84a167,U6f066771c7837721bd95046c63497ade,image,opened,2026-02-14 08:57:00,
f2cf6bc7-9853-47a1-aa1e-33de539ff66c,2025-12-09,msg_00094,U227d1cd1a801c367de206ec4bbca7330,Ud67b1043a09c354e29935adcebd7e1e2,flex,delivered,2025-12-09 00:16:24,
8d65f9d1-1fb7-4ae2-bead-5ff74c3d5f42,2026-02-20,msg_00048,Ue7310890b01058478be93761a56d0aa0,U86f0cdaf7eeec24391d379873c3c58e4,flex,delivered,2026-02-20 04:06:07,
9d5a70ec-cc7f-4e77-a51f-ac52dfa6ad0e,2026-01-30,msg_00050,U3e5dd3a641c58ad50e49f095c6f1e306,U2acbb172c9f94fb7c865177ab2dbb883,image,opened,2026-01-30 20:41:55,
e742248c-4b9a-4ea0-b416-099040fa8d59,2026-03-22,msg_00119,U3bae1603803a839c0cb52f511d9cb8f6,U2d79330a69945b00e5a0069e4d1ad51e,imagemap,delivered,2026-03-22 22:28:48,
3f5d647b-56f9-4aac-a9ad-d78ee18c1899,2026-01-18,msg_00102,U227d1cd1a801c367de206ec4bbca7330,Ubd97226941eee374eef21d9f1464abe4,video,delivered,2026-01-18 15:13:06,
4d02b6a6-690f-4cd8-82a9-cd0817f88ba0,2026-03-27,msg_00096,U476acbdef8e9a16d24575e4f6d7b0f31,Uc760b1d8d532ea5320df56550ec379b1,imagemap,opened,2026-03-27 16:40:58,
81eaed4f-c607-44ee-8c11-7995ee5abbbb,2026-03-18,msg_00080,U22a93bc29b1df104af6b1ba1cd91fc56,U2300509edfda0c8d59d41bf558915666,flex,delivered,2026-03-18 20:08:46,
2b6dd1fa-e1db-4233-be91-edf78b5dbc54,2026-03-06,msg_00068,Ub0341314a5534ea92b26fa8adc30543f,Ue852211a51caba406bf61921ec37eb0f,video,delivered,2026-03-06 23:47:21,
ce455c48-0ff9-4d1a-a94a-21c054850622,2025-12-24,msg_00091,U3bae1603803a839c0cb52f511d9cb8f6,U00cbb475367033474a6a71fdc72d4426,imagemap,delivered,2025-12-24 21:02:01,
6bcd16c1-d368-4862-b075-1bd519985371,2026-04-10,msg_00101,U743849e63f8101ac616f8fd0ba84a167,Ue19d658f4a392da71644190b03efa260,imagemap,delivered,2026-04-10 01:01:16,
6a47be98-a09a-4957-9432-0b485de1cee5,2025-12-02,msg_00088,U3bae1603803a839c0cb52f511d9cb8f6,U566c167736f71c69ff5d01efbe72a4a4,image,delivered,2025-12-02 18:06:13,
e6ca3d66-c28c-4423-a33a-4614030e702c,2026-02-01,msg_00075,Ub0341314a5534ea92b26fa8adc30543f,U743bef39412ea677096491b5e57d2f0d,imagemap,opened,2026-02-01 16:39:41,
40157ea5-0170-455d-bef9-174d40920243,2026-01-10,msg_00044,U30ad60bba5da9837ca5dd0230ca8f531,U17ba2dbf6590182a86574e1d7ecb73b1,video,delivered,2026-01-10 08:01:58,
8cf6fb31-25f7-47cf-b3bd-7a36143c8ba1,2026-01-14,msg_00081,Ue7310890b01058478be93761a56d0aa0,Uc169b302b2b2379884d50e732118ed4f,video,delivered,2026-01-14 06:56:01,
0722dcf3-7bb0-4f10-8e74-0f1bb6093511,2026-01-20,msg_00108,Ub0341314a5534ea92b26fa8adc30543f,U9496699ccf024734fa0462d3bc4698e4,flex,delivered,2026-01-20 02:28:22,
d4304a60-08e8-4274-bcca-d8976812ed7e,2026-03-26,msg_00040,U3bae1603803a839c0cb52f511d9cb8f6,U8ffa06e5b893a4eda4cef2614b34e070,imagemap,delivered,2026-03-26 15:52:25,
4b72c0fc-8412-4490-b4fd-5a84697df3f5,2025-12-23,msg_00109,Ue7310890b01058478be93761a56d0aa0,U6354e8586e8ee29b19f0c55e40973dbd,text,clicked,2025-12-23 14:37:25,https://example-saas.jp/coupon/500off
8084adde-2396-46e1-8787-a3680295fc36,2025-12-25,msg_00045,Ue7310890b01058478be93761a56d0aa0,U58eb401ff6c4900c354f6f878bbc9bf5,video,delivered,2025-12-25 18:18:32,
97fad359-ad25-433b-981e-708249693f9c,2026-04-06,msg_00074,U3bae1603803a839c0cb52f511d9cb8f6,U4b727e9dd352e9897e4267ce17c49ea6,text,opened,2026-04-06 23:29:15,
949fcdd2-8ffa-4eec-8b14-936e24791ac3,2025-12-02,msg_00088,U3bae1603803a839c0cb52f511d9cb8f6,U4089ce74d1aaa4dd65970b99aa080abc,image,delivered,2025-12-02 19:45:25,
49bc5025-d39c-4bfa-909f-9a15fd3b86fa,2026-02-15,msg_00087,U3bae1603803a839c0cb52f511d9cb8f6,Ud8a6ca1f9d3539392d55c1e15977877d,imagemap,delivered,2026-02-15 05:30:53,
ef23671e-0b4c-4891-b479-f8f9f96c627a,2026-03-05,msg_00014,U3bae1603803a839c0cb52f511d9cb8f6,Ua11558bba946cf3cf1d6f6b780d1740b,flex,delivered,2026-03-05 06:16:45,
57643549-cdc4-418c-9640-84e905dff1db,2026-01-26,msg_00086,U4784fc8a8e1e4eb2435ad84e0ad052f2,Uad7f3f7f18af9a148f83549e14a20dbc,text,opened,2026-01-26 20:59:07,
246cb55d-9842-4e13-a033-accd90e708ff,2026-01-26,msg_00005,Ub0341314a5534ea92b26fa8adc30543f,Ufb3ef659b820984b8032f607cac5724b,image,clicked,2026-01-26 03:15:46,https://example-saas.jp/lp/newmenu
6cf04921-608c-4b77-8825-8cf47e53d940,2026-01-10,msg_00044,U30ad60bba5da9837ca5dd0230ca8f531,Ue7de98849ecd5106247d1393105aa3ed,video,delivered,2026-01-10 04:16:08,
2b16e2e2-d39e-4b3b-8b44-cb4516eddf93,2026-02-10,msg_00058,Ue9a1e8a5b83a6b296d43c957a8cfba4a,U8b49c740fbe9a718816df6d50206e8fc,video,delivered,2026-02-10 16:06:56,
c9854553-9032-4ee3-b6b6-0b4c91895214,2026-01-26,msg_00005,Ub0341314a5534ea92b26fa8adc30543f,Ub09b6e74e669e6a1f7d82e49cf91ba2a,image,delivered,2026-01-26 23:02:45,
5e124346-54f6-423b-9f25-0d10cd74707b,2025-12-12,msg_00004,Ub0341314a5534ea92b26fa8adc30543f,Ua23a8651e2f0e2992b608c6a96b69ca6,video,delivered,2025-12-12 10:35:14,
3b47ded9-b2fa-4b90-bf3e-c7dddd813028,2026-03-20,msg_00092,U743849e63f8101ac616f8fd0ba84a167,Ubb2162a4e8b3b5d09b41c519bfb983d0,video,delivered,2026-03-20 18:47:08,
bf0a3caa-cd22-4412-ba25-56036f4fdec3,2025-11-30,msg_00025,Ub0341314a5534ea92b26fa8adc30543f,Ua3332c9f674e3b4642d2f937588f3e08,imagemap,delivered,2025-11-30 08:33:59,
ffa6576a-7010-49da-863f-70b75e86e9c9,2026-02-04,msg_00010,Ud4a92c8c8050eed40ef171cc2784d638,U894632be3c957ffd1a1469f85fdbdce5,video,delivered,2026-02-04 09:47:20,https://example-saas.jp/campaign/spring
7709f75d-3b2d-4c6a-94a4-35ccd158cba8,2026-01-01,msg_00027,U4784fc8a8e1e4eb2435ad84e0ad052f2,Ua5513185bf6c275a765412a4881d29c4,image,clicked,2026-01-01 21:16:55,https://example-saas.jp/survey
a7edbcb0-893a-4b84-9399-712e66c9054a,2026-03-14,msg_00009,U743849e63f8101ac616f8fd0ba84a167,U147d28662c85cabc015289bf7fd7e010,imagemap,failed,2026-03-14 17:50:43,
0b1976a1-1056-4b9e-b650-d9d2e7235ac1,2026-03-05,msg_00014,U3bae1603803a839c0cb52f511d9cb8f6,U3f3fec74552cac02518aac4dc10d2392,flex,opened,2026-03-05 00:20:08,
8a8b6923-4d88-4104-a99a-962cad1b0d04,2025-12-19,msg_00064,Ub0341314a5534ea92b26fa8adc30543f,U6d3d3c72f5df98bb1742045bf4bc9580,image,delivered,2025-12-19 21:23:31,
ca5c6517-b23e-4885-a76d-ee4464167d56,2026-01-26,msg_00086,U4784fc8a8e1e4eb2435ad84e0ad052f2,U033db1c2494c7a8dd35ecb554b19b6a2,text,delivered,2026-01-26 21:38:32,
39fa4933-53ca-4735-be15-62acca5cc133,2026-01-20,msg_00026,Ud4a92c8c8050eed40ef171cc2784d638,Ubda2584f3677938dd6a875b47bbf9c49,imagemap,failed,2026-01-20 21:39:52,
2b09fd34-42f2-41b1-aef6-282769587f26,2026-04-12,msg_00120,U227d1cd1a801c367de206ec4bbca7330,U1d0ff980698bf9170337d1446871703f,text,delivered,2026-04-12 06:51:10,
9f222351-2408-47ca-be89-fab9169cac7f,2026-02-14,msg_00098,U743849e63f8101ac616f8fd0ba84a167,U0be794741de58fe018c786196ff03d1a,imagemap,clicked,2026-02-14 06:19:32,https://example-saas.jp/coupon/500off
a8656452-b59f-4099-a4a2-46d4f6b1ca95,2026-03-20,msg_00092,U743849e63f8101ac616f8fd0ba84a167,Uf4726ffa99f4aa0b3c1ae6275384d156,video,delivered,2026-03-20 15:00:26,
c1f2adab-449e-4e5b-bb8f-08850e0b5915,2026-02-15,msg_00087,U3bae1603803a839c0cb52f511d9cb8f6,Ub556c817ef84872f0db69c25071fb787,imagemap,delivered,2026-02-15 07:39:31,
919579fd-b7ab-4d9c-8e6c-8c370f77fc50,2025-11-16,msg_00011,U837b70463a585f85743b5bfb3b49c9fd,U1f6d2fee240a37b19fb13619b381745f,flex,delivered,2025-11-16 00:58:56,
e9ecec91-0e4b-4ad3-9d9a-d8834d11179a,2026-02-14,msg_00098,U743849e63f8101ac616f8fd0ba84a167,Ubfb8a582f24a93bb51abace702ae4116,imagemap,clicked,2026-02-14 07:06:50,https://example-saas.jp/campaign/spring
8ede8ad1-f3e4-465d-a7db-83c7afb47802,2026-03-05,msg_00014,U3bae1603803a839c0cb52f511d9cb8f6,U21a4b1f28b71599539b02f4a164dbe06,flex,delivered,2026-03-05 10:51:43,
53c36cdd-6a31-4c33-b71a-df74dcbc7802,2026-03-23,msg_00071,U3bae1603803a839c0cb52f511d9cb8f6,Uf3087c44cd38e35514d10e6d9c5f806e,imagemap,delivered,2026-03-23 23:11:55,
7703b0c5-e342-4a83-b7ad-49f24442d7b2,2025-12-12,msg_00029,U743849e63f8101ac616f8fd0ba84a167,U71caab2ec506de5f0a2b72a90c56aa59,imagemap,opened,2025-12-12 19:41:02,
5a2bc539-219f-40ef-afe6-e574a9d14d91,2025-12-23,msg_00061,Ub0341314a5534ea92b26fa8adc30543f,Ubf8923d522f4cf3e2efac07cf8b98426,imagemap,delivered,2025-12-23 03:12:27,
206519ba-456b-42d6-bc90-c02d9eb63c60,2025-11-25,msg_00043,U3e5dd3a641c58ad50e49f095c6f1e306,Ud385f0f51056e6761097aef8465cb7d7,flex,delivered,2025-11-25 05:32:33,
e0b90ea1-714d-47c9-8760-207ee3ada9b3,2025-12-18,msg_00070,Ue9a1e8a5b83a6b296d43c957a8cfba4a,Uf01f816cbd088b724c947991378ebdf6,imagemap,opened,2025-12-18 11:47:28,
600b6a70-03e4-42a7-8492-8592e886d73b,2026-02-14,msg_00098,U743849e63f8101ac616f8fd0ba84a167,ade6048745c655a2f6e9125db6926a08,imagemap,opened,2026-02-14 07:16:06,
4be9d33b-5560-4503-9e7b-73cf01cbcc79,2026-01-13,msg_00060,U3bae1603803a839c0cb52f511d9cb8f6,Ud3488bc85536869c8c4018dae74e1941,image,delivered,2026-01-13 23:09:03,
6497be66-bb76-42c7-9a7b-cc8f532b1ab3,2026-03-06,msg_00068,Ub0341314a5534ea92b26fa8adc30543f,Ud9e9ad1f3ea5916601d939d1456131e9,video,delivered,2026-03-06 05:51:27,
5585e2a8-b7fe-49c2-ab50-65fa75829f27,2026-01-09,msg_00052,U743849e63f8101ac616f8fd0ba84a167,U012b5be0909bafdb01f1e3693dd4cb06,video,delivered,2026-01-09 00:14:30,
d8cf9904-d108-4740-9d56-0dcbf453d50c,2026-01-14,msg_00081,Ue7310890b01058478be93761a56d0aa0,U66ba97482cb344f20aca4f86347e3ebc,video,opened,2026-01-14 11:27:44,
3d8a7c04-9f12-4c96-a77b-1816d0d794c1,2025-12-15,msg_00030,U3bae1603803a839c0cb52f511d9cb8f6,U703857ecd57f57d5e636e558f792818f,video,delivered,2025-12-15 04:18:53,
731a5caf-055b-4b0d-b560-4a6170bbe16f,2025-12-19,msg_00064,Ub0341314a5534ea92b26fa8adc30543f,U821295f77d1b6fc07a9208ab06d665c6,image,delivered,2025-12-19 17:52:21,
83429b88-b807-4134-9f77-cfb8e607084f,2026-04-04,msg_00100,U743849e63f8101ac616f8fd0ba84a167,U77781384ad54cc9035a0bfce0aab9858,image,opened,2026-04-04 09:50:31,
1fa4aa52-3bca-4f43-8f78-ddd9045fc10c,2025-12-24,msg_00091,U3bae1603803a839c0cb52f511d9cb8f6,Ub09ff8d93c5c841d85196978c7d3c72c,imagemap,delivered,2025-12-24 03:10:57,
a1c10986-5f35-40fd-b002-3cffc527f282,2026-02-09,msg_00083,U3bae1603803a839c0cb52f511d9cb8f6,U51637f9d84eda6ad35fe03d424a9dc89,flex,delivered,2026-02-09 06:00:12,
1aa157fb-5457-44d9-891a-76b435c15522,2026-02-05,msg_00107,U3bae1603803a839c0cb52f511d9cb8f6,U7271df7d13b258efd34cdb60b3f3581b,text,opened,2026-02-05 14:29:55,
25044156-2ec3-4877-81bb-5e3ddc70c981,2026-01-01,msg_00027,U4784fc8a8e1e4eb2435ad84e0ad052f2,Ub7c64c7329ca9b537f3047dba4cc94b2,image,opened,2026-01-01 21:55:11,
4948af9c-28ff-4fa2-8328-b380cbb693f3,2025-12-23,msg_00061,Ub0341314a5534ea92b26fa8adc30543f,U34dad0de3c4d6d2cabb966927cc47e43,imagemap,failed,2025-12-23 16:12:35,
70d36a7a-666a-4703-8426-f544da2f9f1a,2026-02-20,msg_00036,U879eb903ad90cd9c2874f6df7651267a,Uc682c8df5eece25883e7696dce1da31c,video,failed,2026-02-20 04:56:41,
118acdf9-a6c8-48d3-b714-cad3d7b8ab41,2026-01-26,msg_00103,U3bae1603803a839c0cb52f511d9cb8f6,U77b8d1fd63d1a7a3eac6f2b489d7a8eb,flex,delivered,2026-01-25 03:10:43,
985aefe2-3fd2-4b73-ada0-fa94efad9b97,2026-03-27,msg_00096,U476acbdef8e9a16d24575e4f6d7b0f31,a2ed3fb8e250d629272e4f70a6da77a9,imagemap,delivered,2026-03-27 00:56:00,
293fe0c4-9b40-495f-bfd7-ed9ff8e2b71e,2026-01-31,msg_00035,U7e808d11d6f9901a954a542a7ee09918,Ufc0624b25d166ddbb763d0277d7e71da,text,opened,2026-01-31 06:23:51,
f0933212-9699-456f-88ed-8caf68790bcb,2025-11-16,msg_00011,U837b70463a585f85743b5bfb3b49c9fd,Ue224d58b719730d37d442edb99d8ea8e,flex,delivered,2025-11-16 11:46:24,
f3873ade-133b-4aef-888c-e30d2abafd63,2026-03-22,msg_00119,U3bae1603803a839c0cb52f511d9cb8f6,Uc3ae653507b27eefe35ea8eb9aa0f26a,imagemap,opened,2026-03-22 19:51:18,
4b5bb4ac-3de2-4b31-910c-113c0d5fc463,2025-12-19,msg_00118,U4784fc8a8e1e4eb2435ad84e0ad052f2,d5f3c69f845f832eb98bb7934daf7c82,image,delivered,2025-12-19 07:00:40,
14bfc65e-612f-44bf-b135-ec8b9e43ba4e,2025-12-12,msg_00029,U743849e63f8101ac616f8fd0ba84a167,U8806e779dfe7365af2258568eba5b0fb,imagemap,delivered,2025-12-12 06:01:20,
83833c81-1911-4388-8369-22b35fff8692,2026-03-22,msg_00119,U3bae1603803a839c0cb52f511d9cb8f6,U83c5bdd5689b36e13f86da42bfe9d261,imagemap,clicked,2026-03-22 18:56:28,https://example-saas.jp/coupon/500off
a4dec2d8-570c-44d6-9b37-bdbda150be9a,2025-12-17,msg_00032,U3bae1603803a839c0cb52f511d9cb8f6,U54e63f6913a86c8ab51c890e10ce0d88,video,delivered,2025-12-17 15:41:07,
948800eb-18d1-40ae-b2ec-8ef65bafb0ad,2025-12-08,msg_00015,Ub0341314a5534ea92b26fa8adc30543f,U1788c37a77bc15373f4a5219ef81e59a,text,delivered,2025-12-08 04:07:00,
34d8996d-2ef9-403a-87a0-ba671fbfcf9b,2025-11-30,msg_00025,Ub0341314a5534ea92b26fa8adc30543f,U9447d6f6756d57e3ba60b7cdfa30c7da,imagemap,delivered,2025-11-30 02:16:49,
eff639f8-60f8-4533-ae0a-8d63c8c1fa04,2025-12-09,msg_00059,U3bae1603803a839c0cb52f511d9cb8f6,U8eb56090d13db3c0c4ddf966aeff4c5d,imagemap,delivered,2025-12-09 11:07:34,
de28f953-9a1f-44f4-ae36-92937d64cfd9,2026-04-04,msg_00078,Ud7cd4c737b35e126236570d6cf0e97f4,Uf7807c1dd18b228643ea0987774d84b1,image,delivered,2026-04-04 13:25:08,https://example-saas.jp/survey
b269c7b2-b9c7-4297-b9ef-2981bbce35cf,2026-03-21,msg_00023,U743849e63f8101ac616f8fd0ba84a167,U8e0154f3caea9cc125ddca8993374085,imagemap,delivered,2026-03-21 00:43:30,
bcd6f9e6-713c-464a-b760-171c7a888820,2025-12-19,msg_00064,Ub0341314a5534ea92b26fa8adc30543f,Ue984e0ccab85fbee050e63529d183f80,image,delivered,2025-12-19 18:01:41,
25e0ac86-f473-46ed-bcaa-a1fd7e2f853e,2026-02-20,msg_00095,Ub0341314a5534ea92b26fa8adc30543f,Ud88e15d3f5732685fe8f9548c6c0a3f6,text,opened,2026-02-20 16:58:03,
e457efd6-bcc7-4690-a0e2-33f591f4608f,2026-02-15,msg_00087,U3bae1603803a839c0cb52f511d9cb8f6,U0621446b3e4c2bc873d6437950f9faf7,imagemap,delivered,2026-02-15 00:18:23,
f29f2127-abbc-4670-a5c8-bd61f4668065,2025-11-23,msg_00024,Ue8d9224ecde331ce692edfce0b5ecdc4,Uc8fb53b83804e1f79de822cd021dd2d8,text,delivered,2025-11-23 04:28:40,
7e9faa31-67a9-47ee-817f-88ffec693711,2026-04-12,msg_00105,Ud4a92c8c8050eed40ef171cc2784d638,8a1f44fe623547ab394e073ef72d4ad3,flex,opened,2026-04-12 13:10:56,
e44432bd-227a-460e-8b8d-89e1d93edf04,2025-12-19,msg_00064,Ub0341314a5534ea92b26fa8adc30543f,U3fcc7ebed4772f45f2e6611ac45f0293,image,delivered,2025-12-19 16:13:20,
c777ca00-1114-4fb9-8b78-ce1f3e33d4a6,2026-01-26,msg_00086,U4784fc8a8e1e4eb2435ad84e0ad052f2,U60473bcf151d3b30374f9f2c584c1e00,text,delivered,2026-01-26 15:05:29,
082ab1c1-165c-48f1-a537-357b4e1a2fd5,2026-03-23,msg_00073,Ud4a92c8c8050eed40ef171cc2784d638,U7da6fd48ad673d92ea3e235251b37a33,imagemap,delivered,2026-03-23 20:20:16,
61fe8090-997b-42b1-9994-bfd1320efc56,2025-11-24,msg_00033,U3bae1603803a839c0cb52f511d9cb8f6,Ud6c62e7b3aad4619363b426aa3fe5f06,text,delivered,2025-11-24 12:54:45,
b8cacc53-d260-4e0a-bc8b-25900a8c620b,2026-04-08,msg_00078,Ud4a92c8c8050eed40ef171cc2784d638,Ud7546e9fc401b7ce67f05fb55d5fd684,image,delivered,2026-04-08 04:55:14,
ac351b78-fa71-40e7-87c7-7d1d27a06245,2026-02-16,msg_00021,U743849e63f8101ac616f8fd0ba84a167,0cff6eb130b727ad2686e4167be636aa,flex,clicked,2026-02-16 22:30:09,https://example-saas.jp/coupon/500off
c7f0afe5-9c60-41bb-8f6b-1699d94235f5,2026-02-20,msg_00017,U22a93bc29b1df104af6b1ba1cd91fc56,Ue5688c02672ad88f19505db7160c2941,video,clicked,2026-02-20 14:43:01,https://example-saas.jp/campaign/spring
8338a165-db7f-499a-b777-5010488199ea,2025-12-23,msg_00109,Ue7310890b01058478be93761a56d0aa0,8df2af1e6438ceabedfe7a1680f582e3,text,clicked,2025-12-23 10:41:33,https://example-saas.jp/coupon/500off
120dc053-a51c-4e34-bede-7feec2dcb432,2026-01-26,msg_00103,U3bae1603803a839c0cb52f511d9cb8f6,U072de02b96ca56ee5b315c2d40e5d660,flex,delivered,2026-01-26 23:48:30,
141d00b6-3fdb-4dcc-8dd3-1591d1bfb072,2025-12-21,msg_00022,U3bae1603803a839c0cb52f511d9cb8f6,U0f8afd68d1ef3550393edc064301b53e,video,delivered,2025-12-21 21:01:40,
b5791221-d3e8-4e32-af3a-5a8b3481a8b1,2025-12-12,msg_00029,U743849e63f8101ac616f8fd0ba84a167,Udc323cc5ec9dfcb46179f5c84cd065d9,imagemap,delivered,2025-12-12 14:45:14,
f41fe0a6-6ee3-4fa6-888d-c99c7c0c051b,2025-12-19,msg_00064,Ub0341314a5534ea92b26fa8adc30543f,U6d1eb5a9e1a32aa7bf1f860e9e6bab95,image,clicked,2025-12-19 12:33:29,https://example-saas.jp/coupon/500off
d8df4e47-086f-4321-8fc0-78ec37742f54,2026-01-09,msg_00052,U743849e63f8101ac616f8fd0ba84a167,U753d77183707c2a51c7e570266a1c865,video,opened,2026-01-09 11:06:17,
61200832-05fd-4756-b537-c5c31705c8ee,2026-01-24,msg_00113,Ub0341314a5534ea92b26fa8adc30543f,Uede7a9ead05e889173bb923ceb950234,text,opened,2026-01-24 23:35:12,
82f69727-272c-469a-b561-d101144e635c,2026-01-09,msg_00052,U743849e63f8101ac616f8fd0ba84a167,U9aef6586cbc0fab28a959ca3b7c03f7f,video,opened,2026-01-09 14:04:35,
c6c71547-f789-44b0-8242-2f7857da0d28,2025-11-24,msg_00033,U3bae1603803a839c0cb52f511d9cb8f6,Ua89d4472433ba11e99b23eebf14832be,text,opened,2025-11-24 11:49:32,
5cf3e944-17c1-49d8-8644-33ade573c4f9,2026-03-21,msg_00023,U743849e63f8101ac616f8fd0ba84a167,U625ad091f219919a4168711321151117,imagemap,delivered,2026-03-21 22:05:11,
ba7b4287-49cf-4cec-8f60-80dfe45226ad,2026-04-04,msg_00049,U476acbdef8e9a16d24575e4f6d7b0f31,U2fe3d65fb059e188fc51c9df512a53e5,text,opened,2026-04-04 17:32:10,
d9f94732-131c-4d53-bdd3-469e94299e5b,2026-02-15,msg_00006,U743849e63f8101ac616f8fd0ba84a167,U7e48af86f5b64badb8d5af0f33be0c16,flex,delivered,2026-02-15 16:27:21,
a236ae14-f01f-49e2-a1e9-e3ee715547c1,2026-01-10,msg_00044,U30ad60bba5da9837ca5dd0230ca8f531,Ud1a6aaa90e9fc5bc7a4733be5cbb1ec0,video,opened,2026-01-10 22:09:29,
c79ef53c-0115-4ac1-8086-3ac333a3e2c8,2026-03-26,msg_00040,U3bae1603803a839c0cb52f511d9cb8f6,U43be57cd412e0bebc41337540a68384e,imagemap,delivered,2026-03-26 18:51:50,
4f9eaec5-5219-4e7b-9f55-c1d1cf93637b,2025-11-27,msg_00018,U3e5dd3a641c58ad50e49f095c6f1e306,Ufacfe62c24de0eb70b042c4b1b7c9d03,imagemap,delivered,2025-11-27 00:52:59,
315f3c17-4ae0-4368-bea6-57ac6a8a541e,2025-12-31,msg_00082,U227d1cd1a801c367de206ec4bbca7330,U3ba954f39bf8e5d733c414781e258343,imagemap,delivered,2025-12-31 05:43:06,
f4032e29-9d76-4b1e-8866-d1af5ee5a728,2025-11-25,msg_00043,U3e5dd3a641c58ad50e49f095c6f1e306,U9f2217a85cee20710faa4d18d1797276,flex,clicked,2025-11-25 15:35:26,https://example-saas.jp/coupon/500off
86b35c33-6bff-4cea-bc55-d8f557e69254,2026-03-26,msg_00040,U3bae1603803a839c0cb52f511d9cb8f6,U1e379398ba80697fcf25e448129a3bfb,imagemap,opened,2026-03-26 06:23:47,
5960da48-88e9-489c-83ef-edda81b8358d,2025-12-18,msg_00070,Ue9a1e8a5b83a6b296d43c957a8cfba4a,Uccdcf84979e84871e854d711955406ce,imagemap,opened,2025-12-18 17:03:31,
f88ef290-f106-4ab2-ae9b-2f3e73d376fe,2025-12-18,msg_00114,Ub0341314a5534ea92b26fa8adc30543f,Ub8709b285a4b94edcf70f828b6eee218,flex,delivered,2025-12-18 02:28:20,
11ad3a15-21df-47c0-bfd6-6c09137158de,2026-02-28,msg_00117,U743849e63f8101ac616f8fd0ba84a167,ef311be20ec057de5e9c82e2878a32f2,video,delivered,2026-02-28 03:00:32,
c662f2b9-6bca-4523-b21c-33f213fb26ac,2026-03-29,msg_00097,Ub0341314a5534ea92b26fa8adc30543f,e308b4212f796ff83da3b2cc61883540,text,delivered,2026-03-29 04:56:40,
edd80506-d140-4fcd-bec6-d2d6f9f7afda,2025-12-19,msg_00064,Ub0341314a5534ea92b26fa8adc30543f,U3fcc7ebed4772f45f2e6611ac45f0293,image,delivered,2025-12-19 16:13:20,
98b0c06b-de55-4123-b343-3449b127e41b,2025-12-02,msg_00088,U3bae1603803a839c0cb52f511d9cb8f6,U28f11b8f87cc839e8383d2de223562b8,image,delivered,2025-12-02 19:07:56,
d7d0b153-cc6b-4be9-b611-d8c4a5ddd089,2026-01-13,msg_00060,U3bae1603803a839c0cb52f511d9cb8f6,Uc917243c3f663b0b857ac6ad1b830e59,image,delivered,2026-01-13 00:19:06,
8093f0fa-d2dd-43f0-b079-5e96dc24e77b,2026-03-22,msg_00119,U3bae1603803a839c0cb52f511d9cb8f6,U7c74cd3da8b426a227875fcfa1061111,imagemap,delivered,2026-03-22 22:14:17,
0293b06e-d08a-4154-b268-f416e7e4a736,2026-02-24,msg_00039,U743849e63f8101ac616f8fd0ba84a167,Udc2419fb2eb8b7fe79465531b7447b21,flex,delivered,2026-02-24 12:09:21,
13baea0b-5697-4bb8-987c-31a3a271046f,2026-02-24,msg_00111,Ub0341314a5534ea92b26fa8adc30543f,U8f17a5dfae08fa7ef1defd0aba82e84c,flex,delivered,2026-02-24 17:27:43,
346f93ba-ece8-412f-87c6-557fefbf1d14,2026-01-10,msg_00044,U30ad60bba5da9837ca5dd0230ca8f531,U2dfea2e75e2adac3d6811a2ba757a930,video,delivered,2026-01-10 16:12:10,
19367309-3efb-4fe4-a00c-00ec54d1343b,2026-01-26,msg_00103,U3bae1603803a839c0cb52f511d9cb8f6,U78be4402f68c5fd03c6bb9da00fabff7,flex,opened,2026-01-26 22:24:03,
29861ab5-5590-4bec-94c8-8319cb4febd1,2026-03-04,msg_00056,U1ca413826b7044d134c9c3132420c9de,Uc49c05009a8fd74cc43d940e380ad54d,text,opened,2026-03-04 23:17:07,
9e029aa5-10d9-447d-b0b0-b9760695baec,2026-01-18,msg_00102,U227d1cd1a801c367de206ec4bbca7330,Uedca7c0bc573367ff25cc4203ba8f75b,video,delivered,2026-01-18 13:14:17,
e71d4535-037b-4d18-9af6-331e64f0a15a,2025-12-18,msg_00070,Ue9a1e8a5b83a6b296d43c957a8cfba4a,U8752d44d31d1d459af44e931d43e2067,imagemap,clicked,2025-12-18 18:40:57,https://example-saas.jp/campaign/spring
4934072d-5224-4467-90bf-2108572c2100,2026-04-04,msg_00049,U476acbdef8e9a16d24575e4f6d7b0f31,c838ff112d99238db1ddde24d2d2e47f,text,opened,2026-04-04 09:24:38,
8c6c2f08-b596-4398-9a0e-d875350e9d4b,2026-01-26,msg_00063,Ub0341314a5534ea92b26fa8adc30543f,Ua44d023aacc18e1f666f097d9a7c6201,imagemap,delivered,2026-01-23 15:41:58,
46188c7f-4253-4020-971d-dd2a99d34cdb,2026-03-06,msg_00055,U3bae1603803a839c0cb52f511d9cb8f6,Ua7a1375853d31362891fea06f2a40f03,flex,delivered,2026-03-06 10:15:05,
f0ff7a22-72d6-4172-9160-a449e7740e6c,2026-01-31,msg_00035,U7e808d11d6f9901a954a542a7ee09918,Ub958f37d20217a82575d8915b92263d8,text,delivered,2026-01-31 17:21:19,
a2d2682c-5ddc-48c0-9fb9-334abbf2c8b9,2025-11-30,msg_00025,Ub0341314a5534ea92b26fa8adc30543f,Ua42fe2223d5e46ddc24653c75509497f,imagemap,delivered,2025-11-30 04:09:21,
36311343-19fa-4f11-b402-cd3bacdda2b1,2025-11-23,msg_00053,U743849e63f8101ac616f8fd0ba84a167,U49aa4508ecc1a66ca5a0958582f8c629,video,delivered,2025-11-23 19:16:04,
3f475108-a32d-4711-af15-f7fdb9a5ab9f,2025-11-23,msg_00053,U743849e63f8101ac616f8fd0ba84a167,U49295514e36eb16729c6f149b100b24c,video,delivered,2025-11-23 23:06:33,
1903c531-34fa-478e-8bca-6c650b9dec1d,2025-12-09,msg_00059,U3bae1603803a839c0cb52f511d9cb8f6,U469349d890f71f23cf1de71987c3b577,imagemap,opened,2025-12-09 08:47:02,
6691591c-a2db-4a7b-8a2e-183faca4f5bf,2025-12-25,msg_00045,Ue7310890b01058478be93761a56d0aa0,Ua88296e501d23efa882f1e1f1d358cce,video,clicked,2025-12-25 06:11:00,https://example-saas.jp/campaign/spring
3827a0d9-2ccc-42e5-932a-4954eb9f481a,2026-04-05,msg_00054,U3bae1603803a839c0cb52f511d9cb8f6,U7e548dfd0425b11ddd001747f11697cd,image,delivered,2026-04-05 06:05:28,
9bc8aa15-9d11-41e5-ae0c-cdf119466ab5,2026-04-01,msg_00072,U4784fc8a8e1e4eb2435ad84e0ad052f2,U870203f1976fa9dd24eee3d62c64c7ef,image,opened,2026-04-01 05:09:43,
bd079c2c-24e4-4ffb-bde6-216ce8e3d1cd,2026-03-22,msg_00119,U3bae1603803a839c0cb52f511d9cb8f6,U778b0cff3c4109d6e43867fd937fe911,imagemap,opened,2026-03-22 18:06:16,
82af8023-9a8b-45e7-950d-2d1a03e85d44,2026-01-26,msg_00115,U3bae1603803a839c0cb52f511d9cb8f6,U8cfafcfde8493c545f27f36ba6eae4a6,imagemap,delivered,2026-01-26 12:49:54,
d28630d9-53bd-41d2-800e-4cb0b3d06bab,2026-03-21,msg_00023,U743849e63f8101ac616f8fd0ba84a167,Ub952a28f11a82f48c24b85500cf07c39,imagemap,clicked,2026-03-21 22:51:30,https://example-saas.jp/survey
a7a93b76-eb48-4c36-9900-eaae7bb2d291,2026-03-14,msg_00009,U743849e63f8101ac616f8fd0ba84a167,U09121d60383636f1eb9eb972274fc276,imagemap,opened,2026-03-14 17:26:38,
30ebf589-3c78-486d-88e0-5911faf19e58,2025-12-18,msg_00070,Ue9a1e8a5b83a6b296d43c957a8cfba4a,Uca8d70f0c0bb66e68191577ca663f1b5,imagemap,opened,2025-12-18 14:39:22,
fa2c4046-3d75-4e11-9412-88dfb2ef9968,2025-12-24,msg_00091,U3bae1603803a839c0cb52f511d9cb8f6,U16e1171b3145a82a5d1c43efb29d28b9,imagemap,delivered,2025-12-24 15:40:53,
f061c973-6139-43fe-be10-3743418d1a4b,2025-11-27,msg_00018,U3e5dd3a641c58ad50e49f095c6f1e306,U9bedcc65c07fe33871db2e15d42006e3,imagemap,delivered,2025-11-27 09:26:08,
aa018b4b-e92a-497b-b12a-4c266e56ca62,2025-11-17,msg_00034,U743849e63f8101ac616f8fd0ba84a167,U449917b2f0f9c5bd9e12ac5d5877edf7,text,delivered,2025-11-17 12:23:08,
c5310ac3-b9d0-4c2d-90b0-e083e8e1137c,2026-03-04,msg_00056,U1ca413826b7044d134c9c3132420c9de,ccf7d483dc1c19271eeeebd27bdd27a3,text,opened,2026-03-04 19:42:06,
1104bd0a-60a5-49e1-9301-609bcee55287,2026-01-26,msg_00115,U3bae1603803a839c0cb52f511d9cb8f6,U23cf025773f3a9650a31b957560fa0eb,imagemap,opened,2026-01-26 12:16:35,
51012950-310d-488c-8586-644a028ee00c,2025-12-21,msg_00022,U3bae1603803a839c0cb52f511d9cb8f6,Ufc952f89445817be9f27998e815a3f4d,video,opened,2025-12-21 06:36:27,
9e962998-5196-42eb-9da8-99d5330aa726,2026-02-05,msg_00107,U3bae1603803a839c0cb52f511d9cb8f6,U60c272e5a1253995fc8f23f49202461b,text,opened,2026-02-05 03:39:14,
ad0d4add-8e76-4638-8128-073f2abcd07e,2026-01-26,msg_00103,U3bae1603803a839c0cb52f511d9cb8f6,U01eca704a0871f1c9b719657f6400845,flex,delivered,2026-01-26 12:21:40,
cd971774-0809-42fe-9cdd-5471e830e591,2026-03-20,msg_00092,U743849e63f8101ac616f8fd0ba84a167,U20e98c78b6415b3c73df188bafc3cf49,video,opened,2026-03-20 20:51:01,
60e1a340-4a0b-4797-b7eb-0725cda317f1,2025-12-23,msg_00109,Ue7310890b01058478be93761a56d0aa0,Uc951b129eb4290395b6d36b5447f5bf5,text,delivered,2025-12-23 06:44:35,
7fb1a3e9-f393-456f-bc43-98697df400f2,2026-01-17,msg_00037,U7e808d11d6f9901a954a542a7ee09918,U2cd1f5780861188c62c800122de8f387,text,opened,2026-01-17 15:15:10,
10abdf7d-677c-44a1-9b3a-2f8f0751547f,2025-12-12,msg_00029,U743849e63f8101ac616f8fd0ba84a167,U2a6a990681036ce8794c332fa3cc9072,imagemap,opened,2025-12-12 06:09:35,
9b3f9f27-dc12-4779-bae3-f6c59e9cdc0e,2026-01-31,msg_00035,U7e808d11d6f9901a954a542a7ee09918,U0464ebc25824235158fea1b1621cc0a7,text,delivered,2026-01-31 04:43:11,
377ed281-24fd-4b3f-8fce-4995dc2df37e,2025-12-31,msg_00082,U227d1cd1a801c367de206ec4bbca7330,U13a43481f835237ce8e38b72e57c3c0e,imagemap,delivered,2025-12-31 04:09:59,
dafeef6b-a437-4589-b7e9-e718388f20f6,2025-12-09,msg_00069,Uc20f9c7e9b662bedec3cb78e127885c7,U691b09c1af8924c3e26631b2ffcaf211,imagemap,delivered,2025-12-09 22:29:49,
13fc6969-3a90-499b-a8c6-5b10c85f2df7,2025-11-25,msg_00043,U3e5dd3a641c58ad50e49f095c6f1e306,U03bebd127fe8d52506d77f109301ef14,flex,clicked,2025-11-25 08:13:30,https://example-saas.jp/coupon/500off
438d3516-d708-4194-95d3-c3b8ae677660,2025-12-07,msg_00003,U227d1cd1a801c367de206ec4bbca7330,U6f97539056ff76ff95a5a912bc2b857a,image,delivered,2025-12-07 01:12:59,
797e01a0-3276-426f-9083-2900badb3587,2026-03-06,msg_00055,U3bae1603803a839c0cb52f511d9cb8f6,Ufd83e683837ef7088287b1e2dac83b98,flex,delivered,2026-03-06 21:43:00,
d4ffbc05-2ddf-4b28-84d0-a252437d18ba,2025-12-03,msg_00012,U743849e63f8101ac616f8fd0ba84a167,U6b333a1801606d1eb56a867994ce7da7,imagemap,delivered,2025-12-03 02:24:29,
1f84305a-0f8f-4c3f-94fd-5921c467c38c,2026-03-20,msg_00057,Ub0341314a5534ea92b26fa8adc30543f,Ucd9cfafbfa75dc4285c485a019629f24,video,delivered,2026-03-20 10:24:16,
b6cfbb51-feff-4e3d-ab12-9b8e642658e9,2026-01-24,msg_00113,Ub0341314a5534ea92b26fa8adc30543f,U04de002c12f9bc2cab1fba57950e107b,text,opened,2026-01-24 19:10:35,
bd2a8aa7-cb1a-4a7d-a51c-0b1c495302f2,2025-12-31,msg_00082,U227d1cd1a801c367de206ec4bbca7330,Ub2e376315bf3e2816c420bbb8dc3018f,imagemap,delivered,2025-12-31 05:13:46,
e8c1f7e7-6eea-49eb-90b1-875b52e2326a,2025-12-25,msg_00045,Ue7310890b01058478be93761a56d0aa0,U4305a1ebd83d2034e9e909252313a5cb,video,delivered,2025-12-25 11:20:02,
7103e6f2-10a2-4eae-8405-f5cfd8ab9dd5,2026-01-24,msg_00066,U3bae1603803a839c0cb52f511d9cb8f6,U0cd44a76f2f4f754df5a452522bc5238,image,opened,2026-01-24 15:59:29,
b4c5b65a-1855-4322-846a-5d44ba445b6b,2026-03-29,msg_00097,Ub0341314a5534ea92b26fa8adc30543f,U76e8120e084b53b2b723a769ad2d17b9,text,opened,2026-03-29 01:28:33,
2531a78d-c421-4261-b029-4bd293e84e73,2025-12-31,msg_00082,U227d1cd1a801c367de206ec4bbca7330,U61dd80781ecf69b05f8415189ac11354,imagemap,delivered,2025-12-31 05:59:52,
fb646b96-b728-4c08-8326-4379f0ec6174,2026-02-15,msg_00089,U3bae1603803a839c0cb52f511d9cb8f6,8c97bcac6e2c28e43437e7fac290e07d,text,delivered,2026-02-15 13:20:58,
bc3a0da5-acd4-4003-9b23-b6606332f605,2026-03-16,msg_00002,U3bae1603803a839c0cb52f511d9cb8f6,U0437af55b15dd5c01f0bb93fe589c1e0,text,delivered,2026-03-16 08:37:28,
fd290eb6-9bd1-4a7d-95a3-7f762e49a56d,2025-12-21,msg_00022,U3bae1603803a839c0cb52f511d9cb8f6,Uec1eaf9dc875dccaeb69efbe992e76b9,video,delivered,2025-12-21 08:12:50,
ebaac06d-57e3-4ea3-964b-d260fd4028fe,2025-12-24,msg_00091,U3bae1603803a839c0cb52f511d9cb8f6,Ucd04a2f239c5406432f1695e5d5bd0bf,imagemap,delivered,2025-12-24 21:36:45,
8b82df40-931a-46a2-8d35-afc30c45fa4d,2025-12-23,msg_00109,Ue7310890b01058478be93761a56d0aa0,U1301868110ac364e11d906c79eab7b35,text,opened,2025-12-23 22:48:07,
c11d9c9c-3bf6-421c-9237-a740c985f521,2026-01-31,msg_00035,U7e808d11d6f9901a954a542a7ee09918,U3e0980b54383c98e26965cd93218ae12,text,delivered,2026-01-31 04:00:46,
eef7286a-e127-4247-8bf1-46494566bc54,2025-11-25,msg_00043,U3e5dd3a641c58ad50e49f095c6f1e306,U05ba74a1dbdebf020aab650271fa58e3,flex,delivered,2025-11-25 22:24:07,
c6cd4acd-afa4-4c94-811c-5360880ae672,2025-11-22,msg_00047,Ue7310890b01058478be93761a56d0aa0,U0433e2370180cda84552974be63257e3,video,delivered,2025-11-22 20:44:59,
155f8112-d87a-4001-a2c4-c2332641bb79,2026-03-13,msg_00001,U4784fc8a8e1e4eb2435ad84e0ad052f2,Ua430d5d48d0e3f77835c6c2b780c9608,image,delivered,2026-03-13 05:08:01,
2d2d7384-b4d9-454d-8f0d-8acc9b6ec008,2025-11-16,msg_00011,U837b70463a585f85743b5bfb3b49c9fd,U13ee6476b5c3e26c991268ebdcb4bbac,flex,delivered,2025-11-16 16:32:57,
646f3e4a-9cbe-427d-b00b-f53a4457b9af,2026-02-05,msg_00107,U3bae1603803a839c0cb52f511d9cb8f6,U922f1c3ce7545339a80cb59f57000886,text,opened,2026-02-05 09:55:38,
55b9cde8-0c2a-463b-bcfb-18c7591dcf61,2026-01-24,msg_00066,U3bae1603803a839c0cb52f511d9cb8f6,Ude3ffd43289ab8795b387331babd2d09,image,delivered,2026-01-24 09:02:52,
88f037fe-ac5b-491c-810e-984d5400440f,2026-01-26,msg_00115,U3bae1603803a839c0cb52f511d9cb8f6,U9fd0eff6ee1b119d4f79926cc5048b67,imagemap,opened,2026-01-26 11:17:19,
e576b2de-778d-49de-bdcc-1e7385af9b17,2025-12-12,msg_00004,Ub0341314a5534ea92b26fa8adc30543f,U5d0f9bb3cc2ea26c6f81d9d057bcf26a,video,delivered,2025-12-12 07:17:01,
9e604ab8-d716-488c-ab5b-908ca435f164,2026-02-10,msg_00058,Ue9a1e8a5b83a6b296d43c957a8cfba4a,U48eb2f9518b4fadfc28b608a9d59fc95,video,delivered,2026-02-10 09:26:12,
7f5bd2b3-b882-4f05-8299-faa487b4da05,2026-01-31,msg_00035,U7e808d11d6f9901a954a542a7ee09918,U9101821e9c9fd29d8456e63e154f3ef7,text,delivered,2026-01-31 13:35:27,
83378028-f3e1-4638-93ab-bd8ae729bb61,2026-01-01,msg_00027,U4784fc8a8e1e4eb2435ad84e0ad052f2,U9af96c90d7686025b47a229a3a742578,image,opened,2026-01-01 06:02:47,
af4f9e23-4372-416f-8af8-183a154905cb,2026-03-21,msg_00023,U743849e63f8101ac616f8fd0ba84a167,U26f8a3e81eb0da0dd8d3bc3caa6c310a,imagemap,opened,2026-03-21 19:05:56,
696e5097-d42f-4f9a-b397-5a26670059d0,2025-12-21,msg_00022,U3bae1603803a839c0cb52f511d9cb8f6,U57cfde8911176a88deadc98cb361f57d,video,delivered,2025-12-21 14:35:28,
b6c8c951-aa46-4476-a363-7fb147219fc7,2026-01-24,msg_00066,U3bae1603803a839c0cb52f511d9cb8f6,U7303f7fc0839e117aded9f65a0754f17,image,delivered,2026-01-24 17:15:37,
fdab09cf-9955-4802-a0b4-c79ddc46259c,2026-01-24,msg_00007,Ub0341314a5534ea92b26fa8adc30543f,U9592c928e4e533bad8e643de7108695a,imagemap,delivered,2026-01-24 22:02:57,
84afa0ec-fc18-4470-a5e7-8bec17f18a79,2025-12-07,msg_00003,U227d1cd1a801c367de206ec4bbca7330,U17adedbc71991166177035020289aca8,image,delivered,2025-12-07 14:03:05,
02a03409-05ed-4768-9e05-45ff905eb880,2025-12-23,msg_00061,Ub0341314a5534ea92b26fa8adc30543f,05a31b23adaa9b60f487f25e51ce2f37,imagemap,delivered,2025-12-23 01:11:57,
10adf825-72dc-4334-ad6d-8f028ff165fc,2026-04-01,msg_00072,U4784fc8a8e1e4eb2435ad84e0ad052f2,U6d570bfe65b18d43284a05092b7ff8ab,image,delivered,2026-04-01 10:53:02,
b36e4a20-571d-4836-a86a-32198a058e9a,2026-02-20,msg_00048,Ue7310890b01058478be93761a56d0aa0,U31775246e14fdf7ad7e7021f90866a82,flex,delivered,2026-02-20 18:33:59,
b9fd9c71-cca1-49f0-acb7-dcd0b76bde95,2025-11-16,msg_00011,U837b70463a585f85743b5bfb3b49c9fd,U4459f4e589ad7b801139604677940d65,flex,delivered,2025-11-16 04:44:00,
ff36ea6c-a821-4c30-8a12-e3aaca34bfbe,2026-03-05,msg_00014,U3bae1603803a839c0cb52f511d9cb8f6,U0c87f6eaa49afb9e1fe08684109c48cc,flex,delivered,2026-03-05 13:22:06,
b0e99d26-14be-4002-a212-ad544af946fe,2025-11-21,msg_00010,Ue7310890b01058478be93761a56d0aa0,U5ba5130ded567c9671a0febc752bb1d6,imagemap,delivered,2025-11-21 05:35:57,
d326ec53-b9f2-44c7-ac52-1268067dd0e4,2025-11-17,msg_00099,U3bae1603803a839c0cb52f511d9cb8f6,U4dbb1a1a974d6283ef03ee15e1282df7,text,delivered,2025-11-17 04:18:53,
0890ac61-4338-4a8e-9001-951d2211f19e,2026-01-24,msg_00113,Ub0341314a5534ea92b26fa8adc30543f,U5d9d74ee2f09d343dc59600be590df70,text,delivered,2026-01-24 19:58:03,
c98d77a1-5bd5-4911-b86c-6a06b4d5622f,2025-12-25,msg_00045,Ue7310890b01058478be93761a56d0aa0,b0eb0c014c35ee973bd449866063ac93,video,delivered,2025-12-25 23:36:01,
0ffb0761-17b3-4055-9381-5fb5eb2fcc5f,2026-02-07,msg_00090,U4784fc8a8e1e4eb2435ad84e0ad052f2,U4effe45424e532406336649e6d4027cb,imagemap,delivered,2026-02-07 19:48:48,
0103bf66-f0f5-4ca1-ad1d-a2fc25ff5c5d,2026-03-22,msg_00119,U3bae1603803a839c0cb52f511d9cb8f6,a8e2677ebec35888c44c57c5a4705178,imagemap,opened,2026-03-23 00:28:31,
4460f921-f43f-438e-848e-acf063b1d7f8,2026-01-17,msg_00037,U7e808d11d6f9901a954a542a7ee09918,U5492c7740882f1a2f76522e39b05d70e,text,delivered,2026-01-17 11:31:44,
faf1f8a7-256b-4979-a0e6-31f2c3670989,2025-12-24,msg_00062,Ub0341314a5534ea92b26fa8adc30543f,U618aacbbb998fc7546eaafc22a97be95,video,delivered,2025-12-24 01:24:31,
a172d5a0-1066-40b2-95a9-3a14abd3604f,2026-03-20,msg_00057,Ub0341314a5534ea92b26fa8adc30543f,0599be9378a96377e12aff119c372381,video,delivered,2026-03-20 03:21:18,
8f125a5c-2439-46e0-a26f-9fd2a40f15c2,2026-03-22,msg_00119,U3bae1603803a839c0cb52f511d9cb8f6,U4c105bce97f1ebed0be8069a8b888955,imagemap,opened,2026-03-22 08:09:10,
24839f1f-9aeb-4921-98d9-8915678ce160,2026-02-07,msg_00090,U4784fc8a8e1e4eb2435ad84e0ad052f2,U374e2f4132e4113e9b619a6d7738d270,imagemap,delivered,2026-02-07 03:17:12,
78cf7b9e-10b9-493f-a212-f9d2dc1bacc2,2026-01-26,msg_00086,U4784fc8a8e1e4eb2435ad84e0ad052f2,U8f5c022b39b58273ba90203c2718a2cd,text,clicked,2026-01-26 04:17:15,https://example-saas.jp/campaign/spring
0ab1ac42-48f8-4527-b1c4-8f2e221f4f0a,2026-03-06,msg_00055,U3bae1603803a839c0cb52f511d9cb8f6,U71e39afa990b333310a2df0f23868ece,flex,opened,2026-03-06 16:27:31,
5140395c-1db0-4545-b72e-827ca6032044,2026-01-01,msg_00027,U4784fc8a8e1e4eb2435ad84e0ad052f2,U49273f027b5b8d56767842abbd188669,image,delivered,2026-01-01 09:02:04,
977b5282-b7dc-4a67-b6fc-04c81c5ad979,2026-03-20,msg_00057,Ub0341314a5534ea92b26fa8adc30543f,U078255b35fd80d3ec565c9d295e3cd12,video,blocked,2026-03-20 07:57:49,
9d556407-c1bc-4b86-84cb-9a438e555ff2,2026-03-04,msg_00056,U1ca413826b7044d134c9c3132420c9de,Ufbcb9c0cb2f1bce331781f1f1a60e1ff,text,clicked,2026-03-04 07:35:39,
03070807-2753-44c4-aa65-1af1ae800fed,2026-02-15,msg_00087,U3bae1603803a839c0cb52f511d9cb8f6,Uf53a0e1067b49aa5cc0194ba077f6c5d,imagemap,delivered,2026-02-15 01:53:15,
7cbb247a-7404-4600-9a36-9d220485b29e,2026-03-05,msg_00014,U3bae1603803a839c0cb52f511d9cb8f6,U1e2b87e280739aafe891929929460847,flex,opened,2026-03-05 10:34:46,
b0d5959d-e036-48d2-a4ce-90013b51d645,2026-02-15,msg_00087,U3bae1603803a839c0cb52f511d9cb8f6,U113ad2ca0b80a2695a56af371060f1bb,imagemap,delivered,2026-02-15 13:34:11,
d48fae84-3c4b-4312-afb0-83c1dd5149e2,2026-04-01,msg_00072,U4784fc8a8e1e4eb2435ad84e0ad052f2,3c45ab76be707352aa33b06cacab1c36,image,clicked,2026-04-01 11:28:56,https://example-saas.jp/survey
85a63d26-ced6-4a65-b3fc-c812cf20a251,2025-12-14,msg_00085,U743849e63f8101ac616f8fd0ba84a167,2a8c16e85f94d83aa6a15572d49d12ca,image,delivered,2025-12-14 18:49:57,
f2f92251-1215-4d26-ae2a-84065ee8bc3a,2026-01-13,msg_00060,U3bae1603803a839c0cb52f511d9cb8f6,U6052f088e4288f469499cb6ee7540cb5,image,delivered,2026-01-13 02:53:36,
d1d4e0a7-7ffd-4524-bdc3-323864cf65a3,2026-01-20,msg_00108,Ub0341314a5534ea92b26fa8adc30543f,U2ffa0958fb4b07af7f0f7620cf8806f6,flex,delivered,2026-01-20 18:01:05,
030326b9-0556-4756-bd24-2308f7d6a7ed,2026-01-07,msg_00110,Ub0341314a5534ea92b26fa8adc30543f,U18b92e41ab2f61a6ef172b6402103bd9,video,delivered,2026-01-07 08:01:54,
930316de-1bae-4230-8a52-d4b6451b6885,2026-03-05,msg_00014,U3bae1603803a839c0cb52f511d9cb8f6,U8341766281b2f555718face59d4a2018,flex,opened,2026-03-05 09:58:34,
ae1d336b-deeb-4b2f-a17e-7af1c1fb8e4f,2026-02-05,msg_00107,U3bae1603803a839c0cb52f511d9cb8f6,Udeecd65b0c667e143ce313a534aff386,text,delivered,2026-02-05 09:42:49,
c27fb3d8-8ac9-498a-87d3-53c19cfd69cd,2025-12-18,msg_00070,Ue9a1e8a5b83a6b296d43c957a8cfba4a,652053f319f5a89e0160d42f76333baf,imagemap,delivered,2025-12-18 22:36:36,
3a5c13a1-812b-4813-9950-42efd8a1f063,2026-02-25,msg_00008,Ub0341314a5534ea92b26fa8adc30543f,Udd1acf2de68293c36f7b56ffc0d75f01,image,delivered,2026-02-25 10:20:01,
77d2c1c9-29c1-4337-8bdb-2db49a3c5399,2026-02-14,msg_00098,U743849e63f8101ac616f8fd0ba84a167,U14087aa5710e352bfa0a73e09b2b3442,imagemap,opened,2026-02-14 08:34:00,
66074947-1cf5-4f49-ba6a-4f6bf987126d,2025-12-09,msg_00059,U3bae1603803a839c0cb52f511d9cb8f6,90dfca25434bb5877614308f63895446,imagemap,delivered,2025-12-09 04:41:34,
fb2ab30a-c62d-4b91-9cfc-77d4d6f873b2,2026-01-26,msg_00103,U3bae1603803a839c0cb52f511d9cb8f6,Ue48f1fee269f9b561844dd7d691897cb,flex,delivered,2026-01-26 02:02:35,
0d869cbd-9135-4a2f-affe-c3c549f2180d,2026-01-24,msg_00113,Ub0341314a5534ea92b26fa8adc30543f,Uccf9cd90758f47b655d48958fe934a8b,text,opened,2026-01-24 03:50:32,
4cb9c51e-594f-466b-a79b-8c110c32c635,2025-12-25,msg_00077,U743849e63f8101ac616f8fd0ba84a167,U94e1c442182d1a2ea0b37d6f9b51eb7a,text,delivered,2025-12-25 12:59:04,
719c66ba-369b-4ded-bcb9-1845281f4f81,2026-04-08,msg_00041,Ue7310890b01058478be93761a56d0aa0,Uc12c79f331a90aa5de3d0965ee021ee1,text,clicked,2026-04-08 08:10:51,https://example-saas.jp/lp/newmenu
83242801-7a1d-48d5-93c6-7094aa857c00,2025-12-25,msg_00077,U743849e63f8101ac616f8fd0ba84a167,U738fd338f029e1ad9c3dc875a7b0ac30,text,delivered,2025-12-25 04:52:59,
5fe1cb92-ced4-4566-a4cb-443495bc61b4,2026-03-06,msg_00055,U3bae1603803a839c0cb52f511d9cb8f6,U8786f990b1a6c91087f73bb987d35751,flex,delivered,2026-03-06 08:59:04,
e664b450-f999-49f9-a794-53460e1f5a17,2026-03-26,msg_00040,U3bae1603803a839c0cb52f511d9cb8f6,U4073d198e62306dc9126f3c7c172efb4,imagemap,opened,2026-03-26 22:08:04,
368928e1-6f54-4a98-b016-ecbc04a5af49,2026-01-30,msg_00050,U3e5dd3a641c58ad50e49f095c6f1e306,U2706dacc896682932596c4ebb275a901,image,clicked,2026-01-30 08:08:48,https://example-saas.jp/survey
ab6d4c84-67cf-4466-adf8-80a733455488,2026-01-13,msg_00060,U3bae1603803a839c0cb52f511d9cb8f6,U153c9fee0f857db47366f0f7e8789dfc,image,delivered,2026-01-13 01:12:24,
b2be724b-74c8-42d5-aec1-e1565bfa7fc4,2026-03-20,msg_00106,U3bae1603803a839c0cb52f511d9cb8f6,U0e32c48fdf7ad8e5004384ba9a34b7f3,video,delivered,2026-03-20 20:56:27,
28740a71-c319-4bfc-b09b-c86f2d5467ff,2026-03-06,msg_00055,U3bae1603803a839c0cb52f511d9cb8f6,Uc209a562ab4336ca484e299474d06295,flex,opened,2026-03-06 23:22:21,
ce325933-8242-4571-9423-fdd92ad0f439,2026-02-10,msg_00058,Ue9a1e8a5b83a6b296d43c957a8cfba4a,Ua68c10ba1f17d9a29e429973b39e5616,video,delivered,2026-02-10 12:41:43,
c60d0ad7-802e-4b6b-b7c7-638c2cbb768b,2025-12-25,msg_00045,Ue7310890b01058478be93761a56d0aa0,Ud7339d100a5890c009af229f28771959,video,opened,2025-12-25 03:56:28,
3db3dcbc-9cd5-4df9-a518-7a93aa9a5868,2026-04-01,msg_00072,U4784fc8a8e1e4eb2435ad84e0ad052f2,4b09c3bde9adbb568c93add53baa1c35,image,opened,2026-04-01 15:49:28,
f7082da8-1751-40a4-a9a7-a0ca13af86c5,2025-12-24,msg_00091,U3bae1603803a839c0cb52f511d9cb8f6,U1c8cbe66728991140bb2045341a4bbd8,imagemap,delivered,2025-12-24 13:56:03,
a710cf9f-f2de-4b6a-8836-65da9828ccb3,2026-01-20,msg_00026,Ud4a92c8c8050eed40ef171cc2784d638,U5d9b8e85b20990f579ba0026e85fe36d,imagemap,delivered,2026-01-20 18:57:53,
eb0a0920-9d2f-45c5-ba84-9b5035f40b70,2026-01-14,msg_00081,Ue7310890b01058478be93761a56d0aa0,Ue11e84e12804beab815a53f105553171,video,opened,2026-01-15 00:57:12,
46abed4f-8145-437e-9248-e8384cc96f94,2026-01-26,msg_00086,U4784fc8a8e1e4eb2435ad84e0ad052f2,U72bbe7ace79657bb8195e588cc3c73c2,text,delivered,2026-01-26 22:08:26,
23f2dabe-ff95-49e2-8433-e5c08c785619,2025-11-27,msg_00018,U3e5dd3a641c58ad50e49f095c6f1e306,Ueae601e914b424722ad92e03fb19d598,imagemap,opened,2025-11-27 15:39:58,
48758fcf-4bac-4d4a-838d-7627c5f4cf4b,2026-03-14,msg_00009,U743849e63f8101ac616f8fd0ba84a167,U62456d2c343a5803fd6b7f7f88a818bf,imagemap,delivered,2026-03-14 21:42:42,
3ac3843e-b6ac-4cee-9e1f-291dbfb50f84,2025-12-23,msg_00109,Ue7310890b01058478be93761a56d0aa0,Ua575cae2c5b0ec218a1f826e9cc81683,text,delivered,2025-12-23 08:38:43,
3a0c3cd7-3077-4a3b-b298-5ed0daabb6a5,2026-02-20,msg_00095,Ub0341314a5534ea92b26fa8adc30543f,U9d6281a31783da8628c08e623de583f8,text,opened,2026-02-20 04:21:42,
368d7416-1482-433d-b1a3-9184c75d931a,2026-01-17,msg_00037,U7e808d11d6f9901a954a542a7ee09918,U89d4527fab00f60116e7f0121237eb28,text,delivered,2026-01-17 23:09:14,
33591aeb-4ad8-4bbe-a9da-9b49eaab0f3d,2025-12-31,msg_00082,U227d1cd1a801c367de206ec4bbca7330,U0af010f78c95cb43d2de5eec053ed695,imagemap,opened,2025-12-31 18:46:15,
f4831fd4-2958-4373-a2de-7a040dc5c697,2025-12-31,msg_00082,U227d1cd1a801c367de206ec4bbca7330,U62966ec504c758c11d4787559a8343e4,imagemap,delivered,2025-12-31 08:04:58,
61b8911d-bf7c-4e7e-82ab-3d67020e5bd6,2026-04-12,msg_00120,U227d1cd1a801c367de206ec4bbca7330,Uabce99a28f54f8091cc0b5c539db0f00,text,delivered,2026-04-12 20:08:49,
f810cf5c-00b3-4c63-a56a-07dfd043937f,2026-01-26,msg_00005,Ub0341314a5534ea92b26fa8adc30543f,U75b4a29bf57b75cd9ba461bb5a043fa3,image,opened,2026-01-26 09:10:30,
a3fc8257-e118-4da9-be5d-80509ac38e85,2026-01-24,msg_00007,Ub0341314a5534ea92b26fa8adc30543f,Ud6867cc89fc12c258190e94b8004dc72,imagemap,delivered,2026-01-24 00:30:06,
76dabed2-166e-44a2-aab5-4b33f2035245,2025-12-09,msg_00094,U227d1cd1a801c367de206ec4bbca7330,U7817a98697fdd84217913000898e9323,flex,delivered,2025-12-09 01:24:50,
7849c23f-d45b-4ea2-a88e-e1928b4aed19,2025-11-17,msg_00034,U743849e63f8101ac616f8fd0ba84a167,U6b3170b9e0bb6c947abfa45b835deb37,text,delivered,2025-11-17 02:40:57,
f2cac31c-050b-4435-a8b6-745c2b25c2a4,2026-04-12,msg_00120,U227d1cd1a801c367de206ec4bbca7330,U0ff038e144d0585fdfae17d5a8de0534,text,clicked,2026-04-12 09:33:56,https://example-saas.jp/lp/newmenu
c2320b2a-f77c-42b2-832b-113df122dfcb,2025-12-24,msg_00062,Ub0341314a5534ea92b26fa8adc30543f,U19614efb203cbfaec7303c0c5e1219d7,video,delivered,2025-12-24 18:21:21,
1310904a-2796-4da4-99ad-6a4678339f46,2026-03-08,msg_00112,U3bae1603803a839c0cb52f511d9cb8f6,U64aae4d02cc8a699071834981ee346e4,image,delivered,2026-03-08 02:26:22,
348acd01-19ea-4150-896a-4252d49ac58a,2026-03-04,msg_00056,U1ca413826b7044d134c9c3132420c9de,U9306de40e002c2c21fdcfb904ecf0cfb,text,opened,2026-03-04 04:57:24,
594d57e5-aac6-4737-bc87-61652ff2fc8a,2025-12-24,msg_00062,Ub0341314a5534ea92b26fa8adc30543f,U1f1343ac0d7131ce1024e7f241144201,video,delivered,2025-12-24 03:12:08,
5fa56dda-ef7f-4702-90d8-e720c272ac87,2025-12-23,msg_00109,Ue7310890b01058478be93761a56d0aa0,U9432a10183919ca2bcb1a387f035d23f,text,delivered,2025-12-23 21:06:06,
4e172a77-a36f-47ce-8fad-9fcf6d051234,2025-12-22,msg_00013,Ub0341314a5534ea92b26fa8adc30543f,U0b99321220becdd61b7a0335dc8a85bb,image,opened,2025-12-22 13:40:08,
85c21803-fb0b-45d6-bbbd-8b2db0f52ffe,2026-03-31,msg_00046,U4784fc8a8e1e4eb2435ad84e0ad052f2,995e044fcc7b271a2dd8f408c8e4f1b1,flex,delivered,2026-03-31 21:45:39,
e9782e0f-b43f-4f32-9c1c-80f8448b3788,2026-01-20,msg_00026,Ud4a92c8c8050eed40ef171cc2784d638,U89d678abb056c567aab6d66db8ce8c50,imagemap,opened,2026-01-20 01:34:59,
5347c631-8ba2-4ff0-89e1-b0fd781b1158,2026-01-07,msg_00110,Ub0341314a5534ea92b26fa8adc30543f,U959563334cc2d6ddbc150ad47ae157b2,video,blocked,2026-01-08 02:26:02,
09b5673f-63fa-448f-b01b-72b2bb4f763d,2025-12-24,msg_00062,Ub0341314a5534ea92b26fa8adc30543f,Ua5711dddc784306d04ac6a523c011a48,video,delivered,2025-12-24 08:53:59,
25e559ec-1672-4b4a-b4f8-7455104857fc,2026-01-26,msg_00086,U4784fc8a8e1e4eb2435ad84e0ad052f2,Udc9ebd3ca1d08ea44d5a08eb7bd32e64,text,clicked,2026-01-26 05:02:17,
1b6cc7de-bac2-4838-a3b4-885963a72470,2026-02-19,msg_00016,U837b70463a585f85743b5bfb3b49c9fd,U7c8b1f2cc305c8b69ab45c3b40f1eb69,flex,delivered,2026-02-19 23:53:07,
e82cf28a-a41b-42c3-9a08-6eb11a3ba9dd,2026-02-07,msg_00090,U4784fc8a8e1e4eb2435ad84e0ad052f2,U551711abdbe07a96244a9eeb10f670b3,imagemap,opened,2026-02-07 06:19:16,
ca3c8262-dd54-4a1c-a628-6f9fe0686254,2026-03-11,msg_00104,Ub0341314a5534ea92b26fa8adc30543f,U9b4220c558cd850f2904df4c7df1fae3,image,opened,2026-03-11 05:44:25,
b6b2106b-6b5d-4036-82a7-de5c200bcf55,2026-04-05,msg_00054,U3bae1603803a839c0cb52f511d9cb8f6,U7e81d6baa74872a90617f9ad7d573369,image,opened,2026-04-05 23:57:12,
4b57e60c-0c3e-4c7d-bd9f-dda29cad3b52,2025-11-17,msg_00034,U743849e63f8101ac616f8fd0ba84a167,U449917b2f0f9c5bd9e12ac5d5877edf7,text,opened,2025-11-17 14:05:05,
aafb7344-f286-434d-8afd-16e3317f926e,2026-02-15,msg_00006,U743849e63f8101ac616f8fd0ba84a167,Uafbebac50773f77bb1a71892cb6eb9f3,flex,delivered,2026-02-15 22:22:07,
b60098d4-6868-44b6-832a-1a44a68f4da1,2026-03-21,msg_00023,U743849e63f8101ac616f8fd0ba84a167,U4f23116222e304b1083a7decb99e1543,imagemap,opened,2026-03-21 05:12:03,
495477ba-b4d3-456a-868b-95df632fa64a,2026-01-14,msg_00081,Ue7310890b01058478be93761a56d0aa0,U2a9719fc48437fe037999fc12564d1c1,video,delivered,2026-01-14 03:32:27,
b098d0ab-4607-4b30-8fc6-87b203b0c0e1,2026-04-08,msg_00078,Ud4a92c8c8050eed40ef171cc2784d638,U272f8537b918192f0ff17856fb4cf92b,image,opened,2026-04-08 07:14:39,
14c4679c-9fa0-43e6-bc89-8b8df321023b,2026-01-26,msg_00063,Ub0341314a5534ea92b26fa8adc30543f,U55e19b572390de83f5acd360dc258206,imagemap,delivered,2026-01-26 23:30:56,
1524cf6e-b649-45bc-aa79-62021ac5b0e0,2026-03-06,msg_00055,U3bae1603803a839c0cb52f511d9cb8f6,U079fc8151d2097df68e4bb37d8f5a8b3,flex,delivered,2026-03-06 12:41:18,
0d563da4-d41e-40da-87e1-74b872ceb889,2026-04-04,msg_00049,U476acbdef8e9a16d24575e4f6d7b0f31,Uaa7f5c9bd1ecac320aa4e0104a9cc394,text,opened,2026-04-05 00:14:27,
94fc124f-e49c-47a8-9284-051ddf5cb5bf,2025-12-22,msg_00038,Ub0341314a5534ea92b26fa8adc30543f,Ueba001f35a7809d06000ed4109287c9c,image,delivered,2025-12-22 01:59:00,
483196e3-c470-4f6d-ba32-e9e0793113f0,2026-03-21,msg_00023,U743849e63f8101ac616f8fd0ba84a167,Ued7edafb2b8f7bcf88a998b00eb7b55a,imagemap,opened,2026-03-21 12:18:22,
1ff3c199-d3e7-4f83-838e-8aea46c1db61,2026-01-09,msg_00052,U743849e63f8101ac616f8fd0ba84a167,Uea5d536b7f9454903d8dfe63c4985a23,video,opened,2026-01-09 05:55:59,
8b61d0f1-21d8-48c8-9c83-0b47534c02c9,2026-01-10,msg_00044,U30ad60bba5da9837ca5dd0230ca8f531,Ua23352ebbbff2f2962709ea6766cd2be,video,opened,2026-01-10 18:45:56,
1e8b49f2-3b0a-4254-8dfa-bb53965b0c70,2026-02-25,msg_00008,Ub0341314a5534ea92b26fa8adc30543f,U4f8a15f30f8a64e1b90be7938339219c,image,delivered,2026-02-25 21:32:10,
e511111b-ec2a-47cd-b396-169edcdec533,2026-03-08,msg_00112,U3bae1603803a839c0cb52f511d9cb8f6,U4f739457adc24ecba13450797d2602c6,image,delivered,2026-03-08 06:42:46,
bcd0ee74-c7b5-40fe-af14-5afe407f5ccb,2025-12-25,msg_00077,U743849e63f8101ac616f8fd0ba84a167,U65ba803f61aea4c6556effc474a76adf,text,delivered,2025-12-25 16:24:18,
50b0d232-b1cd-42d4-be1b-7baf0fa7e164,2025-12-09,msg_00059,U3bae1603803a839c0cb52f511d9cb8f6,c73c35f09a2733d62ed161f9724bf52d,imagemap,delivered,2025-12-07 08:45:48,
d775ab98-285a-4753-b565-eef16c511ef0,2026-01-29,msg_00031,U3bae1603803a839c0cb52f511d9cb8f6,U645f0f0d70c6bcc76564f9dd7c6a01c7,video,opened,2026-01-29 08:59:39,
ff5f75e5-b27b-432d-996e-31ad6d565582,2026-03-23,msg_00116,Ud4a92c8c8050eed40ef171cc2784d638,Uab25decdf326c49ae97a0bfb665beac4,text,opened,2026-03-23 10:24:34,
1f974533-6380-41ca-8f7e-4255ce05b8f6,2026-04-04,msg_00100,U743849e63f8101ac616f8fd0ba84a167,Uab011409ca1a52d4ad8c54bc1a0e42cc,image,opened,2026-04-04 16:42:52,
876e3081-8ed2-476d-aee6-9fb0ac1181b7,2026-04-12,msg_00105,Ud4a92c8c8050eed40ef171cc2784d638,Uffa8b77c6f08fbd9a7a619e59c3f0f47,flex,delivered,2026-04-12 03:26:50,
f376b1df-a275-4907-b26a-645a911ab1e5,2026-04-12,msg_00120,U227d1cd1a801c367de206ec4bbca7330,U8dcca2273febe80375bd884156c831ae,text,delivered,2026-04-12 17:37:47,
0c658511-ca1a-4cdf-823b-d670dfe03c67,2025-11-19,msg_00019,U743849e63f8101ac616f8fd0ba84a167,U9518f70c20fbc1aa1bd8dc744806bb9d,flex,clicked,2025-11-19 01:54:46,https://example-saas.jp/survey
5f3a8958-17c0-4598-92f2-a54228606bb2,2025-12-25,msg_00077,U743849e63f8101ac616f8fd0ba84a167,7294654e4f06616d59def4058b76c5f3,text,delivered,2025-12-25 15:10:14,
63e5c97b-5fcc-4016-9ad5-e20a410dc14b,2026-01-26,msg_00115,U3bae1603803a839c0cb52f511d9cb8f6,U6425da8496309b840e09f2620cc7e878,imagemap,delivered,2026-01-26 00:04:21,
2b8c8d2f-7c67-4add-9697-4ed66f186761,2026-03-21,msg_00023,U743849e63f8101ac616f8fd0ba84a167,U93695d71bc04e826aa530ad3bd71d263,imagemap,delivered,2026-03-21 09:28:56,
313239b2-d5a1-4fcf-92f4-52accecdef64,2026-01-26,msg_00005,Ub0341314a5534ea92b26fa8adc30543f,U75b4a29bf57b75cd9ba461bb5a043fa3,image,delivered,2026-01-26 08:49:28,
8453e76a-5b49-4c30-9608-251ba3d09f8a,2026-03-08,msg_00112,U3bae1603803a839c0cb52f511d9cb8f6,ad1f8f655078c225a578c54a4ca0a99e,image,blocked,2026-03-08 08:12:58,
7cfe00f6-2ccb-44a0-bdb9-3564110567f6,2025-11-17,msg_00099,U3bae1603803a839c0cb52f511d9cb8f6,U275e6dd2e495db1493e9f7df1c7ff923,text,opened,2025-11-17 23:22:39,
b21c7ce4-b538-430b-983c-880aa0aacc8c,2026-01-18,msg_00102,U227d1cd1a801c367de206ec4bbca7330,U989ce0cf43099c4710aba798e0d94eab,video,opened,2026-01-18 05:14:47,
05b37230-fc9d-45a0-ab7d-0b3b8f9cc7ea,2025-12-24,msg_00062,Ub0341314a5534ea92b26fa8adc30543f,Ub8dd11f2e0eea456f7a1781a7c4da609,video,clicked,2025-12-24 21:08:43,https://example-saas.jp/campaign/spring
dd7136ae-0a51-4e06-92c9-5f8bd74959c3,2026-01-09,msg_00052,U743849e63f8101ac616f8fd0ba84a167,U210bff810604664133f3c0789fcab31c,video,opened,2026-01-09 07:03:44,
5bb9862b-4d17-4396-a3a5-6a1c88ef409e,2026-01-20,msg_00026,Ud4a92c8c8050eed40ef171cc2784d638,U4e1c5b45fc2fdb172f93f9736f5166a0,imagemap,delivered,2026-01-20 00:08:05,
6d3f6ec0-9011-47fc-82fc-aee8c366c6ae,2026-03-11,msg_00067,U7e808d11d6f9901a954a542a7ee09918,U42fe0191b95d1db03125ee52f7907c92,video,delivered,2026-03-11 04:43:37,
b05e3a49-16c6-4a4c-8fcf-097e9040b773,2025-12-25,msg_00045,Ue7310890b01058478be93761a56d0aa0,U3cc69420753a0c0a8ecf0b5c90bf360e,video,delivered,2025-12-25 11:58:58,
6677ec35-e7f3-4419-a96b-04a8ded4b85a,2025-12-18,msg_00114,Ub0341314a5534ea92b26fa8adc30543f,U8b58818e287799e6039a02d1df47e5d0,flex,opened,2025-12-18 10:36:23,
fa956803-505b-4d7b-9bef-e58ccc100491,2025-12-21,msg_00022,U3bae1603803a839c0cb52f511d9cb8f6,U1c89247ba2cdb5947b8bed8513e8fe2c,video,delivered,2025-12-21 04:41:17,
d99e16b5-45a7-42bd-bc7c-56bed47d12be,2026-04-08,msg_00078,Ud4a92c8c8050eed40ef171cc2784d638,U8b1400d71b8dd0db6003323b2bb6928e,image,opened,2026-04-09 00:28:01,
ad716948-9ebb-4576-a861-750ef7c930b1,2026-03-20,msg_00092,U743849e63f8101ac616f8fd0ba84a167,U42078194e7602cc223fcfab39d26e833,video,delivered,2026-03-20 11:02:01,
8213e280-4060-4bbc-a8b7-6142f9bceb46,2025-12-18,msg_00070,Ue9a1e8a5b83a6b296d43c957a8cfba4a,U72e825d358ac8433dc94fe91eee467ea,imagemap,opened,2025-12-18 03:59:00,
41772131-f30d-49c2-83f4-bff809c64897,2025-12-23,msg_00061,Ub0341314a5534ea92b26fa8adc30543f,fdc76242ea87c4fba161f665a44644e4,imagemap,opened,2025-12-24 00:34:51,
d270cd93-bc43-4729-a4e5-f7d0f2e5e684,2025-11-30,msg_00025,Ub0341314a5534ea92b26fa8adc30543f,e0b4cd220ab8e4d5957cab8ce8cdbeb6,imagemap,clicked,2025-11-30 19:09:34,https://example-saas.jp/coupon/500off
f2120c9d-a7a9-4399-bf7a-4c3f06fed140,2025-12-18,msg_00070,Ue9a1e8a5b83a6b296d43c957a8cfba4a,Ubd85ee3df48075e8bea5b5259a18e3f7,imagemap,delivered,2025-12-18 04:00:59,
98ebd133-a598-4cf0-8460-681b720ae7f8,2026-01-01,msg_00027,U4784fc8a8e1e4eb2435ad84e0ad052f2,Udc77c6b76637793e14f780bc6a995e5d,image,delivered,2026-01-01 12:29:54,
3e80e3ac-d4f2-4048-8086-c1949e61664e,2026-02-24,msg_00039,U743849e63f8101ac616f8fd0ba84a167,U87610d1f1e2c7e4a196d81f3c56c1e99,flex,delivered,2026-02-24 09:57:26,
100eb0a9-5711-4060-bb5d-4cc598173b93,2026-03-29,msg_00097,Ub0341314a5534ea92b26fa8adc30543f,U341690e8f9baaf4356f588b793cd2b3d,text,delivered,2026-03-29 14:15:14,
d84b6f2a-18f2-473b-a07d-5df3299d0d2a,2026-01-10,msg_00044,U30ad60bba5da9837ca5dd0230ca8f531,Ub612375dd0cd8c6cf445c9c2e0bf1eff,video,delivered,2026-01-10 16:35:25,
b35999e7-d93c-415f-91d6-60ee6bc1bdd5,2026-03-11,msg_00067,U7e808d11d6f9901a954a542a7ee09918,Uc9f2e954a3b664455ac705a870e141c7,video,opened,2026-03-11 16:22:11,
e70aa1c1-b6ed-4c46-96e0-8730ab9d3f03,2025-11-25,msg_00043,U3e5dd3a641c58ad50e49f095c6f1e306,U4e2ad2311ed8ee2e79a3a28167ccf9f0,flex,opened,2025-11-25 05:50:54,
272433fc-767e-4ff9-8dd0-40738fb1f6af,2025-11-25,msg_00043,U3e5dd3a641c58ad50e49f095c6f1e306,U03bebd127fe8d52506d77f109301ef14,flex,delivered,2025-11-25 05:51:40,
f5c3ec25-097e-48db-9d25-45ae82ced860,2025-11-16,msg_00011,U837b70463a585f85743b5bfb3b49c9fd,U7799f87b7cc1cf60956b1acbce393b3a,flex,delivered,2025-11-16 10:58:01,
85e835c5-17f2-41df-8176-998a9150eb4f,2026-02-28,msg_00117,U743849e63f8101ac616f8fd0ba84a167,Udc3736a360195060bc546ec740c51b66,video,clicked,2026-03-01 01:41:20,https://example-saas.jp/campaign/spring
42382dcf-149d-41cf-a72d-95d7b815f96a,2026-01-09,msg_00052,U743849e63f8101ac616f8fd0ba84a167,U252012da460e1343677ae4d6ce7127fc,video,delivered,2026-01-09 02:39:48,
5f5d374c-f727-420d-896e-cffdb7ef2d07,2026-01-17,msg_00037,U7e808d11d6f9901a954a542a7ee09918,U25aa2f427e4286b3296c65c713871922,text,delivered,2026-01-17 00:27:29,
6d089d51-5719-4e34-b9da-41e38ea4faf5,2026-03-14,msg_00009,U743849e63f8101ac616f8fd0ba84a167,U5b351e44d16fde874b8ddd61152bef9a,imagemap,delivered,2026-03-14 04:15:04,
acce1a8e-aa09-4316-b4f9-5fa8cb6b60b7,2025-12-09,msg_00069,Uc20f9c7e9b662bedec3cb78e127885c7,Ua54c51cd82031cb7aa340cba48959c8e,imagemap,delivered,2025-12-09 19:14:52,
e82acdf0-bbf6-4f8f-9370-235209682ef8,2025-12-23,msg_00061,Ub0341314a5534ea92b26fa8adc30543f,U19aba68589651148686c77cbd50b805b,imagemap,delivered,2025-12-23 16:48:05,
d7963baf-1846-4234-b6a6-4a56b4331369,2025-12-31,msg_00082,U227d1cd1a801c367de206ec4bbca7330,704bd97e8027adbac0f1a27c1aa34ca1,imagemap,delivered,2025-12-31 18:50:40,
c3b6238b-2ee0-459f-9799-fc5f94590025,2026-03-05,msg_00014,U3bae1603803a839c0cb52f511d9cb8f6,Ucc8baae5f3cbe1632f5dc1f12ad4ca69,flex,clicked,2026-03-05 09:00:53,
bc99bafc-859f-41e3-b222-2623e40b4e8c,2026-02-28,msg_00117,U743849e63f8101ac616f8fd0ba84a167,Ud75102d253b41a2fd90012928d94be1e,video,delivered,2026-02-28 19:24:48,
e0c3ed7a-a350-4618-91e7-431afa7a78eb,2025-12-22,msg_00038,Ub0341314a5534ea92b26fa8adc30543f,Ud99e30c2a06a6ede8fbacf9ff267a901,image,delivered,2025-12-22 05:48:39,
b1beb313-4de0-4b18-88cf-5bd70cf9de17,2026-04-10,msg_00101,U743849e63f8101ac616f8fd0ba84a167,U4b840497693487a08c3589d8196dfde1,imagemap,delivered,2026-04-10 01:23:22,
fe8b378c-1487-4ed0-b066-539ff3865ca7,2026-04-12,msg_00105,Ud4a92c8c8050eed40ef171cc2784d638,Ufb122d3f2c7f8c905731183158dc0c0d,flex,opened,2026-04-12 03:11:07,
6d10dd36-aead-480c-85e5-d3dc933aca0a,2026-03-26,msg_00040,U3bae1603803a839c0cb52f511d9cb8f6,Ua4858337e750ccdae5e0f88a69213f36,imagemap,opened,2026-03-26 13:15:51,
6817cb7b-db2d-4e65-9a53-c73479a05f03,2026-04-12,msg_00105,Ud4a92c8c8050eed40ef171cc2784d638,U4877392637d13e911d4161bcf9aa0fa7,flex,delivered,2026-04-12 23:53:38,
f7a0a000-e9fe-4717-8b29-8f64d6a1a148,2026-02-20,msg_00036,U879eb903ad90cd9c2874f6df7651267a,59bfc09aaf65fb9473c0775fa0979207,video,delivered,2026-02-20 02:41:16,
ca755823-850f-463a-8722-99ca791602c1,2026-02-20,msg_00095,Ub0341314a5534ea92b26fa8adc30543f,U0c73286370d247a5a689ff99a25e3bb6,text,opened,2026-02-20 22:44:47,
eb08acfd-1726-418b-a5c6-910ad0ba2d92,2025-12-24,msg_00091,U3bae1603803a839c0cb52f511d9cb8f6,Ue79c34801f3abecbbc85453e0d54bea4,imagemap,delivered,2025-12-24 02:42:09,
6e229e65-2616-4287-ade2-98dc89375208,2026-01-26,msg_00115,U3bae1603803a839c0cb52f511d9cb8f6,Ucd8d8ee048c528112cf044b00dec5a7f,imagemap,delivered,2026-01-26 22:01:10,
a2c486b9-5615-4afb-a881-b7c00e0a6743,2026-03-23,msg_00071,U3bae1603803a839c0cb52f511d9cb8f6,U7141a0deef64e6c01b9105eb0db4665b,imagemap,delivered,2026-03-23 02:53:19,
a33f5ec0-4926-44bd-be66-696e9f4fd944,2026-03-23,msg_00116,Ud4a92c8c8050eed40ef171cc2784d638,U9128a435adf15b97cdd415ac4a5d9748,text,delivered,2026-03-23 08:21:03,
a6dfbbc1-6916-4bf4-a930-8643902c39b5,2025-12-21,msg_00022,U3bae1603803a839c0cb52f511d9cb8f6,e8ea9861c2b2f6235479797dda2a6d7c,video,delivered,2025-12-21 12:46:35,
1f9d488f-406c-40bb-9a26-22f497294a4f,2026-03-25,msg_00079,U743849e63f8101ac616f8fd0ba84a167,U71649f87efa95ab91eb7a241a485e497,text,delivered,2026-03-25 23:03:57,
70d60502-87e8-4e69-b891-c8b710b55163,2025-12-25,msg_00045,Ue7310890b01058478be93761a56d0aa0,3ab3df525573a519effa17e99ebda506,video,blocked,2025-12-25 11:40:26,
6804960d-5437-43c8-a2c1-757dc2df1f74,2025-12-12,msg_00004,Ub0341314a5534ea92b26fa8adc30543f,U8610d5cca32ac6be4024f14fef9d25c2,video,delivered,2025-12-12 22:48:44,
c4b13142-6419-41e5-ae0b-a801306e0de9,2025-12-24,msg_00091,U3bae1603803a839c0cb52f511d9cb8f6,Ua6accfc28a018d358d2ad6194ec452b8,imagemap,opened,2025-12-24 02:45:25,
4d37ba1b-3b8f-4660-a8b5-1e9057479339,2026-03-25,msg_00079,U743849e63f8101ac616f8fd0ba84a167,U5a90417502b45b0fb904b576f823026b,text,opened,2026-03-25 09:33:29,
588e2fe8-e8f8-4d40-981f-a795caf0be6e,2026-01-18,msg_00102,U227d1cd1a801c367de206ec4bbca7330,U67f3d9fb1775e591a982fd190d7df038,video,delivered,2026-01-18 17:54:04,
f8c471a4-46e7-41f1-aa18-287c55d021fc,2026-03-20,msg_00092,U743849e63f8101ac616f8fd0ba84a167,8aac56bad6df36d76375990c16d707de,video,delivered,2026-03-20 00:41:29,
38c81ea2-ec64-4493-bd77-1f1c4f2f46a7,2026-01-14,msg_00081,Ue7310890b01058478be93761a56d0aa0,Uceb402a2fb28051101518f2081048d04,video,delivered,2026-01-14 06:57:25,
dd9ce405-9350-4f26-8e38-e3da19eb3a26,2026-01-09,msg_00052,U743849e63f8101ac616f8fd0ba84a167,U1806b10ee05d3f81269ec553f49f7e30,video,clicked,2026-01-09 18:18:23,https://example-saas.jp/lp/newmenu
b2ef7d0f-dbea-46cd-befe-8582d1ae6cdd,2026-02-14,msg_00042,U3bae1603803a839c0cb52f511d9cb8f6,U6dcbc315b3b5f0ac42d62331f06255c6,video,clicked,2026-02-15 02:40:52,https://example-saas.jp/lp/newmenu
f834ef38-f279-4752-9649-12546dee30d1,2025-12-21,msg_00022,U3bae1603803a839c0cb52f511d9cb8f6,U5c77faaa557902cf899d7e617ee0bdbc,video,opened,2025-12-21 18:34:00,
3995c09f-06ef-4b03-a4df-f45754f950f6,2026-03-14,msg_00009,U743849e63f8101ac616f8fd0ba84a167,U5b4eb3b7327c05d3cbb22ff2e4364031,imagemap,delivered,2026-03-14 18:34:23,
79afe26c-7d73-4247-901c-0ab091a389e4,2026-02-19,msg_00016,U837b70463a585f85743b5bfb3b49c9fd,U02320f3e916aa8aba70e8deb645aae0e,flex,delivered,2026-02-19 12:04:19,
877e565d-148e-42f9-8b9b-0f04de5df225,2025-12-23,msg_00109,Ue7310890b01058478be93761a56d0aa0,Ud8cf7e6047f6555d600de9e988d3b40b,text,delivered,2025-12-23 21:54:29,
591a1f65-cd00-4a54-abaf-16311d32a2d9,2026-03-04,msg_00056,U1ca413826b7044d134c9c3132420c9de,Ud3e71036ab1cf3194f93af0aaa5a0406,text,opened,2026-03-04 12:32:33,
4dc3f29d-8337-4eeb-81f7-1fc4c7372c80,2026-02-15,msg_00087,U3bae1603803a839c0cb52f511d9cb8f6,U0c78c9774dcf87425b5931c3fddd8757,imagemap,delivered,2026-02-15 10:39:55,
a436c774-c82f-4625-87a5-da9d78a05b04,2026-03-22,msg_00119,U3bae1603803a839c0cb52f511d9cb8f6,U9a2900b1cd421d517cdf67fe7139d7e4,imagemap,opened,2026-03-22 23:24:42,
ded76a5e-db75-42b7-90f6-fa90dc402c6d,2026-03-29,msg_00097,Ub0341314a5534ea92b26fa8adc30543f,U0470d76094c4e07e276785bcff3ecc86,text,delivered,2026-03-29 23:06:48,
1b5dd175-833c-45af-b32d-282159a442ae,2026-01-24,msg_00007,Ub0341314a5534ea92b26fa8adc30543f,U069afc6355f721b6464722a1f5438593,imagemap,delivered,2026-01-24 12:40:41,
8ef2a8f3-e6a1-43e3-8503-b9a7ba3fdee5,2025-11-23,msg_00053,U743849e63f8101ac616f8fd0ba84a167,Uc7da08176599227c2cd985b4df5b6966,video,delivered,2025-11-23 10:12:13,
0f24bf07-9c9d-4e1c-a7dc-293383869140,2026-03-04,msg_00056,U1ca413826b7044d134c9c3132420c9de,U386a686576d6b18a8140876dd262f84e,text,clicked,2026-03-04 20:11:38,https://example-saas.jp/lp/newmenu
44398815-c1d5-4f4e-a18e-41cf33a4c337,2026-02-14,msg_00065,U743849e63f8101ac616f8fd0ba84a167,U435800ff945eb957138b2e8844fbf2c1,image,delivered,2026-02-14 04:36:42,
f80aa16c-f40c-473f-b30d-fdc0f852d481,2025-12-02,msg_00088,U3bae1603803a839c0cb52f511d9cb8f6,U3d9de7a188fdfc349a6b132f0af59817,image,delivered,2025-12-02 11:43:52,
c3c72eff-d82c-428a-a78e-31b37f6e815e,2026-01-26,msg_00103,U3bae1603803a839c0cb52f511d9cb8f6,a26210e2504d866f18954157539f58fc,flex,delivered,2026-01-26 04:06:05,
00883bcb-fe95-4163-8ac5-46e9b88c17f7,2026-04-08,msg_00078,Ud4a92c8c8050eed40ef171cc2784d638,Udf5d8972e52e5e46cb9cc4c9d7804025,image,opened,2026-04-09 01:15:19,
673de91b-bea2-4c24-b7ea-8e8f77c2b491,2026-03-30,msg_00076,U743849e63f8101ac616f8fd0ba84a167,U234542dbdb6377723fdfea12026484e4,image,delivered,2026-03-30 02:13:57,
0e083a0c-fe79-4887-9b74-ab89e7e696fb,2025-11-16,msg_00020,U3bae1603803a839c0cb52f511d9cb8f6,Uc78d01149021979d09fbc37c76e46a61,text,delivered,2025-11-16 16:57:41,
ae7b54cd-276b-4d85-8a62-0bba1797354d,2025-11-23,msg_00024,Ue8d9224ecde331ce692edfce0b5ecdc4,U0cabee10a5bebb246577a610fbc0b73d,text,opened,2025-11-23 18:27:53,
8bf78cb9-2ce5-436a-a16d-692e2516f280,2025-12-12,msg_00004,Ub0341314a5534ea92b26fa8adc30543f,Ud6a314bd343d619255c69ac1e883337b,video,clicked,2025-12-12 21:56:08,https://example-saas.jp/survey
81dadb84-2169-4748-b3a5-cc9a8da5151c,2026-03-21,msg_00023,U743849e63f8101ac616f8fd0ba84a167,U373ac4d8d4b1ecdda2f31e5f5df7b52f,imagemap,delivered,2026-03-21 16:57:45,
05e31cea-ebec-4933-942a-48a598b76b19,2025-11-22,msg_00047,Ue7310890b01058478be93761a56d0aa0,Ua6b470821283edbc99e74a75f16943bd,video,delivered,2025-11-22 01:23:28,
12e3042e-f209-4d33-9498-3dd80f7bbca1,2026-01-24,msg_00113,Ub0341314a5534ea92b26fa8adc30543f,U62f23b7a5099f8ab01371a5707a71809,text,opened,2026-01-24 09:30:26,
d85e1149-e291-433b-a231-17613be6b37d,2025-12-19,msg_00064,Ub0341314a5534ea92b26fa8adc30543f,Uc301c43c8d91c10375b1cc5d3facccee,image,opened,2025-12-19 10:29:12,
d43cf209-7089-4e92-9831-67afd85b216b,2026-04-08,msg_00078,Ud4a92c8c8050eed40ef171cc2784d638,U917da8418a0aea05edf70d3bc06ee98d,image,opened,2026-04-08 02:13:37,
d613b375-5164-4512-b6de-adee1f572ddc,2025-12-07,msg_00003,U227d1cd1a801c367de206ec4bbca7330,U91db385b1765f5da5afb7b1b84dfb604,image,delivered,2025-12-07 17:57:33,
a679db8b-b861-406f-b572-18501beee87a,2026-03-22,msg_00119,U3bae1603803a839c0cb52f511d9cb8f6,Uc56654999f8a58ef8cbda3926bab6bb0,imagemap,opened,2026-03-22 14:43:08,
2222befe-7ef9-4538-b2d1-e93d7fe1026b,2025-12-25,msg_00077,U743849e63f8101ac616f8fd0ba84a167,U84067759ad3a0451371627e067203f84,text,delivered,2025-12-25 04:47:38,
3cc46ef9-7a0f-493b-b339-275e115a4472,2026-01-24,msg_00066,U3bae1603803a839c0cb52f511d9cb8f6,U973a476efdc6ee71fa38330e5ef90257,image,delivered,2026-01-24 16:15:54,
168f94d3-63c8-4432-b100-d52aae8cd8a5,2025-11-17,msg_00034,U743849e63f8101ac616f8fd0ba84a167,U9c17c333f51e4f9411bf0871df86f502,text,delivered,2025-11-17 19:16:57,
1a749da6-a115-43eb-be54-4ea461687594,2026-03-23,msg_00071,U3bae1603803a839c0cb52f511d9cb8f6,U6978849ef35f0c0f7749948c901983af,imagemap,opened,2026-03-23 04:02:33,
2c8fd671-d660-4cb2-bd83-bf75fdcbb614,2026-04-08,msg_00078,Ud4a92c8c8050eed40ef171cc2784d638,U524724da896d3b555bd28ca70ff99e60,image,delivered,2026-04-08 03:37:46,
a593abab-0d85-4475-8c71-622e65f4f8f3,2026-03-12,msg_00084,U68d2301028fb66b51d9111f1af067e34,9d9d91c674e76be57e7cf678e88d389e,video,delivered,2026-03-12 23:30:06,
ec52f8a2-2151-4780-a560-2f8a7757cd7d,2026-02-10,msg_00058,Ue9a1e8a5b83a6b296d43c957a8cfba4a,U25972d3e22d73758a17a88f4e99194d4,video,clicked,2026-02-10 15:44:43,https://example-saas.jp/lp/newmenu
22ac9824-aa75-49a8-8c93-ef0223bb9ee1,2026-02-25,msg_00008,Ub0341314a5534ea92b26fa8adc30543f,U164912fdee63a9cfeecfad724a2fce94,image,opened,2026-02-25 15:54:20,
4db4abf5-44a7-4eba-a399-7c6c07dfe68f,2025-11-23,msg_00053,U743849e63f8101ac616f8fd0ba84a167,Ue050a58db6def24fc0192ec6fa1f9340,video,opened,2025-11-23 04:37:24,
8ad51bb3-3c20-4e3f-bcd4-05471c6df0e9,2025-11-19,msg_00019,U743849e63f8101ac616f8fd0ba84a167,U0f2fb263f5c7e14ff7e065c1efc6a69f,flex,delivered,2025-11-19 06:04:04,
fd3bc626-94f9-4a91-bd4c-326c8de8d8cd,2025-11-23,msg_00053,U743849e63f8101ac616f8fd0ba84a167,U0e647ccd25fbc5388f454127fcc21fc4,video,opened,2025-11-23 17:04:48,
6c88d714-6d75-4e46-8b7d-b6ae05cd540c,2025-12-21,msg_00022,U3bae1603803a839c0cb52f511d9cb8f6,Uc16388246a4247d7cfb0f7227e973e78,video,delivered,2025-12-21 03:02:15,
ac969a59-d923-401e-b0f1-e54298752626,2025-12-09,msg_00094,U227d1cd1a801c367de206ec4bbca7330,U6f5568cbf5ed1ffb6caedbdec0ca8f0b,flex,delivered,2025-12-09 20:16:52,
55256347-497a-4cbd-8aeb-bf5b70a60597,2025-12-25,msg_00045,Ue7310890b01058478be93761a56d0aa0,U48bf76d9e6ed6750d7f35baeace67147,video,delivered,2025-12-25 04:09:56,
70d2f986-86ca-4e0a-90d3-01219efae8b7,2025-12-25,msg_00077,U743849e63f8101ac616f8fd0ba84a167,U3fa10cfddfff04cb0e863d7447d78a3c,text,delivered,2025-12-25 23:13:11,
6b7f26da-e9e0-4ac2-b47a-eca0efae6c41,2025-12-17,msg_00032,U3bae1603803a839c0cb52f511d9cb8f6,U38d24822958f13dbc111d3e38739d28e,video,delivered,2025-12-17 06:33:23,
645b2dcf-3422-45a3-9aa1-a85eb4392566,2026-03-04,msg_00056,U1ca413826b7044d134c9c3132420c9de,U8ca88f45bba098c24cf86a9d499f529b,text,opened,2026-03-04 01:11:40,
c7346259-9eea-4a48-ba00-d251e8970648,2026-02-07,msg_00090,U4784fc8a8e1e4eb2435ad84e0ad052f2,U73d9a475e6f046ca85c2f4e7be6e3ed7,imagemap,opened,2026-02-07 23:44:03,
c62d2080-ed0f-48f0-8647-29bfbe368371,2025-11-23,msg_00024,Ue8d9224ecde331ce692edfce0b5ecdc4,Uaab434adbba0eabd93a18942f6331bc0,text,delivered,2025-11-23 10:53:39,
1db3aa44-a82e-49e6-96f0-fd1b3557169d,2025-12-21,msg_00022,U3bae1603803a839c0cb52f511d9cb8f6,Ufe9b58c3d4fdd0c6c6328bcbde1beb94,video,delivered,2025-12-21 07:12:18,
a84dcd15-18ee-4121-bfa9-e056186764b7,2026-03-20,msg_00057,Ub0341314a5534ea92b26fa8adc30543f,U4a8bfa8382f11a7d7ac0dd0d38511f55,video,opened,2026-03-20 08:22:34,
d9a6641f-2778-4f08-8262-8c4f21f8b923,2026-01-26,msg_00086,U4784fc8a8e1e4eb2435ad84e0ad052f2,U258a8b8ff19d864f082902abdc61ea1d,text,delivered,2026-01-26 01:14:41,
b378df17-ddb7-48df-a02a-ebbd92152c74,2026-03-30,msg_00076,U743849e63f8101ac616f8fd0ba84a167,f2db4139e284ad13515eb7335240c1a7,image,opened,2026-03-31 00:29:55,
018254d0-5985-4688-ac6e-facbeda14848,2025-12-23,msg_00109,Ue7310890b01058478be93761a56d0aa0,U3649623d715db71fddd817d3a970261b,text,delivered,2025-12-23 08:22:01,
90cc28f2-6320-4f23-a02d-a9379fb4e05c,2025-12-19,msg_00118,U4784fc8a8e1e4eb2435ad84e0ad052f2,Ua5500894eaabd87607fb44413af46cf4,image,delivered,2025-12-19 09:11:22,
6ffe5e10-4056-499c-b1b7-bc14ecf00e42,2026-01-26,msg_00005,Ub0341314a5534ea92b26fa8adc30543f,U900d6e2f124b192b28bf7367ffb9bb6d,image,opened,2026-01-26 21:27:30,
d7692d58-b0c5-410e-8dff-2e2a6c084029,2026-02-20,msg_00048,Ue7310890b01058478be93761a56d0aa0,U61a50270527990e2bb8188cc197a41bc,flex,clicked,2026-02-20 11:06:55,https://example-saas.jp/lp/newmenu
8bc24caf-8428-494b-bb6e-cd440a118320,2025-12-17,msg_00032,U3bae1603803a839c0cb52f511d9cb8f6,U3721f7d5deb34be844779cd7239840eb,video,delivered,2025-12-17 18:55:14,
e4faae7c-908b-4185-9e26-e120f8c0e977,2026-03-26,msg_00040,U3bae1603803a839c0cb52f511d9cb8f6,U370252330a732a63cbe8d798b7bee293,imagemap,delivered,2026-03-26 00:37:54,
6fb89d66-2818-4f81-a499-5c726aa85448,2025-12-07,msg_00003,U227d1cd1a801c367de206ec4bbca7330,U2163e707c36bc3db9fa762253faf0861,image,delivered,2025-12-07 14:53:24,
c9336e97-b622-4ea7-a443-f0fc223052a0,2026-01-10,msg_00044,U30ad60bba5da9837ca5dd0230ca8f531,b9809128b9b420bda06fa592803477d7,video,delivered,2026-01-10 03:53:15,
7e8a72fe-e64e-4d12-b266-a548373be545,2026-04-12,msg_00105,Ud4a92c8c8050eed40ef171cc2784d638,U1842db165521a3c33c69785b68f5af32,flex,delivered,2026-04-12 03:29:51,
4cde22af-d4d9-447d-a006-45fc98ccc860,2026-01-26,msg_00063,Ub0341314a5534ea92b26fa8adc30543f,U23448900d0759b696c538c493125fda3,imagemap,delivered,2026-01-26 23:33:39,
b116ca3d-cd4f-44d0-9ac2-4e47121c4b83,2025-12-18,msg_00114,Ub0341314a5534ea92b26fa8adc30543f,U813c8f85a10a5305ca368ba305d04c3a,flex,blocked,2025-12-18 20:42:14,
15269e05-c890-4a1d-924f-c804837eefda,2025-11-17,msg_00099,U3bae1603803a839c0cb52f511d9cb8f6,U30d39f9f2d87b492d14e90d559700bf9,text,delivered,2025-11-17 19:37:14,
d56649e4-7b22-4d7f-91db-3bd4b44cbdf2,2026-03-05,msg_00014,U3bae1603803a839c0cb52f511d9cb8f6,35a4a4a24e0e3c2e66c11a2a0411954e,flex,delivered,2026-03-05 18:54:05,
30176d29-909e-43a6-9290-bdcdf668919d,2025-12-12,msg_00029,U743849e63f8101ac616f8fd0ba84a167,U35d45e71520a95d2561aec45b0e21d43,imagemap,opened,2025-12-12 03:20:16,
0489f71f-4ee3-4f65-9b2d-fd27bc42764e,2026-01-24,msg_00066,U3bae1603803a839c0cb52f511d9cb8f6,Uaef27683ef1eaabf6cb49320f90569de,image,delivered,2026-01-24 09:41:22,
c51c3c96-6e49-4581-9634-0f08545250c3,2026-03-18,msg_00080,U22a93bc29b1df104af6b1ba1cd91fc56,Uc913131e0c9142cede491d704a822f1a,flex,delivered,2026-03-18 03:04:57,
52b4fd2b-0884-4e65-89e5-3f95f2ef6934,2026-01-26,msg_00086,U4784fc8a8e1e4eb2435ad84e0ad052f2,Ua348cea38922b940f01e68b1c485325e,text,opened,2026-01-26 05:51:35,
d29783ca-f765-4429-bf4a-b1e882128d0d,2026-01-29,msg_00031,U3bae1603803a839c0cb52f511d9cb8f6,U882fa6ad857a4f7df0c871a0ca6cb04f,video,clicked,2026-01-29 12:20:34,https://example-saas.jp/campaign/spring
b37dd8b5-3f24-4c73-9c96-43f1532f53d6,2026-04-12,msg_00120,U227d1cd1a801c367de206ec4bbca7330,U70522d6567e31f93cadd5512a75d0405,text,delivered,2026-04-12 21:19:42,
14f47e67-c643-4504-aaa6-39ab3bbcc381,2025-12-25,msg_00045,Ue7310890b01058478be93761a56d0aa0,9b8bda892f078b4cc517e143c203e83b,video,delivered,2025-12-25 16:39:42,
04537d8e-0abc-413b-a37f-7bc4010190b8,2025-12-18,msg_00070,Ue9a1e8a5b83a6b296d43c957a8cfba4a,U339031e8b28a99df79926d7159b60a1a,imagemap,delivered,2025-12-18 19:30:22,
ac937858-b85e-4cb5-930f-c4e359d50eab,2026-01-18,msg_00102,U227d1cd1a801c367de206ec4bbca7330,U834a33637cd2367bd7d6c83107bbd837,video,delivered,2026-01-18 20:22:49,
23eacc4c-631d-4351-b3ba-3e2a17727af9,2026-02-14,msg_00042,U3bae1603803a839c0cb52f511d9cb8f6,U67965817587394dce6b3ef9510ca4da0,video,delivered,2026-02-14 02:40:35,
2f6868fb-22a3-4c97-9e7c-ed85201b1ace,2025-12-17,msg_00032,U3bae1603803a839c0cb52f511d9cb8f6,U2dd7328b96b5954a6314a44771f2d510,video,delivered,2025-12-17 06:25:38,
cd1dd13a-4c89-4cb9-9596-67b138f670b6,2026-03-13,msg_00001,U4784fc8a8e1e4eb2435ad84e0ad052f2,Uae897d096a3447540c898bd7e057f4e7,image,opened,2026-03-13 11:42:08,
b6597dcc-39be-40f3-81da-c3be902b1930,2026-02-10,msg_00058,Ue9a1e8a5b83a6b296d43c957a8cfba4a,U41b1d175fe1f5f9320551dec05ade19c,video,delivered,2026-02-10 01:21:57,
52ad21e3-6144-4de6-9e89-12231fedcc68,2026-03-03,msg_00093,U743849e63f8101ac616f8fd0ba84a167,U74d7b9c2b391ce2a4188bca8df2726bd,imagemap,delivered,2026-03-03 18:53:40,
79543475-4825-4a2b-9c18-753728aaa205,2026-01-09,msg_00052,U743849e63f8101ac616f8fd0ba84a167,Uea5d536b7f9454903d8dfe63c4985a23,video,delivered,2026-01-09 04:20:16,
7deef8c6-fdb7-43ea-913b-1126433dd15a,2025-12-09,msg_00059,U3bae1603803a839c0cb52f511d9cb8f6,Uc747470cfd7b83fcb042d4ff971898c9,imagemap,opened,2025-12-09 02:09:41,
ba4428be-fd6d-46d4-b149-b96a2eb0631f,2026-03-14,msg_00009,U743849e63f8101ac616f8fd0ba84a167,U9bc8d85fedf7cfecde7518b3ec178e98,imagemap,delivered,2026-03-14 10:06:23,
53b7e6b3-170f-4cd2-9c4f-cfc2b2e4e846,2026-04-01,msg_00072,U4784fc8a8e1e4eb2435ad84e0ad052f2,U98431caaf439c2e385e526a71556698a,image,delivered,2026-04-01 20:26:32,
0bef952a-2540-43eb-a2c6-45528e4dadad,2025-11-21,msg_00010,Ue7310890b01058478be93761a56d0aa0,83f1ae74235dd0f2164bb8bf8425d62d,imagemap,delivered,2025-11-21 00:29:57,
11219456-69fd-4f51-a65f-ba32c3edf37d,2026-03-11,msg_00067,U7e808d11d6f9901a954a542a7ee09918,U6ee39d37f79c8f975b607d6f3de5adbb,video,delivered,2026-03-11 04:46:12,
13b6cbc8-2e90-4396-8443-963e76e51ce2,2025-12-03,msg_00012,U743849e63f8101ac616f8fd0ba84a167,U040241f8174e1370a534c059cc3a14c0,imagemap,opened,2025-12-03 09:43:00,
517054ed-40bd-47ae-95d2-d17b2c8978e0,2026-02-16,msg_00021,U743849e63f8101ac616f8fd0ba84a167,683a6a73fc37dabc9dd3bad47d716dff,flex,opened,2026-02-16 07:24:20,
a62b485e-dc6d-4382-b8e8-2be55cc76c67,2026-04-12,msg_00120,U227d1cd1a801c367de206ec4bbca7330,ed887d282d16d0424961769cd13fab11,text,delivered,2026-04-12 18:56:57,
138bad92-c1bc-4e64-add5-1e26f0ab0607,2026-04-04,msg_00049,U476acbdef8e9a16d24575e4f6d7b0f31,U017f2e56485a53f7c785d32a37527ecf,text,delivered,2026-04-04 17:12:46,
5f04d3a4-ccc3-4561-9f4e-6f97f63ea2ac,2025-12-25,msg_00045,Ue7310890b01058478be93761a56d0aa0,U9c67b78ff83677a3fa124262dee1f6f6,video,opened,2025-12-25 21:31:02,
bdf97def-f478-42ae-b9cf-7e4c6928d0f1,2025-11-27,msg_00018,U3e5dd3a641c58ad50e49f095c6f1e306,U05cd89d4d1c5bca97114363ed86f0625,imagemap,delivered,2025-11-27 14:03:05,
bb6d3f67-2cbe-4fb0-98dc-f44f750d301b,2026-02-15,msg_00089,U3bae1603803a839c0cb52f511d9cb8f6,U333cb3f97a18942c6e56c59a49965e43,text,delivered,2026-02-15 07:51:56,
42b7ef24-2eb3-464f-b583-c309ad0d5124,2026-01-26,msg_00115,U3bae1603803a839c0cb52f511d9cb8f6,U0f40d29890295525681ddac1dfee1075,imagemap,delivered,2026-01-26 08:03:27,
ad2444f1-f1d9-45c3-bd09-0e6116d26997,2026-04-04,msg_00100,U743849e63f8101ac616f8fd0ba84a167,Ue4d9cc95937aeb89fba185b75f1118fe,image,failed,2026-04-04 12:41:11,
62feaea9-edab-4f5c-9a4c-6d8e1b3fb263,2025-12-09,msg_00094,U227d1cd1a801c367de206ec4bbca7330,Ua646b99357aabaace388006024d11594,flex,delivered,2025-12-09 15:07:30,
a710b65a-9f6b-4b21-a511-26eef2442434,2025-12-19,msg_00064,Ub0341314a5534ea92b26fa8adc30543f,Uc72236122308023933ff262547a00618,image,opened,2025-12-19 13:42:50,
e51d2892-fae4-486d-aa93-9dbb977f1320,2025-11-19,msg_00019,U743849e63f8101ac616f8fd0ba84a167,Uedd34b134b81fd35d5dd235333244cc8,flex,delivered,2025-11-19 10:15:40,
e75ee29b-a067-4f77-adc3-eb0e5a82faa0,2025-11-23,msg_00053,U743849e63f8101ac616f8fd0ba84a167,U3d1709fb6e7a00add9e681a44f3a675e,video,delivered,2025-11-23 02:12:17,
75e7c75c-efdd-4c9f-9c74-0cbd5ca929a5,2026-02-24,msg_00111,Ub0341314a5534ea92b26fa8adc30543f,U152765a8b6ae140915c30a7d170b8243,flex,delivered,2026-02-24 18:22:58,
39bbba38-0314-485f-81f2-9bbd2dadcc9d,2025-12-31,msg_00082,U227d1cd1a801c367de206ec4bbca7330,Ub376d15869c0e029241735087b7f5da0,imagemap,delivered,2025-12-31 04:01:35,
95d2cc31-62be-4a14-aa38-af4bbe550e54,2025-12-09,msg_00059,U3bae1603803a839c0cb52f511d9cb8f6,U9f799fae401d1fe4eefb9cbc2575e5f3,imagemap,opened,2025-12-09 14:20:04,
6ac99087-597b-4a0e-b801-ebf48430339a,2026-03-08,msg_00112,U3bae1603803a839c0cb52f511d9cb8f6,U29cc1da56c9a011d6ef7b4a19803cdf0,image,blocked,2026-03-09 04:09:06,
3f7972ca-7fd4-41da-b0d2-f143158efb95,2026-03-11,msg_00067,U7e808d11d6f9901a954a542a7ee09918,U7f6dac1c2c09db8781c580a043543b6d,video,delivered,2026-03-11 19:35:02,
ea4b3316-61dd-4c45-ad5a-c9c5ab73236c,2025-11-27,msg_00018,U3e5dd3a641c58ad50e49f095c6f1e306,Ua0e09787a0cea5e29e4bbace71d49cf4,imagemap,opened,2025-11-27 01:44:47,
e8890c5f-7290-49d8-a15d-5070b80d1dd5,2025-12-23,msg_00109,Ue7310890b01058478be93761a56d0aa0,3c4fdf1ae490b1f5fd18638bd1dd3c37,text,opened,2025-12-23 09:16:39,
064c3be6-dafe-4189-addc-21328f5ff558,2026-03-27,msg_00096,U476acbdef8e9a16d24575e4f6d7b0f31,U9aa1599c5b154e340f09f77b3d8cac7d,imagemap,delivered,2026-03-27 15:38:55,
d36e418d-c7a1-4ebe-84aa-1d62381d425f,2026-03-25,msg_00079,U743849e63f8101ac616f8fd0ba84a167,U94ae899cbcab019317fde8f41c2a0e49,text,delivered,2026-03-25 09:38:13,
28df693a-7401-4477-a25b-10ae2bff87db,2026-04-12,msg_00120,U227d1cd1a801c367de206ec4bbca7330,U364fde8b4bcf0d079eeb6dd7633a50c3,text,delivered,2026-04-12 22:20:36,
04692b93-66c1-46c6-9fc3-63f75ad6b0b4,2026-03-18,msg_00080,U22a93bc29b1df104af6b1ba1cd91fc56,U70ec0d7dcefa8f9eb8a2c8b3d2a05d11,flex,opened,2026-03-18 19:03:26,
b668d3d0-684d-4863-a14f-10cb3aff554c,2025-11-17,msg_00099,U3bae1603803a839c0cb52f511d9cb8f6,U2986d6f2646366b601f7e0d9c3cb6ba5,text,delivered,2025-11-17 10:09:29,
34cb455d-0e3a-48e9-9681-4ec18d4aaddc,2026-03-11,msg_00067,U7e808d11d6f9901a954a542a7ee09918,Ud61027731412788c9c1c76a9c0b258b7,video,delivered,2026-03-11 20:47:05,
7c629221-0bae-4398-a52c-142073d86b21,2026-03-03,msg_00093,U743849e63f8101ac616f8fd0ba84a167,U3be8e97483ee6082b20bf6e6a5f9ce98,imagemap,delivered,2026-03-03 14:54:37,
d80c162e-e79f-4d0a-917d-6c9ced40f3a3,2026-02-20,msg_00036,U879eb903ad90cd9c2874f6df7651267a,U6c6bca17ee875afb18be00e3c0fe4af0,video,opened,2026-02-20 20:35:24,
69159bd8-40c6-401f-941d-ff7c3649edae,2026-03-30,msg_00076,U743849e63f8101ac616f8fd0ba84a167,64331f25d890a95a89c2d8bec5f68e10,image,delivered,2026-03-30 01:45:50,
9ff73d80-e001-49e7-bde4-3bb095b38be7,2026-01-26,msg_00063,Ub0341314a5534ea92b26fa8adc30543f,U38223b7a4662c871cc6c701ba3b074ba,imagemap,delivered,2026-01-26 22:10:10,
361dac68-0e7c-4ee0-a16f-e295cbd034c5,2026-03-05,msg_00014,U3bae1603803a839c0cb52f511d9cb8f6,Ue0628cbdf4aacd1623362959c747db11,flex,delivered,2026-03-05 20:20:07,
3daec1dd-7b61-4be0-bfe2-db873b89877b,2026-03-16,msg_00002,U3bae1603803a839c0cb52f511d9cb8f6,Ud28e1a1854ee912fdad85e202815d6a7,text,opened,2026-03-16 15:18:54,
68d3954e-3df9-4aaa-8ffd-39647562efe7,2026-01-20,msg_00026,Ud4a92c8c8050eed40ef171cc2784d638,U89d678abb056c567aab6d66db8ce8c50,imagemap,delivered,2026-01-20 01:18:33,
5d74fd34-697c-46a0-a4de-a71e71171407,2025-12-12,msg_00004,Ub0341314a5534ea92b26fa8adc30543f,U4ae1a0fd1c1a70a89f74fa6c97fa4774,video,opened,2025-12-12 23:35:24,
d7f01a86-99b6-4d8c-90c9-5ad2107162e6,2025-12-31,msg_00082,U227d1cd1a801c367de206ec4bbca7330,Uc79c15cb18aaff1dede6d8da1c4ab311,imagemap,delivered,2025-12-31 18:57:38,
cadd93d3-2398-457f-bbfa-8b7548cc3cb7,2025-12-07,msg_00003,U227d1cd1a801c367de206ec4bbca7330,19b24f50797b1f11f9fc39b631adf8a5,image,opened,2025-12-07 21:13:41,
9d2ab667-4895-4a68-81dc-16c3ab2c7acb,2026-03-20,msg_00106,U3bae1603803a839c0cb52f511d9cb8f6,Uc45b95ac0d23919b7bae178b213ad0dc,video,delivered,2026-03-20 17:58:55,
eedf2cef-ee20-4b9e-8991-110e5b4652e3,2026-01-24,msg_00113,Ub0341314a5534ea92b26fa8adc30543f,03f886284988fd3616ec9f3d815f78e6,text,opened,2026-01-24 09:21:16,
49bc8117-2e35-4b24-a9d7-1a6ff857e288,2026-03-08,msg_00112,U3bae1603803a839c0cb52f511d9cb8f6,Ue40f652b9cc3ee8b7fd037a67c0e172c,image,delivered,2026-03-08 04:28:05,
3d7517c5-d136-4689-99ce-24bb1c41eda7,2026-04-05,msg_00054,U3bae1603803a839c0cb52f511d9cb8f6,U2ff142cfab61a50c0510a2021c79d48e,image,opened,2026-04-05 14:01:56,
2286e8ce-7735-4518-8d81-d70ca21abb25,2025-12-12,msg_00004,Ub0341314a5534ea92b26fa8adc30543f,Ubbc05baddec56a22f9c7946a47550610,video,delivered,2025-12-12 04:47:49,
c49955e1-e407-4fbd-825f-858fd1a3eaa2,2026-02-15,msg_00087,U3bae1603803a839c0cb52f511d9cb8f6,U305ca6b59b90a5bde9e06993a5623313,imagemap,delivered,2026-02-15 10:40:39,
648aee53-c1ba-48b9-b9e8-fe23a7806300,2025-12-25,msg_00077,U743849e63f8101ac616f8fd0ba84a167,31a90c262572d2332ade02026ab7492f,text,delivered,2025-12-25 12:46:07,
06d16a8d-c566-4ce5-bf48-69ccee1c1bc1,2026-02-28,msg_00117,U743849e63f8101ac616f8fd0ba84a167,U71ed677af833b459b1df9f51cb6fa435,video,delivered,2026-02-28 17:02:52,
f0ef50cd-dd37-488a-8bb5-8c0bdb73cd97,2026-03-14,msg_00009,U743849e63f8101ac616f8fd0ba84a167,a4774b721396a0dbd1597a316107e29e,imagemap,opened,2026-03-14 06:50:07,
1ad200ae-d6a2-44ee-82e0-098337ec42f0,2025-12-12,msg_00004,Ub0341314a5534ea92b26fa8adc30543f,Ued00696c008b9533e32295045c2da287,video,delivered,2025-12-12 20:42:53,
62981299-f464-4705-b9ac-cfdb449aa113,2025-12-18,msg_00070,Ue9a1e8a5b83a6b296d43c957a8cfba4a,U17f3f933b6a9b244ea8f70684623b65c,imagemap,opened,2025-12-18 03:53:14,
f2f2c121-a57d-4e4c-97b6-860bda1a1a3d,2026-01-24,msg_00066,U3bae1603803a839c0cb52f511d9cb8f6,069e2195dbe5665f5f0b9e02538e50b0,image,delivered,2026-01-24 18:11:33,
39ad2a1e-bc24-4550-867a-81a646330b64,2026-02-14,msg_00042,U3bae1603803a839c0cb52f511d9cb8f6,U2c2e711eb5b2fc0636091bf1fe27db6a,video,delivered,2026-02-14 17:24:59,
2c9242a8-83ea-425e-930d-5f53df6297ba,2026-01-20,msg_00108,Ub0341314a5534ea92b26fa8adc30543f,Ubd3dc1dd26061356a82aec362d07dc22,flex,delivered,2026-01-20 22:50:38,
3d6a0d75-36e1-4d82-a1a7-82f90fc22a37,2026-03-11,msg_00067,U7e808d11d6f9901a954a542a7ee09918,Ubdee9ed5d6eceae8b5bc996b8c15ba86,video,opened,2026-03-11 22:39:23,
adf982a9-4e50-471a-a084-bd904c01a508,2026-04-04,msg_00049,U476acbdef8e9a16d24575e4f6d7b0f31,U5a7c80767ab60ce79ce22bf59e471d4a,text,opened,2026-04-04 19:52:20,
923bdb77-e922-4d1f-9a09-a615f908dfef,2026-03-08,msg_00112,U3bae1603803a839c0cb52f511d9cb8f6,U84ed4a87ea49c416c37550a478c7a5e9,image,delivered,2026-03-08 05:07:50,
1cc1153f-6df4-46d7-9e26-69efaf41cbc2,2025-12-22,msg_00038,Ub0341314a5534ea92b26fa8adc30543f,Ud99e30c2a06a6ede8fbacf9ff267a901,image,opened,2025-12-22 07:22:15,
f484baa4-cd58-44f3-9666-6389902c6fcf,2026-01-26,msg_00103,U3bae1603803a839c0cb52f511d9cb8f6,U3137446f483a08cfc391b1a55e9aed34,flex,opened,2026-01-26 21:01:49,
14ded4a0-c7ae-4387-b2bd-f4f3de2d9262,2026-01-24,msg_00113,Ub0341314a5534ea92b26fa8adc30543f,U481669dfba540435fc42ad4b50ab900c,text,delivered,2026-01-24 09:56:09,
4ccbdbcc-512b-4ab8-807c-aa469d5a5707,2026-03-20,msg_00057,Ub0341314a5534ea92b26fa8adc30543f,U4f7ec29feeecdbe6c8fc43e5c12ba85e,video,delivered,2026-03-20 13:51:29,
a3e850c8-1bf5-459d-9617-476966216a38,2026-02-14,msg_00042,U3bae1603803a839c0cb52f511d9cb8f6,U6dcbc315b3b5f0ac42d62331f06255c6,video,delivered,2026-02-14 23:57:52,
d0a0fe19-5430-472e-b757-69dbe3958bb7,2026-04-08,msg_00078,Ud4a92c8c8050eed40ef171cc2784d638,c9584334d14d270f47663e49410faafb,image,delivered,2026-04-08 12:44:44,
f08afa13-5f38-435e-b493-b59688378152,2026-02-16,msg_00021,U743849e63f8101ac616f8fd0ba84a167,Udf3d445f758202ed35979f405898471c,flex,delivered,2026-02-16 02:07:36,
122d5d50-fe5b-4cb4-8d2a-fc2f15719758,2026-04-12,msg_00105,Ud4a92c8c8050eed40ef171cc2784d638,U5ca3b553b1e859e2dd93b805390afbae,flex,delivered,2026-04-12 23:28:30,
8c906c6a-8197-4616-a56b-7e6b7995a60f,2025-12-19,msg_00064,Ub0341314a5534ea92b26fa8adc30543f,Ub82151983ecfab70b1f053f812e194a4,image,delivered,2025-12-19 18:01:51,
30731b5f-60b4-46f9-a9ef-2070a4d50efc,2026-03-11,msg_00067,U7e808d11d6f9901a954a542a7ee09918,U355094400a13538c259f8bad480ee5c6,video,delivered,2026-03-11 03:39:21,
b4606571-dc38-45f9-bf17-402a739fe1b6,2026-03-26,msg_00040,U3bae1603803a839c0cb52f511d9cb8f6,5c68bf476e8ae658595833fa7a4c1eae,imagemap,delivered,2026-03-26 10:48:08,
18e76cb4-e0cc-4891-85ea-ec180ea19b61,2025-12-24,msg_00091,U3bae1603803a839c0cb52f511d9cb8f6,Udc26bce54e1fdff25f4f2b6c88bd5bca,imagemap,opened,2025-12-24 03:06:06,
e8ede610-f782-4d8f-aabf-b8897241d4ca,2026-01-26,msg_00086,U4784fc8a8e1e4eb2435ad84e0ad052f2,U4a4f9d3ce2e23e5437dcdeff55f383c5,text,delivered,2026-01-26 15:41:30,
4713ab11-fedb-4ede-b97e-b6f1cbf8b39e,2026-02-28,msg_00117,U743849e63f8101ac616f8fd0ba84a167,U6ee46101df00b94c6d66bc412c179ffa,video,delivered,2026-02-28 15:39:42,
b36aef69-25cc-4276-b579-37013dbeab4f,2026-02-15,msg_00087,U3bae1603803a839c0cb52f511d9cb8f6,U28bafdfdc32206854ee4fa633ea889a6,imagemap,delivered,2026-02-15 22:14:39,
04db034e-b8f9-4fbf-9d61-529c82845a38,2025-11-26,msg_00028,U3bae1603803a839c0cb52f511d9cb8f6,U10cd9d90fb5986b15fb65d3886e2100e,image,clicked,2025-11-26 21:41:22,
d3a74fe3-50ad-45a1-acf6-51dff443e796,2025-12-23,msg_00061,Ub0341314a5534ea92b26fa8adc30543f,Ud8ecab36c881f98d7829fd5c655c687f,imagemap,opened,2025-12-23 07:07:07,
ad2add69-10ff-4b79-9488-f52ae92cb441,2026-01-31,msg_00035,U7e808d11d6f9901a954a542a7ee09918,Ud1e03ba29dc286dd7dda07560ca870e9,text,opened,2026-01-31 21:56:48,
3c3a3c24-574f-4900-aa92-0092ea9feb83,2025-12-24,msg_00091,U3bae1603803a839c0cb52f511d9cb8f6,Ubfe23cdbaa99ae8e0a641d00c48eff77,imagemap,delivered,2025-12-24 09:20:05,
7e8eee31-9042-48be-9e40-dde29bf679b3,2025-12-07,msg_00003,U227d1cd1a801c367de206ec4bbca7330,U19fd0779df463d20dfb871227e408057,image,opened,2025-12-07 03:30:52,
098d8659-961a-4e9b-a8a8-4e4ca8152fba,2026-01-13,msg_00060,U3bae1603803a839c0cb52f511d9cb8f6,Uf1244c88e3153d6ca725c54e9af384ce,image,delivered,2026-01-13 15:11:36,
ff315021-6a42-4e10-8c8c-cd971d547b73,2026-02-15,msg_00087,U3bae1603803a839c0cb52f511d9cb8f6,Uc1d972a9a18385a0212973a26e9acaf0,imagemap,delivered,2026-02-15 16:16:19,
cdc32ff8-11cf-4ded-a52e-e672d02e0fc3,2025-12-22,msg_00013,Ub0341314a5534ea92b26fa8adc30543f,U04c9d1dabfe02a5bce4f4dd70e03efe9,image,delivered,2025-12-22 21:03:02,
a83c8360-6f59-4c82-9284-e34d080b58cb,2026-03-20,msg_00106,U3bae1603803a839c0cb52f511d9cb8f6,Ua778acba77f779bd3de3cf50a80b383a,video,delivered,2026-03-20 02:52:15,
981ee8f3-569e-4c59-a920-4d08975153a5,2026-03-06,msg_00055,U3bae1603803a839c0cb52f511d9cb8f6,U801f2d95195f426464ad77d742dc8947,flex,delivered,2026-03-06 16:14:23,
dd733c0b-0dbe-473a-b2d3-48dd0a3a0137,2026-01-20,msg_00108,Ub0341314a5534ea92b26fa8adc30543f,U8a94f1971c14b712fde666122dd849e3,flex,delivered,2026-01-20 21:13:22,
a44952d1-2be0-45d4-983c-5db9614d1c9e,2026-03-22,msg_00119,U3bae1603803a839c0cb52f511d9cb8f6,U4ef92a3079e8e068e1fc085ee033e6b1,imagemap,delivered,2026-03-22 15:05:33,
abac7278-46d1-4e70-a647-52efae2445bf,2025-12-12,msg_00004,Ub0341314a5534ea92b26fa8adc30543f,Ufde732febca5482c35b0416ca8bbb440,video,delivered,2025-12-12 11:26:24,
f081a320-12b0-4d63-b048-01465d9f0f2c,2026-01-24,msg_00007,Ub0341314a5534ea92b26fa8adc30543f,U776c097920ff74444dee4a2d3f2b21e8,imagemap,delivered,2026-01-24 02:04:23,
06cc8fac-f358-46fc-99ae-81a8baa37929,2026-01-31,msg_00035,U7e808d11d6f9901a954a542a7ee09918,U26a342a9e305122c16d9b4693f401612,text,delivered,2026-01-31 16:51:15,
72f89783-a262-4da2-9b48-1e1de5157c38,2026-03-31,msg_00046,U4784fc8a8e1e4eb2435ad84e0ad052f2,Uc76d5336676a00e624241233f89a4802,flex,delivered,2026-03-31 17:41:01,
a607f6f9-3ae6-40bb-bc6f-3ecce883df3b,2026-04-12,msg_00120,U227d1cd1a801c367de206ec4bbca7330,Ufa472487f2c7228efd81c650e3bfbf3f,text,opened,2026-04-12 19:17:05,
ca21d1ba-d5f6-40ee-a88c-927e32b90974,2025-12-25,msg_00077,U743849e63f8101ac616f8fd0ba84a167,Uac43f8b4422e2f422290f42d7a9217a4,text,delivered,2025-12-25 18:33:51,
24b5b109-39c6-4bc4-8d7c-629dd65756c5,2026-02-16,msg_00021,U743849e63f8101ac616f8fd0ba84a167,Ue2867adbdbfa9048295d179b0bf7acbf,flex,delivered,2026-02-16 18:15:52,
fd688347-4f98-4421-90d1-2174e9e4f64a,2025-12-25,msg_00077,U743849e63f8101ac616f8fd0ba84a167,U5fd3db3f99a2123925ea7f0b78668660,text,delivered,2025-12-25 02:06:51,
14490dcb-19e5-45b3-be56-46fc88ab0226,2026-03-23,msg_00116,Ud4a92c8c8050eed40ef171cc2784d638,U206281c05d325a53992849497f8427eb,text,delivered,2026-03-23 21:47:31,
cfda29b8-2e1a-4e1b-bf9a-1cefa2e7de9b,2026-04-06,msg_00074,U3bae1603803a839c0cb52f511d9cb8f6,Ube0bbe6eb5edf47348c80dc31dd7e470,text,delivered,2026-04-06 00:26:26,
bcb5dda4-e83e-4648-a94a-5aa2ed89e050,2026-03-20,msg_00106,U3bae1603803a839c0cb52f511d9cb8f6,5b682dec1622c148d7a409225cf79890,video,failed,2026-03-20 18:13:08,
d3e67f70-03f2-4a76-94a0-756c27e89e49,2025-12-31,msg_00082,U227d1cd1a801c367de206ec4bbca7330,U698dffc63c54731b00a3bd4b64f01b5d,imagemap,delivered,2025-12-31 05:43:36,
7d988bec-9811-46cf-8294-d59d611abcb8,2026-02-24,msg_00039,U743849e63f8101ac616f8fd0ba84a167,U49c9f8b52a0f7700e393315d03ebc584,flex,delivered,2026-02-24 10:00:55,
1a6eb536-7e1c-4a57-b2bc-21e6c6b14859,2026-02-08,msg_00051,U3bae1603803a839c0cb52f511d9cb8f6,Uc92c5e8b0a063955c2edc6b1d37cd130,image,delivered,2026-02-08 20:08:25,
43271711-9898-483f-8903-82c878bb5376,2025-12-23,msg_00109,Ue7310890b01058478be93761a56d0aa0,U66851e9341965310162ef28e0b359faa,text,clicked,2025-12-23 18:55:12,https://example-saas.jp/survey
08d5cd74-c7c2-4082-8ca4-46faee953a93,2025-12-19,msg_00064,Ub0341314a5534ea92b26fa8adc30543f,U894b1cdc74a4151854ba2f08c0cd7aba,image,delivered,2025-12-19 07:09:24,
7d5facab-551f-4ee3-ba09-70353cb178c5,2026-01-20,msg_00026,Ud4a92c8c8050eed40ef171cc2784d638,U95d22dcd90f0c58a81e227fb029696a3,imagemap,failed,2026-01-20 00:16:52,
142074fb-9af2-4904-9bf5-c5cd5837a5dc,2026-03-31,msg_00046,U4784fc8a8e1e4eb2435ad84e0ad052f2,U24ad6ac949e60b554df00adf3f00868f,flex,delivered,2026-03-31 20:08:26,
aac82e69-2507-4467-ab07-d8fb24b56965,2026-02-20,msg_00048,Ue7310890b01058478be93761a56d0aa0,Uf86f1a338451d67405343b59ecc622a4,flex,delivered,2026-02-20 09:32:16,
16014579-1f38-4f41-bd77-32128c5d527a,2026-01-09,msg_00052,U743849e63f8101ac616f8fd0ba84a167,U2f21d1ed13b2109eb4f57c37bcf8afcc,video,opened,2026-01-09 01:11:53,
52a80f70-4f3c-4276-a155-119b903eb453,2025-12-21,msg_00022,U3bae1603803a839c0cb52f511d9cb8f6,U198169f4029b51aa5d822acd198725d7,video,delivered,2025-12-21 05:43:03,
4132a6d9-ce85-4052-a544-086abb030177,2026-01-07,msg_00110,Ub0341314a5534ea92b26fa8adc30543f,d8827e5fa86c2999300700668de2c800,video,opened,2026-01-07 06:08:28,
a41b601d-c795-4692-a507-80cfe9f99778,2026-04-01,msg_00072,U4784fc8a8e1e4eb2435ad84e0ad052f2,U34a6d6a3d2039cb3151ff6be65eb7ddd,image,opened,2026-04-02 01:31:47,
4724bfe9-2e06-47f7-9066-594479c29ac1,2026-01-30,msg_00050,U3e5dd3a641c58ad50e49f095c6f1e306,U2c8baebe6b961ad50d12e19be229d47e,image,opened,2026-01-30 18:07:50,
ec57a359-2c56-409d-b426-3301bfb653df,2026-01-24,msg_00066,U3bae1603803a839c0cb52f511d9cb8f6,U58da28424cf5a775d861079a5b1b7860,image,delivered,2026-01-24 09:27:21,
f697f100-7ef3-4005-bacf-ce19d50c7acb,2025-12-19,msg_00064,Ub0341314a5534ea92b26fa8adc30543f,Ua3fede36907d7d247d9096270dfd170d,image,delivered,2025-12-19 20:52:54,
22d0b5b6-9781-40a1-ab8e-cbf9d68cb5c5,2026-04-04,msg_00049,U476acbdef8e9a16d24575e4f6d7b0f31,4f788475c6448ab8f05ded3dc91be837,text,opened,2026-04-04 17:08:22,
eace6dd5-5b99-4b82-8e83-a831c6be7726,2026-01-14,msg_00081,Ue7310890b01058478be93761a56d0aa0,U9c93a137c1954e962a1adb685cd53320,video,delivered,2026-01-14 13:55:42,
2378c68d-724d-47ba-8cc0-ef760eacb24e,2026-01-13,msg_00060,U3bae1603803a839c0cb52f511d9cb8f6,U27354f080fdeca7465df5fcbb950ba19,image,delivered,2026-01-09 20:39:20,
9b87db07-7f46-452e-b1b5-d57225f5c8f2,2026-01-09,msg_00052,U743849e63f8101ac616f8fd0ba84a167,Ub0f00e64964d5e5b0162c9f8a0466aee,video,delivered,2026-01-09 06:32:40,
f5a40996-dd9e-49f4-8970-315eeca49993,2026-04-01,msg_00072,U4784fc8a8e1e4eb2435ad84e0ad052f2,Ucd94c49e263b58f74cd5439b4832be0e,image,opened,2026-04-01 21:25:27,
7adabded-be82-4d56-a1be-9f58d1753502,2026-03-03,msg_00093,U743849e63f8101ac616f8fd0ba84a167,6c53e7e613a26fb919b87329c4eba2e1,imagemap,delivered,2026-03-03 17:32:59,
a3ccf698-3570-4526-bd8e-f268aa2311ec,2026-01-14,msg_00081,Ue7310890b01058478be93761a56d0aa0,U3ecadcc3a338af6c49e3bc41c45f50e7,video,delivered,2026-01-14 22:38:03,
316b2027-b49c-4bb8-89ce-82764947b56d,2026-01-09,msg_00052,U743849e63f8101ac616f8fd0ba84a167,U9aef6586cbc0fab28a959ca3b7c03f7f,video,delivered,2026-01-09 12:54:42,
da148fcd-180b-4e28-a6cd-a6dcbe8e816f,2026-01-24,msg_00007,Ub0341314a5534ea92b26fa8adc30543f,Ued39fe70575c183d345ad704a9aa636e,imagemap,delivered,2026-01-23 06:25:05,
a41fc461-2f14-4f5f-82bc-70d00c580bc4,2026-02-14,msg_00098,U743849e63f8101ac616f8fd0ba84a167,U72465bbd5b3e2738eb417b7f62da1007,imagemap,clicked,2026-02-14 07:57:34,https://example-saas.jp/campaign/spring
7e6037ec-040c-4fbd-a0f3-1eb72c13b2a3,2026-03-20,msg_00092,U743849e63f8101ac616f8fd0ba84a167,Uc059b82c4b73ab87aa0a212f428f52ea,video,delivered,2026-03-20 05:38:15,
d6bf6320-faa1-4024-a260-7eb0292998e9,2026-01-29,msg_00031,U3bae1603803a839c0cb52f511d9cb8f6,U58674bfe279e45c10a1ec7da8d4d0f1f,video,opened,2026-01-29 19:47:58,
499623be-d240-4935-ae80-cf5b70ae6e99,2025-12-21,msg_00022,U3bae1603803a839c0cb52f511d9cb8f6,U7e257340b8e7cbc724161c20420cec1e,video,delivered,2025-12-21 04:31:55,
c3140cea-8129-4c57-ade7-5c797ebd68e0,2026-01-01,msg_00027,U4784fc8a8e1e4eb2435ad84e0ad052f2,U1fab4d2834568d0d2d54c4f8067773bb,image,opened,2026-01-01 01:06:57,
894d444d-3ad7-4f68-92cf-6688e61a41e5,2025-12-19,msg_00064,Ub0341314a5534ea92b26fa8adc30543f,U821295f77d1b6fc07a9208ab06d665c6,image,opened,2025-12-19 19:34:03,
6760eb5b-e479-4c7f-ba38-b54e68ee8b72,2026-03-25,msg_00079,U743849e63f8101ac616f8fd0ba84a167,U850ada03183e4f82d5d1796e1472cdd3,text,opened,2026-03-25 11:46:41,
34e7e60f-3bfe-4679-8544-ca2536ee8e57,2026-02-09,msg_00083,U3bae1603803a839c0cb52f511d9cb8f6,U348c5c9bad1ea169c20da4e2655d17db,flex,failed,2026-02-09 21:34:56,
c915fd9a-714c-493f-af83-5900973513a4,2025-11-16,msg_00020,U3bae1603803a839c0cb52f511d9cb8f6,U2d8b34ae9b8b255c54995ee6b545c5f3,text,opened,2025-11-16 12:45:09,
f5c57e6b-2f35-4d4e-b59d-9496054c22e2,2026-01-26,msg_00115,U3bae1603803a839c0cb52f511d9cb8f6,U3a613d73817630ccbcdf5c94c7ea7d4c,imagemap,delivered,2026-01-26 21:36:18,
f4ca61be-7346-44e1-a594-a6e8047a6361,2026-04-04,msg_00049,U476acbdef8e9a16d24575e4f6d7b0f31,U377d01c18e33cb35b08e6bc251a2992a,text,delivered,2026-04-04 20:08:35,
aa277408-f8c7-41cc-9d56-5e150b72a558,2026-04-05,msg_00054,U3bae1603803a839c0cb52f511d9cb8f6,U52085d45c5a7413ddbd847240d8a33f4,image,delivered,2026-04-05 12:04:07,
3ba1e8e5-4416-4cbe-82c0-f08b7cf3fa94,2026-01-30,msg_00050,U3e5dd3a641c58ad50e49f095c6f1e306,U09f6514f08aa1e364c9bf1ee4d430508,image,opened,2026-01-30 12:32:28,
9dba7596-7ede-441f-bd16-9e307c472854,2025-12-23,msg_00061,Ub0341314a5534ea92b26fa8adc30543f,U59a87a927704102a8fe4c82f62903fdb,imagemap,opened,2025-12-23 06:12:36,
891a69fd-1752-4753-9919-55e9d593972d,2025-12-23,msg_00109,Ue7310890b01058478be93761a56d0aa0,54ee9fc40c2622da58634937051e6b5b,text,clicked,2025-12-23 16:26:23,https://example-saas.jp/lp/newmenu
57fb4dbc-8766-4232-b59d-5277aeffae92,2026-04-08,msg_00041,Ue7310890b01058478be93761a56d0aa0,U16a0ffd947933cf4d8362111d69e8b4c,text,blocked,2026-04-09 02:20:09,
a9a348f5-5c19-44b1-9821-b20117566ac9,2025-12-07,msg_00003,U227d1cd1a801c367de206ec4bbca7330,U71f455badb16b0f2af8439dafecf9ce7,image,opened,2025-12-07 17:08:39,
9b95168d-1fdb-4d41-8686-a680df8cad28,2026-04-01,msg_00072,U4784fc8a8e1e4eb2435ad84e0ad052f2,Ufb1e0f8e1e39ae4a4f7bb8d59b3ab465,image,delivered,2026-04-01 07:40:00,
198990fd-edde-4bde-b216-6423f1811b3e,2026-02-14,msg_00098,U743849e63f8101ac616f8fd0ba84a167,Uf366eb9123dced65e5faabb898dc75fb,imagemap,delivered,2026-02-14 01:36:42,
61361b67-44c8-4dc5-9cdd-3b7b591192ff,2026-01-14,msg_00081,Ue7310890b01058478be93761a56d0aa0,U0091b6a35f8f3c72412db8f6cdf1029a,video,delivered,2026-01-14 22:11:14,
21f8b997-f92b-46d6-92ea-0b66b0bc9f71,2025-12-25,msg_00045,Ue7310890b01058478be93761a56d0aa0,Ub01295b0d3d400eb196363ea58f626ff,video,opened,2025-12-25 21:10:25,
620780d2-1573-4656-914a-2b26d1628cd7,2025-12-12,msg_00004,Ub0341314a5534ea92b26fa8adc30543f,9b1cd504253ddb581aa947aebd588ed9,video,opened,2025-12-13 00:10:31,
e782b8b7-d20b-4367-a89b-b19eb900134e,2026-02-09,msg_00083,U3bae1603803a839c0cb52f511d9cb8f6,U3f2ff458cf47fe35a4cc05e675ff0fae,flex,delivered,2026-02-09 05:06:17,
0b0f12f2-8f5f-4750-85ba-28ede3ab65f8,2026-01-26,msg_00005,Ub0341314a5534ea92b26fa8adc30543f,c049d27b0c26c957e895d702f28cab05,image,clicked,2026-01-26 02:24:37,https://example-saas.jp/campaign/spring
2f8c5d0f-6e6a-4c0e-a9d0-2e7091dc14be,2026-01-13,msg_00060,U3bae1603803a839c0cb52f511d9cb8f6,U8a8966118663cef1c5f7046e9036f80d,image,delivered,2026-01-13 05:42:15,
c7ecdb07-ec67-48a0-a214-2c34cba6846e,2025-11-17,msg_00099,U3bae1603803a839c0cb52f511d9cb8f6,Ue4632c1bfa8b71969cdfe5206b12ebf4,text,opened,2025-11-17 19:51:02,
f6690ba6-120e-4767-bb7f-520b37d43385,2025-11-27,msg_00018,U3e5dd3a641c58ad50e49f095c6f1e306,U6c8152acc2426bbcdcd6a0912f75af87,imagemap,delivered,2025-11-27 11:17:13,
d203fad5-9a4f-4213-a754-259bdf5faa71,2026-03-20,msg_00106,U3bae1603803a839c0cb52f511d9cb8f6,U7c0570e18da8aad61aee73af01dbe34e,video,delivered,2026-03-20 09:07:42,
dfc9e6b6-91c2-4655-8e45-ca00f1f92772,2026-01-07,msg_00110,Ub0341314a5534ea92b26fa8adc30543f,U1f1477ebb6808605e7a5fa6d41357c93,video,opened,2026-01-07 09:52:48,
bd58791d-94b7-4c1b-a226-15200c722fa1,2025-12-25,msg_00045,Ue7310890b01058478be93761a56d0aa0,U8bb53b35c8c54881aa71a8f370c01fbd,video,delivered,2025-12-25 14:55:18,
ccc4cf0b-6b95-4cb4-be64-b34c233bce79,2026-03-21,msg_00023,U743849e63f8101ac616f8fd0ba84a167,U32b0bca7ff88ee34f30b8a2a658583c6,imagemap,delivered,2026-03-21 22:12:17,
0ac0c4a2-ad10-4b1c-8ead-c358043cbddb,2026-04-12,msg_00120,U227d1cd1a801c367de206ec4bbca7330,U45898d7aa6b5a3e97775a2c7093e2a02,text,delivered,2026-04-12 09:05:25,
5c080abc-1377-4138-b09c-cca90939ad68,2025-11-24,msg_00033,U3bae1603803a839c0cb52f511d9cb8f6,Ue82140c05631aad39bfe703b0ab55cad,text,delivered,2025-11-24 03:13:59,
4a42a161-9442-4251-8242-6fcfacad8aef,2026-03-04,msg_00056,U1ca413826b7044d134c9c3132420c9de,Uec20d1907f931221085ef35f1d54745b,text,opened,2026-03-04 03:50:33,
d88a7d73-f173-4389-93b5-ca825bc57f54,2025-11-16,msg_00020,U3bae1603803a839c0cb52f511d9cb8f6,U686c5001224ff0694102ed21ae480e1f,text,opened,2025-11-16 19:07:09,
0eae2119-8454-442f-bd6f-4aaa08d60c87,2025-11-19,msg_00053,U743849e63f8101ac616f8fd0ba84a167,U884213ed938d66d6cf0aae602bf150ce,video,,2025-11-19 10:15:56,
7c55691b-945e-4673-8574-b236b4780698,2026-02-28,msg_00117,U743849e63f8101ac616f8fd0ba84a167,Uda573a10a8c7d5f160bfe029fd3e1f8b,video,delivered,2026-02-28 00:35:15,
6ea6d771-3280-4259-b38b-79361ff85e2b,2025-11-27,msg_00018,U3e5dd3a641c58ad50e49f095c6f1e306,U72f93a360cffdaab54115f2c9315e906,imagemap,opened,2025-11-27 12:33:21,
a4caee17-cab8-4634-8701-dc0c13dee5c5,2026-02-05,msg_00107,U3bae1603803a839c0cb52f511d9cb8f6,U451673578f0a3b391e27c0677e6c7c4e,text,opened,2026-02-05 20:34:03,
6856bbe3-0af7-411a-a8c7-ba5ae0207b99,2025-12-14,msg_00085,U743849e63f8101ac616f8fd0ba84a167,Ud14383f486bf57adda237763f016eff1,image,opened,2025-12-14 22:44:21,
dbc46b44-cebf-477a-b760-7dda273365a8,2026-03-05,msg_00014,U3bae1603803a839c0cb52f511d9cb8f6,U6caf9bb155995c83aa0ac8b514e77000,flex,delivered,2026-03-05 23:51:35,
78d3f94f-fc62-4fa9-856a-dce813ee7f60,2026-01-26,msg_00086,U4784fc8a8e1e4eb2435ad84e0ad052f2,U36695a047578994f9a274aef98602475,text,delivered,2026-01-26 10:47:12,
f0b5c45e-5fec-4f02-9061-43247c7bce41,2026-04-06,msg_00074,U3bae1603803a839c0cb52f511d9cb8f6,f2bea6df00e3885e309679034a4a4ffe,text,delivered,2026-04-06 23:13:33,
95d65a80-7be1-47bd-869f-9fad3c0e7659,2025-12-23,msg_00109,Ue7310890b01058478be93761a56d0aa0,Uec5d7cdd0eca3f923129f6f33f6d8f91,text,clicked,2025-12-23 14:26:21,https://example-saas.jp/campaign/spring
525f6c67-529e-45d0-9e22-be8748301abc,2026-03-26,msg_00040,U3bae1603803a839c0cb52f511d9cb8f6,Ua4858337e750ccdae5e0f88a69213f36,imagemap,delivered,2026-03-26 11:39:08,
7fdff602-3dcb-44e9-b5b6-9a9050a0edb8,2026-01-10,msg_00044,U30ad60bba5da9837ca5dd0230ca8f531,Ua7861d1574d928c625550310e6c97e1c,video,clicked,2026-01-10 18:12:42,https://example-saas.jp/coupon/500off
2361e2c8-2d70-42c8-88ca-0441e1123826,2026-03-14,msg_00009,U743849e63f8101ac616f8fd0ba84a167,Uc090404a5e04019f2efab62bee794eb8,imagemap,opened,2026-03-14 22:44:24,
481a53d1-98c7-4e54-a596-411fbabbd242,2025-11-22,msg_00047,Ue7310890b01058478be93761a56d0aa0,U435d044a2c7f40c99f20fc3d222925fe,video,delivered,2025-11-22 21:48:45,
43a407ec-2550-4976-a397-ecb127dc11b6,2026-02-24,msg_00039,U743849e63f8101ac616f8fd0ba84a167,U21492cd47f8878941f7077891bbc0dc8,flex,delivered,2026-02-24 02:16:39,
49f6b906-2600-4ba9-a51c-63da5505afb2,2026-03-30,msg_00076,U743849e63f8101ac616f8fd0ba84a167,a3dc5326db3f6034d098ede7b16e6843,image,delivered,2026-03-30 17:41:41,
684bd215-2290-4d2e-83bc-08b2537b423b,2026-02-14,msg_00065,U743849e63f8101ac616f8fd0ba84a167,U58001b60dd6e13dab4a6b19f8db14e47,image,delivered,2026-02-14 18:58:41,
2583f4b2-bc02-4344-8e86-9523d30814be,2025-11-23,msg_00053,U743849e63f8101ac616f8fd0ba84a167,Ue7ab22ac661c86b65ea39e2f42ea770e,video,blocked,2025-11-24 07:58:18,
8e739ba8-c084-4c3f-b716-c95682717c62,2025-11-30,msg_00025,Ub0341314a5534ea92b26fa8adc30543f,U64765c94250b644787e6eca9d18b90da,imagemap,clicked,2025-11-30 03:39:14,https://example-saas.jp/lp/newmenu
e1aca016-e6c0-4521-a192-78e644cda867,2026-03-03,msg_00093,U743849e63f8101ac616f8fd0ba84a167,ed7a0bb088bbf1aac56eaca366b15e9e,imagemap,delivered,2026-03-03 16:04:16,
ff5e9fda-0eed-4b42-95bc-d7165622132b,2026-02-28,msg_00117,U743849e63f8101ac616f8fd0ba84a167,Uadc64fad18bfc28a21538de85d0c9b52,video,delivered,2026-02-28 19:48:35,
094fdf9a-2f92-4ff0-ad06-53be422eb569,2026-03-10,msg_00111,U3bae1603803a839c0cb52f511d9cb8f6,U620aaef4bfd8e3484ffd65610422ddde,flex,,2026-03-10 14:12:23,
47a85a4c-8b11-4190-8323-6c1be6386e10,2025-12-23,msg_00109,Ue7310890b01058478be93761a56d0aa0,U0a5ef73b9bd935f01d90363a4286b2b5,text,delivered,2025-12-23 16:19:35,
01d0d98d-b505-4c2b-a4a8-5ebd7c5fb401,2026-01-24,msg_00113,Ub0341314a5534ea92b26fa8adc30543f,U62096f0375915554f8604dbaf3cc4af9,text,clicked,2026-01-24 13:04:37,https://example-saas.jp/coupon/500off
e08ebeb1-5ed0-4538-8500-10414699fbb0,2026-03-23,msg_00071,U3bae1603803a839c0cb52f511d9cb8f6,Uc801331d99bd1e6eed4b30067cde140d,imagemap,clicked,2026-03-23 10:20:11,https://example-saas.jp/survey
77446ed9-12ea-4cb8-a7ae-873a8a403cc8,2026-02-20,msg_00036,U879eb903ad90cd9c2874f6df7651267a,U4fb86c5c6a229809011b02c4b947a2b3,video,clicked,2026-02-20 06:25:15,https://example-saas.jp/coupon/500off
ae629755-50f5-4643-bc6a-9c59c8fd4adf,2025-11-19,msg_00019,U743849e63f8101ac616f8fd0ba84a167,U755fe7bb21059fcfcb09023ec690a08f,flex,delivered,2025-11-19 13:43:25,
5458187d-201a-4e78-902f-89e2ba64f7cc,2025-12-23,msg_00109,Ue7310890b01058478be93761a56d0aa0,U703a83a680c429a899a8199e9da263f9,text,delivered,2025-12-23 06:01:21,
c8bf675a-673d-4d15-95ce-928d4f98db60,2026-02-16,msg_00021,U743849e63f8101ac616f8fd0ba84a167,U9bb4e2aee6fc6d7fafb19dd1af78edb7,flex,delivered,2026-02-16 18:43:48,
fe203637-03df-4882-8639-d11188566318,2026-03-11,msg_00067,U7e808d11d6f9901a954a542a7ee09918,U0b52a40d7f86819a02f5072fd103fe27,video,opened,2026-03-11 01:28:36,
64f705b3-da21-42bb-9173-4f35ac59c92c,2026-02-20,msg_00048,Ue7310890b01058478be93761a56d0aa0,Uf98b103777ef383108d9a8947f40b78b,flex,delivered,2026-02-20 21:06:31,
1ba43c44-3bad-4c8d-8548-980f09d4cb66,2025-12-15,msg_00030,U3bae1603803a839c0cb52f511d9cb8f6,U41fb406b51b1eeaf502cc10a55343b9f,video,delivered,2025-12-15 02:05:27,
8271ef0b-cd73-4765-beb5-ede7794b5610,2026-01-10,msg_00044,U30ad60bba5da9837ca5dd0230ca8f531,Ubeb480b59ebd8a6730c3c353e7e947aa,video,delivered,2026-01-10 12:28:10,
8dded0c0-2496-4f2d-ba61-d0f375f7851a,2026-01-18,msg_00102,U227d1cd1a801c367de206ec4bbca7330,U199ea8859fe00b3ab2a45f9da6a4bc87,video,delivered,2026-01-18 20:14:14,
380bb6d8-d1f2-4c1d-8f1a-c4461c0e7d23,2026-03-04,msg_00056,U1ca413826b7044d134c9c3132420c9de,U1744404dee203d0b9e3daa8433596ff5,text,opened,2026-03-04 04:46:23,
94a0ff9e-0d81-47eb-a651-7d78d6acab6d,2026-03-23,msg_00073,Ud4a92c8c8050eed40ef171cc2784d638,U8fb142b3ef19d19b121e1a65ce489edf,imagemap,delivered,2026-03-23 10:52:12,
5d97e805-ea5b-45b4-ba76-a81a42c5dc8e,2026-03-21,msg_00023,U743849e63f8101ac616f8fd0ba84a167,Ua719bf5269be9bd8872f73a5df974dac,imagemap,delivered,2026-03-21 17:00:52,
e29a656c-4efd-41c3-aaa2-07ad66ec914b,2026-02-08,msg_00051,U3bae1603803a839c0cb52f511d9cb8f6,U591d2a0a5981b6a4d1f7dccdea8a62fe,image,delivered,2026-02-08 06:56:12,
2698417f-ab56-478f-aead-bc43c91f7b2f,2026-04-01,msg_00072,U4784fc8a8e1e4eb2435ad84e0ad052f2,U605589b3f9eed5f8b508881e2cec6adf,image,delivered,2026-04-01 06:06:17,
bb465f02-9194-4d62-8392-b37048831a7c,2026-02-24,msg_00111,Ub0341314a5534ea92b26fa8adc30543f,U71078cc102f62dfd6ffe57102aa6c4ea,flex,delivered,2026-02-24 03:19:55,
071f540f-a2ee-4c0d-b5a9-648258738826,2026-03-04,msg_00056,U1ca413826b7044d134c9c3132420c9de,U697b6fe9a77e3e8abc28dacb0b82c225,text,opened,2026-03-04 15:44:17,
a1c54666-99a8-4bd0-b55b-52f6159d1484,2026-01-26,msg_00063,Ub0341314a5534ea92b26fa8adc30543f,Uee2b0e7dd9703e67e9f2d6f4e51d8cda,imagemap,delivered,2026-01-26 17:47:40,
a9a0920e-8d42-4aff-89d7-8f81cc0be0db,2026-01-18,msg_00102,U227d1cd1a801c367de206ec4bbca7330,U813682a20f2ac99c82bcb2506a8d94cf,video,delivered,2026-01-18 00:30:31,
01a95bc2-fa71-4306-a824-ec39de07dc0d,2025-11-25,msg_00043,U3e5dd3a641c58ad50e49f095c6f1e306,U36f92ba0182752aca8cbd18c2cb22e0d,flex,clicked,2025-11-25 22:38:37,https://example-saas.jp/survey
47f4e457-e27b-41a0-ad0a-9e9d5f381ed2,2026-03-29,msg_00097,Ub0341314a5534ea92b26fa8adc30543f,U2955c1e5008e903afb406b87dc1589a6,text,delivered,2026-03-29 14:17:52,
5f2eeb2c-ade3-4a10-a542-620a1851851b,2026-02-07,msg_00090,U4784fc8a8e1e4eb2435ad84e0ad052f2,Ud2d344cd5bd8d6758b7a82fb1e6c8179,imagemap,opened,2026-02-07 19:01:18,
2a6009ef-4226-4d58-bb2c-9f4fa6c46f1b,2026-04-08,msg_00078,Ud4a92c8c8050eed40ef171cc2784d638,Uaacaee2f60a7fee9e17bef4185b18959,image,clicked,2026-04-08 11:26:00,https://example-saas.jp/campaign/spring
790c2f7b-d66f-41bf-95d9-58ac7b174386,2026-01-26,msg_00005,Ub0341314a5534ea92b26fa8adc30543f,Uf6f2bb027f8228a264a06aa5032813a4,image,delivered,2026-01-26 02:52:11,
f46a02cb-3387-44ea-b815-7697c5373f37,2026-04-12,msg_00120,U227d1cd1a801c367de206ec4bbca7330,U1099a10bdc4ad4bc6710618e9a1868db,text,opened,2026-04-12 16:17:29,
4881bb32-1ab8-424e-bb06-686b9fafc448,2026-03-08,msg_00112,U3bae1603803a839c0cb52f511d9cb8f6,U5752705a83efacfb73f8556f6bebad76,image,delivered,2026-03-08 11:24:48,
5c53f680-9e56-4afc-a43b-11b3748dc50c,2026-03-04,msg_00056,U1ca413826b7044d134c9c3132420c9de,U40c63642625ab22974a8d830cb8b2d8f,text,delivered,2026-03-04 16:25:59,
cb90d166-9cd5-4758-828f-6249f5ab4a30,2025-11-16,msg_00020,U3bae1603803a839c0cb52f511d9cb8f6,U0b944de5bf116691a21f7df1dca6faf4,text,clicked,2025-11-16 04:01:38,https://example-saas.jp/campaign/spring
9d192536-d3e8-41b1-bd37-2babf4f067ca,2026-01-17,msg_00037,U7e808d11d6f9901a954a542a7ee09918,U434917b57ba98bc5c83338c9e8168e56,text,delivered,2026-01-17 19:45:21,
260a64cc-5e68-49d5-bb4b-4fb935c9d62f,2026-01-18,msg_00102,U227d1cd1a801c367de206ec4bbca7330,U9d17064edaa11a8bcc94c6bf56eca09d,video,opened,2026-01-18 16:16:59,
063505f3-b0f8-490a-8566-a0a18cc152e1,2026-01-09,msg_00052,U743849e63f8101ac616f8fd0ba84a167,U1f11173bb42295728da2751ed216d40f,video,opened,2026-01-09 09:52:03,
3c6dfa33-903a-401c-875e-4eca0e1db970,2026-03-05,msg_00014,U3bae1603803a839c0cb52f511d9cb8f6,U228d7f7d3351e666caadd62cca685739,flex,delivered,2026-03-05 19:44:23,
64c6a3fe-f49a-4a09-a5ae-578609684da3,2025-12-25,msg_00077,U743849e63f8101ac616f8fd0ba84a167,U3243ac2819f016683a1c63988a292992,text,delivered,2025-12-25 09:22:35,
176eecde-21a9-4e0f-bf65-f8cfc4dee39f,2026-01-26,msg_00103,U3bae1603803a839c0cb52f511d9cb8f6,U899fe2304e73c1f016ca6d0b43398ffc,flex,blocked,2026-01-27 14:48:54,
36cb9676-5d86-49a4-889c-a9139e22585e,2025-12-09,msg_00059,U3bae1603803a839c0cb52f511d9cb8f6,Uba673e8dd5e5bc48fe01a1ef35a94784,imagemap,delivered,2025-12-09 01:58:07,
dd1990d6-7bee-4b16-b304-656e446323b5,2025-12-19,msg_00064,Ub0341314a5534ea92b26fa8adc30543f,U1f7341a20e30d008c495f138e56cadd0,image,delivered,2025-12-19 08:08:52,
bae5e666-2aa2-4f0d-8ec3-dfaaa5d22db8,2026-04-10,msg_00101,U743849e63f8101ac616f8fd0ba84a167,U10813376bf0a3d30452ba1bd7206820b,imagemap,delivered,2026-04-10 10:39:45,
090884ef-60ca-4035-ab1f-48d4f90cda9b,2025-11-23,msg_00024,Ue8d9224ecde331ce692edfce0b5ecdc4,U7c894d59b9815242eb95d656c9c65b72,text,delivered,2025-11-23 17:17:32,
a28c6cbc-a5ac-40d9-a1fa-444a880ac99c,2026-01-07,msg_00110,Ub0341314a5534ea92b26fa8adc30543f,U79e5b0b339fcfe095848d38d41bbf2ba,video,delivered,2026-01-07 08:37:53,
6c0f1e9d-74dd-46b3-b71e-4588cbc6cb9e,2025-11-16,msg_00020,U3bae1603803a839c0cb52f511d9cb8f6,Ua6361ac6c30491ebfd0d0d4d028f7e48,text,delivered,2025-11-16 18:47:20,
709e6583-bd35-4a63-b23e-5b3f531bdfb0,2026-02-19,msg_00016,U837b70463a585f85743b5bfb3b49c9fd,U0d0caa28dfcfc6329d24bc6f217e2927,flex,delivered,2026-02-19 03:30:19,
1251767c-cd32-401c-b12d-560c04d0f66e,2026-01-24,msg_00066,U3bae1603803a839c0cb52f511d9cb8f6,Ude3ffd43289ab8795b387331babd2d09,image,opened,2026-01-24 10:14:27,
b9fb218e-4ab2-4339-93be-f47d6f512754,2025-12-19,msg_00064,Ub0341314a5534ea92b26fa8adc30543f,U166f0b248674d5052c8294edfbcc5c0e,image,clicked,2025-12-19 10:48:48,https://example-saas.jp/coupon/500off
bc84b27e-0d30-4a81-8a24-c68c58858f59,2026-01-26,msg_00063,Ub0341314a5534ea92b26fa8adc30543f,Ub8d275a67542da9a2524ea087b8f2266,imagemap,delivered,2026-01-26 03:11:31,
3b9c2918-ce55-4c13-b889-6939da910c77,2025-12-18,msg_00114,Ub0341314a5534ea92b26fa8adc30543f,U5eab8f1779018eb08be511ee51112ee1,flex,delivered,2025-12-18 03:18:22,
943f3bc7-c88f-4d65-b468-8f797e438d98,2025-12-23,msg_00061,Ub0341314a5534ea92b26fa8adc30543f,Ufc96a8a5f0a52daaf30c5711fd9cbfbb,imagemap,opened,2025-12-23 11:01:13,
fc192f2a-d5a1-41f6-a9d8-653c67850203,2025-11-16,msg_00020,U3bae1603803a839c0cb52f511d9cb8f6,U39a0cffa3dd730f2297b16c3781afca5,text,delivered,2025-11-16 14:31:15,
849a7417-5165-492e-8df4-db4087ec9af2,2025-11-16,msg_00020,U3bae1603803a839c0cb52f511d9cb8f6,Uc3842e5ca20e5b16b9d4547c41fc2cc9,text,delivered,2025-11-16 08:13:36,
fccdfb7d-9904-4df2-a0f7-18a697e943c8,2026-03-30,msg_00076,U743849e63f8101ac616f8fd0ba84a167,U87ec7278e35225b3bcc05d770a4d5dde,image,delivered,2026-03-30 04:56:37,
0a9b6383-a73e-43e3-8e2c-d3938107693e,2026-04-12,msg_00120,U227d1cd1a801c367de206ec4bbca7330,U7d8306092ed51b4c82d59e7d1b593b54,text,delivered,2026-04-12 08:08:11,
84f6c97c-acea-4ebf-aa6e-7c725c3e049b,2026-02-25,msg_00008,Ub0341314a5534ea92b26fa8adc30543f,U11f1e3bb5013a10e6abd39e56a85c2f2,image,delivered,2026-02-25 13:04:42,
5ccec687-9648-451c-b680-f28d3d84fc28,2025-11-21,msg_00010,Ue7310890b01058478be93761a56d0aa0,Ucfb67b984bf99912c6fbf7c261205356,imagemap,delivered,2025-11-21 17:31:47,
b726a26c-4664-4216-9b16-40caff04e1a9,2025-11-30,msg_00025,Ub0341314a5534ea92b26fa8adc30543f,U2ab64b9f1c14afe29314e39cb67b75cf,imagemap,delivered,2025-11-30 02:06:04,
fb5c245e-6a3f-466a-9563-286c6e6e60bf,2026-02-19,msg_00016,U837b70463a585f85743b5bfb3b49c9fd,U7d0958911a16a2e2ba2d24cd97af6dbd,flex,clicked,2026-02-19 22:47:19,https://example-saas.jp/campaign/spring
d6e3412a-f96a-4f6c-9603-c939ee1644ac,2025-12-23,msg_00061,Ub0341314a5534ea92b26fa8adc30543f,589ea76392ae1155d3ea04e7bef91f5d,imagemap,opened,2025-12-23 02:40:45,
ffa9a7fb-1fe3-461c-8b95-5ba3ed0284ff,2025-12-07,msg_00003,U227d1cd1a801c367de206ec4bbca7330,U87b7ded6ded03c582477dd75c9d4637f,image,delivered,2025-12-07 02:02:12,
1cb10afe-944c-4c87-87c4-ef9bfa56c1d0,2025-12-25,msg_00045,Ue7310890b01058478be93761a56d0aa0,U3e4f41d4461478a6cde09c2bd83652a2,video,delivered,2025-12-23 07:53:19,
aa376ac4-1d0e-42fc-8a59-9a466771eea9,2026-03-26,msg_00040,U3bae1603803a839c0cb52f511d9cb8f6,Uc9221ec28373959de55cd1dd5d8d78c4,imagemap,opened,2026-03-26 18:48:41,
74ec5412-f98d-4930-8914-cb7b672633ec,2025-12-25,msg_00045,Ue7310890b01058478be93761a56d0aa0,Ue2f8891de0fb662bf965a5eebece2659,video,delivered,2025-12-25 17:12:31,
208308e6-44f3-43fd-8ad5-864890163185,2026-03-31,msg_00046,U4784fc8a8e1e4eb2435ad84e0ad052f2,Ueb34841dca295fe22db1deb32add70aa,flex,opened,2026-03-31 10:48:13,
ce507334-3462-4c8f-b537-f655a5c6bc22,2025-12-23,msg_00061,Ub0341314a5534ea92b26fa8adc30543f,U91d7eb4645844f5db0b89c186e58717d,imagemap,delivered,2025-12-23 13:51:25,
6d534944-35c9-496b-907d-1cdbdc63a6e6,2026-04-10,msg_00101,U743849e63f8101ac616f8fd0ba84a167,Ub77ff975b17cd05db82fe0ddfbf26a47,imagemap,delivered,2026-04-10 22:52:37,
42802514-1b70-453a-88f9-08e5293aac7a,2026-04-01,msg_00072,U4784fc8a8e1e4eb2435ad84e0ad052f2,Udc138dc3a57a494594b9b9b25660801c,image,opened,2026-04-01 12:05:51,
b4e2cc31-9c97-43a3-833c-91e2a11c7d57,2026-02-14,msg_00065,U743849e63f8101ac616f8fd0ba84a167,Ud94a457b6f2ec1f5d34cfb3fad7b59d1,image,delivered,2026-02-14 09:39:38,
025c8535-2ce4-4388-9d45-0d65172f1563,2026-01-09,msg_00052,U743849e63f8101ac616f8fd0ba84a167,U4b10b8283bbbb3742d84e4b49dcea726,video,delivered,2026-01-09 13:05:07,
b864946a-614b-4e6d-9a8c-76ab6b7e06a1,2025-12-23,msg_00061,Ub0341314a5534ea92b26fa8adc30543f,U0e8ce3f19abc64f6e46b22e4e62e7aa6,imagemap,clicked,2025-12-23 07:45:20,https://example-saas.jp/survey
815a6c5a-1077-4771-b6f4-eba0298c93fe,2026-01-24,msg_00007,Ub0341314a5534ea92b26fa8adc30543f,d7c21622d681f165359669449ec5f148,imagemap,delivered,2026-01-24 22:19:53,
48d246c6-7829-4b05-8dd2-fe0eac61f56a,2026-04-12,msg_00120,U227d1cd1a801c367de206ec4bbca7330,Ue6a5a2529bfc0fb8fd6e5fd302ebb3ec,text,delivered,2026-04-12 11:48:05,
06818f1f-2c3e-4834-844c-c788918ba907,2025-12-21,msg_00022,U3bae1603803a839c0cb52f511d9cb8f6,U9ea0e4d4678d6d088f06f8b7e7ef5373,video,delivered,2025-12-21 06:12:46,
9da772e7-a5f1-445f-8060-d2c0dc0cab9d,2026-03-06,msg_00068,Ub0341314a5534ea92b26fa8adc30543f,U23f9c2c40c089210c1de6d003bf81959,video,opened,2026-03-06 12:08:16,
3c84460a-5128-4ad0-92a2-185cc2654aa5,2025-12-21,msg_00022,U3bae1603803a839c0cb52f511d9cb8f6,U8f6a3ac135cbc1aab8fe3e9f360464f4,video,clicked,2025-12-21 07:29:00,https://example-saas.jp/survey
dafd0dc2-80b3-4b25-abbb-7797b11541be,2026-02-10,msg_00058,Ue9a1e8a5b83a6b296d43c957a8cfba4a,Ua957109deae23e53a7534490f519bbe5,video,delivered,2026-02-10 10:21:31,
cfaf029d-1ba0-47e6-9b68-c725f5411081,2025-12-03,msg_00012,U743849e63f8101ac616f8fd0ba84a167,Ub6352d076cd5cb61d4112137dac2cc92,imagemap,opened,2025-12-03 05:53:11,
370e3be0-d6d4-4565-8d8d-610e5003cf18,2026-01-31,msg_00035,U7e808d11d6f9901a954a542a7ee09918,U6a98ca4be3fe3e4546c48c718b2802a0,text,delivered,2026-01-31 10:30:02,
060a2355-149a-4379-9316-e6384fef064f,2025-12-17,msg_00032,U3bae1603803a839c0cb52f511d9cb8f6,U991d31e6c67e3d08c760509fc6190c20,video,delivered,2025-12-17 19:39:00,
0a2f9a15-fdeb-4acf-9aa6-b793d5d68b20,2026-01-10,msg_00044,U30ad60bba5da9837ca5dd0230ca8f531,U89aa3a5cd4c5a1641e3370e7318c93cc,video,delivered,2026-01-10 04:25:58,
543776a3-5db6-4094-8992-6b78f5d2ad94,2026-02-15,msg_00006,U743849e63f8101ac616f8fd0ba84a167,U6859bad6113c396df3ada69dfbf1e92f,flex,delivered,2026-02-15 11:05:48,
42740951-9d20-4948-bcdc-83b1462a8812,2026-01-30,msg_00050,U3e5dd3a641c58ad50e49f095c6f1e306,62e0d0fb34fb1bead6bc2e502a8c204d,image,opened,2026-01-30 02:12:45,
23dea44b-83c4-479a-aafb-3550c6b49762,2026-02-09,msg_00083,U3bae1603803a839c0cb52f511d9cb8f6,U399ab7ef399616c727508710738795fa,flex,delivered,2026-02-09 05:47:14,
1ec59870-4e1e-43c6-bbb2-5a3726809ca6,2026-03-04,msg_00056,U1ca413826b7044d134c9c3132420c9de,U7ec378ac88c692a1331592ece5f3f095,text,opened,2026-03-04 17:29:12,
fc10743a-d156-4e54-a351-c8c3b82147ee,2025-12-18,msg_00070,Ue9a1e8a5b83a6b296d43c957a8cfba4a,Ue8bf8ec33a676add5bdaf38395d545f0,imagemap,delivered,2025-12-18 11:35:25,
35f38328-da92-4e1b-bc10-84f8f6a113b4,2026-01-24,msg_00066,U3bae1603803a839c0cb52f511d9cb8f6,U69b17406ad4656862f1d848e3ffdf432,image,delivered,2026-01-24 15:28:16,
42d23862-3e0c-48b9-a3ed-37a09aec933d,2026-03-22,msg_00119,U3bae1603803a839c0cb52f511d9cb8f6,Uf33b0c41c00fec43ec1a65e1987044f4,imagemap,opened,2026-03-22 23:18:51,
5ee72497-20ef-4d0e-9cb8-1ce111eb9648,2026-03-05,msg_00014,U3bae1603803a839c0cb52f511d9cb8f6,U6c2ec4ba070d94a9dabd53b15a5d53be,flex,delivered,2026-03-05 01:44:53,
b971b84d-c637-4d02-bed7-929423aa8224,2025-11-16,msg_00011,U837b70463a585f85743b5bfb3b49c9fd,U85f7936c1b179238ea56a9049695f931,flex,delivered,2025-11-16 08:38:32,
d317f2e8-3646-48b5-9c0c-e7b5d4bd909a,2026-01-24,msg_00113,Ub0341314a5534ea92b26fa8adc30543f,U62f23b7a5099f8ab01371a5707a71809,text,clicked,2026-01-24 09:59:35,https://example-saas.jp/campaign/spring
d582121e-bdfa-4252-9632-2ce5dcb7b97f,2025-11-21,msg_00010,Ue7310890b01058478be93761a56d0aa0,U335b157fc222dc39c9c8951676c562b4,imagemap,opened,2025-11-21 05:30:52,
8a1cbb0f-2bbe-4106-b01d-ab31fc9d8020,2025-12-21,msg_00022,U3bae1603803a839c0cb52f511d9cb8f6,294ca733f9a854ceef2876b8e21ac15c,video,delivered,2025-12-21 09:07:07,
71323a40-662b-4107-a42c-ed94cd5cf6c4,2025-12-08,msg_00015,Ub0341314a5534ea92b26fa8adc30543f,U25cf08915ca4cbae8f7afb46223f9c0e,text,delivered,2025-12-08 15:32:47,
51071c58-ac1a-4068-86e4-f73ea1c50ac3,2025-12-21,msg_00022,U3bae1603803a839c0cb52f511d9cb8f6,U4f5d499b3ba60836e4b018674e446b9c,video,delivered,2025-12-21 19:14:41,
9461b838-d92b-4096-9b2d-b738954e8586,2025-12-18,msg_00114,Ub0341314a5534ea92b26fa8adc30543f,U4ecf4d520c0fbdfad625768b45d31558,flex,delivered,2025-12-18 17:37:58,
35143850-4f55-4211-a9a5-3f03c6b7abe2,2026-03-06,msg_00055,U3bae1603803a839c0cb52f511d9cb8f6,Uf1f9670d0e5b322f9d170bcd43ec530a,flex,delivered,2026-03-06 03:54:54,
3a44c106-a4f4-4c92-80b9-2f4d831414aa,2026-04-01,msg_00072,U4784fc8a8e1e4eb2435ad84e0ad052f2,Ue1d32ee4e2cfcd4b8152466c51b32914,image,delivered,2026-04-01 08:13:23,
ecb76a2a-ea1e-4694-9c84-7608d8c7969b,2026-02-20,msg_00048,Ue7310890b01058478be93761a56d0aa0,U88d217d47be92bd5dd4259256f983158,flex,opened,2026-02-20 08:47:56,
023ae68b-7e7b-4f44-b558-e2d5f02118a3,2026-02-20,msg_00048,Ue7310890b01058478be93761a56d0aa0,3cb76175d8700e8fb4cbe1057687ee93,flex,delivered,2026-02-20 18:22:14,
2d34ff3d-6615-46d4-a8a4-0c2cbb5a4db6,2025-12-03,msg_00012,U743849e63f8101ac616f8fd0ba84a167,Ud343976d5131b0e706bc197469aae42e,imagemap,opened,2025-12-03 17:55:49,
cd9d3c95-c9da-474f-b977-c5e313e03bac,2025-11-22,msg_00047,Ue7310890b01058478be93761a56d0aa0,978576b2cad2b0e9a035ce32914cf6c4,video,delivered,2025-11-21 00:36:13,
01fe03e6-e2a9-44b9-9870-a2c4afb74014,2025-12-18,msg_00114,Ub0341314a5534ea92b26fa8adc30543f,U8b58818e287799e6039a02d1df47e5d0,flex,delivered,2025-12-18 09:04:26,
3c62b1be-aae2-4f88-8176-e018d5685d7b,2025-12-19,msg_00118,U4784fc8a8e1e4eb2435ad84e0ad052f2,Udaca9bfd464d1f97f40dec7caff845cc,image,clicked,2025-12-19 15:10:09,
472be9f7-7e77-4777-bc5d-25cccb9c15f2,2025-12-24,msg_00091,U3bae1603803a839c0cb52f511d9cb8f6,U7cd0d8d1a57ac7fd7c9b62b78c4ea816,imagemap,clicked,2025-12-24 16:58:50,https://example-saas.jp/survey
a1043e79-533f-4a35-8f83-628b5d218b60,2026-03-21,msg_00023,U743849e63f8101ac616f8fd0ba84a167,U192564a345bf3d1a4726b3c7a19ed9e4,imagemap,delivered,2026-03-21 03:19:39,
63f60db8-26f9-464b-8b14-7bbdd253c0c2,2026-03-11,msg_00067,U7e808d11d6f9901a954a542a7ee09918,Ub9d9eda46327661d88685614026d8c7c,video,delivered,2026-03-11 07:40:28,
5d3782db-19da-4361-b6a9-b83f4770b89b,2026-04-01,msg_00072,U4784fc8a8e1e4eb2435ad84e0ad052f2,U5e5c48aca65cc8b3690c32229f4423b5,image,delivered,2026-04-01 16:37:09,
860869bd-561e-4ce3-8cfd-8c1fbaf498fd,2026-02-20,msg_00048,Ue7310890b01058478be93761a56d0aa0,U8c1dee94cf6d1161de0e2a42d7368dfa,flex,delivered,2026-02-20 11:27:09,
c3c65701-16f8-4875-a7d1-5a0bd7d354fa,2026-04-10,msg_00101,U743849e63f8101ac616f8fd0ba84a167,Udbbec21ab564830347fe5757e3251bd2,imagemap,clicked,2026-04-10 12:37:44,https://example-saas.jp/survey
5a4793f9-d181-4097-89b6-6a305181e250,2026-02-09,msg_00083,U3bae1603803a839c0cb52f511d9cb8f6,Ufc65414f710d2ef94ffa40c36a95601b,flex,delivered,2026-02-09 09:43:22,
f7f68d42-c5d5-4a93-a783-0ea11ffab9b6,2025-12-25,msg_00045,Ue7310890b01058478be93761a56d0aa0,U752f6df6ef9c6e6284ffbeeefbf9cd76,video,delivered,2025-12-25 18:34:53,
e01160b0-d850-4eb0-8f5e-91f9b0dc2339,2026-03-08,msg_00112,U3bae1603803a839c0cb52f511d9cb8f6,U18429e1df067dc7fb5e213e425b1429f,image,opened,2026-03-08 04:41:17,
30a00462-e64c-45fd-b469-3b38ce9c2c98,2026-03-26,msg_00040,U3bae1603803a839c0cb52f511d9cb8f6,U89cf0078febfdb892ff526f3d670076b,imagemap,delivered,2026-03-26 17:35:16,
436c7341-3022-4896-838e-2ea8b6a813aa,2026-02-24,msg_00039,U743849e63f8101ac616f8fd0ba84a167,Uaa9a2d25e691779ac917b31fba141cd8,flex,delivered,2026-02-24 11:37:58,
239db777-2bd0-49d4-95c1-ef99d99d776f,2026-04-01,msg_00072,U4784fc8a8e1e4eb2435ad84e0ad052f2,U98f4339980b39fb201824b79f40a2a8c,image,delivered,2026-04-01 19:34:08,
27cde2c1-d5dd-4782-b0f2-323496898cea,2026-01-07,msg_00110,Ub0341314a5534ea92b26fa8adc30543f,Ud6e198462d21ea9a5f3f0f76d121a928,video,failed,2026-01-07 11:40:21,
6468acbb-e943-4419-9993-3aee5a0c0079,2026-01-20,msg_00108,Ub0341314a5534ea92b26fa8adc30543f,U7f150238f326bc98fdf65ab295d6d136,flex,opened,2026-01-20 02:00:28,
28e24ff6-60e4-4fa0-bdef-e683600924e1,2025-12-12,msg_00004,Ub0341314a5534ea92b26fa8adc30543f,Ued6698850611ffdfa5efd8896d9c8917,video,delivered,2025-12-12 13:26:42,
95a79cd4-bf01-4de2-b2fb-f282dfd24f2f,2026-02-15,msg_00087,U3bae1603803a839c0cb52f511d9cb8f6,64b5ab8c005b9a7dc6729f13f3b3c7f5,imagemap,delivered,2026-02-15 04:53:18,
bc64bdfa-fd98-4926-99af-af66be7e01eb,2025-12-19,msg_00064,Ub0341314a5534ea92b26fa8adc30543f,Uf545c6cf54caeb17e230aa51d9cda0ba,image,delivered,2025-12-19 20:32:24,
37b927d5-00d1-4dbf-badf-e4341d68fef9,2025-11-16,msg_00020,U3bae1603803a839c0cb52f511d9cb8f6,U975398d4853f65619d146573acea6421,text,opened,2025-11-16 12:47:31,
888c95fd-8df1-4033-85a6-1be9fcc0a155,2026-04-04,msg_00049,U476acbdef8e9a16d24575e4f6d7b0f31,U61a9923a5e9280e67228f43ad5025f3d,text,delivered,2026-04-04 22:39:20,
05b62305-b98b-43b6-88e4-5eca328c1b51,2026-01-13,msg_00060,U3bae1603803a839c0cb52f511d9cb8f6,U22611b16777c2e733212d75b2911351f,image,delivered,2026-01-13 11:28:00,
e7c8d378-76fb-4cbd-a747-d6ecef9b4906,2025-12-09,msg_00094,U227d1cd1a801c367de206ec4bbca7330,U7438661f8d1db4211dddecd374ba0a24,flex,delivered,2025-12-09 12:53:26,
015efad2-e429-4f36-8140-9e0a6f211535,2026-02-15,msg_00089,U3bae1603803a839c0cb52f511d9cb8f6,Uf888873332d96bc70455cef60a82195b,text,delivered,2026-02-15 22:13:30,
428852ab-bbb8-4a4f-ad53-a928369bd10a,2026-02-20,msg_00017,U22a93bc29b1df104af6b1ba1cd91fc56,U2b046ac961e998199f803c4f31d9a339,video,delivered,2026-02-20 12:44:14,
69543295-e86a-404e-8b17-490def55dd24,2025-12-21,msg_00022,U3bae1603803a839c0cb52f511d9cb8f6,Ued79c9f0b35e13abcf5e7e97c25c320d,video,delivered,2025-12-21 16:05:00,
caa0d16a-711b-42b2-bb60-c847afe37fa4,2026-02-14,msg_00065,U743849e63f8101ac616f8fd0ba84a167,Uc926a45696f138ff33842511847f6b1e,image,delivered,2026-02-14 05:30:36,
03d97e92-73ab-4668-acfe-7d1ba4844054,2026-01-13,msg_00060,U3bae1603803a839c0cb52f511d9cb8f6,Uc917243c3f663b0b857ac6ad1b830e59,image,opened,2026-01-13 00:34:37,
bf25cade-dfcd-4ae2-b425-daf5765cfe1b,2025-12-19,msg_00118,U4784fc8a8e1e4eb2435ad84e0ad052f2,U16937ef396b1c6ad9ce6492cb44181a2,image,clicked,2025-12-19 04:25:04,https://example-saas.jp/lp/newmenu
993bdc57-af96-4902-9a92-c8db07a61d87,2026-01-26,msg_00005,Ub0341314a5534ea92b26fa8adc30543f,Ufb3ef659b820984b8032f607cac5724b,image,opened,2026-01-26 02:32:55,
6dc29807-1d6f-4c2f-8402-d04f7b7c01fd,2026-03-06,msg_00055,U3bae1603803a839c0cb52f511d9cb8f6,Uacb4fc5460b667f4bd530952d847220d,flex,delivered,2026-03-06 22:19:12,
21531a1f-97fb-4c33-9164-b69331e817b9,2025-12-08,msg_00015,Ub0341314a5534ea92b26fa8adc30543f,U2fe71f6e3c37eb9769828e66123c4509,text,opened,2025-12-08 16:21:53,
e8b9ec60-414e-4ba2-8266-35a2fa9d4e21,2025-12-19,msg_00064,Ub0341314a5534ea92b26fa8adc30543f,U02ad2f9160d09713db5af4b4251d45ec,image,opened,2025-12-19 21:26:02,
97d53d95-32ab-4116-9387-d6846863af40,2026-03-23,msg_00071,U3bae1603803a839c0cb52f511d9cb8f6,U6bb707b18ce487bb2f280868f2a12564,imagemap,clicked,2026-03-23 09:07:39,https://example-saas.jp/coupon/500off
d918e3ae-64a9-46a6-9acb-b10bb8901667,2025-12-07,msg_00003,U227d1cd1a801c367de206ec4bbca7330,U40bbee72cadec02dd011a2ce71ba4fcd,image,opened,2025-12-07 03:07:29,
01f20602-4361-4922-b391-2dce94667c17,2026-03-16,msg_00002,U3bae1603803a839c0cb52f511d9cb8f6,U0acef72ebed31063ef9c5d23a98f8342,text,delivered,2026-03-16 07:06:51,
4bad0e68-eb8e-42ec-b09f-c0f6f046f64f,2025-11-30,msg_00025,Ub0341314a5534ea92b26fa8adc30543f,U1878fd814249f825487b0d77bcc7fdd4,imagemap,delivered,2025-11-30 10:30:49,
70972dfc-2c2b-4c44-99dd-4a5f2a7e58fd,2025-12-19,msg_00064,Ub0341314a5534ea92b26fa8adc30543f,Ud24170afb2520f5485e482e16f61a6f9,image,opened,2025-12-19 13:34:04,
4cf27682-eb0c-4a93-bb01-1b0e0b92fae9,2026-03-05,msg_00014,U3bae1603803a839c0cb52f511d9cb8f6,Ue0628cbdf4aacd1623362959c747db11,flex,delivered,2026-03-05 20:20:07,
73770a51-3c86-4650-8f5c-5f16cf132455,2026-02-15,msg_00087,U3bae1603803a839c0cb52f511d9cb8f6,U491921a2f5171c39a20220c307c76864,imagemap,delivered,2026-02-15 21:02:26,
e8d79a03-bad0-4e4f-b49c-115810883bb3,2026-03-03,msg_00093,U743849e63f8101ac616f8fd0ba84a167,Uf081ecce3fac63e90f05349d4cd0af31,imagemap,failed,2026-03-03 23:02:21,
aa7054ad-ae90-4789-adc3-fc3b96f20285,2026-04-12,msg_00120,U227d1cd1a801c367de206ec4bbca7330,U70522d6567e31f93cadd5512a75d0405,text,clicked,2026-04-12 23:25:46,
bd35b144-cf14-4057-8759-f6a047a08fb5,2025-11-23,msg_00053,U743849e63f8101ac616f8fd0ba84a167,U1d632df823fb9e155d14d370ca232e4d,video,opened,2025-11-23 19:55:23,
08a2eedb-050f-47d1-b60c-2e22a8de4d12,2025-12-23,msg_00061,Ub0341314a5534ea92b26fa8adc30543f,U13e26ca6be0cac7f4c09f9dee8142f41,imagemap,delivered,2025-12-22 13:32:42,
8e3fd2b4-9b18-4da2-9890-cf62642a518e,2026-02-20,msg_00036,U879eb903ad90cd9c2874f6df7651267a,U09b60110ed0180da8ecd1e52156feb21,video,delivered,2026-02-20 12:21:32,
60ad10f4-2f2f-43d8-9e47-8857aa55e8fe,2026-02-24,msg_00111,Ub0341314a5534ea92b26fa8adc30543f,U1bfcb453ae9b54d38d1980c941cb4787,flex,opened,2026-02-25 00:21:29,
c0f29d5f-5811-4a76-af9d-d6ed070699d5,2026-02-08,msg_00051,U3bae1603803a839c0cb52f511d9cb8f6,Ufe74c569a526eb1a19fd55c55f5f9e5c,image,opened,2026-02-08 14:36:37,
fa491803-874f-4b9b-937d-36124a58a7e6,2025-12-19,msg_00064,Ub0341314a5534ea92b26fa8adc30543f,U6835118bce391b7c29d4649f6979267a,image,opened,2025-12-19 02:05:45,
13a185aa-f3aa-420a-8494-86029527deeb,2025-12-18,msg_00114,Ub0341314a5534ea92b26fa8adc30543f,Ua6c71d68bf664e30c5aef5858a5aa693,flex,opened,2025-12-18 03:01:34,
a82cfa21-4457-48bc-ac78-a6d363508a77,2026-02-08,msg_00051,U3bae1603803a839c0cb52f511d9cb8f6,U3824c941e702512326f2a4ffdcaa6401,image,delivered,2026-02-04 00:01:38,
4ef5f295-e0ea-492e-9c4f-efa930d260cb,2026-02-10,msg_00058,Ue9a1e8a5b83a6b296d43c957a8cfba4a,Uc39d6bb0fc8d535f3cab8a3a0ebcb149,video,clicked,2026-02-10 04:25:53,https://example-saas.jp/lp/newmenu
d84340e3-b2b6-44ba-819b-8a335c441743,2025-11-21,msg_00010,Ue7310890b01058478be93761a56d0aa0,a7d95807cc8887637c74866a2335010f,imagemap,delivered,2025-11-21 11:54:12,
1cd16f31-8548-442f-898f-14fd584a5783,2026-03-06,msg_00055,U3bae1603803a839c0cb52f511d9cb8f6,Ud281d60e32f4fbe012eadedadb30666a,flex,delivered,2026-03-06 12:42:44,
53c6168d-4203-4292-9ce6-ad0d8ad0ba1e,2025-11-16,msg_00020,U3bae1603803a839c0cb52f511d9cb8f6,U24230569370e89748f3414b7e1603e17,text,delivered,2025-11-16 09:27:28,
a777091e-7eaf-4beb-b60a-d1dad3a299fe,2025-12-23,msg_00061,Ub0341314a5534ea92b26fa8adc30543f,U3e28393ebe2019c9586537942f1a62f8,imagemap,delivered,2025-12-23 06:46:08,
e7020c0a-8ff9-4923-ab93-d67cc846b7ef,2026-03-22,msg_00119,U3bae1603803a839c0cb52f511d9cb8f6,U150edc90669e123562f6dab2d8a7b8e3,imagemap,delivered,2026-03-22 19:46:25,
8fd91cb7-175e-4d77-b4a1-f4a48ad8e59c,2026-03-21,msg_00023,U743849e63f8101ac616f8fd0ba84a167,ed64a22248c618fbf4627c7defb62dfb,imagemap,delivered,2026-03-21 11:12:03,
3cf80f44-68d9-4a63-b6f1-abb5a481de6d,2025-12-25,msg_00077,U743849e63f8101ac616f8fd0ba84a167,d609d5a62e472927624399431e3964da,text,clicked,2025-12-25 00:22:44,https://example-saas.jp/lp/newmenu
d813395a-fb7a-42bf-91d2-b0367602d718,2026-03-05,msg_00014,U3bae1603803a839c0cb52f511d9cb8f6,Uc4365b451bb2c4a011d19df0b298c632,flex,delivered,2026-03-05 14:51:14,
4f37964a-1510-4535-8b48-3d0d45f0a745,2026-02-14,msg_00042,U3bae1603803a839c0cb52f511d9cb8f6,Uc892f410597d8246f4ae7f1e71ecb23d,video,opened,2026-02-14 11:43:49,
beefd143-d1d5-4a06-b82b-a56897fafe22,2025-12-25,msg_00077,U743849e63f8101ac616f8fd0ba84a167,U29361f5a54da334ab7c06d21402d69fb,text,delivered,2025-12-25 08:18:22,
529893d9-fdc9-4a84-9a45-203778d9e059,2026-01-30,msg_00050,U3e5dd3a641c58ad50e49f095c6f1e306,6f715df18f06212a60210f987f7c5bd6,image,delivered,2026-01-30 09:15:14,
d3cd8bad-038a-4b11-8e4b-aa7470d45500,2026-02-15,msg_00087,U3bae1603803a839c0cb52f511d9cb8f6,U2270d1c5cd8dc92c669777f4071fd39e,imagemap,delivered,2026-02-15 15:32:38,
56ea95c2-a26e-4214-80af-392ae9f906cc,2026-02-07,msg_00090,U4784fc8a8e1e4eb2435ad84e0ad052f2,Uc6acbb9f225646bd129198ab120a34cf,imagemap,delivered,2026-02-07 17:58:01,
6b79968c-e975-4019-a75e-7cad0c7b6164,2026-02-08,msg_00051,U3bae1603803a839c0cb52f511d9cb8f6,Uf90a7e9670ccbad42f782a800352837e,image,opened,2026-02-08 20:09:09,
dfa93d5f-9bb7-45d3-9c32-f18027edf5d2,2026-02-28,msg_00117,U743849e63f8101ac616f8fd0ba84a167,U7d7585d2a4478da03d5215af2a98ab75,video,delivered,2026-02-28 20:13:41,
9450eade-174d-4a14-a7ea-77ffd7e957d3,2025-12-23,msg_00061,Ub0341314a5534ea92b26fa8adc30543f,Ub19593126947ecf1e41352aba6c04f13,imagemap,delivered,2025-12-23 06:32:01,
f502bf89-37d1-40ea-9c5a-d7c5ca145dcb,2026-01-26,msg_00063,Ub0341314a5534ea92b26fa8adc30543f,U011b0d183003dfc4eb28a32aa206676f,imagemap,delivered,2026-01-26 18:00:13,
4b903f33-edc7-481d-a92d-b2d5a12773a6,2026-01-26,msg_00086,U4784fc8a8e1e4eb2435ad84e0ad052f2,17dda4319302d3c849148ac65e3f4a9a,text,delivered,2026-01-26 03:29:48,
8b2d6b12-ce4a-4da9-8b2a-0a319e8a0691,2026-03-14,msg_00009,U743849e63f8101ac616f8fd0ba84a167,U3ef4f0c1279f8383916c7974d872e92c,imagemap,delivered,2026-03-14 01:28:11,
daab8a11-4dce-4b2b-8aed-644413bdf5eb,2026-03-08,msg_00112,U3bae1603803a839c0cb52f511d9cb8f6,Uc5c1ed56aec84b1fd734fa8bd68320c3,image,opened,2026-03-08 05:50:37,
d389f907-4a9b-4cc3-ab23-29a77a655383,2026-03-06,msg_00068,Ub0341314a5534ea92b26fa8adc30543f,U28e2ce72b774c233baa0d4596d635d65,video,delivered,2026-03-06 20:27:09,
882b0223-5699-496a-b560-ca1a4461b57f,2026-01-20,msg_00026,Ud4a92c8c8050eed40ef171cc2784d638,U94a9c08b2523c949a489747ab7c41c40,imagemap,delivered,2026-01-20 00:03:42,
fbfd89ee-2f1c-4e40-934b-7dabf6c9ba9f,2026-02-07,msg_00090,U4784fc8a8e1e4eb2435ad84e0ad052f2,Udfc57b226036ca71b74742fee1f83991,imagemap,opened,2026-02-07 15:12:14,
022205c1-d2be-42d3-876e-de8034a207aa,2026-01-17,msg_00037,U7e808d11d6f9901a954a542a7ee09918,U40dc40877ba119b76b42171491236dcb,text,clicked,2026-01-17 23:01:10,https://example-saas.jp/campaign/spring
4991b606-e3f2-428d-8085-eb24da92074e,2026-02-15,msg_00006,U743849e63f8101ac616f8fd0ba84a167,U5bb9faa0c68e909890f6ceb7cca5af45,flex,opened,2026-02-15 17:20:59,
0b93aaf1-388e-45ef-bcdd-c066412eb15c,2026-01-17,msg_00037,U7e808d11d6f9901a954a542a7ee09918,Uadf204609affe5f174dc00b0061a9832,text,delivered,2026-01-17 23:02:14,
6e293fb7-e843-43ec-914f-b9980e981dac,2026-04-09,msg_00052,U743849e63f8101ac616f8fd0ba84a167,U902c67232059ddae560dc8ef381239bf,flex,,2026-04-09 21:57:50,https://example-saas.jp/campaign/spring
acc510bc-463d-471c-832f-a84d26d4fcf9,2025-12-03,msg_00012,U743849e63f8101ac616f8fd0ba84a167,U3d4a3d9e1f14fc8164ed27d781c135d0,imagemap,opened,2025-12-03 12:22:14,
5bad1cb2-adc3-45ae-bee8-eb51939cf30a,2026-02-10,msg_00058,Ue9a1e8a5b83a6b296d43c957a8cfba4a,Ub463e29910c75e38fd0e3f64cd431c92,video,opened,2026-02-10 04:48:05,
2f0c3d72-119e-4f3c-884a-fc133c8bf1dd,2025-12-21,msg_00022,U3bae1603803a839c0cb52f511d9cb8f6,U3bc8df30a23093c7cf3ec1af306251cb,video,delivered,2025-12-21 00:54:49,
d19193ed-6975-4755-afd8-8d2380624ffe,2026-02-08,msg_00051,U3bae1603803a839c0cb52f511d9cb8f6,U513b9ac6c1a9b184b0cde2c12320ffbb,image,delivered,2026-02-08 11:14:01,
06b211b5-9e26-4fdf-bd08-d38200c120ef,2026-03-23,msg_00116,Ud4a92c8c8050eed40ef171cc2784d638,Ue87dfd5d96fb3ad82ccd172b401f6dc6,text,opened,2026-03-23 22:07:19,
51a67853-9e91-45b4-a3f7-544f89bc1b21,2026-03-04,msg_00056,U1ca413826b7044d134c9c3132420c9de,Ua44b3df95d4074ca9166d64f33f1f7cc,text,delivered,2026-03-04 13:06:40,
f0792b7f-8e2c-48e8-94c1-094748081d99,2026-03-23,msg_00073,Ud4a92c8c8050eed40ef171cc2784d638,Ua9a9f39e59bdf57622fadb55c7e2617d,imagemap,delivered,2026-03-23 09:49:38,
fa8522ed-bed3-46ff-9bc6-6aabe363e33f,2026-03-20,msg_00092,U743849e63f8101ac616f8fd0ba84a167,U332318763de9574dc33700190729b42b,video,delivered,2026-03-20 22:14:01,
c6d91895-1f45-4cb7-8555-bb0eb016b9ed,2025-12-24,msg_00091,U3bae1603803a839c0cb52f511d9cb8f6,Ud177304cb56a8ac47537a17f6ac3ccd7,imagemap,delivered,2025-12-24 16:32:23,
b1f99073-e14a-403c-88a8-22ae377d528f,2026-02-07,msg_00090,U4784fc8a8e1e4eb2435ad84e0ad052f2,Ufd41fa02b409ed12a7010a5179ab01fa,imagemap,delivered,2026-02-07 10:01:34,
d2668663-5f10-43f5-b3aa-04fee701a7ca,2025-11-24,msg_00033,U3bae1603803a839c0cb52f511d9cb8f6,Ua05be323e111c0b5c1fe0805835d8a55,text,delivered,2025-11-24 19:33:22,
25ae60a0-2463-4b50-ad35-0dc0905679a4,2026-04-04,msg_00100,U743849e63f8101ac616f8fd0ba84a167,U412ae27d4b6ccf7ac16c4fe9ea548b6a,image,clicked,2026-04-04 12:47:54,https://example-saas.jp/survey
49fca4ce-59d9-4f1b-9f04-2feaf85f8261,2025-12-18,msg_00070,Ue9a1e8a5b83a6b296d43c957a8cfba4a,Ud23f872005877483be1a1bb6e6d59610,imagemap,delivered,2025-12-18 20:44:58,
f698cdd1-2039-44a4-a6f8-0d78d532d4f5,2026-03-05,msg_00014,U3bae1603803a839c0cb52f511d9cb8f6,U92552d8f26ac0f611cd3a54cb46ff4ea,flex,delivered,2026-03-05 23:16:29,
fc132df4-1ffe-48df-88cd-40df28903c44,2026-01-07,msg_00110,Ub0341314a5534ea92b26fa8adc30543f,Ud314d322768f20c0ee1f7bf6405c5ed5,video,delivered,2026-01-07 12:09:24,
6d115dbb-99c3-4e01-93bd-2ff646b02655,2026-03-21,msg_00023,U743849e63f8101ac616f8fd0ba84a167,Udc2d4a234dbe977aaee4cb9c8feb295d,imagemap,delivered,2026-03-21 00:47:25,
1c97c80a-b7d5-410b-aaf4-d45787872e0c,2026-02-14,msg_00065,U743849e63f8101ac616f8fd0ba84a167,Ud5ab2d6e48fa53dca38d40c4977cadf5,image,delivered,2026-02-14 12:26:51,
24efdc06-99d4-4afe-b335-fbc2b6a90fa4,2026-02-14,msg_00098,U743849e63f8101ac616f8fd0ba84a167,U388947a207c89706b8c4154f6739a4e2,imagemap,delivered,2026-02-14 09:41:42,
b206aaae-9e71-4e67-965d-299885cd3a4c,2025-12-07,msg_00003,U227d1cd1a801c367de206ec4bbca7330,Ucb0aa222f2e49bac64e4071c82a2f6c4,image,blocked,2025-12-07 22:43:29,
6fde41a1-d1ef-4a22-89bb-c38c831f14da,2025-12-07,msg_00003,U227d1cd1a801c367de206ec4bbca7330,Ucb0aa222f2e49bac64e4071c82a2f6c4,image,opened,2025-12-07 03:54:48,
26d53859-98f9-4ae2-be2f-ca6910fa4750,2026-03-11,msg_00067,U7e808d11d6f9901a954a542a7ee09918,U0ffe7d95d25b1da8ce74752fd35a26aa,video,delivered,2026-03-11 06:47:46,
cc305bf4-70f1-48f6-af97-6a40125cb8fc,2025-12-09,msg_00069,Uc20f9c7e9b662bedec3cb78e127885c7,U59cb8f1b9fba193cc2b1cada17195296,imagemap,delivered,2025-12-09 22:24:57,
d153c0c6-0863-46cc-bfbb-b0d22a8b0307,2025-12-25,msg_00077,U743849e63f8101ac616f8fd0ba84a167,82132e1c273d2513dc6a72e34b2de687,text,delivered,2025-12-25 22:38:58,
9bbcf092-ad80-4207-881a-bbbdabfe1434,2025-11-24,msg_00033,U3bae1603803a839c0cb52f511d9cb8f6,Ud0534c0c98817f42a4cf11f6cf600cb4,text,opened,2025-11-24 21:26:04,
6704e426-d688-49b3-b13b-22bebc0f921a,2025-12-19,msg_00118,U4784fc8a8e1e4eb2435ad84e0ad052f2,Ub5677dd23cf4514639bf606be2f5191a,image,opened,2025-12-20 00:04:32,
25f6f2a5-9806-4325-858e-7e3e2984e9bd,2025-12-18,msg_00070,Ue9a1e8a5b83a6b296d43c957a8cfba4a,Uca8d70f0c0bb66e68191577ca663f1b5,imagemap,clicked,2025-12-18 15:22:07,https://example-saas.jp/campaign/spring
4b5078ef-6e51-44e8-bc48-f9bb26bc9503,2025-11-22,msg_00047,Ue7310890b01058478be93761a56d0aa0,U23108279ab8389dee2a06a6e27039ca6,video,delivered,2025-11-22 06:51:09,
c77c3622-ad09-41e9-9c74-b5a5b5a5625f,2026-01-01,msg_00027,U4784fc8a8e1e4eb2435ad84e0ad052f2,Uf7c20835094ec192b2873597a735cf8a,image,delivered,2026-01-01 04:48:51,
366f0c36-d113-47c0-9b4b-739e160804d0,2026-03-30,msg_00076,U743849e63f8101ac616f8fd0ba84a167,ce8e6be08d310dc6d9ac2e1b23bffd0d,image,delivered,2026-03-30 01:17:10,
afc6f920-5800-46ee-944c-ed855f8072e1,2026-03-22,msg_00119,U3bae1603803a839c0cb52f511d9cb8f6,U57fb07b1953ff0ba96a97603664d1ce0,imagemap,delivered,2026-03-22 11:15:56,
06916c33-2c7a-47a6-9da2-bba5ce51f780,2026-01-24,msg_00113,Ub0341314a5534ea92b26fa8adc30543f,Uba3bd9159e46878867ae4c13884cf754,text,opened,2026-01-25 00:02:24,
7011581e-184c-4190-b18c-3dd2617da84d,2025-12-25,msg_00077,U743849e63f8101ac616f8fd0ba84a167,b8a608234c9805cbc87c85a70556a2a9,text,opened,2025-12-25 11:43:30,
e85dad70-4532-4c7e-bbee-d9f1102ac3d2,2026-03-21,msg_00023,U743849e63f8101ac616f8fd0ba84a167,U59fecb4b30f51c2af13fb353e52d0f69,imagemap,delivered,2026-03-21 13:34:31,
90069191-dd78-463e-b3ef-20b0a3a11f18,2025-12-19,msg_00064,Ub0341314a5534ea92b26fa8adc30543f,180579e795b2084bfce0d5426271a012,image,failed,2025-12-19 10:11:46,
f8a07d6d-7ff2-4b03-85b7-2a371184830b,2025-11-23,msg_00053,U743849e63f8101ac616f8fd0ba84a167,Ubf38c1ce607af331659e89e62d1ff254,video,failed,2025-11-23 17:11:06,
4099e3aa-dce7-4803-88b5-ee3e0ac860c2,2025-11-25,msg_00043,U3e5dd3a641c58ad50e49f095c6f1e306,Ua36c8e9ae20bc810f7c4e8eb3f8028d6,flex,delivered,2025-11-25 15:29:21,
f44f233a-d2a0-41c5-a9c3-b8366fbff02a,2026-02-14,msg_00042,U3bae1603803a839c0cb52f511d9cb8f6,U570f4996c0b6db7f5578c13264ad17da,video,delivered,2026-02-14 17:02:01,
84b81d88-5e37-4485-97b9-84d0749d6ff9,2025-11-23,msg_00024,Ue8d9224ecde331ce692edfce0b5ecdc4,U1a2c975f06fb53c7c15548cc03e2609a,text,opened,2025-11-23 23:00:23,
df77c40e-433a-4b86-84c9-452c728bbf7f,2026-03-27,msg_00096,U476acbdef8e9a16d24575e4f6d7b0f31,U3b7aed820e694d5d0903f1b49c1adedb,imagemap,clicked,2026-03-27 11:29:36,
a89a5b90-d155-411b-8800-22e0ae81a837,2026-03-25,msg_00079,U743849e63f8101ac616f8fd0ba84a167,Ub0e7c342312ba4d10bd469f7c0da40e3,text,opened,2026-03-25 13:22:21,
2dcd9c27-d3de-4890-8dd3-672028ba2cd6,2026-03-20,msg_00106,U3bae1603803a839c0cb52f511d9cb8f6,Ud9b639aac0eae169a912858fc1f0c4d9,video,delivered,2026-03-20 23:45:08,
7531a069-a731-406c-b774-307efedc7f5e,2026-01-26,msg_00005,Ub0341314a5534ea92b26fa8adc30543f,Ue8b6df983a8e5f9325b49eb30ccf60ba,image,delivered,2026-01-26 04:17:29,
83d7a0a7-bc83-4274-a900-f4461ef040ad,2026-01-24,msg_00113,Ub0341314a5534ea92b26fa8adc30543f,U7d20d96b5b4d4eb3c5d0a80ad0019a83,text,delivered,2026-01-24 04:28:22,
f2dae232-387e-4e65-9a17-ae3eb7fc984b,2025-12-18,msg_00070,Ue9a1e8a5b83a6b296d43c957a8cfba4a,Uf4cc65dbbcb96edfcf4fd8b8dd4d9519,imagemap,clicked,2025-12-18 16:17:20,https://example-saas.jp/coupon/500off
2f7b704c-4d32-40c5-a90f-e53f6504ce27,2025-11-22,msg_00047,Ue7310890b01058478be93761a56d0aa0,U676cf825c2f6aad77fb3f8e8aa01c966,video,opened,2025-11-22 07:37:40,
2430b26b-31ee-4886-ab80-358b02d80e1b,2026-03-20,msg_00092,U743849e63f8101ac616f8fd0ba84a167,U214ba42fb242646d2c9619f953b6d2b5,video,delivered,2026-03-20 21:13:32,
666bcd10-671e-406a-82bf-b2899f123250,2026-01-13,msg_00060,U3bae1603803a839c0cb52f511d9cb8f6,U39497704415071107401812a2a486028,image,delivered,2026-01-13 14:27:24,
5831a0ea-9941-4efc-8580-003ad2019339,2026-03-16,msg_00002,U3bae1603803a839c0cb52f511d9cb8f6,U363e5f383d0d61723978fd63806c062c,text,failed,2026-03-16 09:12:11,
d596c9ec-f656-4ed3-9b8b-2404bd10db3a,2026-04-04,msg_00049,U476acbdef8e9a16d24575e4f6d7b0f31,U61a9923a5e9280e67228f43ad5025f3d,text,opened,2026-04-05 00:31:25,
a4dfa6e4-a2ae-466f-99cd-b4f153aea6b9,2026-03-04,msg_00056,U1ca413826b7044d134c9c3132420c9de,U2f0021595e236ae01bfe6971f29739e9,text,opened,2026-03-04 20:34:46,
41316b12-f713-479d-b98b-c5173929cfa7,2026-01-09,msg_00052,U743849e63f8101ac616f8fd0ba84a167,U5edbef6d4e34c77c9d2631bd4db75cf1,video,clicked,2026-01-09 19:33:49,https://example-saas.jp/survey
5ac7f951-e74e-41f8-a5a1-24e56b7c73b6,2026-01-20,msg_00108,Ub0341314a5534ea92b26fa8adc30543f,U7c41c31824c0cd1fc540576160dae6a1,flex,delivered,2026-01-20 05:08:14,
7d35eb4b-b662-4ef3-94ca-3e86113bb019,2025-12-19,msg_00064,Ub0341314a5534ea92b26fa8adc30543f,Uf3d4d9c3c834bfbfaa8beada09d95334,image,delivered,2025-12-19 16:41:01,
3ea18908-0246-4547-b42e-23877248834f,2026-01-01,msg_00027,U4784fc8a8e1e4eb2435ad84e0ad052f2,ebe81f9ba8c398306231b722309f15a0,image,opened,2026-01-02 01:20:07,
a3cd1a94-3922-40fd-8d73-d12cc6882d30,2026-01-24,msg_00007,Ub0341314a5534ea92b26fa8adc30543f,U88db14e5c98a13592b9db221906dbb72,imagemap,delivered,2026-01-21 19:55:24,
379238b6-3350-43ca-b56c-5d96b43edcd3,2025-11-25,msg_00043,U3e5dd3a641c58ad50e49f095c6f1e306,Uae30f3ec66fc7d8d397e81d622289685,flex,opened,2025-11-25 16:11:06,
e37f0671-96f4-4532-84f9-830fc4390816,2025-12-23,msg_00061,Ub0341314a5534ea92b26fa8adc30543f,U870c3c0d539668804cf8d0294e1f2d86,imagemap,opened,2025-12-23 06:52:26,
2b882d0d-6a2f-40e9-94ca-331f68abeda8,2025-11-17,msg_00099,U3bae1603803a839c0cb52f511d9cb8f6,U0f5b221adc951be7f69e7609d4d6e27f,text,clicked,2025-11-17 14:49:09,https://example-saas.jp/lp/newmenu
7b7a0111-0f86-4ec6-aacc-c3166c429dd8,2025-11-19,msg_00019,U743849e63f8101ac616f8fd0ba84a167,6cd47e0ca4ab3cbb4017a2e32add8987,flex,clicked,2025-11-19 10:21:55,https://example-saas.jp/survey
95f33e54-9a28-4959-a443-64bc29c69e75,2026-01-24,msg_00066,U3bae1603803a839c0cb52f511d9cb8f6,Uc5b83ea28526ae8ec2d580e05d4f2f41,image,delivered,2026-01-24 21:13:41,
0ebbcd37-e10a-42ca-b552-ec110b4ef964,2026-01-24,msg_00113,Ub0341314a5534ea92b26fa8adc30543f,U86a020158ab44f35659da2fbaad46e0b,text,delivered,2026-01-24 01:46:56,
af68281f-e00f-432a-a921-8ad1af2f7fcc,2026-01-20,msg_00026,Ud4a92c8c8050eed40ef171cc2784d638,Ub698c8625b339c57662ec07f65175255,imagemap,delivered,2026-01-20 10:38:15,
eb41bcd8-1175-4a7c-b860-d874c41fa923,2026-01-24,msg_00007,Ub0341314a5534ea92b26fa8adc30543f,U804494d1f1ebc16c7aa220e815aede68,imagemap,opened,2026-01-24 09:10:18,
4262dfcd-5354-41bc-8f66-4873f59d70c1,2025-12-18,msg_00114,Ub0341314a5534ea92b26fa8adc30543f,U49b974f5a273724bccd9fc65d4815cee,flex,delivered,2025-12-18 09:56:17,
ae9d757a-32e7-40e0-8845-950de704da0d,2026-02-20,msg_00017,U22a93bc29b1df104af6b1ba1cd91fc56,U2b90181a1c893cc120c9590fea1e2c08,video,delivered,2026-02-20 15:48:05,
2dc7070e-45a9-4a6b-bf29-4ec06cfbbd95,2026-02-09,msg_00083,U3bae1603803a839c0cb52f511d9cb8f6,74c9b63e2a4448de679d8cc9cfd3d95f,flex,opened,2026-02-09 19:29:09,
6f5a7d5b-7994-49e4-a99a-d1c9c13b65c1,2025-12-03,msg_00012,U743849e63f8101ac616f8fd0ba84a167,U2bb3f6e5aa174ebe45b6774eeade6114,imagemap,delivered,2025-12-03 22:43:36,
e9cfb889-2439-45c1-8fd6-5168933a67e6,2026-01-14,msg_00081,Ue7310890b01058478be93761a56d0aa0,U1575f556726f8849ddc098eec0da786a,video,delivered,2026-01-14 21:49:48,
d520d789-70e8-48c2-893b-5f4147403596,2025-12-25,msg_00045,Ue7310890b01058478be93761a56d0aa0,Ua113908af0365ceae4efab3e18b8fb1a,video,delivered,2025-12-25 10:02:44,
2d522402-df2e-4049-ad4e-2ecbe3c84dd4,2025-12-09,msg_00059,U3bae1603803a839c0cb52f511d9cb8f6,U538f6fe1d115afca731e3186f4bf111e,imagemap,delivered,2025-12-09 07:19:39,
00f53726-45a7-469c-8c8c-c6983493639e,2026-03-25,msg_00079,U743849e63f8101ac616f8fd0ba84a167,U61097c3170b11215bc165e6923c1ca0d,text,opened,2026-03-25 23:30:26,
dcbd0b2f-792b-4573-a2c2-287571b85662,2025-12-17,msg_00032,U3bae1603803a839c0cb52f511d9cb8f6,U229729d87fdc98d846e2d36c9f1a9d83,video,delivered,2025-12-17 16:55:37,
4ff9aae5-e07c-45a9-a66f-dfc48a87f26e,2026-03-31,msg_00046,U4784fc8a8e1e4eb2435ad84e0ad052f2,Ucf9ea35de4f43008d2a79ff0d7f0f0b9,flex,opened,2026-03-31 03:18:39,
fa287208-e92f-4a82-a5e4-c5ec83abb568,2026-04-04,msg_00049,U476acbdef8e9a16d24575e4f6d7b0f31,a409f9a8b5f9ab1dca267d6d592496e9,text,delivered,2026-04-04 19:57:33,
d374d82e-dd25-424d-b22c-1c705ad23cd9,2025-11-16,msg_00020,U3bae1603803a839c0cb52f511d9cb8f6,U0b944de5bf116691a21f7df1dca6faf4,text,opened,2025-11-16 03:28:41,
791dc043-68ae-47be-a1fe-cc49dfc21226,2025-12-21,msg_00022,U3bae1603803a839c0cb52f511d9cb8f6,Ue5490cf2be984cf1fa5d83d62443cb8b,video,opened,2025-12-21 07:34:49,
1a626353-f6f6-4881-8bd2-137083a983a0,2026-01-24,msg_00066,U3bae1603803a839c0cb52f511d9cb8f6,Uc823581660a45194cf3c4b4b151bfcd9,image,delivered,2026-01-24 03:19:09,
1ae9d27b-60a8-4b0c-9f34-eb7b2be7204b,2026-01-10,msg_00044,U30ad60bba5da9837ca5dd0230ca8f531,Ufaa79bc8b1bb76def714f7a7e516bc29,video,opened,2026-01-10 22:19:55,
3f64dece-2304-429d-8929-1f7819198cb4,2025-12-14,msg_00085,U743849e63f8101ac616f8fd0ba84a167,U34abd9b244d9d554702a453abada30bc,image,opened,2025-12-14 23:08:32,
20e6df7e-75e0-4080-a752-af374d848c67,2026-02-08,msg_00051,U3bae1603803a839c0cb52f511d9cb8f6,U88ec06548cf7551926f0dfb8acc132a2,image,opened,2026-02-08 02:55:48,
393b0bbe-9cf3-4256-afa6-8973cf25abaf,2026-03-26,msg_00040,U3bae1603803a839c0cb52f511d9cb8f6,U6296819963f30f8dd261f4492ca47786,imagemap,delivered,2026-03-26 14:18:02,
74225e05-194e-4dac-abce-0853c8286d59,2026-03-22,msg_00119,U3bae1603803a839c0cb52f511d9cb8f6,Ud81fc683e6c1cac5b9e3d9d0b070d27f,imagemap,opened,2026-03-22 16:28:43,
65c880e0-c83a-406d-8909-c74dc964af5c,2026-01-30,msg_00050,U3e5dd3a641c58ad50e49f095c6f1e306,U29d3df3526ec1d63ccfc82973882cf9d,image,clicked,2026-01-30 11:03:06,https://example-saas.jp/campaign/spring
d6be7997-2361-4e52-aad4-1024f693020d,2025-12-19,msg_00118,U4784fc8a8e1e4eb2435ad84e0ad052f2,Ud071211b89fad86c447fb18d4bd6c30f,image,delivered,2025-12-19 07:06:22,
dc5b7732-a954-4705-a982-e8943d052b62,2026-03-11,msg_00104,Ub0341314a5534ea92b26fa8adc30543f,U6c2f4616cc39969653a1097acb8bcfed,image,delivered,2026-03-11 11:25:27,
b77bd40c-7d90-4833-b5d5-4505368e9ebe,2025-12-21,msg_00022,U3bae1603803a839c0cb52f511d9cb8f6,U8ece597dcc6246cabaaf5523a036c99b,video,opened,2025-12-21 06:15:43,
71634caa-31d1-428e-b41b-4077306d6ab5,2026-01-01,msg_00027,U4784fc8a8e1e4eb2435ad84e0ad052f2,Uae411c72fb88cc5038affba8647aeaa5,image,opened,2026-01-01 20:50:41,
b041573f-5416-4fa6-9ea8-495e72f83063,2026-03-22,msg_00119,U3bae1603803a839c0cb52f511d9cb8f6,5e3a5ba11fd5a2e448197b20147d9020,imagemap,delivered,2026-03-22 09:14:08,
7a52a907-97d6-4256-9900-4ca1b1bb09a7,2026-03-14,msg_00009,U743849e63f8101ac616f8fd0ba84a167,Ud48fa27b48619705f07731c733f80307,imagemap,opened,2026-03-14 10:10:22,
6d239462-ba9c-4959-8ec0-904ac1c0dc6b,2025-11-22,msg_00047,Ue7310890b01058478be93761a56d0aa0,U986e2d604c1ebfcd3e73378e367717e7,video,delivered,2025-11-22 05:19:38,
b17f9f0d-58fa-4fce-abf5-fdc9dbe9ae18,2026-03-06,msg_00068,Ub0341314a5534ea92b26fa8adc30543f,U8ee4b268188507daf3e980122f810f69,video,delivered,2026-03-06 22:57:13,
b9d39c31-3630-419a-9a6a-3fde779b7423,2025-12-07,msg_00003,U227d1cd1a801c367de206ec4bbca7330,Ufdfc74eff52e39f5ec80ceffab6683f3,image,delivered,2025-12-07 13:01:43,
0a3a8732-1746-40d8-bafc-27f091463963,2025-11-16,msg_00011,U837b70463a585f85743b5bfb3b49c9fd,U3698f7eff0aac459df10fccdd921a870,flex,delivered,2025-11-16 12:15:36,
b4b3125c-9982-41fa-a9d2-c878df74faf7,2025-11-30,msg_00025,Ub0341314a5534ea92b26fa8adc30543f,U64765c94250b644787e6eca9d18b90da,imagemap,opened,2025-11-30 03:37:00,
665a8f15-7569-498f-8d90-3cdb545e8c2e,2026-01-07,msg_00110,Ub0341314a5534ea92b26fa8adc30543f,Uddab16d4f091887ab882896184ee207d,video,delivered,2026-01-07 13:59:36,
e0052f10-c7f7-42ad-a289-3456f77eb5bd,2025-12-07,msg_00003,U227d1cd1a801c367de206ec4bbca7330,U87b7ded6ded03c582477dd75c9d4637f,image,opened,2025-12-07 03:20:29,
7450082b-cc09-4e4b-a2dc-3a618a8ad2d3,2026-02-15,msg_00006,U743849e63f8101ac616f8fd0ba84a167,U4d068b614347fc4b8b04fded4e2109ac,flex,delivered,2026-02-15 19:59:52,
379ff57a-158d-442c-ba53-361013a7fabe,2026-04-12,msg_00120,U227d1cd1a801c367de206ec4bbca7330,U34de8e30d59f9a608c53381b90f2bd6a,text,delivered,2026-04-12 19:32:45,
42c70804-2c68-483b-a4e3-57c5693adffa,2026-02-05,msg_00107,U3bae1603803a839c0cb52f511d9cb8f6,Ubace48122eeaeb6369554b8777bbafcf,text,delivered,2026-02-05 01:28:47,
c3fa6f8d-ffd9-4f87-bf4b-46ab3b6b1aa2,2026-01-24,msg_00007,Ub0341314a5534ea92b26fa8adc30543f,U70b264151c5abe15a1bba84b319c0927,imagemap,opened,2026-01-24 22:59:53,
e8e897fe-191f-4500-a625-748fe2eec4f9,2026-01-18,msg_00102,U227d1cd1a801c367de206ec4bbca7330,Ub04fc062a8523cf9ecd4fa662bdee30c,video,delivered,2026-01-18 12:34:23,
811dbdfe-e71f-41af-a803-f4afa520f81f,2026-04-05,msg_00045,Ub0341314a5534ea92b26fa8adc30543f,U8abd8b40cef5a4373a629b4a2fd797ea,image,open,2026-04-05 05:11:39,https://example-saas.jp/coupon/500off
00d4935e-9054-49c9-8684-76daff915c84,2026-04-12,msg_00120,U227d1cd1a801c367de206ec4bbca7330,7c7308dae219f113fc4e09c873328043,text,delivered,2026-04-10 21:25:08,
8f1dbaef-02f2-4f42-b91c-e3d79598d817,2026-02-10,msg_00058,Ue9a1e8a5b83a6b296d43c957a8cfba4a,Ud83efd5c3d633cf3d1276f51ecb39e4e,video,delivered,2026-02-10 06:52:27,
ac5b74c7-4eb7-40cb-86c4-eea042eed1c1,2026-03-20,msg_00106,U3bae1603803a839c0cb52f511d9cb8f6,U0f01ff3371c6e858f620d55657a79142,video,opened,2026-03-20 14:42:34,
81252acf-7272-4693-aa7d-b4f74484df5a,2026-03-25,msg_00032,Ub0341314a5534ea92b26fa8adc30543f,Uff16e2fb137aef34f2d97bd0c754f522,text,delivered,2026-03-25 14:46:44,https://example-saas.jp/survey
3aae0f7d-9660-4b44-a344-fe29a6bcd344,2026-02-10,msg_00058,Ue9a1e8a5b83a6b296d43c957a8cfba4a,Ua3c178798dc84b3bf378fd2a03998ffa,video,delivered,2026-02-10 09:09:16,
439ee5b4-40e7-4a08-b206-b270ef6b7aad,2025-11-26,msg_00070,Ub0341314a5534ea92b26fa8adc30543f,U426250df8dbca5318b54186c2696fdf5,video,delivered,2025-11-26 17:14:41,https://example-saas.jp/campaign/spring
b89df2d3-0a00-4e1c-88bc-c25166aac08a,2025-12-12,msg_00004,Ub0341314a5534ea92b26fa8adc30543f,Uef966c815b16de7f81d916c3f0b5916c,video,delivered,2025-12-12 08:05:59,
77ccfb7f-0a3a-4167-835b-59b828919266,2025-12-18,msg_00070,Ue9a1e8a5b83a6b296d43c957a8cfba4a,U869c4b48f585f916dc2066bcd96fb921,imagemap,delivered,2025-12-18 22:23:37,
8dbeeb62-1068-43dc-90e4-f45b37de6e4b,2026-02-20,msg_00095,Ub0341314a5534ea92b26fa8adc30543f,U05ba6a1854d4b5237892543ec27f12d0,text,opened,2026-02-20 17:07:09,
7604509d-24b7-471f-907f-eb414fc90484,2026-02-07,msg_00090,U4784fc8a8e1e4eb2435ad84e0ad052f2,U02b083190f939f5a61fc15289917b2f0,imagemap,delivered,2026-02-07 08:26:09,
b23c162e-3922-42c0-b0ae-53ebb5965f66,2025-12-23,msg_00109,Ue7310890b01058478be93761a56d0aa0,U6507d3af4a71051121a3cfb40a897424,text,opened,2025-12-23 04:24:25,
619cc198-f443-4243-8419-0830bc0557c4,2026-03-22,msg_00119,U3bae1603803a839c0cb52f511d9cb8f6,Uc69112529da4c0868872b5f0ffc71516,imagemap,opened,2026-03-22 03:09:03,
e1e3af66-0077-47eb-9545-b1a675fcb91e,2026-02-10,msg_00058,Ue9a1e8a5b83a6b296d43c957a8cfba4a,Uef9c798ec073268048cea0c0ab375ebc,video,opened,2026-02-10 21:31:34,
b7dcf1a7-8d87-4bef-8489-1acd6ab627fd,2026-03-08,msg_00112,U3bae1603803a839c0cb52f511d9cb8f6,Udb1213fbaf1c6775d6deff3bf64a0278,image,delivered,2026-03-08 21:27:23,
65c13a3d-4a0c-41dd-b827-ad1bf24e2fae,2026-01-14,msg_00081,Ue7310890b01058478be93761a56d0aa0,U10c96544d064b6b127d8238f07af8d04,video,opened,2026-01-14 02:43:15,
2ae3d0cd-2649-4fca-a9e9-c421143bcecf,2026-04-04,msg_00049,U476acbdef8e9a16d24575e4f6d7b0f31,U75f102f08975ef74f1b7dc0096a4c6d5,text,opened,2026-04-04 21:21:54,
419c968e-4495-425d-8869-7028e7aa31ea,2026-01-20,msg_00108,Ub0341314a5534ea92b26fa8adc30543f,U19f4fa27f19a350146e95a3134fdf99c,flex,delivered,2026-01-20 20:53:29,
84c85455-0496-491c-9874-9397c34e90c5,2025-12-03,msg_00012,U743849e63f8101ac616f8fd0ba84a167,U25bda2c1cf28ef539b67436372d16cac,imagemap,clicked,2025-12-03 04:20:54,https://example-saas.jp/coupon/500off
89fdb73d-e880-4cd3-b16a-035b9f443644,2026-02-05,msg_00107,U3bae1603803a839c0cb52f511d9cb8f6,Uf18ec6cd901ee1421e500e82541a2141,text,delivered,2026-02-05 20:52:19,
40414aca-d3c3-4b9a-9823-ded8b91b0c36,2026-02-14,msg_00098,U743849e63f8101ac616f8fd0ba84a167,U8924d20fe118372c009f3d53ce582eb2,imagemap,delivered,2026-02-14 15:40:58,
09c2e85a-4f63-4720-8e1f-5f7a36c5640a,2026-01-14,msg_00081,Ue7310890b01058478be93761a56d0aa0,U052e731a68cea0abb306fae35c6dfabc,video,delivered,2026-01-10 13:12:23,
86f51f96-031d-475c-b510-e3ebf7cdcbee,2025-12-21,msg_00022,U3bae1603803a839c0cb52f511d9cb8f6,U1c89247ba2cdb5947b8bed8513e8fe2c,video,clicked,2025-12-21 06:48:02,
99cb3d66-b1ae-46a8-9bd9-bbed82276ae1,2025-12-31,msg_00082,U227d1cd1a801c367de206ec4bbca7330,U2e2d642bb8334a11e757e21e4d8079f1,imagemap,opened,2025-12-31 12:29:17,
2cbc2782-15c6-452c-9b48-2dd238fa966c,2025-12-12,msg_00004,Ub0341314a5534ea92b26fa8adc30543f,U1f5db7de909f473e0e81d91cd4f3777d,video,delivered,2025-12-12 16:41:25,
22a8f67c-6ff8-4883-9d78-df644f6095e3,2026-03-20,msg_00057,Ub0341314a5534ea92b26fa8adc30543f,645e03e4a64ff6d93c8f2e45d9e2685c,video,delivered,2026-03-20 06:20:30,
534513a8-bcd9-4cd7-8fb4-debc537ec3cd,2026-04-04,msg_00049,U476acbdef8e9a16d24575e4f6d7b0f31,U2217d36a74b4885e10cd0ec67309c1e2,text,clicked,2026-04-04 09:39:39,https://example-saas.jp/survey
dc1ccc3a-f43d-4ff8-aac9-79f25d09192e,2025-11-23,msg_00024,Ue8d9224ecde331ce692edfce0b5ecdc4,U00e5f8a8a523c6b753d6c538d63b7a11,text,delivered,2025-11-23 15:21:32,
dce21bdf-413c-422a-9744-bcb4aa92ef01,2025-12-24,msg_00091,U3bae1603803a839c0cb52f511d9cb8f6,Uc0b888991602c7c166fb986e2244a91c,imagemap,delivered,2025-12-24 21:13:15,
68cf5c6c-e699-49c4-97e1-18e4142a1c7c,2026-03-20,msg_00057,Ub0341314a5534ea92b26fa8adc30543f,f4537ef49c70817ec199e9a0c63c736f,video,clicked,2026-03-20 20:18:38,https://example-saas.jp/coupon/500off
60088c91-2c71-4c31-a243-435088c5eca0,2025-12-21,msg_00022,U3bae1603803a839c0cb52f511d9cb8f6,U07549585be4eedde5f5becd561b4a48b,video,delivered,2025-12-21 15:47:10,
180ec451-8c9b-4cf6-8caa-09f719587ba2,2025-11-16,msg_00020,U3bae1603803a839c0cb52f511d9cb8f6,U90efe71257906e50c068374380a6d0ea,text,delivered,2025-11-16 06:05:07,
b877a25b-879f-4ee3-aba1-716a83e15a35,2026-01-07,msg_00110,Ub0341314a5534ea92b26fa8adc30543f,U39060c8c9b95ae19eb366ba94f2d26cf,video,opened,2026-01-07 15:06:44,
7b49ffef-26ae-4773-8ea7-e84e4eb887c3,2026-01-24,msg_00007,Ub0341314a5534ea92b26fa8adc30543f,U2e0421a8a884ef763570e0ee45f00d79,imagemap,delivered,2026-01-24 22:17:21,
3000111b-cb0f-444c-ab48-8620d25eae13,2025-12-12,msg_00029,U743849e63f8101ac616f8fd0ba84a167,65d6b5f492d9b270181f9cacfa296551,imagemap,delivered,2025-12-12 19:38:30,
016381d4-fb4b-4c51-bd5b-2185e2eb2b63,2026-03-06,msg_00055,U3bae1603803a839c0cb52f511d9cb8f6,U10e91a461cc3e6b59811652729f54f4d,flex,delivered,2026-03-06 18:31:02,
734d1ee7-9d1f-4dd6-9a6d-d0bfcc1283b0,2026-02-14,msg_00042,U3bae1603803a839c0cb52f511d9cb8f6,U0a58b98c5e72683c3e5718edf927ea53,video,opened,2026-02-14 06:19:55,
8eb1e46a-cb95-44fb-8ded-15af7025eb01,2025-11-23,msg_00053,U743849e63f8101ac616f8fd0ba84a167,Ub4b5f628c8336c3324e5bedbdeb79403,video,delivered,2025-11-23 20:54:23,
89aed9e2-8249-419d-bdc1-26a16ec7db0d,2025-11-21,msg_00010,Ue7310890b01058478be93761a56d0aa0,Ue9ab9e6d041236402ccb64cdfc807264,imagemap,delivered,2025-11-21 08:18:52,
837f9d67-bc2b-4576-bb42-2a51ee836313,2025-12-15,msg_00030,U3bae1603803a839c0cb52f511d9cb8f6,Ufcfff98acc29dfc46d17901705712eca,video,opened,2025-12-15 18:47:27,
3e5fdbf1-78e0-42f0-8bd0-5800a2eec583,2026-02-07,msg_00090,U4784fc8a8e1e4eb2435ad84e0ad052f2,U041dd989ff176f5ccb3edcd24e7bca61,imagemap,opened,2026-02-07 21:30:09,
ecaff000-f8aa-49b1-b8de-15667d859688,2025-12-18,msg_00070,Ue9a1e8a5b83a6b296d43c957a8cfba4a,Uca8d70f0c0bb66e68191577ca663f1b5,imagemap,delivered,2025-12-18 13:33:09,
506e8058-efab-4f67-b813-581ac6d7e35c,2025-12-17,msg_00032,U3bae1603803a839c0cb52f511d9cb8f6,Uf225e5098cd502522a16791eaa6ac664,video,opened,2025-12-17 04:42:30,
d8e036c2-2ad8-4b7c-b387-b58376d3f2bc,2026-04-08,msg_00078,Ud4a92c8c8050eed40ef171cc2784d638,Uc74f12f62599d6e978034c00b5a91602,image,delivered,2026-04-08 13:30:35,
810dbefd-7fa7-400c-9bc0-619b1085ce19,2025-11-22,msg_00047,Ue7310890b01058478be93761a56d0aa0,Uacd27598cb4cc6f4c043ce022d1b3d6d,video,delivered,2025-11-22 17:37:54,
efdef30f-62d6-4716-9292-2b25d153e4eb,2026-04-04,msg_00100,U743849e63f8101ac616f8fd0ba84a167,ab3fbdbafe90fea7a0f38c8d1476b7c8,image,delivered,2026-04-04 10:37:14,
9e8b2b6e-cd93-4566-a420-d55fb03a259f,2026-01-26,msg_00063,Ub0341314a5534ea92b26fa8adc30543f,U76b31cfb76c681e8b5d9db6d3081bfa4,imagemap,delivered,2026-01-26 23:48:07,
171fd136-0447-48ac-a159-574b3bfd2390,2025-11-23,msg_00053,U743849e63f8101ac616f8fd0ba84a167,Ue7ab22ac661c86b65ea39e2f42ea770e,video,delivered,2025-11-23 08:57:42,
78dcbfa9-3a7b-4761-9b33-a404cd1eabdc,2026-01-26,msg_00103,U3bae1603803a839c0cb52f511d9cb8f6,U7c13b429eebfa6c55660c7259efa783f,flex,delivered,2026-01-26 08:06:55,
372e8450-b537-446a-a1fd-2bcc00696945,2025-11-23,msg_00053,U743849e63f8101ac616f8fd0ba84a167,U53d3f6de6410937988e40c54da4f56d9,video,opened,2025-11-23 05:59:41,
52ddba6f-94f5-4b35-b260-6079095695d0,2026-02-14,msg_00065,U743849e63f8101ac616f8fd0ba84a167,U67696a7224b02b34c90797c79bb1cbe4,image,clicked,2026-02-14 13:39:27,https://example-saas.jp/lp/newmenu
20b244c2-cbd1-4968-8d99-0a408527ae35,2025-12-19,msg_00118,U4784fc8a8e1e4eb2435ad84e0ad052f2,U63f42e3f36ebde91739b93b47d9a7750,image,clicked,2025-12-16 06:32:30,https://example-saas.jp/campaign/spring
ffa51a66-6d43-4b92-8ad1-f025c42d14d1,2026-01-14,msg_00081,Ue7310890b01058478be93761a56d0aa0,cf1a903c58dc6dcaba13c9a5951a34f3,video,blocked,2026-01-15 21:31:20,
c3002180-f6ca-439b-bab0-812a31377596,2026-03-16,msg_00002,U3bae1603803a839c0cb52f511d9cb8f6,Ud9589a61bf19cc112d5d596c131356e5,text,delivered,2026-03-16 11:17:43,
4b90143d-1d39-467e-a939-6306ae3a4137,2026-02-14,msg_00065,U743849e63f8101ac616f8fd0ba84a167,U0ad97c367870393f368a63863b00d28d,image,opened,2026-02-14 12:17:06,
c1f13738-23f0-4d66-9554-4e3f03bf4c7c,2026-03-25,msg_00079,U743849e63f8101ac616f8fd0ba84a167,U3f670b07364777d80ce390382ed159c5,text,delivered,2026-03-25 10:17:59,
2c1f00d8-6c13-4482-b90b-abb202441361,2026-03-14,msg_00009,U743849e63f8101ac616f8fd0ba84a167,Uf1cf3e557266863e0047c7201ad5c339,imagemap,delivered,2026-03-14 07:56:47,
4c948fb7-835f-4d42-89ac-86099b255467,2026-03-26,msg_00040,U3bae1603803a839c0cb52f511d9cb8f6,U7f301004dc8367ff5a45db486cf3ab5e,imagemap,opened,2026-03-26 20:43:33,
1160d8d4-ec2d-4bb4-bc19-1d16e5202593,2025-12-18,msg_00114,Ub0341314a5534ea92b26fa8adc30543f,Udb6d0954fc905046fefd92a4ae20e769,flex,opened,2025-12-18 04:57:23,
908846ce-19e6-4317-8f8a-12ce6959612b,2026-01-24,msg_00066,U3bae1603803a839c0cb52f511d9cb8f6,Ud7221368fede493bc02f20eda55b2124,image,delivered,2026-01-24 10:03:21,
f37002c1-c311-4eb4-89ae-3db32f8e7c64,2025-12-09,msg_00059,U3bae1603803a839c0cb52f511d9cb8f6,U2f5163d54d4c89a3d4966242af18e70f,imagemap,delivered,2025-12-09 11:13:15,
358206ba-e66e-48a8-9b09-426bc2c2d5eb,2026-03-08,msg_00112,U3bae1603803a839c0cb52f511d9cb8f6,U8393055c5e52ea977fa1a49e449465d2,image,delivered,2026-03-08 08:41:18,
7ccf50ed-6f80-48c3-97eb-2ba212287258,2026-03-25,msg_00079,U743849e63f8101ac616f8fd0ba84a167,Ub8116447f85ee2e5173d32006ae76895,text,delivered,2026-03-25 15:34:48,
52aa3d0f-287f-4329-8548-1743da91a4f9,2026-01-20,msg_00108,Ub0341314a5534ea92b26fa8adc30543f,U76d30ca5606e89dca7b0eaa5270a28a8,flex,delivered,2026-01-20 18:57:37,
4bb846ed-fc8e-444d-b8c4-042b0837e3f3,2026-03-21,msg_00023,U743849e63f8101ac616f8fd0ba84a167,U9e8859b83ce02963c29d03f29adfa39a,imagemap,delivered,2026-03-21 05:57:07,
798cd799-6128-4ced-ad02-5235e6889587,2025-12-21,msg_00022,U3bae1603803a839c0cb52f511d9cb8f6,Ub5228b19fa43279273e845b20d2461cf,video,delivered,2025-12-21 05:13:39,
57aaf902-aa0e-4b6d-bbfc-dba77acbaef4,2026-01-07,msg_00110,Ub0341314a5534ea92b26fa8adc30543f,U65619d9d260efb26890a02402da09109,video,delivered,2026-01-07 01:53:09,
a42e91de-2d60-4e31-b839-2bfe5efdf874,2026-03-26,msg_00040,U3bae1603803a839c0cb52f511d9cb8f6,Uc60320369da7e8f17ec1e250336fb4d0,imagemap,delivered,2026-03-26 11:54:06,
ebf113ea-0bb8-4d80-bd65-fd38f3155487,2025-11-25,msg_00043,U3e5dd3a641c58ad50e49f095c6f1e306,U0283361e67ab383fdc66a4a716b1f4f1,flex,opened,2025-11-25 05:30:16,
982add3b-4796-4aff-9b94-e71f3fd1dbba,2025-12-25,msg_00077,U743849e63f8101ac616f8fd0ba84a167,U850ab629d0f473f78acfc0aeb03c8619,text,delivered,2025-12-25 11:00:07,
32b6a972-6445-411d-ad07-cf424846d148,2026-01-26,msg_00086,U4784fc8a8e1e4eb2435ad84e0ad052f2,U8f5c022b39b58273ba90203c2718a2cd,text,opened,2026-01-26 03:57:40,
0627c089-920d-42b2-aa7a-d1d7ce6cb0e4,2026-03-27,msg_00096,U476acbdef8e9a16d24575e4f6d7b0f31,Ua6ca905fd5ed38b15cad63f893bab5af,imagemap,delivered,2026-03-27 18:01:41,
1789ab03-e0f0-4715-88b1-b7e747acf9db,2025-12-12,msg_00029,U743849e63f8101ac616f8fd0ba84a167,Ufb8dc3cf9512149719d97111b64d6d34,imagemap,clicked,2025-12-13 01:04:55,https://example-saas.jp/lp/newmenu
d3ca01ae-333a-45e0-a44c-38f98b50486f,2026-04-08,msg_00041,Ue7310890b01058478be93761a56d0aa0,U89559a410e4ebba5e7b68138dab3e008,text,opened,2026-04-08 02:31:20,
3c46bac3-0dbc-4db1-aaac-fdaae7505697,2025-12-23,msg_00009,U743849e63f8101ac616f8fd0ba84a167,U7329c7e326aedaafa40b46840773d1d2,image,open,2025-12-23 22:30:46,
ea7b5e9d-5ed6-4799-a43e-b24915dc6439,2026-01-14,msg_00081,Ue7310890b01058478be93761a56d0aa0,U5a94beb2bdcdf68026737f9a616b6cf4,video,opened,2026-01-14 01:07:31,
b522d17b-152c-488c-9c9c-91acf3f620e4,2026-04-01,msg_00072,U4784fc8a8e1e4eb2435ad84e0ad052f2,Ube63b3ca25f38da22042e70f8ef72f70,image,opened,2026-04-01 08:46:31,
c5077a10-cb78-42cf-9d1c-cdadd3dbc639,2026-03-30,msg_00076,U743849e63f8101ac616f8fd0ba84a167,Ucc600f54765e161ffe484b32b15ca4e9,image,delivered,2026-03-30 02:26:30,
19ef17fa-4d7f-4224-9fed-8588d019a6f4,2026-02-08,msg_00051,U3bae1603803a839c0cb52f511d9cb8f6,U12a47a108d7b5c51f94bf1c513899ea8,image,delivered,2026-02-08 12:55:31,
73bf558d-17c4-4fba-aefc-41a0540abc7b,2026-03-23,msg_00073,Ud4a92c8c8050eed40ef171cc2784d638,Ub60da2c76a3bf27ca3cf8dcb5cd9d3fa,imagemap,delivered,2026-03-23 21:58:20,
faa1ee7a-0229-4490-98e3-537a99c75d50,2026-01-18,msg_00102,U227d1cd1a801c367de206ec4bbca7330,U6e2793132a266c43fd6688fa2cedd6f3,video,delivered,2026-01-18 18:45:37,
cc3ab774-73a1-4e2c-af53-8537a61d982c,2026-03-25,msg_00079,U743849e63f8101ac616f8fd0ba84a167,U4696d6f174107ac04db48a82d647c993,text,delivered,2026-03-25 21:47:47,
ca515a0a-a383-4940-b80f-bad77a18f6f3,2026-01-30,msg_00050,U3e5dd3a641c58ad50e49f095c6f1e306,U52201afdf187f1e6d7b8f6734444393d,image,delivered,2026-01-30 10:45:03,
bad9135c-c60c-47c1-9935-1aa47dfeaa00,2026-01-29,msg_00031,U3bae1603803a839c0cb52f511d9cb8f6,U96329881f290a1e108aa28e4bd593986,video,delivered,2026-01-29 03:02:20,
4abc8e4a-2fe1-468a-a2e6-a7808650494d,2025-12-19,msg_00118,U4784fc8a8e1e4eb2435ad84e0ad052f2,U20ea9e3e6017defe10f60d7b83f04a05,image,opened,2025-12-19 15:40:27,
6e1da3eb-31a4-4259-a198-01cff03968d5,2026-01-24,msg_00007,Ub0341314a5534ea92b26fa8adc30543f,U42daed873c64fed391de2264ddc7f763,imagemap,opened,2026-01-24 22:41:32,
e5b7d889-20c1-4527-a189-cfbf5be5a19a,2025-11-27,msg_00018,U3e5dd3a641c58ad50e49f095c6f1e306,U307d32c9dd20bf9d0e204002743bd9b2,imagemap,opened,2025-11-27 14:40:25,
cb9fe39d-d918-4738-9269-35e591889cbf,2026-02-09,msg_00083,U3bae1603803a839c0cb52f511d9cb8f6,U222deb87f7068959cb0f9699c1fa1058,flex,delivered,2026-02-09 18:57:06,
73e3a12f-7160-4620-9563-ea4a58333995,2026-02-17,msg_00091,U743849e63f8101ac616f8fd0ba84a167,Ud01d29560acfc5d61be01ab846f37cac,video,unsubscribe,2026-02-17 16:27:48,
430c2f4f-1075-48b2-984a-017e136f56b4,2026-03-20,msg_00057,Ub0341314a5534ea92b26fa8adc30543f,U3d5e015863a38ab0d2b9f107da0f1ded,video,delivered,2026-03-20 05:55:14,
c50d29a6-60ae-46a7-966e-06ba1929dac5,2026-03-31,msg_00046,U4784fc8a8e1e4eb2435ad84e0ad052f2,Ubff68987fbffb34f7335700779f9de80,flex,delivered,2026-03-31 12:27:38,
94ec4cf1-d9e5-458d-89a1-17239d012e1f,2026-01-29,msg_00031,U3bae1603803a839c0cb52f511d9cb8f6,Ua0d95d05405648e37b1c5bbd63594cba,video,clicked,2026-01-29 15:13:55,https://example-saas.jp/lp/newmenu
521f82e3-6bf0-4f7b-9cfc-ce89772971d3,2025-12-23,msg_00061,Ub0341314a5534ea92b26fa8adc30543f,U75a1cddcda87db7d3c856db977fd4d56,imagemap,delivered,2025-12-23 02:13:44,
9ced3fcc-6238-407d-a120-da17677e98e5,2025-11-26,msg_00028,U3bae1603803a839c0cb52f511d9cb8f6,Ud4bcfa3322284021484fb639d75db2f0,image,delivered,2025-11-26 08:06:04,
17a8323d-12f4-4f7f-9030-836dc5d480f2,2026-03-08,msg_00112,U3bae1603803a839c0cb52f511d9cb8f6,U5fbe1ae417a07462eea6d4b99ae4ebb7,image,delivered,2026-03-08 21:41:34,
9ef6a66c-6ee7-4654-8c5f-aa5d80f26828,2026-03-29,msg_00097,Ub0341314a5534ea92b26fa8adc30543f,U611aac8498521299422b35c3d6ff59b0,text,delivered,2026-03-29 12:47:18,
5166a1db-d990-45f5-8696-e73852e56e9e,2026-02-20,msg_00048,Ue7310890b01058478be93761a56d0aa0,Ucc6e838e07b005db706ca0de0b6511c3,flex,delivered,2026-02-20 21:03:43,
1489be30-1a9c-4412-82cf-146ae85f0c0d,2026-02-20,msg_00017,U22a93bc29b1df104af6b1ba1cd91fc56,dd0ce2fe2522186cc7f5f6aec35c09c5,video,opened,2026-02-20 11:44:55,
720dcf24-6fdd-421a-bf8c-aacef5c8d0a1,2026-01-20,msg_00108,Ub0341314a5534ea92b26fa8adc30543f,U2ffa0958fb4b07af7f0f7620cf8806f6,flex,opened,2026-01-20 19:11:46,
9ecd01cc-428c-4404-907e-3a250a29dd7e,2025-12-24,msg_00062,Ub0341314a5534ea92b26fa8adc30543f,U7ff34352b1ef0bca0007176ad92cf0bc,video,opened,2025-12-24 01:30:16,
a3cee92f-aa75-4aba-8e8e-6edd6fa2a942,2025-11-16,msg_00020,U3bae1603803a839c0cb52f511d9cb8f6,U43ce3cfc9644dd909b4ad3da94872ec3,text,opened,2025-11-16 16:12:37,
8e7761ac-3c8b-410a-89e4-37d2acf8035c,2026-02-28,msg_00117,U743849e63f8101ac616f8fd0ba84a167,Ua773902815d01afebf57168f03e91d27,video,delivered,2026-02-28 15:06:30,
024581bf-8d28-415d-9f20-0f6105eebd00,2025-12-24,msg_00091,U3bae1603803a839c0cb52f511d9cb8f6,Uad9066b71b630c8aa256b35938cb1ec0,imagemap,clicked,2025-12-25 00:46:39,https://example-saas.jp/lp/newmenu
435acb97-b18a-481c-9f7b-65b5cd1f4430,2025-12-03,msg_00012,U743849e63f8101ac616f8fd0ba84a167,U4c0f3ae876f81033179280bbb3dbd996,imagemap,opened,2025-12-03 21:46:18,
e50a10ce-4f5b-4f06-ae17-387ec4ee1035,2026-03-20,msg_00057,Ub0341314a5534ea92b26fa8adc30543f,Uf6869d1a0e47d44db8fcde3c9c47b768,video,opened,2026-03-20 14:50:19,
a5c32d52-f900-46c1-9c7a-142796020a08,2026-01-07,msg_00110,Ub0341314a5534ea92b26fa8adc30543f,U3799ffd3db84c9201ff1c7d3b02d072d,video,delivered,2026-01-07 06:56:40,
3eacce64-9214-4497-8245-aa6aca5abfbd,2026-03-05,msg_00014,U3bae1603803a839c0cb52f511d9cb8f6,U704abb7eb6c5e5610499e497bed3dbcb,flex,delivered,2026-03-02 13:03:06,
920eca4d-00be-4395-af73-9f5dd321449e,2026-01-13,msg_00060,U3bae1603803a839c0cb52f511d9cb8f6,U32d9cde439aacb1e510dd7b79e31bef7,image,delivered,2026-01-13 22:24:42,
7d75e7f0-4899-41e8-8bde-fa6ff787db7d,2026-03-16,msg_00002,U3bae1603803a839c0cb52f511d9cb8f6,Ue8028c039a90d576d1b9ee7dd1115e46,text,delivered,2026-03-16 05:31:18,
1a5ed2bf-8675-4d41-8cba-c35b39fdac8a,2025-12-03,msg_00012,U743849e63f8101ac616f8fd0ba84a167,U61aa89bcc393ac5f097172d26d036180,imagemap,delivered,2025-12-03 21:07:21,
38f7a65d-b312-4aa8-bba2-eebc9da6f73e,2026-02-07,msg_00090,U4784fc8a8e1e4eb2435ad84e0ad052f2,U5e1f8ff41deb124e06518d2290690c12,imagemap,delivered,2026-02-07 06:45:23,
0114d26b-f923-4a5d-a7c0-edc4df02ed19,2026-01-26,msg_00005,Ub0341314a5534ea92b26fa8adc30543f,U9cad094467dbcbf4ea0c2ce5771a4a84,image,delivered,2026-01-26 12:18:32,
20ab2d00-b4de-4d93-85e8-9304ce777f85,2025-12-09,msg_00069,Uc20f9c7e9b662bedec3cb78e127885c7,U17a38080e76f9adfadbe16426fdd4f7d,imagemap,delivered,2025-12-09 10:12:07,
28aa46c4-04f5-41fd-9ffa-71bdd475e7d8,2025-12-21,msg_00022,U3bae1603803a839c0cb52f511d9cb8f6,U6413307c0d53a43fb94ba73d2505a8e8,video,delivered,2025-12-21 10:50:56,
ef8a6da2-f1dd-401a-96ca-bd17fda57637,2026-04-01,msg_00072,U4784fc8a8e1e4eb2435ad84e0ad052f2,Ude23fe2aaadcf5596813ada4eb27db6d,image,delivered,2026-04-01 07:36:38,
cf2712f4-5b92-4527-bad9-564a1ad05959,2026-02-10,msg_00058,Ue9a1e8a5b83a6b296d43c957a8cfba4a,Ua76883935aa718df2aa2ee09d5513c69,video,delivered,2026-02-10 22:00:41,
f94c3fc2-5dbc-4e3d-8275-07a1b066c8e7,2026-02-20,msg_00048,Ue7310890b01058478be93761a56d0aa0,U3829bca2f1453f6c9f4df472de64553a,flex,delivered,2026-02-20 10:43:45,
04029a1a-9f21-418d-bf75-4dc07a7cc818,2026-02-14,msg_00065,U743849e63f8101ac616f8fd0ba84a167,530b7d2a9154020f9571270c8f6b2db5,image,delivered,2026-02-14 14:45:58,
492968b7-d7a0-4878-87bc-be1cce3f6402,2026-02-20,msg_00048,Ue7310890b01058478be93761a56d0aa0,U13716a1313b118e98d5b0b9658f78513,flex,opened,2026-02-20 20:53:47,
cf2329fd-d4da-4fc7-9599-d73bcbdba6ac,2025-11-21,msg_00010,Ue7310890b01058478be93761a56d0aa0,Uf4229b9ddab74c3757f5c6dd5aa4162e,imagemap,delivered,2025-11-21 21:17:22,
2f77d73c-59c8-4856-9e32-5e426fbaa7d1,2026-02-07,msg_00090,U4784fc8a8e1e4eb2435ad84e0ad052f2,Ue7310a47e79ba124b8fbf19f19fa4504,imagemap,delivered,2026-02-07 23:33:23,
8828a612-4c76-4044-880d-6ea4e6f0ef45,2025-12-18,msg_00114,Ub0341314a5534ea92b26fa8adc30543f,Uc5b7ed2c76188387fcbc2bce3c858c78,flex,failed,2025-12-18 01:34:05,
c0bb9f93-0331-4eb3-aa71-0912abb7a543,2026-03-26,msg_00040,U3bae1603803a839c0cb52f511d9cb8f6,Ub96575cf437e19ff982c09947b6c96d3,imagemap,opened,2026-03-26 08:58:17,
cb50de97-2ef6-4bed-9c76-51a2bc7e4d61,2026-03-23,msg_00073,Ud4a92c8c8050eed40ef171cc2784d638,Uaf5d581a5e5140eb1fc3a57a9c83177d,imagemap,opened,2026-03-23 12:03:43,
6d352941-8148-49f8-a420-086393f16e8d,2025-11-27,msg_00018,U3e5dd3a641c58ad50e49f095c6f1e306,U818a8b9bb17f868d4b0a221feb6f68f8,imagemap,failed,2025-11-27 23:10:27,
5e6e8a0a-9c9d-442b-997e-7dcead699951,2026-02-15,msg_00087,U3bae1603803a839c0cb52f511d9cb8f6,U6fb1e4e5f6029dd3517c30e21b4fb385,imagemap,opened,2026-02-15 19:39:59,
a85e4fd3-61df-4715-badd-835fdc443e07,2025-12-21,msg_00022,U3bae1603803a839c0cb52f511d9cb8f6,U2110def3c9cc8a91e2b4bb60e836f1db,video,opened,2025-12-21 07:50:30,
d8110d29-ec06-440b-a591-eb7568cb47af,2026-02-20,msg_00048,Ue7310890b01058478be93761a56d0aa0,U7b676ae9ba3b1082edb07306a8450ccd,flex,opened,2026-02-20 12:53:27,
3639a775-f32b-4752-9d14-73ca3a26e664,2026-03-23,msg_00071,U3bae1603803a839c0cb52f511d9cb8f6,U6bb707b18ce487bb2f280868f2a12564,imagemap,opened,2026-03-23 08:30:44,
d16e32fb-db83-4a32-8bb7-83ac28f8e028,2026-01-18,msg_00102,U227d1cd1a801c367de206ec4bbca7330,U8aeb5dad896224195553361e78d993d6,video,opened,2026-01-18 02:18:23,
ba51bd26-e579-4c70-9c33-ded6ae139c4c,2026-04-08,msg_00078,Ud4a92c8c8050eed40ef171cc2784d638,d2e4f5417eedd697210c098b7339669f,image,delivered,2026-04-08 06:31:54,
7dce95c1-d126-4ec3-b11b-6931ae7229db,2025-11-16,msg_00020,U3bae1603803a839c0cb52f511d9cb8f6,U840f37870bea071ec9dec337b5a19205,text,failed,2025-11-16 07:33:03,
01ef6303-68cc-462a-92b5-2188ce9a14c4,2026-02-09,msg_00083,U3bae1603803a839c0cb52f511d9cb8f6,U1a236ab489818146a8da00897e9dda1e,flex,delivered,2026-02-09 01:32:51,
4cef72b9-1228-4f92-b83d-41d2ca837749,2026-01-24,msg_00113,Ub0341314a5534ea92b26fa8adc30543f,Ua2d38fc1b624325f68d412aea0ad8b1a,text,opened,2026-01-24 08:22:09,
39fdbede-3578-4f20-952a-16ae23f01a4e,2026-01-26,msg_00005,Ub0341314a5534ea92b26fa8adc30543f,U36811e76110ea24fad563811abcffbbf,image,blocked,2026-01-26 15:14:09,
115652ca-ac82-4572-b748-9c7805dbf0cb,2026-04-01,msg_00072,U4784fc8a8e1e4eb2435ad84e0ad052f2,U874fa757ed537adeba80706b84df5491,image,delivered,2026-04-01 07:19:58,
559f0852-36f5-4d18-aa30-1e9fd27d19c7,2026-02-15,msg_00006,U743849e63f8101ac616f8fd0ba84a167,d7d6a143b2dbe16144f7b82f32b2d775,flex,delivered,2026-02-15 00:29:15,
4712ca65-6b80-423c-af54-aff565fd496a,2026-03-21,msg_00023,U743849e63f8101ac616f8fd0ba84a167,Uf644401c1d914573478ef6d485d897d5,imagemap,delivered,2026-03-21 14:24:38,
4995c4cf-c7d6-4331-a073-0e0adfd4ddd3,2025-12-07,msg_00003,U227d1cd1a801c367de206ec4bbca7330,U03f9a63a5a5b386bed79eca0f434fc02,image,delivered,2025-12-07 14:23:19,
dc8451a8-9478-47a8-a8fb-e3aa1d2dddb1,2026-03-04,msg_00056,U1ca413826b7044d134c9c3132420c9de,U33196bc845d4a92fd8214eb6e1f02004,text,delivered,2026-03-04 05:41:11,
53e74bec-5437-47a6-b241-fa586d42da49,2025-12-03,msg_00012,U743849e63f8101ac616f8fd0ba84a167,U96e709fa2841fe72836e1fbb5bb4bfb2,imagemap,delivered,2025-12-03 06:19:41,
bf334c38-923b-4cc5-b683-ec2d3a0ecf30,2026-03-21,msg_00023,U743849e63f8101ac616f8fd0ba84a167,U6ee0793a5adc1d9c11c6bfaa18034d98,imagemap,delivered,2026-03-21 03:49:10,
e940f7f2-9303-4832-9c8f-9944ec24e2ef,2026-01-24,msg_00113,Ub0341314a5534ea92b26fa8adc30543f,Ufe222bfe0aa1c101edd35bf6f0d02a8a,text,opened,2026-01-24 19:26:05,
0d7a1bad-7ca2-4d65-926d-a0ecdd330862,2026-01-26,msg_00103,U3bae1603803a839c0cb52f511d9cb8f6,Ua5cbe50bd1b62b1fc5d4f429bada74d5,flex,delivered,2026-01-24 03:14:21,
069c290c-754e-491c-a8ce-f9cc855913d5,2025-12-25,msg_00077,U743849e63f8101ac616f8fd0ba84a167,Uca2736dca9fd58b278d097adb1bf7523,text,delivered,2025-12-25 19:51:12,
85b8ce6d-c4b2-4678-8810-692f9cb7fd4e,2026-01-12,msg_00039,U743849e63f8101ac616f8fd0ba84a167,Uc478a01fb41805f565883a0bd7543241,text,delivered,2026-01-12 02:05:34,https://example-saas.jp/coupon/500off
75bdec25-e98f-4178-89e6-5f778db79d62,2025-12-19,msg_00064,Ub0341314a5534ea92b26fa8adc30543f,Uc013853248971eb1cd006cc8e92720e8,image,delivered,2025-12-19 00:47:35,
1e63523f-a640-4154-8b62-f8388bccaeba,2026-03-06,msg_00068,Ub0341314a5534ea92b26fa8adc30543f,Ufab6a6b1b654f6f19896196da848ceb0,video,opened,2026-03-06 10:08:39,
79d5ad35-16c7-4611-9313-1a53231f3e82,2025-12-24,msg_00062,Ub0341314a5534ea92b26fa8adc30543f,U3c43157e05d3edc7a80ef5c4504d957c,video,opened,2025-12-24 21:01:20,
737432de-3df3-45ed-9b88-52895695f1d7,2025-12-14,msg_00085,U743849e63f8101ac616f8fd0ba84a167,74568d7af4ffd02dee50d18e82f62d8f,image,delivered,2025-12-14 02:20:35,
ffac6a01-8161-478c-aa2b-4c3900580e13,2025-12-18,msg_00114,Ub0341314a5534ea92b26fa8adc30543f,U91a749c45bdef65ce580217d337d3af7,flex,opened,2025-12-18 05:43:57,
0a5e0754-779a-4da6-95b7-5b87168276a4,2026-02-01,msg_00075,Ub0341314a5534ea92b26fa8adc30543f,U9c1e24c186de9948b69a18c699676c90,imagemap,opened,2026-02-01 17:54:47,
20dfba18-7f4d-4792-8ae4-0b62e701a976,2025-11-21,msg_00010,Ue7310890b01058478be93761a56d0aa0,U29b571f9703cbb72b6fe6a353e2c5104,imagemap,opened,2025-11-21 19:31:12,
32ae411e-68ae-4992-89e4-b7abe6561b94,2026-02-07,msg_00090,U4784fc8a8e1e4eb2435ad84e0ad052f2,U73344fa84963c9ef39240ee701fe11d5,imagemap,delivered,2026-02-07 16:12:27,
4a6593f4-365f-43de-9c6a-da0eee3315b0,2026-01-24,msg_00066,U3bae1603803a839c0cb52f511d9cb8f6,U4a3f4e263524c73ca44664eef9699e30,image,opened,2026-01-24 12:25:49,
095cdf39-c764-47aa-a4fb-51ccb6650bec,2025-12-14,msg_00085,U743849e63f8101ac616f8fd0ba84a167,Uf506c593c16af59aa181da87dfc60148,image,delivered,2025-12-14 04:05:39,
78747bbe-f8ca-48c8-a269-7b4fbf91c0a5,2025-12-11,msg_00064,Ub0341314a5534ea92b26fa8adc30543f,U28fd1c76cb8b27777547dc3fad4ec86c,imagemap,,2025-12-11 14:20:16,
22115340-ccfa-453c-b89d-80496d14205f,2025-11-17,msg_00034,U743849e63f8101ac616f8fd0ba84a167,4515d8c2e38d69b8a6b0d71f362a7053,text,opened,2025-11-17 09:42:45,
170d45dd-e19f-47b1-b872-d1a33fe86fdd,2026-03-27,msg_00096,U476acbdef8e9a16d24575e4f6d7b0f31,U09fe94aad433e949d582ab0e5d7064fe,imagemap,opened,2026-03-27 20:38:12,
14314e0a-bd72-48a0-b764-803e51bb51c1,2025-12-07,msg_00003,U227d1cd1a801c367de206ec4bbca7330,af9852e120ba49f3af63f2a3edac0f70,image,delivered,2025-12-07 20:08:23,
7a1378d0-d498-4761-a510-00e42964984e,2026-04-12,msg_00105,Ud4a92c8c8050eed40ef171cc2784d638,U7dcacb5f8db400827039758fd4a39189,flex,opened,2026-04-12 09:10:09,
45196ab2-3729-4885-8f2f-0f45721a4ade,2026-03-03,msg_00093,U743849e63f8101ac616f8fd0ba84a167,dbb225df7efcfd172602bc7fb154486b,imagemap,delivered,2026-03-03 11:43:37,
430a3827-aafe-4909-84d6-e14f8b389702,2026-01-24,msg_00007,Ub0341314a5534ea92b26fa8adc30543f,Ude2e5ca531bb9a6b8828919a3c118b8e,imagemap,clicked,2026-01-24 14:57:52,https://example-saas.jp/survey
ec4db17b-6124-486a-bce7-04b36d05567b,2026-01-01,msg_00027,U4784fc8a8e1e4eb2435ad84e0ad052f2,Udedff1d04e67caf5d63570e304d6315b,image,opened,2026-01-01 23:36:11,
e1f49bfa-7e51-47c3-9ecc-90c300a72c37,2026-03-22,msg_00119,U3bae1603803a839c0cb52f511d9cb8f6,U1259db3ec250ae97885707b7edd7fa4a,imagemap,opened,2026-03-22 14:53:22,
3c72d2ae-9994-4e39-8647-502e0bbf9c19,2025-11-17,msg_00099,U3bae1603803a839c0cb52f511d9cb8f6,95ecf3ad4cc312450f89c600ac72c87d,text,opened,2025-11-17 23:21:27,
28c88658-9f98-46de-9c08-ab2b6e2f5156,2026-02-24,msg_00039,U743849e63f8101ac616f8fd0ba84a167,U93a359921ee8b549f35a150a0c45c55a,flex,delivered,2026-02-24 12:56:18,
b91fe41e-9e9e-4f7d-98c0-947e6517af72,2025-11-23,msg_00053,U743849e63f8101ac616f8fd0ba84a167,d949268e4db00ca173dba8dec0c9efd6,video,delivered,2025-11-23 12:32:10,
c9f4ba50-bf46-4415-9b6c-7e5d69e4650a,2026-02-15,msg_00087,U3bae1603803a839c0cb52f511d9cb8f6,U212ee9dcc7ee9b880defcb3e4f0cfb36,imagemap,delivered,2026-02-15 14:49:01,
eb0eafd3-c2df-4bb4-b36c-f7970cc5ca84,2026-02-20,msg_00048,Ue7310890b01058478be93761a56d0aa0,f10cf2023d8a1a45c6ac5534e36201f1,flex,delivered,2026-02-20 08:20:56,
13012b52-f7d0-4a4b-b90f-cad23eff4797,2025-12-03,msg_00012,U743849e63f8101ac616f8fd0ba84a167,U31236d3ca65552ddb5965c7d6aaa4060,imagemap,opened,2025-12-03 03:37:02,
cbf43166-7062-4c43-b43a-9ee28abc6818,2026-04-08,msg_00078,Ud4a92c8c8050eed40ef171cc2784d638,Uc97787e4d80b0552ae61f85d7ca95f6d,image,clicked,2026-04-08 10:11:46,https://example-saas.jp/survey
b26b0d59-fabb-442a-b339-54ce26de4d58,2025-11-17,msg_00099,U3bae1603803a839c0cb52f511d9cb8f6,95ecf3ad4cc312450f89c600ac72c87d,text,delivered,2025-11-17 22:14:02,
d4714006-83e0-4d48-8362-69682edeb52c,2025-12-18,msg_00114,Ub0341314a5534ea92b26fa8adc30543f,U813c8f85a10a5305ca368ba305d04c3a,flex,delivered,2025-12-18 15:00:53,
3c6dabee-c97f-4608-ab3d-7cf55f2d0ea1,2026-01-19,msg_00036,U3bae1603803a839c0cb52f511d9cb8f6,U4659320c62a3f7703028e9868c8a861b,flex,,2026-01-19 13:50:14,
276cf1cd-4393-4811-9047-29663a572510,2026-01-24,msg_00066,U3bae1603803a839c0cb52f511d9cb8f6,Uc9bb4f69d6dfe7fa9a16ac31ad957743,image,delivered,2026-01-24 12:02:19,
73b84b41-aab8-44a2-9928-b68b073fb259,2026-03-18,msg_00080,U22a93bc29b1df104af6b1ba1cd91fc56,U27a5e55a3284341602647e22d93fc2bb,flex,opened,2026-03-18 04:32:38,
7cb9f96e-412a-4170-ab43-473f4108034b,2025-11-24,msg_00033,U3bae1603803a839c0cb52f511d9cb8f6,U7eb0a59ae8116438cdeeea6d676274e4,text,delivered,2025-11-24 03:59:40,
3f7a2c24-fc1d-46dd-9f4b-11b643b700d9,2026-01-20,msg_00108,Ub0341314a5534ea92b26fa8adc30543f,Udb6c27a7f36c090340a3a9006d5a3480,flex,opened,2026-01-20 06:16:10,
1fa058a3-7208-42a2-9e07-98a54282a8f6,2026-03-04,msg_00056,U1ca413826b7044d134c9c3132420c9de,U7ffd6256228ed77939a7be9c945bdb6d,text,failed,2026-03-04 03:39:11,
ae5c83b1-5297-4179-87e1-c7caead268d4,2026-02-20,msg_00017,U22a93bc29b1df104af6b1ba1cd91fc56,Uefd13df7ac310dc22f3567d014f8aaf5,video,opened,2026-02-20 05:29:44,
7146679a-a69a-4eb5-a2f0-1e3f42f56c3c,2026-02-21,msg_00016,U4784fc8a8e1e4eb2435ad84e0ad052f2,Ub308eb0dc5c6bbff46e06af97990b387,image,delivered,2026-02-21 00:12:56,https://example-saas.jp/lp/newmenu
0810dd61-09b4-4fb1-aeb6-bed933e862a0,2026-01-26,msg_00115,U3bae1603803a839c0cb52f511d9cb8f6,U6425da8496309b840e09f2620cc7e878,imagemap,opened,2026-01-26 00:17:09,
0ea774c2-0aa3-4dbd-960c-45d4dc243031,2025-12-19,msg_00118,U4784fc8a8e1e4eb2435ad84e0ad052f2,U5b4ae4d65129fae4a62e46f726e0e76f,image,delivered,2025-12-19 12:12:13,
fd1b6209-9744-4ca4-a7ea-0e93fa5c57eb,2026-02-20,msg_00048,Ue7310890b01058478be93761a56d0aa0,Uf67b4d31def5d4a1c6fcbb184ceda69d,flex,delivered,2026-02-20 14:45:43,
0f73c22f-c353-4646-b66b-b850d56a2dc6,2026-01-31,msg_00035,U7e808d11d6f9901a954a542a7ee09918,U5676b44ff3cae109c0030ed69f9af50c,text,opened,2026-01-31 13:01:51,
9e1bcf0b-a7be-42a6-9b99-ae127f5eed2a,2026-04-04,msg_00049,U476acbdef8e9a16d24575e4f6d7b0f31,U480ecb1c45d94badeebf2f05ea766373,text,delivered,2026-04-04 12:51:31,
223d68a8-544b-4d7b-9b73-9bd3b6644649,2026-02-14,msg_00042,U3bae1603803a839c0cb52f511d9cb8f6,99efa9bc1f53a7dd9050447be1b165d1,video,delivered,2026-02-14 00:24:25,
879a1f0b-a96d-484e-bfb8-7a6dd5569dd2,2026-03-04,msg_00056,U1ca413826b7044d134c9c3132420c9de,U7216d4277a7ee38c9022da6a39e6fd05,text,blocked,2026-03-05 02:42:57,
4a1a8072-a433-4e02-8100-4256526be55b,2025-12-12,msg_00004,Ub0341314a5534ea92b26fa8adc30543f,Ud6a314bd343d619255c69ac1e883337b,video,delivered,2025-12-12 19:52:54,
0028f32a-2eb2-46ca-9c9d-e70e3d652d4f,2025-12-24,msg_00091,U3bae1603803a839c0cb52f511d9cb8f6,Uf7b3aecfed89d75ae3ecd76b6355ec31,imagemap,clicked,2025-12-24 20:32:18,https://example-saas.jp/campaign/spring
125c74a9-2d00-4b22-92f8-1d01079de8d7,2026-01-26,msg_00005,Ub0341314a5534ea92b26fa8adc30543f,Ub4f62e989e7a81c3d2452b86f5cbd217,image,delivered,2026-01-26 13:14:41,
b626d99f-aac3-483f-882d-e34f0c5dc7b1,2025-11-23,msg_00053,U743849e63f8101ac616f8fd0ba84a167,U3d1709fb6e7a00add9e681a44f3a675e,video,opened,2025-11-23 02:40:38,
5bc01df4-7447-47d2-9ab5-62e695ddc8cd,2026-01-26,msg_00086,U4784fc8a8e1e4eb2435ad84e0ad052f2,U73e15e7f9ad38f3134c37f32952cf6a9,text,blocked,2026-01-27 06:56:31,
4d666f25-6403-4ade-aba4-7548f9270989,2026-03-21,msg_00023,U743849e63f8101ac616f8fd0ba84a167,U6180a071a6ad59522e5bdf0dac332e9d,imagemap,delivered,2026-03-21 07:30:26,
64e0ee84-5c29-46f2-98b1-6c9a88ce6fed,2026-04-01,msg_00072,U4784fc8a8e1e4eb2435ad84e0ad052f2,U0c60306262e29220bffe10df0474aecd,image,clicked,2026-04-01 02:26:43,https://example-saas.jp/lp/newmenu
408eeac6-2518-4ace-b1b9-eb8c13508742,2025-12-09,msg_00094,U227d1cd1a801c367de206ec4bbca7330,Ud67b1043a09c354e29935adcebd7e1e2,flex,delivered,2025-12-09 00:16:24,
2e9b53ad-00a9-4908-8d3a-825137a7357a,2026-02-15,msg_00006,U743849e63f8101ac616f8fd0ba84a167,Udc5fb2d6d1dcb50f83709083616a2624,flex,delivered,2026-02-15 10:43:14,
5bd5ed3a-62f6-4cb6-bf06-155a500241a9,2026-03-30,msg_00076,U743849e63f8101ac616f8fd0ba84a167,Ua61f7d191c636bc7ba64afddd18991e1,image,delivered,2026-03-30 20:35:01,
b1ca00c8-824a-4e00-afd4-8544896d9c8e,2025-12-25,msg_00045,Ue7310890b01058478be93761a56d0aa0,U3051856a95f3e5267cc981bef0648b48,video,blocked,2025-12-25 09:40:17,
269f07eb-a565-475c-8f15-2aa912a0d26f,2026-03-05,msg_00014,U3bae1603803a839c0cb52f511d9cb8f6,Ua07bab2851d1ad5df0044bee58af6e2d,flex,delivered,2026-03-05 17:38:13,
0b93da9e-d088-4861-a60f-8942c7f1a4f4,2026-01-31,msg_00035,U7e808d11d6f9901a954a542a7ee09918,Ufbb751daf29a5762ada4e53232fded99,text,opened,2026-01-31 18:43:47,
6b3ac2d6-2585-43e5-940f-9c02ec40ceca,2025-11-24,msg_00033,U3bae1603803a839c0cb52f511d9cb8f6,U5acec3dea660d8bdab5fe6c79ba685b2,text,delivered,2025-11-24 01:47:21,
0031af87-cfdf-4a88-816a-edc79982ca58,2025-11-23,msg_00053,U743849e63f8101ac616f8fd0ba84a167,Ueb21d1bae98b617bd2a36133602f9d9f,video,delivered,2025-11-23 20:00:59,
a713c529-59a9-427a-acb3-919c16de54ec,2026-02-20,msg_00048,Ue7310890b01058478be93761a56d0aa0,U79e341fb892a6d7df12b5cef3a13c405,flex,delivered,2026-02-20 21:42:16,
3034ba03-7d1a-4598-ae8c-cf9eccc1d8e4,2026-04-08,msg_00041,Ue7310890b01058478be93761a56d0aa0,U5f6aa047b9b8e11c8aeaab63e78837d7,text,failed,2026-04-08 13:08:53,
6be7219a-924b-49ac-959a-d1d42fbb0688,2026-01-24,msg_00066,U3bae1603803a839c0cb52f511d9cb8f6,Uc5b83ea28526ae8ec2d580e05d4f2f41,image,opened,2026-01-24 22:38:08,
8755c589-285d-4623-80bb-62b7ef5376b1,2026-03-31,msg_00046,U4784fc8a8e1e4eb2435ad84e0ad052f2,Ue1e89ae883cc95cc5eff41871ae7751b,flex,opened,2026-03-31 14:27:16,
30b7a61c-b738-4c4d-b608-0dd5cd740567,2026-03-14,msg_00009,U743849e63f8101ac616f8fd0ba84a167,U4f36a32e962e6ac581cad48e6b660484,imagemap,delivered,2026-03-14 22:53:40,
4ac4a621-9f18-4156-a200-8ebfd9a930b0,2026-04-05,msg_00054,U3bae1603803a839c0cb52f511d9cb8f6,U85f99e78021ec3b558b2a623ccae3401,image,delivered,2026-04-05 04:40:05,
39599f57-bac5-4101-aada-59e908a6403b,2026-02-09,msg_00083,U3bae1603803a839c0cb52f511d9cb8f6,U4b33f9a8bb617287fd5ac5688d968df5,flex,delivered,2026-02-09 19:45:42,
1faf458f-0196-45d1-88a3-801f0772c020,2026-01-18,msg_00102,U227d1cd1a801c367de206ec4bbca7330,U685339ed18f74ffac0789d75c987eee4,video,delivered,2026-01-18 00:51:02,
7f280240-df84-4fa3-b4a2-83c4d5b1d325,2025-11-30,msg_00025,Ub0341314a5534ea92b26fa8adc30543f,U0130199ba148a4107329417e04c9a8e4,imagemap,delivered,2025-11-30 09:01:21,
51da125c-f6fb-4779-8231-adfdc04728e7,2026-02-09,msg_00083,U3bae1603803a839c0cb52f511d9cb8f6,3dffa6bfd08be85ffbaac1e896119004,flex,clicked,2026-02-09 21:54:23,https://example-saas.jp/coupon/500off
8fdf4134-609d-4ed0-81b2-7b7d1816393d,2026-03-23,msg_00071,U3bae1603803a839c0cb52f511d9cb8f6,Ucfad5418a21184b9d563adcbd6d22200,imagemap,opened,2026-03-23 02:06:30,
7b8e8823-87f4-46cb-8ef5-82f144d12dd0,2026-04-04,msg_00049,U476acbdef8e9a16d24575e4f6d7b0f31,U9a944e40707ebc2a3c37d15cc128edb1,text,delivered,2026-04-04 02:01:20,
8d3e2e63-eec2-444a-9e23-d1ec1af99f22,2026-02-07,msg_00090,U4784fc8a8e1e4eb2435ad84e0ad052f2,Uaa32c68d3343fbf86f9016aaaa8ec7f0,imagemap,opened,2026-02-07 10:23:07,
8695c689-4da3-438b-86c8-fc0a8fa99d88,2025-12-19,msg_00064,Ub0341314a5534ea92b26fa8adc30543f,Ueaf8317d76bafc63c0613bf7a5feb551,image,opened,2025-12-19 17:20:26,
0ba6c114-640f-4ead-bee7-5338e16b51ee,2025-11-24,msg_00033,U3bae1603803a839c0cb52f511d9cb8f6,Ue6d83b64e14a35e2676ce3726159d9e8,text,delivered,2025-11-24 14:53:24,
ecf88dbf-1c6b-45b1-8d29-2548d648d845,2025-12-21,msg_00022,U3bae1603803a839c0cb52f511d9cb8f6,Ue3790954df32268ab0e5660aef005860,video,delivered,2025-12-21 08:44:26,
1635228b-9fb8-40cd-b32b-41df4821f844,2025-12-23,msg_00061,Ub0341314a5534ea92b26fa8adc30543f,U41d0e7840c73733e99e821e2b902706e,imagemap,delivered,2025-12-23 05:24:24,
7e4105fb-02b3-43f2-8b4f-f5cd0efbb0a9,2026-02-20,msg_00036,U879eb903ad90cd9c2874f6df7651267a,Uc31f5d38b9eab774d6c96c83a64297da,video,delivered,2026-02-20 18:32:08,
cb8d6cda-c310-43d1-bd9b-ba5689b01682,2026-02-14,msg_00042,U3bae1603803a839c0cb52f511d9cb8f6,U5564f88e38cbcfd2d11079018fe1c70e,video,delivered,2026-02-14 03:15:27,
c103209f-eefa-42e5-83ef-79b419f2865e,2026-03-08,msg_00112,U3bae1603803a839c0cb52f511d9cb8f6,Ub55da810285ef62a46102b8b245f67c2,image,opened,2026-03-08 04:40:21,
c8423e1f-0b19-44a6-ba79-ad7036b445e2,2025-12-18,msg_00114,Ub0341314a5534ea92b26fa8adc30543f,U6035d3f2eec819e6d76e7a5afd852b30,flex,delivered,2025-12-18 15:18:28,
3cfbf240-7193-4d86-9f77-908c6045228b,2026-03-16,msg_00002,U3bae1603803a839c0cb52f511d9cb8f6,U283efeec9d480e33645f18674d981f5d,text,delivered,2026-03-16 04:05:51,
d2179f1c-4d9d-4f7c-8208-ea263541d229,2026-03-16,msg_00002,U3bae1603803a839c0cb52f511d9cb8f6,Ua8af9b0f9b3f403722ccc89ba1dd8df3,text,delivered,2026-03-16 05:37:21,
952e723b-72f9-407e-8bcf-4ecae5e1fe4c,2026-03-06,msg_00055,U3bae1603803a839c0cb52f511d9cb8f6,Ufe53150a4a977873222ffe9752c01199,flex,clicked,2026-03-06 04:48:46,https://example-saas.jp/coupon/500off
e51e6164-8af0-410f-8131-5ffa5ca32ad5,2026-03-23,msg_00071,U3bae1603803a839c0cb52f511d9cb8f6,U175b64ecbf8e7ed07588d525cdf25596,imagemap,opened,2026-03-23 01:56:36,
1475dc78-738f-40c3-bcf8-07be3ddeb05f,2026-03-25,msg_00079,U743849e63f8101ac616f8fd0ba84a167,U037f1a9968353aaf216b9e4e66d4beba,text,delivered,2026-03-25 09:24:47,
deb5902a-f9af-4adf-8f6b-a3ddc9fd45b6,2026-02-07,msg_00090,U4784fc8a8e1e4eb2435ad84e0ad052f2,U1d29db14b314ba17255c292be67e3d50,imagemap,delivered,2026-02-07 02:09:13,
62f1b2b3-a15e-40ac-b1d2-d91080b0063b,2025-11-27,msg_00018,U3e5dd3a641c58ad50e49f095c6f1e306,Uca46f3427f3f41e585668f9b6671f021,imagemap,delivered,2025-11-27 07:46:56,
5f4ed6c8-0e99-462c-b96f-19a56f851b71,2025-11-27,msg_00018,U3e5dd3a641c58ad50e49f095c6f1e306,U1822ee07ffd90db2e17c80ca8a106fea,imagemap,opened,2025-11-27 05:42:24,
4c9aa10f-1353-4930-81d6-860d61d3a8b9,2026-02-07,msg_00090,U4784fc8a8e1e4eb2435ad84e0ad052f2,7de4866969c5b57124e26f8768cb5a1d,imagemap,delivered,2026-02-07 20:28:43,
3e6b8ff1-cb6d-47c9-add6-4fdeeb89767d,2025-11-25,msg_00043,U3e5dd3a641c58ad50e49f095c6f1e306,U0beb533245890b358c4a718e730c17a6,flex,delivered,2025-11-25 01:19:52,
8dcd50d9-3aaa-4674-ac3d-4c7836e2e822,2026-01-07,msg_00110,Ub0341314a5534ea92b26fa8adc30543f,Ud80ca074f12209f387303a1d62da8383,video,delivered,2026-01-07 02:17:17,
d08934e4-ed2e-4871-a93b-486cfc4c198f,2026-04-01,msg_00072,U4784fc8a8e1e4eb2435ad84e0ad052f2,Ua53d71519fee02945812129ab3290a3a,image,delivered,2026-04-01 22:27:53,
8c107430-d614-463b-84b0-6c1c64aa7909,2026-02-14,msg_00098,U743849e63f8101ac616f8fd0ba84a167,Ua92b32ebcccd8b1fb191df52f115c252,imagemap,delivered,2026-02-14 14:59:30,
8a14199f-9739-4414-a10c-8a010100b581,2025-12-19,msg_00064,Ub0341314a5534ea92b26fa8adc30543f,U1dfa3c8b139e2d4dd7fd2bc903f8c81b,image,opened,2025-12-19 07:27:31,
109e76ad-8856-478e-bad4-a4619d02fc76,2026-03-25,msg_00079,U743849e63f8101ac616f8fd0ba84a167,U0be9376961b11c4e96ec4d2caa436d01,text,opened,2026-03-25 09:59:26,
cbca1012-2661-4f32-9f9c-f090d91b94a6,2025-12-03,msg_00012,U743849e63f8101ac616f8fd0ba84a167,Ucd06fba469a98b946da2e9dbc2618458,imagemap,delivered,2025-12-03 04:50:42,
27f4e930-c05b-4187-9895-bb18603f3058,2026-03-31,msg_00046,U4784fc8a8e1e4eb2435ad84e0ad052f2,Ub37f463b00f62b6d435ceae30cdea6f2,flex,delivered,2026-03-31 20:09:55,
2a762588-0cc6-4450-8365-2836ac13d6d5,2026-01-24,msg_00066,U3bae1603803a839c0cb52f511d9cb8f6,U9e417697b030cdd6a103281ea3356886,image,opened,2026-01-24 16:41:42,
f1a97bd0-51c8-4a02-bb6c-99808bd0f646,2026-04-12,msg_00120,U227d1cd1a801c367de206ec4bbca7330,U3d61c075870aea38c57d916e50e60fcb,text,delivered,2026-04-12 08:54:06,
91acce3d-7252-4feb-b838-b0f35ac1b691,2026-03-26,msg_00040,U3bae1603803a839c0cb52f511d9cb8f6,Uc839d2377ab1910e6acd15d2fa7da5c7,imagemap,delivered,2026-03-26 22:15:47,
0f9fb259-096b-4892-b079-579dcc4fdae3,2025-11-23,msg_00024,Ue8d9224ecde331ce692edfce0b5ecdc4,U4d00e4410bc306700fbbc278d158ecff,text,opened,2025-11-23 01:29:58,
92d819be-5201-4148-9399-c83d81473831,2026-01-07,msg_00110,Ub0341314a5534ea92b26fa8adc30543f,U6c4b387be220cb03ee12b1e5c3230ce4,video,opened,2026-01-07 12:51:38,
c6a52858-a877-43aa-8281-7dfc03545612,2025-11-21,msg_00010,Ue7310890b01058478be93761a56d0aa0,U7e9ca95aff7dc929a77635ddf494c9b0,imagemap,delivered,2025-11-21 14:24:28,
92392fd1-2d41-432c-89c5-771caa0399b2,2026-01-17,msg_00037,U7e808d11d6f9901a954a542a7ee09918,U8baed35165a6aa7916f48dbd9eec44d7,text,delivered,2026-01-17 06:15:45,
eaf4525c-a203-4ff8-8c19-0ae6eabdaaf2,2026-02-15,msg_00006,U743849e63f8101ac616f8fd0ba84a167,Ud7c261afaff41ab824d9661ba992826a,flex,delivered,2026-02-15 17:15:33,
2b6769b7-df37-4202-8fae-3fc7649ea116,2026-04-01,msg_00072,U4784fc8a8e1e4eb2435ad84e0ad052f2,Uc3963cd07d3430e00ff4d960b8931735,image,delivered,2026-04-01 02:15:29,
81dffa2a-462e-4456-806b-7a632e65420d,2026-03-26,msg_00040,U3bae1603803a839c0cb52f511d9cb8f6,U3f4f386cf3edc948be3ef4b9be05782e,imagemap,delivered,2026-03-26 18:28:00,
118562bd-353b-4db7-90f7-bc61db30211a,2026-04-04,msg_00049,U476acbdef8e9a16d24575e4f6d7b0f31,U7c949c013d1a3093c5720cc463bec903,text,delivered,2026-04-04 18:35:27,
35065a55-9edf-4894-a2ae-a7eed2c327e1,2025-11-30,msg_00025,Ub0341314a5534ea92b26fa8adc30543f,21cba65cc7cbc946ec187f233457e62d,imagemap,clicked,2025-11-30 14:16:19,https://example-saas.jp/campaign/spring
9d193bb7-39dc-4f1e-8b2e-9380ab8bac14,2025-11-30,msg_00025,Ub0341314a5534ea92b26fa8adc30543f,U3cafa19a24c5c5fd6d9ea5f711c7e495,imagemap,opened,2025-11-30 06:53:29,
a75d63fb-ac20-40ab-8e9f-ea1f0931f3ea,2026-02-25,msg_00008,Ub0341314a5534ea92b26fa8adc30543f,Ue071aa91edc737b889d484120eae3343,image,delivered,2026-02-25 11:09:57,
a118eab5-8a18-466a-b19b-eb5340552dd8,2026-02-15,msg_00087,U3bae1603803a839c0cb52f511d9cb8f6,U8381073347fcafa80c3e80e1018d3aa9,imagemap,opened,2026-02-15 21:17:52,
abd4ce40-a1fc-4f00-b360-b518bcd5374e,2026-04-12,msg_00120,U227d1cd1a801c367de206ec4bbca7330,Uc1ede72fd7331250af0bb9c2cf4b2063,text,delivered,2026-04-12 04:16:05,
ed253b2e-de68-4921-a3ab-1f5750d4b4cf,2025-12-15,msg_00030,U3bae1603803a839c0cb52f511d9cb8f6,7f85c349f705d484c57ac9ef3f57220e,video,delivered,2025-12-15 23:02:43,
659a6b57-815b-42f3-b1f4-f4985be27c04,2026-03-27,msg_00096,U476acbdef8e9a16d24575e4f6d7b0f31,U2234473bde1d82354e7b98acd564c9ea,imagemap,delivered,2026-03-27 12:44:49,
92cd7c7b-b033-46b1-a033-207ccb3cb34f,2026-03-11,msg_00067,U7e808d11d6f9901a954a542a7ee09918,U8fadac75d2443c050acab83f16fda02e,video,delivered,2026-03-11 15:00:16,
ff72d0f9-66eb-4179-a3a5-62faea417e5e,2025-12-25,msg_00045,Ue7310890b01058478be93761a56d0aa0,Uf7f01412a92ee1fa6a0109843562b101,video,delivered,2025-12-25 17:51:00,
fe17e26f-ea46-4c2a-b519-7bbbcee5c407,2026-01-24,msg_00066,U3bae1603803a839c0cb52f511d9cb8f6,Uc9d91da14ddd4f311dec800266c4a633,image,delivered,2026-01-24 08:42:10,
57c94468-7519-493d-9d96-a1a1b4f91e5c,2026-02-09,msg_00083,U3bae1603803a839c0cb52f511d9cb8f6,U6333df0b14a62a4a2c3993fec1778e0c,flex,delivered,2026-02-09 12:48:49,
e2381ee2-29e3-4e8b-b4cd-6ece29f1d436,2025-11-23,msg_00024,Ue8d9224ecde331ce692edfce0b5ecdc4,U8c12e470c584acc2b167dd953f4723c1,text,delivered,2025-11-23 02:24:49,
f6556f41-239b-4fea-9687-04eb3cd90f6e,2025-12-12,msg_00029,U743849e63f8101ac616f8fd0ba84a167,Ue50dc3c5869ef0ccac7c5d0b64017f83,imagemap,opened,2025-12-12 08:59:59,
e4e10c63-9382-41dd-9d43-00e24263859a,2026-01-24,msg_00066,U3bae1603803a839c0cb52f511d9cb8f6,U150b470f582ee2a60692103333d16621,image,delivered,2026-01-24 07:39:20,
44c38654-1926-4ac8-8b51-4b4ec03dfa20,2026-03-22,msg_00119,U3bae1603803a839c0cb52f511d9cb8f6,f8bdc3bf075cf4df0d7e60d1b03ed8a3,imagemap,opened,2026-03-22 13:21:49,
181ed4ed-d2ef-4e6f-a7c0-1f31c95b9f93,2025-11-23,msg_00053,U743849e63f8101ac616f8fd0ba84a167,U17344ba8c70cc384d9e0371179a73572,video,delivered,2025-11-23 05:37:23,
e9c6052e-7e03-425f-99dc-f5b57a4ad9ac,2026-03-23,msg_00071,U3bae1603803a839c0cb52f511d9cb8f6,U679033a698b7d66fef0387f8a244df4b,imagemap,delivered,2026-03-23 11:01:08,
01477f9a-d1b8-4029-825c-0aec170ee36e,2026-04-01,msg_00072,U4784fc8a8e1e4eb2435ad84e0ad052f2,U04c0ad1737f0acdfea1f6faacffaffa8,image,delivered,2026-04-01 20:40:35,
e17ec69c-c59c-428f-aeac-3587ff742e95,2026-04-10,msg_00101,U743849e63f8101ac616f8fd0ba84a167,Uc5c537e8709f999c19a4a579a9fad179,imagemap,opened,2026-04-10 16:05:34,
1c628157-b3ba-4a35-896d-5d15327cc8df,2026-04-12,msg_00105,Ud4a92c8c8050eed40ef171cc2784d638,Uec64625b2e335dfb8b74620fadebca2d,flex,delivered,2026-04-12 14:41:12,
5764341d-b922-42a5-bcc2-d685bbb3be5b,2026-01-26,msg_00063,Ub0341314a5534ea92b26fa8adc30543f,U2639020e93c079aea15a59bf0aae810f,imagemap,delivered,2026-01-26 20:18:52,
e38239b9-d59e-4ff4-9efb-c21dcb445a8c,2025-11-16,msg_00020,U3bae1603803a839c0cb52f511d9cb8f6,U2cdf5d921d75ea25f8f79ea72452431e,text,opened,2025-11-17 00:07:07,
f3a18f6a-a1d9-4f07-850d-eec88397d1a4,2025-12-31,msg_00082,U227d1cd1a801c367de206ec4bbca7330,U5214055f1b8e4f8165e15f8bf67124f6,imagemap,delivered,2025-12-31 15:46:23,
35f79877-bb86-4040-bf49-de02806f1156,2026-03-22,msg_00119,U3bae1603803a839c0cb52f511d9cb8f6,U4c105bce97f1ebed0be8069a8b888955,imagemap,delivered,2026-03-22 07:58:30,
61e2b755-e786-454f-91ac-2ce87ee3c48b,2026-02-14,msg_00042,U3bae1603803a839c0cb52f511d9cb8f6,U95e627f5db304d37968c5d6302765252,video,delivered,2026-02-14 07:34:39,
7c697d02-b515-40e4-88a1-034e752b10e5,2025-11-21,msg_00010,Ue7310890b01058478be93761a56d0aa0,Udbe44bbd68043103aafb2acc0048268d,imagemap,opened,2025-11-21 20:36:35,
ead0850b-465e-451e-903b-d25dd2051e66,2026-01-18,msg_00102,U227d1cd1a801c367de206ec4bbca7330,U6daf501e814423c6c3a240abb121f673,video,opened,2026-01-18 08:08:29,
c028de91-7275-4a02-9c8b-6899919664b9,2025-12-09,msg_00059,U3bae1603803a839c0cb52f511d9cb8f6,Ue1962e52b4faac0a8a2bf92398382eb1,imagemap,clicked,2025-12-09 10:24:30,https://example-saas.jp/campaign/spring
73ff2f72-c456-4e12-9d3a-b718681890c5,2026-02-20,msg_00036,U879eb903ad90cd9c2874f6df7651267a,U4fb86c5c6a229809011b02c4b947a2b3,video,delivered,2026-02-20 04:56:30,
85cc3c30-9ce9-4320-852d-70d4b767fad6,2026-03-26,msg_00040,U3bae1603803a839c0cb52f511d9cb8f6,U262509284911f10b15a829ee08791086,imagemap,delivered,2026-03-26 23:47:01,
09abd447-15d7-44e4-bc0f-1ceffa53aa28,2025-11-21,msg_00010,Ue7310890b01058478be93761a56d0aa0,Uf96c43317220d1ca69671d849591f7d1,imagemap,delivered,2025-11-21 13:16:40,
6cb0d2e5-d3c7-4742-986a-9d42eb450dac,2026-04-04,msg_00100,U743849e63f8101ac616f8fd0ba84a167,U0f4694192cb91358a0f0a30bb85da7ca,image,delivered,2026-04-04 07:00:28,
cf4180ba-dfd8-42ff-8df0-41dfe84796b1,2026-03-31,msg_00046,U4784fc8a8e1e4eb2435ad84e0ad052f2,U1a1e77cf8e21306296d2de7ee4df3af4,flex,delivered,2026-03-31 22:18:31,
1d86f369-894b-4f46-802b-375041833692,2026-02-01,msg_00075,Ub0341314a5534ea92b26fa8adc30543f,Ub71175c1720cefe8265436d73b028afd,imagemap,opened,2026-02-01 21:51:49,
d120d1c4-1bd3-42b5-9845-849f088b7e8d,2026-01-24,msg_00007,Ub0341314a5534ea92b26fa8adc30543f,U804494d1f1ebc16c7aa220e815aede68,imagemap,delivered,2026-01-24 07:30:03,
ed2ebfea-c3f9-4588-b742-bfa370a9a364,2026-01-26,msg_00063,Ub0341314a5534ea92b26fa8adc30543f,U1e2ffc8fd7afff4ce13c8cddb38f497a,imagemap,opened,2026-01-26 21:53:54,
ec10a5bf-2411-4d2d-82e0-043ef8b06279,2025-11-30,msg_00025,Ub0341314a5534ea92b26fa8adc30543f,Udca70ce626cc20f5555f9b0591e5ff38,imagemap,opened,2025-11-30 07:29:35,
ffda3e14-9baa-44d0-8664-860525d70681,2026-02-28,msg_00117,U743849e63f8101ac616f8fd0ba84a167,Uf08f133fcc5dc6f89333b89d05733d7c,video,delivered,2026-02-28 21:03:54,
56313a50-8ce2-4820-8d36-30c90bb0dfb6,2025-12-25,msg_00077,U743849e63f8101ac616f8fd0ba84a167,U11ccca00e81732a1266a44ab0dbee3be,text,opened,2025-12-25 13:11:40,
adc5bc23-97a0-4c07-bb85-56d327ec9422,2025-12-19,msg_00064,Ub0341314a5534ea92b26fa8adc30543f,U2f0722d595fdf43dd8fa6ad7a0f6df3c,image,blocked,2025-12-19 19:27:55,
142c4973-e984-4fc1-9c2c-71556d8dcf7c,2025-12-24,msg_00091,U3bae1603803a839c0cb52f511d9cb8f6,U6d7ffcda04cd63923b8fdffe6c91307b,imagemap,delivered,2025-12-24 20:27:24,
52d6f765-d28c-41d7-a125-5a6497a1cb5a,2026-01-20,msg_00108,Ub0341314a5534ea92b26fa8adc30543f,4f3de910826e01d84bd7b13f29341365,flex,opened,2026-01-20 12:22:49,
53b62df1-225d-4408-a266-c5bf1503d498,2026-04-06,msg_00074,U3bae1603803a839c0cb52f511d9cb8f6,U5de94a96529f24444e37e933db79b527,text,opened,2026-04-06 08:36:08,
ac6176da-2bec-4eef-b264-a7e928778d1d,2025-12-18,msg_00070,Ue9a1e8a5b83a6b296d43c957a8cfba4a,Uca0b6c94f111a078ca46a5c1993bd4e3,imagemap,delivered,2025-12-18 08:53:26,
1ff7e169-05c4-4d74-ae89-750ed5f47694,2026-02-11,msg_00105,Ub0341314a5534ea92b26fa8adc30543f,U9f87300bc3b9ef84096b981b6195285d,image,unsubscribe,2026-02-11 09:32:41,https://example-saas.jp/campaign/spring
f69b7189-81ac-4937-b980-73f2afaa830e,2025-12-08,msg_00015,Ub0341314a5534ea92b26fa8adc30543f,Ud81494ca808e583489d1eb99257deed7,text,delivered,2025-12-07 07:46:36,
0a540a93-77f0-49a1-8e12-01f085bb3449,2025-12-22,msg_00013,Ub0341314a5534ea92b26fa8adc30543f,U81befee747ffe7d7aeae0e28ce19a3af,image,delivered,2025-12-22 02:57:48,
b0e55b9d-2804-4929-a1b0-ab47a8b058ff,2025-12-17,msg_00032,U3bae1603803a839c0cb52f511d9cb8f6,7fe7b4ee1556a3cdb4f47829f3228600,video,delivered,2025-12-17 06:33:33,
2ad643fd-2969-448f-8fd1-336d741fd133,2026-04-08,msg_00078,Ud4a92c8c8050eed40ef171cc2784d638,Ua3d097f9a59733831d1b718f0792a5c9,image,opened,2026-04-08 00:41:31,
a03f149a-9019-45e4-b210-767697ad6ea2,2025-12-09,msg_00069,Uc20f9c7e9b662bedec3cb78e127885c7,Ud984208ae9f5d5245784e45a1a9b4672,imagemap,opened,2025-12-09 10:01:06,
f1284368-e35c-4b7c-81f3-e614255ba20b,2026-02-07,msg_00090,U4784fc8a8e1e4eb2435ad84e0ad052f2,U04a6220defea81efad50dfaac263e2e2,imagemap,delivered,2026-02-07 21:59:06,
3e3b4ccd-2289-4240-84bd-5fcf350b331e,2025-11-27,msg_00018,U3e5dd3a641c58ad50e49f095c6f1e306,U368f1d7a49725b5825c4e72c971d0d09,imagemap,delivered,2025-11-27 14:48:09,
5aa6fcae-b813-436e-8097-42c71a7afbe7,2025-12-03,msg_00012,U743849e63f8101ac616f8fd0ba84a167,U8706bd6da851399f7d97bfbdf29f27e0,imagemap,delivered,2025-12-03 02:17:21,
faa8842b-1330-4610-8784-60a72ef585a3,2025-11-23,msg_00016,Ub0341314a5534ea92b26fa8adc30543f,U37d64d5c06eb62dd430ba4c13edaa0ae,imagemap,open,2025-11-23 10:10:31,
409bc9ee-9bfe-41f8-89e8-e77c5df358de,2026-02-15,msg_00089,U3bae1603803a839c0cb52f511d9cb8f6,U12dc269a3f4a71fe7428939f709af454,text,delivered,2026-02-15 04:51:38,
cfa75fc5-0af5-4841-9be5-c88af7cbd19b,2025-12-24,msg_00091,U3bae1603803a839c0cb52f511d9cb8f6,Uc368150accec2968ca4acfd14291c2ec,imagemap,clicked,2025-12-24 06:22:18,https://example-saas.jp/campaign/spring
49d646db-b0c9-44e7-b29b-f6dba5c5b82f,2025-12-19,msg_00118,U4784fc8a8e1e4eb2435ad84e0ad052f2,U9f7d66408b556ef6f1648d874da5ca59,image,delivered,2025-12-19 11:10:19,
267117e3-e363-436c-a08d-96a9461542da,2026-03-22,msg_00119,U3bae1603803a839c0cb52f511d9cb8f6,U91cab7a9fd29a1c70caf3b84cfa5adba,imagemap,delivered,2026-03-22 09:55:25,
847f785d-7b9a-4cad-aa8a-c33321e670c7,2026-01-13,msg_00060,U3bae1603803a839c0cb52f511d9cb8f6,U753522f8bcc6cec65894330eb16988dc,image,delivered,2026-01-13 15:32:08,
1513b6b5-e13d-4e96-ad6c-84ca278112fb,2026-03-21,msg_00023,U743849e63f8101ac616f8fd0ba84a167,U9dee5df12b61e365699007be2d7df40f,imagemap,delivered,2026-03-21 13:32:54,
a40fccf8-2345-4aae-a736-62393b789023,2025-11-16,msg_00020,U3bae1603803a839c0cb52f511d9cb8f6,Ua7f36f7defc464ad9c525ae34bda6099,text,clicked,2025-11-16 12:18:43,https://example-saas.jp/coupon/500off
cdb676f0-b7b5-479f-b5db-c432c58e67e9,2025-11-22,msg_00047,Ue7310890b01058478be93761a56d0aa0,Ue7171a37917966a092d266b656bcfa54,video,delivered,2025-11-22 03:28:48,
cb4907a9-d557-4a09-9152-1780f12dffb2,2025-12-21,msg_00022,U3bae1603803a839c0cb52f511d9cb8f6,U6b7575794d5a8bff9885c8de37de6b0b,video,delivered,2025-12-21 04:14:29,
9fe9cae4-c0d6-4c2a-9843-344d3cb00211,2026-04-10,msg_00101,U743849e63f8101ac616f8fd0ba84a167,Uf3f3353712ea614c613746d8ba88a667,imagemap,delivered,2026-04-10 08:15:25,
56958f34-80b6-421f-ba7b-ca61d72978ae,2025-12-25,msg_00045,Ue7310890b01058478be93761a56d0aa0,U3f23f19a15661469426d0b589a598b31,video,delivered,2025-12-25 04:40:02,
8d5da4ae-c44e-43b5-a0d5-d9d287f14373,2026-03-11,msg_00104,Ub0341314a5534ea92b26fa8adc30543f,U64b460feadd137e082eeceadb9ce0599,image,opened,2026-03-11 06:33:09,
1d54d23e-a311-42fa-b0a5-968e75e3970f,2025-12-09,msg_00069,Uc20f9c7e9b662bedec3cb78e127885c7,Uefb1d9025f672d7970cbbb80fb61915d,imagemap,delivered,2025-12-09 13:30:18,
837d2cef-35a9-4064-a0ab-879f0ad2f59d,2026-01-14,msg_00081,Ue7310890b01058478be93761a56d0aa0,Ub9182e78ed1d8609f675cafd82b8f7d2,video,delivered,2026-01-14 15:01:29,
4c047342-0a44-4c57-8a35-6753a9af500a,2026-03-08,msg_00112,U3bae1603803a839c0cb52f511d9cb8f6,U2bb0774453ee28b1fb40edbe6897c117,image,opened,2026-03-08 22:43:19,
5a89d9d3-61d1-42a5-954b-2e3a6183fdc4,2026-03-03,msg_00093,U743849e63f8101ac616f8fd0ba84a167,dbb225df7efcfd172602bc7fb154486b,imagemap,clicked,2026-03-03 13:44:00,https://example-saas.jp/lp/newmenu
3b995f26-02c7-4d97-a3d0-1244c39a6d6c,2026-01-20,msg_00108,Ub0341314a5534ea92b26fa8adc30543f,89e4bcb7e7b39b1f282a8739dadb06aa,flex,delivered,2026-01-20 21:37:11,
8805b265-457e-47ab-b233-1893773b575b,2026-03-31,msg_00046,U4784fc8a8e1e4eb2435ad84e0ad052f2,U76ae15d330cb5df89e1e3f753a686281,flex,delivered,2026-03-31 11:24:39,
b3248362-d3a8-4383-a998-9bac33b7c612,2025-12-18,msg_00070,Ue9a1e8a5b83a6b296d43c957a8cfba4a,U9fdc6d50b884434acd8796f10b658b5d,imagemap,delivered,2025-12-18 13:00:34,
99689cb4-9268-4b66-b504-ca3c6d86aedb,2026-02-14,msg_00065,U743849e63f8101ac616f8fd0ba84a167,U6f066771c7837721bd95046c63497ade,image,delivered,2026-02-14 08:09:31,
c586adc8-fd0b-42f0-bc15-2b27a68646e3,2026-02-14,msg_00042,U3bae1603803a839c0cb52f511d9cb8f6,U9bc4a1a7622ceb4a1ea3b04440d35398,video,failed,2026-02-14 21:48:53,
41e5ef49-8129-4c88-83c6-a1d937091824,2025-12-24,msg_00062,Ub0341314a5534ea92b26fa8adc30543f,088120ee3c85278bac858e366f5bc4b4,video,delivered,2025-12-24 12:33:08,
4bde470a-c518-422b-8114-5b87ab376d43,2026-03-04,msg_00056,U1ca413826b7044d134c9c3132420c9de,U8f15534bca64fee844f2d2a371c0fd15,text,delivered,2026-03-04 23:30:59,
b4ae4689-cfc2-434d-864b-0fdc14daed74,2026-01-30,msg_00050,U3e5dd3a641c58ad50e49f095c6f1e306,ec94adc058987a3a9f2f053a210acb18,image,delivered,2026-01-30 05:30:10,
cf58e690-3a24-42e6-9ace-373a1a9511a7,2026-02-14,msg_00042,U3bae1603803a839c0cb52f511d9cb8f6,U3da5dfe4e02abe27e044f2d866a17adb,video,delivered,2026-02-14 21:28:06,
4f9e4382-03e3-4ba0-aa1d-8a5dec49ccec,2026-04-01,msg_00072,U4784fc8a8e1e4eb2435ad84e0ad052f2,Ub190476ca59db80272c82d563889b2ad,image,opened,2026-04-01 07:37:02,
4d7995f0-7f96-49df-8dbe-25eb5429eef2,2026-02-05,msg_00107,U3bae1603803a839c0cb52f511d9cb8f6,Ube3b10178c6347209c49649b2f16c946,text,delivered,2026-02-05 09:28:49,
e49d59c9-d535-40ec-bbbb-3e008d8debec,2025-12-22,msg_00013,Ub0341314a5534ea92b26fa8adc30543f,472f832c4c3629e0d9c1b52706e1df7e,image,delivered,2025-12-22 09:05:54,
f942fc16-8991-4017-8134-33b0d715fea6,2026-01-24,msg_00066,U3bae1603803a839c0cb52f511d9cb8f6,53c8e32f3918bb582f3f33860a025da7,image,opened,2026-01-25 00:42:21,
930b3b65-b0a9-4305-9f5b-47efbb7196a1,2026-03-26,msg_00040,U3bae1603803a839c0cb52f511d9cb8f6,U753253d681c2270bbfd9a699a5f3b441,imagemap,delivered,2026-03-26 02:37:20,
a3ba949f-b1c7-42e2-b030-cbb35354ddfa,2026-04-12,msg_00120,U227d1cd1a801c367de206ec4bbca7330,U661c49b1f3d84c782c5fe0abf7bac443,text,delivered,2026-04-12 05:43:56,
762d9d1d-373b-4cf4-ac68-9befbfdb5017,2026-01-24,msg_00113,Ub0341314a5534ea92b26fa8adc30543f,U2366a12cc03d4912d632b10278b4a24a,text,opened,2026-01-24 08:49:55,
4b971da6-f461-4dfe-9139-c4e57b37905c,2026-01-07,msg_00110,Ub0341314a5534ea92b26fa8adc30543f,Ud6e198462d21ea9a5f3f0f76d121a928,video,opened,2026-01-07 12:32:33,
2f366903-0352-4b66-81ef-9b8a28c0f955,2026-03-20,msg_00106,U3bae1603803a839c0cb52f511d9cb8f6,U78c461edbe1ed325c23b351928a55a77,video,opened,2026-03-20 12:08:08,
b7031891-9831-4e10-b7c8-41db51cedb4f,2025-12-25,msg_00077,U743849e63f8101ac616f8fd0ba84a167,Ub990b27d81905c955f45f13257971d75,text,delivered,2025-12-25 17:01:59,
da0bec72-e40e-41f1-a6d9-b094e1715f40,2025-12-25,msg_00045,Ue7310890b01058478be93761a56d0aa0,Uceb5d139f5714574b0ae1c6eb4b92adb,video,delivered,2025-12-25 23:51:11,
aaeb42de-3ced-403b-83d6-c2e476d89a38,2026-03-16,msg_00002,U3bae1603803a839c0cb52f511d9cb8f6,U893362912e4dda1cffeef88142117f9d,text,opened,2026-03-16 18:13:57,
1034b77c-ae94-4be9-b363-d95272397fb0,2025-12-19,msg_00118,U4784fc8a8e1e4eb2435ad84e0ad052f2,U709047dfa1187ef19e6a800c1b2cba6d,image,delivered,2025-12-19 14:53:34,
1bd29f30-2b08-4e40-b8da-c28031a54e2e,2025-12-22,msg_00013,Ub0341314a5534ea92b26fa8adc30543f,Ubdb370c5e1dc7cb5d5ed4a1ec06cffb7,image,opened,2025-12-22 08:13:53,
2cf82afd-5be5-40e2-b4d0-44262b435fee,2026-03-04,msg_00056,U1ca413826b7044d134c9c3132420c9de,Ua589b463ac742733a83cda57c576e956,text,opened,2026-03-04 02:56:03,
108b25ba-9aae-4472-b5d9-1226b78af229,2026-03-06,msg_00055,U3bae1603803a839c0cb52f511d9cb8f6,Ub50de4478cc4c8795d5b5027f5e59985,flex,opened,2026-03-06 23:34:18,
a6c07eaa-f904-42cb-8cf9-5bbb1c07c771,2025-12-25,msg_00077,U743849e63f8101ac616f8fd0ba84a167,U2eb09cb8af15a3e9cb78720b3e7992c1,text,delivered,2025-12-25 06:04:08,
24c2ced7-707c-45d3-a5d6-3e6c19186a5f,2026-02-09,msg_00083,U3bae1603803a839c0cb52f511d9cb8f6,U2d80de3947b8ce8c8123f37b98a77604,flex,opened,2026-02-09 12:18:06,
0bee48d7-eda7-46ef-aa53-8dfbc4a7dbd4,2025-12-25,msg_00045,Ue7310890b01058478be93761a56d0aa0,U996793f89fa14fb93af5623d0d27ea26,video,delivered,2025-12-25 01:33:34,
0f8b48f2-2be6-482f-b495-76955abed202,2026-01-24,msg_00007,Ub0341314a5534ea92b26fa8adc30543f,Ufa050ddf27f8019b1fd07768533e2637,imagemap,delivered,2026-01-24 01:39:35,
955efc7a-69ed-406e-9240-557b5bf4838c,2026-01-18,msg_00102,U227d1cd1a801c367de206ec4bbca7330,Uf73ad0747438b0b457fd272a9038a5c1,video,delivered,2026-01-18 12:12:00,
54149fce-645d-498d-8415-8369f29f7898,2025-12-03,msg_00012,U743849e63f8101ac616f8fd0ba84a167,U552b16e55da5e9ef03a420b6e57218c2,imagemap,delivered,2025-12-03 01:56:59,
da349b24-9b24-4e32-8270-dec151ed58bb,2026-03-08,msg_00112,U3bae1603803a839c0cb52f511d9cb8f6,U6c20c9e84512e2211bbac5b80d1e34b9,image,delivered,2026-03-08 06:08:13,
d2be7142-44a5-463e-9da1-b5447dbe4b96,2026-01-09,msg_00052,U743849e63f8101ac616f8fd0ba84a167,Uad70a7cf9aa3e5434f3b7300f9afc2e5,video,opened,2026-01-09 22:59:04,
83a0c4aa-077e-46ba-9eb4-abf8bd6f1fd2,2026-02-20,msg_00095,Ub0341314a5534ea92b26fa8adc30543f,df12da77ccd10a047536f57386d0fb3c,text,delivered,2026-02-20 09:27:28,
ca126c14-6346-463f-a30b-e93249f734a6,2026-04-04,msg_00100,U743849e63f8101ac616f8fd0ba84a167,Ubd2d58fd285e8a6d63115c99bf638623,image,delivered,2026-04-04 12:52:59,
3d7ab004-0c17-4b3c-befd-aeec5166d713,2025-12-03,msg_00012,U743849e63f8101ac616f8fd0ba84a167,U01f92db904eeac226648925747862844,imagemap,clicked,2025-12-03 18:43:47,https://example-saas.jp/campaign/spring
bacaf4ae-5d07-4be8-97ee-cd1f4a4d6e22,2025-12-07,msg_00003,U227d1cd1a801c367de206ec4bbca7330,Ua8f3f437785d04e13cbd90592f87f108,image,delivered,2025-12-07 07:46:02,
1da7af28-6d02-4304-91b5-4e4a96857b0e,2026-04-01,msg_00072,U4784fc8a8e1e4eb2435ad84e0ad052f2,U1a16ae25de2f2ada252d531e4870e2f7,image,delivered,2026-04-01 03:38:34,
3e54a42f-a5a1-40cd-8028-b538e2921889,2025-12-24,msg_00062,Ub0341314a5534ea92b26fa8adc30543f,U1f1343ac0d7131ce1024e7f241144201,video,opened,2025-12-24 03:37:10,
73ca864c-ee0a-4acd-a078-bb8e9147670b,2026-01-07,msg_00110,Ub0341314a5534ea92b26fa8adc30543f,U39060c8c9b95ae19eb366ba94f2d26cf,video,delivered,2026-01-07 15:05:27,
fc0a238e-b7b4-47dc-a831-273f29408772,2026-03-11,msg_00067,U7e808d11d6f9901a954a542a7ee09918,U20f1c16a46ca24ef46afd8ad69db005d,video,opened,2026-03-11 12:29:50,
e16b78f3-12b9-4794-9b54-f807ce5aae0e,2026-02-05,msg_00107,U3bae1603803a839c0cb52f511d9cb8f6,U067d45b061a97cae765ec090fc83fc56,text,clicked,2026-02-05 23:23:29,https://example-saas.jp/campaign/spring
50c765cb-e1d8-477c-b437-3c551a9bf2e9,2025-11-24,msg_00033,U3bae1603803a839c0cb52f511d9cb8f6,Ue72d46ab74bd326487b2dc76c911318d,text,opened,2025-11-24 02:44:43,
6ceed9da-5740-455f-b02b-500f429a1ae7,2026-01-14,msg_00081,Ue7310890b01058478be93761a56d0aa0,U207af9ff32c583ed0afc3c832ef9f5a3,video,blocked,2026-01-15 05:01:51,
2425d24c-efe0-4c1c-ac2c-a84e42d8f948,2026-02-10,msg_00058,Ue9a1e8a5b83a6b296d43c957a8cfba4a,U929d67fc1d7447b948e181b8d2383da6,video,opened,2026-02-10 08:29:37,
6fd0a78d-637e-4e89-9cce-96cbc90afd04,2026-04-05,msg_00054,U3bae1603803a839c0cb52f511d9cb8f6,U2d6f31aad2677c9823ad32fd0ae158e1,image,delivered,2026-04-05 01:44:40,
de39094b-51a0-45cb-b6c2-bf40c5011588,2026-01-24,msg_00007,Ub0341314a5534ea92b26fa8adc30543f,U7a2deda1ebde4f8cc230d4caff135f2c,imagemap,delivered,2026-01-24 01:34:39,
2e936da9-b4b8-4455-8cb3-5bdede48c785,2026-01-24,msg_00113,Ub0341314a5534ea92b26fa8adc30543f,Ufa510d646a1df1750152dbd95ae4502f,text,delivered,2026-01-24 09:08:03,
53d76441-d6ce-441d-acd5-93f74d4ad5d9,2025-11-17,msg_00099,U3bae1603803a839c0cb52f511d9cb8f6,Uca131df06fcfd07d96984d0c677694f2,text,delivered,2025-11-17 08:09:52,
c6a0969b-8f5b-4665-90d9-20b558554a7b,2025-12-23,msg_00109,Ue7310890b01058478be93761a56d0aa0,U5a6ef3c64ec8cbb273f3dd3fbb8aa228,text,delivered,2025-12-23 00:22:41,
97eb3f79-1cf8-4550-b521-5f80bd195841,2026-03-16,msg_00002,U3bae1603803a839c0cb52f511d9cb8f6,Uf7a98842cf83d13bdd53e488f84e91aa,text,delivered,2026-03-16 03:05:29,
ebcbcc8e-00aa-465b-8018-51924ef9289c,2026-01-20,msg_00026,Ud4a92c8c8050eed40ef171cc2784d638,U3cecb3e029679e33cf1b1c7340e22761,imagemap,opened,2026-01-20 03:45:37,
430af260-ad85-4c6f-8895-08710857b56b,2026-04-12,msg_00120,U227d1cd1a801c367de206ec4bbca7330,U9c0cc7d74c22c6f578e9b77618b48590,text,opened,2026-04-12 17:02:07,
968b102d-913c-4446-b832-2221ca7cb8ae,2026-04-12,msg_00105,Ud4a92c8c8050eed40ef171cc2784d638,U694c21a68ab9c557f6979f4ed383536c,flex,delivered,2026-04-12 02:56:56,
03cae44e-1572-4d7e-8db2-ed08b0f23744,2025-12-14,msg_00085,U743849e63f8101ac616f8fd0ba84a167,U394c9e5bcb84465503396e4dc5e46cc9,image,delivered,2025-12-14 06:18:54,
9e7a66d4-22c0-4265-a50f-db3db4ee5368,2026-03-29,msg_00097,Ub0341314a5534ea92b26fa8adc30543f,U7545a1296585544f003d75a5287264f0,text,opened,2026-03-29 10:31:59,
d405e57c-42b9-457a-8066-bb000def551d,2026-03-11,msg_00067,U7e808d11d6f9901a954a542a7ee09918,U6bd36607ece95993690e0a8f90e9ed10,video,failed,2026-03-11 06:07:00,
170d0965-cdd6-4cc5-8198-38dcaadd27d5,2026-01-13,msg_00060,U3bae1603803a839c0cb52f511d9cb8f6,U6b57b1740c5a5d7db97d02b93a9c8735,image,delivered,2026-01-13 04:01:40,
25b54a45-8267-47ec-9831-c09b03942289,2026-04-08,msg_00078,Ud4a92c8c8050eed40ef171cc2784d638,U68f1137e79604e1e088ebc45e353b264,image,clicked,2026-04-08 23:40:59,https://example-saas.jp/campaign/spring
328adea1-4557-42a5-b358-d0250bcb5702,2025-12-24,msg_00062,Ub0341314a5534ea92b26fa8adc30543f,Uee62f84c33129e71341fc6bf5d5b50f3,video,delivered,2025-12-24 01:21:06,
abc6eb3e-2fc3-4c8e-b03f-2ba4c9f37a0d,2025-12-19,msg_00064,Ub0341314a5534ea92b26fa8adc30543f,682d8cdb348d5e481dd0d760cb0b77a3,image,delivered,2025-12-19 08:20:15,
1cfee14d-f7e2-4f41-8ee1-6653c3eb3ed5,2026-03-31,msg_00046,U4784fc8a8e1e4eb2435ad84e0ad052f2,U2b67cd4ee7dd4893f92a8e496e38a949,flex,opened,2026-03-31 15:25:49,
b08b16b2-35ad-4991-ab88-3d5a3a2ecead,2025-12-25,msg_00077,U743849e63f8101ac616f8fd0ba84a167,U75963c14fbcd613d7a1fd1be51cf8066,text,delivered,2025-12-25 10:23:41,
801f81d4-56ab-4e4f-93ea-3e0799b5b90d,2026-03-11,msg_00067,U7e808d11d6f9901a954a542a7ee09918,U22e4972d26749b8bc9897f62a4331e4b,video,delivered,2026-03-11 02:15:06,
abd3bf4e-d203-49ff-a5ec-b69e21cb8f4d,2026-04-08,msg_00078,Ud4a92c8c8050eed40ef171cc2784d638,U104d70d307c897387ffa9c25c84b6dff,image,delivered,2026-04-08 07:14:42,
ed3fa8e3-440c-4f75-aca6-4232e2b0fe4b,2025-11-27,msg_00018,U3e5dd3a641c58ad50e49f095c6f1e306,U2e190eaed7849e34ca08313af6766aca,imagemap,blocked,2025-11-27 07:25:50,
9283d656-a89a-4bc6-8175-093630b14e44,2026-02-05,msg_00107,U3bae1603803a839c0cb52f511d9cb8f6,U75672922398b837019029b28bdb59006,text,opened,2026-02-05 15:54:25,
27c635ad-c1ea-49e5-9f28-ad38633a0dd6,2026-02-20,msg_00017,U22a93bc29b1df104af6b1ba1cd91fc56,Ue22ba27c971bd921f1dcb1e60a39c324,video,delivered,2026-02-20 16:43:17,
12d00e2c-855c-4fc9-802b-8fcd23af8558,2026-04-10,msg_00101,U743849e63f8101ac616f8fd0ba84a167,Ud669146d32255b9a84c8fb9f9fe0b415,imagemap,delivered,2026-04-10 22:01:18,
20ce0dce-10b7-4e6a-bf41-1cf3494737fe,2026-02-20,msg_00048,Ue7310890b01058478be93761a56d0aa0,U3829bca2f1453f6c9f4df472de64553a,flex,opened,2026-02-20 11:53:53,
a9a5b2a4-169b-4fbf-8097-9f767f94ce29,2026-01-09,msg_00052,U743849e63f8101ac616f8fd0ba84a167,Uc49ef65807e1381f1a440b179a24402e,video,opened,2026-01-10 00:01:56,
f2f56639-e3ad-4d90-963b-06fb9b96a002,2025-12-24,msg_00091,U3bae1603803a839c0cb52f511d9cb8f6,U259bf6596150f6234e044f6827df78e5,imagemap,clicked,2025-12-24 03:33:51,https://example-saas.jp/campaign/spring
15c8e8f1-ad7b-46ff-a641-766aade24ce8,2025-11-30,msg_00025,Ub0341314a5534ea92b26fa8adc30543f,Ud8ae25d09ad3c3f12e7dce3a3caac87c,imagemap,opened,2025-11-30 23:05:37,
40010009-9059-44cb-9bea-ea6921c17b95,2026-01-26,msg_00086,U4784fc8a8e1e4eb2435ad84e0ad052f2,U8de3a74e47240ef940216e7033269805,text,delivered,2026-01-26 04:18:07,
120f781c-05ac-434e-9217-d3e5c82f4c66,2026-01-01,msg_00027,U4784fc8a8e1e4eb2435ad84e0ad052f2,U27fe2950ce26dfcb661a4578d116c2c0,image,delivered,2026-01-01 04:35:14,
1df41c2a-370a-4b72-84a8-7432381c0a92,2026-02-28,msg_00117,U743849e63f8101ac616f8fd0ba84a167,Uad9190d69a5b45b16cf3f62f4f13722f,video,delivered,2026-02-28 17:54:18,
39f1f483-7fca-4155-bdfe-82ad6b282b13,2025-12-24,msg_00091,U3bae1603803a839c0cb52f511d9cb8f6,U697681118f67c2acee04f7db03e96003,imagemap,delivered,2025-12-24 17:00:48,
9209c7cd-6c49-477b-a6bb-6ebafbf96617,2026-03-31,msg_00046,U4784fc8a8e1e4eb2435ad84e0ad052f2,Ucee55d7dd78df0291f0d3e7d02a0bccf,flex,delivered,2026-03-31 02:24:02,
33988769-57f0-473e-bd5a-3371d38f9496,2026-02-14,msg_00065,U743849e63f8101ac616f8fd0ba84a167,U660f9162068b3257e592499c07824345,image,delivered,2026-02-14 04:24:14,
faf0c7e5-de07-44d5-ae47-e8f8b66cc3dd,2026-01-26,msg_00005,Ub0341314a5534ea92b26fa8adc30543f,U9659e89362afeb77c3c512ec6f905cb1,image,delivered,2026-01-26 16:04:01,
ad329c03-7a0e-4191-ad30-7d140871a03b,2026-01-24,msg_00066,U3bae1603803a839c0cb52f511d9cb8f6,U2de0481eb62a2fe5e88f84bee45f4c0a,image,delivered,2026-01-24 11:35:51,
46d1ca40-70df-4a78-83b1-0c48bc1db227,2026-04-12,msg_00120,U227d1cd1a801c367de206ec4bbca7330,Uf7e64676feb4687e68a1dce979ae8ac2,text,delivered,2026-04-12 13:07:47,
d7b2ad50-888c-4a08-bb0c-bada5d1d41c5,2026-01-07,msg_00110,Ub0341314a5534ea92b26fa8adc30543f,Ua71f8abbec11d202d60cebbc5ef61c42,video,clicked,2026-01-07 12:39:46,https://example-saas.jp/survey
10b22c8b-5bf8-4da7-8748-584a5944227b,2025-11-23,msg_00024,Ue8d9224ecde331ce692edfce0b5ecdc4,Uf97d6ba1253e4892797337be2817ffd8,text,delivered,2025-11-23 15:25:12,
cbd4f1aa-b8e5-46ea-8e63-b5bacce24b92,2026-03-27,msg_00096,U476acbdef8e9a16d24575e4f6d7b0f31,U374d2770de1c9e45b4f6aeff342c13dc,imagemap,delivered,2026-03-27 10:26:43,
023290ee-ce2a-4061-b0c4-e24c8be89d52,2025-11-16,msg_00020,U3bae1603803a839c0cb52f511d9cb8f6,U2a49ad28c29b82d771ab41ae5b57f7bd,text,delivered,2025-11-16 15:49:36,
5f260f3b-9ad7-480d-9958-901b026351b3,2025-12-19,msg_00118,U4784fc8a8e1e4eb2435ad84e0ad052f2,U233c5336199dfbcf4e3d63fe02e535dc,image,delivered,2025-12-19 08:23:29,
c060184e-ed58-4471-9515-b303f23f8e9e,2026-01-30,msg_00050,U3e5dd3a641c58ad50e49f095c6f1e306,U3a60ee74a84bc647e0d71f093552745d,image,delivered,2026-01-30 01:54:07,
9b07bc3e-6512-47c8-b379-c90effb90e43,2025-12-08,msg_00015,Ub0341314a5534ea92b26fa8adc30543f,Ue578d85e1d54b40be51a52fcd07cad75,text,delivered,2025-12-08 03:12:35,
1063d85b-616f-44b1-8c36-6ac19819038d,2026-02-19,msg_00016,U837b70463a585f85743b5bfb3b49c9fd,U5bd658ea18e654f7d11926f2151949aa,flex,opened,2026-02-19 02:07:03,
284c2b11-e822-42a6-a639-e786ac31f13a,2026-03-05,msg_00014,U3bae1603803a839c0cb52f511d9cb8f6,Ua11558bba946cf3cf1d6f6b780d1740b,flex,opened,2026-03-05 07:44:46,
1191f284-7bea-4e7a-9539-fd8dfe1ab00d,2026-03-05,msg_00014,U3bae1603803a839c0cb52f511d9cb8f6,Uacd033dc4c8eb12d2900654468e6eda9,flex,clicked,2026-03-05 04:31:22,https://example-saas.jp/lp/newmenu
80a944bc-0d30-4364-9478-6e0110bafa71,2026-03-23,msg_00071,U3bae1603803a839c0cb52f511d9cb8f6,U6148540022919574b85b7032796e1728,imagemap,opened,2026-03-20 21:09:26,
696cf513-a93c-407b-873b-8c15e18b6ca7,2025-12-09,msg_00059,U3bae1603803a839c0cb52f511d9cb8f6,Uc4eb3e39be349167f8b767ae9b058a5f,imagemap,delivered,2025-12-09 06:12:25,
a7224f9e-ad9f-4187-afd3-82a4c42f0474,2026-02-20,msg_00048,Ue7310890b01058478be93761a56d0aa0,Uda9d4508e31d00bb096a36756e9d0932,flex,delivered,2026-02-20 09:19:50,
9ac08d04-f4ff-4f74-9d60-38532fec5fa6,2025-11-16,msg_00020,U3bae1603803a839c0cb52f511d9cb8f6,U22f0e4e6764bf66955eb16af8d9f34a7,text,opened,2025-11-16 20:28:18,
89d6270a-2af0-442e-9d29-97aec02c28c9,2026-01-09,msg_00052,U743849e63f8101ac616f8fd0ba84a167,U00d84f04ebfb41497a7dd0e1c9b598fc,video,failed,2026-01-09 13:01:06,
bfcccf31-c743-4bf6-a93e-e87ed57fec7f,2025-12-25,msg_00045,Ue7310890b01058478be93761a56d0aa0,Uc974a14efcd2fc5c716e340340d96586,video,delivered,2025-12-25 12:59:13,
88a7bab6-553e-4bf5-a978-36140446af9e,2026-03-04,msg_00056,U1ca413826b7044d134c9c3132420c9de,U9306de40e002c2c21fdcfb904ecf0cfb,text,delivered,2026-03-04 04:38:15,
ff2c4889-1de5-43c1-a7df-c7065d0e1d51,2025-12-18,msg_00114,Ub0341314a5534ea92b26fa8adc30543f,U4e46b4cb4b18fcfaeb26a94ba38166cc,flex,delivered,2025-12-18 21:58:56,
eb5583b7-3997-4c3a-b7a7-918fe32b7239,2026-03-06,msg_00055,U3bae1603803a839c0cb52f511d9cb8f6,U7323129e2ca7cd12b8c736c4d857ac07,flex,delivered,2026-03-06 06:28:17,
e9589a92-a4f0-4289-89a6-af353c7e5512,2026-01-31,msg_00035,U7e808d11d6f9901a954a542a7ee09918,d3cff2adc3730648f44a64c76a41355b,text,delivered,2026-01-31 08:32:21,
f38791ac-5521-4464-8b8a-a5347f256a71,2026-03-26,msg_00040,U3bae1603803a839c0cb52f511d9cb8f6,U7776f338b4a6f06fcdfd8e8c7d2e4da9,imagemap,opened,2026-03-26 21:26:03,
23381607-0701-4c55-983d-50272500e46a,2026-02-16,msg_00021,U743849e63f8101ac616f8fd0ba84a167,U6855d528a96b00ff3ccd81565bfecf0d,flex,delivered,2026-02-16 20:27:26,
4449fafb-3e79-4e63-9deb-c4ffaacbbb00,2026-02-20,msg_00048,Ue7310890b01058478be93761a56d0aa0,U44b359e2f6bf20f66a14db0a166aa3f6,flex,delivered,2026-02-20 08:59:06,
ab7077a1-39e5-46a8-8b23-de667934f526,2025-11-21,msg_00010,Ue7310890b01058478be93761a56d0aa0,U9f49a67e1e36a25f266cc99b45cf285d,imagemap,delivered,2025-11-21 18:02:58,
5a5b5ff4-1d95-47fa-8970-4f457fae6b60,2025-11-26,msg_00028,U3bae1603803a839c0cb52f511d9cb8f6,abe027903df72d3c792f2b2239f515b5,image,delivered,2025-11-26 10:03:10,
d9e13125-7d1b-487c-bc3a-1cf5c7431355,2026-03-23,msg_00073,Ud4a92c8c8050eed40ef171cc2784d638,U2d118c2cdc3d8f331c276391f9a1c486,imagemap,clicked,2026-03-23 02:15:05,https://example-saas.jp/survey
dab411d8-0477-46e1-b518-d470cbb3249d,2026-03-11,msg_00067,U7e808d11d6f9901a954a542a7ee09918,Uec165027671ad3b988c329046ba7c751,video,delivered,2026-03-11 01:03:08,
f079c3ea-f900-4fee-b197-41d53cb7ead0,2025-12-25,msg_00077,U743849e63f8101ac616f8fd0ba84a167,d609d5a62e472927624399431e3964da,text,delivered,2025-12-25 00:16:22,
cd2adc23-a17e-4ef6-bb70-01d2946a641e,2026-03-20,msg_00092,U743849e63f8101ac616f8fd0ba84a167,Ud5ff01e76b5a3825271ca81d17acae4f,video,clicked,2026-03-20 10:36:56,https://example-saas.jp/survey
8db4ef47-9b6e-4090-8466-b3b6d0affee9,2026-01-26,msg_00103,U3bae1603803a839c0cb52f511d9cb8f6,U45ca52851009f7d3c2925e3ae8d125c5,flex,delivered,2026-01-26 04:04:14,
2e07799e-81ed-47b2-be0b-08c8bd6c51e9,2025-12-25,msg_00077,U743849e63f8101ac616f8fd0ba84a167,U9663d403f460143daf6c3277d9b5f1c6,text,opened,2025-12-26 01:02:32,
d9d9f9a1-0fa1-4de2-b9b1-e061ea2239c0,2026-01-30,msg_00050,U3e5dd3a641c58ad50e49f095c6f1e306,Uabac0a006aa1f095b667498df38a9b6c,image,opened,2026-01-30 04:23:53,
7ee9206f-83be-49b9-816a-69aef1c41ccb,2026-01-30,msg_00050,U3e5dd3a641c58ad50e49f095c6f1e306,U399f860feab7ee528e1cdd610abe9ce2,image,clicked,2026-01-30 16:47:56,https://example-saas.jp/survey
57fd4207-cbcb-4b2e-ac7b-1b695720a116,2025-12-12,msg_00029,U743849e63f8101ac616f8fd0ba84a167,8a9aaddc0e730e72b90d059a1656a6c0,imagemap,delivered,2025-12-12 05:36:47,
70257639-82fc-4927-bb02-0e04f6ff1fa2,2025-12-25,msg_00077,U743849e63f8101ac616f8fd0ba84a167,Uc593a601f48ee201bd09dd7cefd716ae,text,delivered,2025-12-25 00:37:20,
04b54357-8669-4d23-872c-b1216b73f8e0,2026-01-26,msg_00103,U3bae1603803a839c0cb52f511d9cb8f6,Ub2a743d07196be437d83598dce62f09d,flex,delivered,2026-01-26 16:02:11,
c1c59110-92a4-45b7-9bff-c55db4393499,2026-02-15,msg_00006,U743849e63f8101ac616f8fd0ba84a167,725ff1429ede471ee745d51ea86df2d4,flex,delivered,2026-02-15 05:05:15,
e0621ef4-0988-4477-aa79-c542cb7461dd,2026-04-04,msg_00049,U476acbdef8e9a16d24575e4f6d7b0f31,U4119fed9809ad428d3ec653c730f6ffd,text,delivered,2026-04-04 03:37:42,
57581827-6bed-474a-bff7-37d0eec0e1c6,2025-11-16,msg_00020,U3bae1603803a839c0cb52f511d9cb8f6,U2a49ad28c29b82d771ab41ae5b57f7bd,text,clicked,2025-11-16 16:34:32,
6f71d496-8453-41fa-ab61-20c810d17a13,2026-03-31,msg_00046,U4784fc8a8e1e4eb2435ad84e0ad052f2,Ubdd926f500a718c1b09c856f0383cbbb,flex,opened,2026-03-31 16:02:32,
efa7f45c-3eab-415a-8e41-47e4b1b273bf,2026-03-06,msg_00055,U3bae1603803a839c0cb52f511d9cb8f6,Ua09c06b21fea22b502c0a0b00932df11,flex,delivered,2026-03-06 01:35:49,
17d67f1d-4781-4dd4-92bc-16f3d3287abe,2026-02-07,msg_00090,U4784fc8a8e1e4eb2435ad84e0ad052f2,U6b6ff1da0c76fe89e18080f646c33f36,imagemap,delivered,2026-02-07 18:15:03,
2c4959ea-13e3-487a-a3ef-9c398eb915e5,2026-01-10,msg_00044,U30ad60bba5da9837ca5dd0230ca8f531,b285f6acae4e28216452d184b2322267,video,clicked,2026-01-10 02:35:37,https://example-saas.jp/campaign/spring
7147e85f-da31-4531-921c-4a5bc870ad89,2026-03-27,msg_00096,U476acbdef8e9a16d24575e4f6d7b0f31,U450b0b18e0e4a39320da0b0c9d4a7c8a,imagemap,delivered,2026-03-27 17:07:45,
9737acc9-eaa3-4820-96bd-f3d95a8f0571,2026-02-14,msg_00042,U3bae1603803a839c0cb52f511d9cb8f6,U0d72e0565b10d07123a0097099dd0a3a,video,delivered,2026-02-14 23:52:55,
d0a2d0f5-6e5f-4a18-afa0-a732937799fe,2026-03-22,msg_00119,U3bae1603803a839c0cb52f511d9cb8f6,U61a4394fbd2f9ccc4a204df14ddeaa1a,imagemap,delivered,2026-03-22 05:10:39,
428ca85f-7fd4-4c82-b250-6b03972cb956,2026-03-27,msg_00096,U476acbdef8e9a16d24575e4f6d7b0f31,Ufdca50bfb8d49bb77c184cb2ec90f09a,imagemap,delivered,2026-03-27 08:09:28,
452e939b-5a1d-424d-9177-bab658dc8af4,2026-01-18,msg_00102,U227d1cd1a801c367de206ec4bbca7330,U85b473790c86f54415ff3127ea83f2e8,video,delivered,2026-01-18 03:42:20,
74b03571-13e5-4b10-a890-07131cf21a81,2026-02-14,msg_00098,U743849e63f8101ac616f8fd0ba84a167,U4cfada7bab57b38065ec9389cf717f40,imagemap,delivered,2026-02-14 08:32:41,
6566b122-eb00-4ffd-9a31-884a1a6d9325,2026-02-08,msg_00051,U3bae1603803a839c0cb52f511d9cb8f6,U104922bcf18e0e08a01df673961d0b07,image,delivered,2026-02-08 01:57:46,
3c8ecca3-16a0-4f48-b043-480d6f16a773,2026-01-07,msg_00110,Ub0341314a5534ea92b26fa8adc30543f,U4bec4acd50ee134880a2bb71628cfe7e,video,delivered,2026-01-05 08:00:56,
10a36383-52cb-44f6-a508-6b5825a4a6df,2026-01-10,msg_00044,U30ad60bba5da9837ca5dd0230ca8f531,U90962985550bf5c395a85637f042f9dd,video,delivered,2026-01-10 18:12:47,
79db51bb-26d4-4c6c-a860-4a3123e3055a,2026-04-10,msg_00101,U743849e63f8101ac616f8fd0ba84a167,U0706755d50f1cf6a83946e975f6127e4,imagemap,delivered,2026-04-10 07:58:15,
8839ce53-800d-4e8c-8835-f306174a4931,2025-12-23,msg_00061,Ub0341314a5534ea92b26fa8adc30543f,U117786a41c6d3df546ac4026e53a75c6,imagemap,opened,2025-12-23 03:38:39,
e3212c7d-b2e8-4504-b9c9-620e653cff91,2026-01-20,msg_00108,Ub0341314a5534ea92b26fa8adc30543f,U14ade3ded1762af4878b3bbf3bfba974,flex,opened,2026-01-20 07:00:40,
c3ddc017-9e33-4a0d-8281-a8d2469f99ef,2026-02-10,msg_00058,Ue9a1e8a5b83a6b296d43c957a8cfba4a,Ubce5d643c246df91bda7b1e88670fa08,video,opened,2026-02-10 14:57:46,
81283b43-ea3b-4820-9e44-a792aa6923b1,2026-03-23,msg_00071,U3bae1603803a839c0cb52f511d9cb8f6,e32dd8796138067462921120f1c4ee5c,imagemap,opened,2026-03-23 10:23:31,
eacd75fb-0c2a-4d90-bae8-5fc4ffc4a3bd,2026-03-29,msg_00097,Ub0341314a5534ea92b26fa8adc30543f,U897917a3ba473bff2a818acec0f876cc,text,opened,2026-03-29 02:51:41,
cd0b02c2-b499-4eb4-ba03-f9f2703a6bf8,2025-11-26,msg_00028,U3bae1603803a839c0cb52f511d9cb8f6,Uc55824f23dd7de7af6801b84e5d2cafa,image,delivered,2025-11-26 20:51:06,
d94f77f0-1dc3-454a-b270-e0e82bcd18ee,2025-12-09,msg_00059,U3bae1603803a839c0cb52f511d9cb8f6,U13095ade270d66cd095aefaf057a657e,imagemap,delivered,2025-12-09 23:34:35,
a91feb3b-8b74-45ca-a939-a216af3234cd,2026-01-29,msg_00031,U3bae1603803a839c0cb52f511d9cb8f6,Ua0d95d05405648e37b1c5bbd63594cba,video,opened,2026-01-29 15:09:54,
312007ad-873e-4c3a-baf8-ead48ee82358,2025-12-09,msg_00069,Uc20f9c7e9b662bedec3cb78e127885c7,U46adba7b35da8297b7d07a083dc77365,imagemap,delivered,2025-12-09 15:05:15,
af30ed85-b01f-4a9d-bc87-ccbead622330,2026-02-08,msg_00051,U3bae1603803a839c0cb52f511d9cb8f6,U0cc05f6d2ffeec55075073384d1d8115,image,delivered,2026-02-08 01:00:39,
c019d4ef-f6ef-4332-a2b5-26d63792ad8d,2025-12-24,msg_00091,U3bae1603803a839c0cb52f511d9cb8f6,U7a8dd90d85d50f6c7a08934ffacbd36c,imagemap,delivered,2025-12-24 04:47:26,
7096be78-d276-4353-a2a6-3f21b65cbf75,2025-12-23,msg_00061,Ub0341314a5534ea92b26fa8adc30543f,U870c3c0d539668804cf8d0294e1f2d86,imagemap,clicked,2025-12-23 07:32:45,https://example-saas.jp/campaign/spring
754dd814-1b8e-49f8-a693-e54ca3389664,2026-01-07,msg_00110,Ub0341314a5534ea92b26fa8adc30543f,Uc9e083ee634677bcf3598a6ed0d2ea6f,video,delivered,2026-01-07 21:52:52,
6bbef2db-2ed0-41cc-b4af-1480f8ba6d83,2026-04-05,msg_00054,U3bae1603803a839c0cb52f511d9cb8f6,U635967d3e98faf386d73d34ca8bb5781,image,opened,2026-04-05 09:16:11,
eb5040e9-6fea-468a-a6ba-2f29b111cec0,2026-04-05,msg_00054,U3bae1603803a839c0cb52f511d9cb8f6,U02458e5eb7374a6a842a3229217c548e,image,opened,2026-04-05 09:46:39,
c7049c26-5386-4afc-9d54-48c8e3963da3,2026-02-05,msg_00107,U3bae1603803a839c0cb52f511d9cb8f6,Uab52facc7c1e29c82019c00376386ed9,text,delivered,2026-02-05 06:44:50,
e3dc56de-2967-4f86-805e-5d9ef79b368f,2026-03-26,msg_00040,U3bae1603803a839c0cb52f511d9cb8f6,U0e9165b7d8b5ce47895be27862f6e3f9,imagemap,delivered,2026-03-26 23:04:25,
3c5dea8d-cc7d-464f-adff-50784457fa65,2026-01-24,msg_00113,Ub0341314a5534ea92b26fa8adc30543f,U19f4260fbe8922841ad2b9ae9f84dc21,text,delivered,2026-01-24 09:30:55,
146ec841-003a-4de0-b172-5c0c6c274bec,2025-11-27,msg_00018,U3e5dd3a641c58ad50e49f095c6f1e306,Ue751bac66f9d41276f899a4c23dc054c,imagemap,blocked,2025-11-28 21:20:30,
c1d17fcc-9eb4-4e74-b4bc-7655200acb02,2025-12-19,msg_00064,Ub0341314a5534ea92b26fa8adc30543f,U4b86339741bc76efee4736876814e175,image,delivered,2025-12-19 17:20:11,
8b828d20-0dd9-4f06-8157-2027ec86dc54,2026-02-05,msg_00107,U3bae1603803a839c0cb52f511d9cb8f6,U980a48cab026c194a8d2ad9bf8b320af,text,delivered,2026-02-05 09:56:35,
d082664b-7969-4f01-ad34-437e3952ebb4,2026-01-29,msg_00031,U3bae1603803a839c0cb52f511d9cb8f6,Ucbe01cd2d15e01ef7085ac2771a3dd76,video,delivered,2026-01-29 16:19:39,
dc26c63b-d1d9-4e12-ac7f-52654b8eae8b,2026-01-24,msg_00007,Ub0341314a5534ea92b26fa8adc30543f,U2e0421a8a884ef763570e0ee45f00d79,imagemap,opened,2026-01-25 00:01:01,
14bf1e9f-05d8-4c3f-83cb-d3181b66b523,2026-01-17,msg_00087,U3bae1603803a839c0cb52f511d9cb8f6,Ua3eb1018bfbc1e4bd015c9205203d9f9,video,delivered,2026-01-17 19:59:32,https://example-saas.jp/campaign/spring
c126efda-d7f4-4d85-a4ca-673405b592da,2026-01-24,msg_00007,Ub0341314a5534ea92b26fa8adc30543f,U9b563cc21e07dc91ef538660fb4510c9,imagemap,delivered,2026-01-24 07:01:03,
718bea64-4a4b-45a6-8cad-54fd6c98a3ea,2026-03-30,msg_00076,U743849e63f8101ac616f8fd0ba84a167,U234542dbdb6377723fdfea12026484e4,image,delivered,2026-03-30 02:13:57,
38e4cbff-d51d-4737-8814-98b0cce68410,2026-03-11,msg_00067,U7e808d11d6f9901a954a542a7ee09918,U89e3a744704e2fdc27ea83e8e9afb546,video,delivered,2026-03-11 08:42:49,
915ab261-3af6-43ea-ada1-9d5368ff93af,2026-01-20,msg_00108,Ub0341314a5534ea92b26fa8adc30543f,Ub97378092618e8340453b58961e82b95,flex,delivered,2026-01-20 15:36:55,
609340fc-8f71-4e8e-b43b-1469524ef1c1,2026-02-20,msg_00017,U22a93bc29b1df104af6b1ba1cd91fc56,9f0f0c322763933872c49e6783d184d9,video,delivered,2026-02-20 05:39:28,
6d30dfaa-3f0a-4590-a6c0-df518bf887de,2026-02-14,msg_00065,U743849e63f8101ac616f8fd0ba84a167,Uf07f6f4c4cdf33a5e6d53d21a2f7f958,image,delivered,2026-02-14 21:58:32,
e980cd89-bf0c-4e17-b7a5-68653e968850,2025-11-16,msg_00020,U3bae1603803a839c0cb52f511d9cb8f6,U8f2a8b72a75bfc9dc83c4c59c94058e0,text,delivered,2025-11-16 07:50:15,
8caf7bdd-70d0-4ad1-9ddf-8436b67ec0c0,2025-12-03,msg_00012,U743849e63f8101ac616f8fd0ba84a167,U35fb789b1e7443c4be682c2393b50951,imagemap,delivered,2025-12-03 16:03:59,
5fb853dd-1123-4ed5-bb1d-7bda33ce817a,2026-03-18,msg_00080,U22a93bc29b1df104af6b1ba1cd91fc56,Ufcb4b73cd3c9c6f5275b9a206f1f538c,flex,opened,2026-03-18 22:22:32,
990fafed-711b-4ce7-ac58-1ac5ada74b02,2026-03-03,msg_00093,U743849e63f8101ac616f8fd0ba84a167,U409475e131a1a62df6efb1d308c44213,imagemap,delivered,2026-03-03 14:02:10,
6db328a3-981b-4458-acfa-a3427ed0b6fb,2026-02-20,msg_00048,Ue7310890b01058478be93761a56d0aa0,U79baf4b9fc202a0a8a6ea5ab9a9eb491,flex,delivered,2026-02-20 15:08:46,
4b6b5f43-f163-41e6-8100-800af59dc913,2026-02-20,msg_00095,Ub0341314a5534ea92b26fa8adc30543f,U118ea432d8c85627eff2712fda867eea,text,delivered,2026-02-20 02:29:53,
18535cf4-0abd-4d51-863d-fcee1c6ab7ed,2026-04-04,msg_00049,U476acbdef8e9a16d24575e4f6d7b0f31,a409f9a8b5f9ab1dca267d6d592496e9,text,opened,2026-04-04 21:13:54,
d9b95b3a-072a-4b0a-9481-fa9d87b96d85,2025-12-21,msg_00022,U3bae1603803a839c0cb52f511d9cb8f6,e8ea9861c2b2f6235479797dda2a6d7c,video,opened,2025-12-21 14:25:43,
defd9984-61a5-4638-a858-3a41468cc91c,2026-03-23,msg_00071,U3bae1603803a839c0cb52f511d9cb8f6,U0c360977554db03f8f070a0caa3ebb56,imagemap,clicked,2026-03-23 22:11:19,https://example-saas.jp/survey
cefb3551-e850-4857-b3cd-194703fcbe48,2025-11-28,msg_00077,U743849e63f8101ac616f8fd0ba84a167,U67740239430ff7cb46b3b80584a561dc,image,delivered,2025-11-28 10:38:46,https://example-saas.jp/survey
4946bec4-f47e-493b-acf9-5f4eaef8452c,2026-03-22,msg_00119,U3bae1603803a839c0cb52f511d9cb8f6,U3f11c1d152511ec8c8debf4580fb9fb7,imagemap,opened,2026-03-22 09:10:58,
0d07d3cd-46ee-444f-9cec-72c4ac042078,2025-12-02,msg_00088,U3bae1603803a839c0cb52f511d9cb8f6,U7a37018b6dba039d81d6ccca23f06e44,image,delivered,2025-12-02 00:54:51,
eadcc5de-5d41-4b2f-a34d-c3f683c8b489,2026-03-05,msg_00014,U3bae1603803a839c0cb52f511d9cb8f6,U0c4da4ff5c23819e1e120db05d1cfb50,flex,opened,2026-03-05 12:28:30,
63f54406-a6f4-4c2c-a8c4-553053e1c890,2025-12-31,msg_00082,U227d1cd1a801c367de206ec4bbca7330,U78098cf981a5906077d2d190f60022d3,imagemap,opened,2025-12-31 18:29:42,
41f4afd7-d242-4f04-8999-ab3975b670c3,2026-01-26,msg_00103,U3bae1603803a839c0cb52f511d9cb8f6,U7929b9d482f550705bc5a887c282ac25,flex,delivered,2026-01-26 14:10:23,
ae977279-0bd7-4c33-abbe-5b7828c43ec5,2026-03-16,msg_00002,U3bae1603803a839c0cb52f511d9cb8f6,U283efeec9d480e33645f18674d981f5d,text,opened,2026-03-16 05:14:23,
3f29a446-f0d2-40e2-a0af-b2357c22fbab,2025-12-12,msg_00029,U743849e63f8101ac616f8fd0ba84a167,Ue50dc3c5869ef0ccac7c5d0b64017f83,imagemap,delivered,2025-12-11 08:22:06,
c4d4a1e9-b6d1-4b23-8f8c-5554bddddca7,2025-11-16,msg_00011,U837b70463a585f85743b5bfb3b49c9fd,Ufc6919b4a4db9d1125ac93a1ac39b985,flex,clicked,2025-11-17 00:02:12,https://example-saas.jp/coupon/500off
c380ccbf-15da-471f-83bf-dab8058b8dc7,2025-12-12,msg_00029,U743849e63f8101ac616f8fd0ba84a167,Udcc8e0dbc9855ed0fa2e4c86533c8afa,imagemap,clicked,2025-12-12 17:25:48,https://example-saas.jp/coupon/500off
0edec99b-c780-4ed5-868d-8e9ec4644249,2026-02-24,msg_00039,U743849e63f8101ac616f8fd0ba84a167,Ua420945eead8888149032b15a51e4a7b,flex,delivered,2026-02-24 18:04:57,
8f21aaa5-a05f-4da8-8f72-bd26fe899c3e,2025-12-02,msg_00088,U3bae1603803a839c0cb52f511d9cb8f6,Ud467f7670c4cac4fc48d9deb465f68b8,image,delivered,2025-12-02 06:18:49,
adc1ba74-373d-4ee0-ac8c-88be37e0e664,2026-02-08,msg_00051,U3bae1603803a839c0cb52f511d9cb8f6,fb7f028962ba352a285d162010f843c9,image,delivered,2026-02-08 11:11:53,
6120eb6d-450e-4a67-8fdc-ef014c10ee8b,2026-01-26,msg_00005,Ub0341314a5534ea92b26fa8adc30543f,U98555e949d611a6d563258e723c4dd69,image,delivered,2026-01-26 16:38:18,
caa94c90-56c4-4a15-8fca-561133739654,2025-12-24,msg_00091,U3bae1603803a839c0cb52f511d9cb8f6,Uce65e735e6ac4c03752de6997e0935f4,imagemap,delivered,2025-12-24 22:07:56,
f703166d-9eeb-42cd-8b70-ef85f9c72cda,2025-11-25,msg_00043,U3e5dd3a641c58ad50e49f095c6f1e306,Ua71ae889462a252d89c81a0ef00ce2b4,flex,opened,2025-11-25 23:08:01,
dfca7ffd-d0df-4416-867e-8104c2221551,2026-04-06,msg_00074,U3bae1603803a839c0cb52f511d9cb8f6,Uea34891774db3396b6d7254c344fcbe9,text,delivered,2026-04-06 22:21:30,
6d7e761d-567a-4b3a-b5c6-0fc15e477d01,2026-02-07,msg_00090,U4784fc8a8e1e4eb2435ad84e0ad052f2,U17c695633a29aeb96aa1fd37c0441ff3,imagemap,opened,2026-02-07 05:26:38,
e2d0478d-be2a-422d-a9fc-32d3bc09270f,2026-01-30,msg_00050,U3e5dd3a641c58ad50e49f095c6f1e306,Ua731a8b5459b77864fd68f88f074445c,image,delivered,2026-01-30 12:56:58,
daeaaf21-b69b-4030-872c-74e3ccb39c0c,2026-01-18,msg_00102,U227d1cd1a801c367de206ec4bbca7330,45e03f97853c1bae83022678e06496e1,video,opened,2026-01-18 05:25:35,
a0ed5175-e848-4f33-b7e4-7f99f4648447,2025-12-23,msg_00061,Ub0341314a5534ea92b26fa8adc30543f,U39e8da7e34fdfc80ec1ca81fd196a232,imagemap,opened,2025-12-23 23:46:16,
d712166f-904b-4aac-96b6-533e2291efe9,2026-01-10,msg_00044,U30ad60bba5da9837ca5dd0230ca8f531,Uddcf44528907ba51728daf5cd3940ece,video,delivered,2026-01-10 17:24:42,
8e2a36a7-65cf-4b95-b115-761d706b9e60,2025-12-03,msg_00012,U743849e63f8101ac616f8fd0ba84a167,Ucf6917c5094ec798fb19b8be97aa1956,imagemap,delivered,2025-12-03 09:42:25,
9049b121-e1c2-4934-a076-5d02725d4b5e,2025-12-07,msg_00003,U227d1cd1a801c367de206ec4bbca7330,U3b0bac1fa39afb637bb3a662d1feea3c,image,delivered,2025-12-07 19:15:47,
34782790-92b2-475b-8f92-729d4d332727,2026-03-04,msg_00056,U1ca413826b7044d134c9c3132420c9de,U96435531139a215665ec1b7912b33dca,text,delivered,2026-03-04 10:02:41,
726450f1-0c28-4dec-bc7f-10bccbf10a53,2026-02-07,msg_00090,U4784fc8a8e1e4eb2435ad84e0ad052f2,Udd3d4ce94a312a461279436de504150c,imagemap,delivered,2026-02-07 07:12:14,
5e5083e9-3133-4fb0-9fc1-56628b31375c,2026-03-06,msg_00055,U3bae1603803a839c0cb52f511d9cb8f6,U8fc2a4865e108a4bd0506bab043806fb,flex,delivered,2026-03-06 15:45:55,
b5faa757-3988-450f-b98f-03e98f9c9aa5,2026-02-20,msg_00048,Ue7310890b01058478be93761a56d0aa0,Ufea7468b46d2b442a18461ebc6ea0258,flex,delivered,2026-02-20 20:23:46,
f3e371a7-0f2a-4dc6-aab5-81a4aa8d2642,2025-11-30,msg_00025,Ub0341314a5534ea92b26fa8adc30543f,U9f3697dc57bb63c337c167e1c4da060a,imagemap,delivered,2025-11-30 13:01:09,
fc0f4d29-a5d3-41d5-a178-57467eb86517,2025-12-17,msg_00032,U3bae1603803a839c0cb52f511d9cb8f6,Ufa0155b3c2488d1e743ea91f735cb6ef,video,clicked,2025-12-17 16:06:26,https://example-saas.jp/lp/newmenu
fedda564-6294-405d-b139-a445f2d4303a,2026-04-01,msg_00072,U4784fc8a8e1e4eb2435ad84e0ad052f2,Uab6b71631a4883baa8e66ff051cb9762,image,delivered,2026-04-01 01:54:37,
8b08dacf-eea1-452a-aa49-c4181167c1a0,2026-01-30,msg_00050,U3e5dd3a641c58ad50e49f095c6f1e306,35fc4104733a06cd6c51656bf963faa3,image,opened,2026-01-30 15:49:49,
cbb0543a-184f-40b3-b0de-5f3e7fbcf124,2026-02-09,msg_00083,U3bae1603803a839c0cb52f511d9cb8f6,Ue8435e12fbe0c6f8c5871d94b6ad34ee,flex,delivered,2026-02-09 23:19:34,
42e3a52a-e8c2-4515-bca0-3932555cd07b,2025-12-25,msg_00077,U743849e63f8101ac616f8fd0ba84a167,373a2ebeb289e3fc8353daaa6a71a6ae,text,opened,2025-12-25 19:16:50,
70d06eef-15d8-4920-8332-5c4eeb3b44b9,2026-03-21,msg_00023,U743849e63f8101ac616f8fd0ba84a167,Ua4efaf1e0353d56c0124bc31f7fcb0ca,imagemap,opened,2026-03-21 22:31:47,
27c48bcb-745c-4b6e-a550-363562fab294,2025-12-12,msg_00004,Ub0341314a5534ea92b26fa8adc30543f,Uce22c61066ee1e1cfb63529697d9f1e2,video,delivered,2025-12-12 19:52:48,
97ada011-409e-4261-b23c-1eb82f06bd99,2026-02-20,msg_00048,Ue7310890b01058478be93761a56d0aa0,Uef4cb9b75e04481e6418c7293169b200,flex,delivered,2026-02-20 12:51:02,
39aaeb5c-871d-4c19-a184-8e51b0a3c786,2025-11-16,msg_00020,U3bae1603803a839c0cb52f511d9cb8f6,U760c5c7a3806024f76f698dfd92f6789,text,delivered,2025-11-16 05:39:50,
16cdef58-4b65-48dd-b774-9bad12c68399,2025-12-15,msg_00030,U3bae1603803a839c0cb52f511d9cb8f6,Uab8cc4e8e2044c02b9bb23e0dd918c66,video,opened,2025-12-15 03:03:49,
315b323f-11ba-4735-a4a3-a7e97962ecf4,2026-01-26,msg_00005,Ub0341314a5534ea92b26fa8adc30543f,U92742e83319fa804787cb3fdb4987c23,image,clicked,2026-01-27 00:56:44,https://example-saas.jp/lp/newmenu
0433e3c5-32ff-49f8-9e0a-a6c218a34c65,2026-04-05,msg_00054,U3bae1603803a839c0cb52f511d9cb8f6,U1fb5dc070af58b3e0e704b7b0e56a2b5,image,delivered,2026-04-05 02:43:20,
02711cac-8f61-40da-ad2f-bb3596883ad9,2026-02-15,msg_00089,U3bae1603803a839c0cb52f511d9cb8f6,Uce1806b302a840e029ad5bc6f92644ed,text,delivered,2026-02-15 00:04:58,
029a547c-ab04-4b83-b1fe-1c087f1fd137,2026-01-09,msg_00052,U743849e63f8101ac616f8fd0ba84a167,Uad70a7cf9aa3e5434f3b7300f9afc2e5,video,delivered,2026-01-09 22:39:41,
7f75ec65-bb2d-47c0-9275-04c1f89b025b,2025-12-21,msg_00022,U3bae1603803a839c0cb52f511d9cb8f6,Uc6d977c3c907c19abcb689e847828890,video,opened,2025-12-21 05:08:21,
a47592ee-5480-4693-965f-8243472fb2fb,2026-03-26,msg_00040,U3bae1603803a839c0cb52f511d9cb8f6,Ua9e98d02089647963cfb39fd1927b2db,imagemap,delivered,2026-03-26 06:24:57,
4c23ec42-f37f-40c2-b657-35ebe7dc2670,2026-02-10,msg_00058,Ue9a1e8a5b83a6b296d43c957a8cfba4a,Ub6a3eab91b3e57961f837db18b69c767,video,opened,2026-02-10 15:03:21,
c1cf66a9-6db9-414e-afb1-eb349edd9335,2026-01-24,msg_00007,Ub0341314a5534ea92b26fa8adc30543f,U696bc904fa1b58ee12405c167d887d29,imagemap,opened,2026-01-24 18:59:36,
e3a0aa92-0baa-44e8-ba20-3fced0236c1c,2026-01-26,msg_00086,U4784fc8a8e1e4eb2435ad84e0ad052f2,Uff2c0fda5f773f6a4944cd2333244b3c,text,delivered,2026-01-26 20:49:17,
913f171a-fb63-4356-999a-be8773477f34,2026-01-18,msg_00102,U227d1cd1a801c367de206ec4bbca7330,U62ee61cdc0043e0d8775a8f9e71ec220,video,delivered,2026-01-18 07:56:14,
8b058511-bdf8-4591-9787-6737ce74dc94,2026-03-31,msg_00046,U4784fc8a8e1e4eb2435ad84e0ad052f2,Uc20be6d5d73fd7f6de68b842c9a11db5,flex,delivered,2026-03-29 03:25:07,
487afd02-4fdf-4dab-8361-cf86b7ac4630,2026-02-15,msg_00087,U3bae1603803a839c0cb52f511d9cb8f6,U6971c6a5782c8c287638c04986df0580,imagemap,delivered,2026-02-15 23:24:18,
f11bcfce-c45e-4e8a-89ec-4e4fb8efe6e5,2026-04-04,msg_00100,U743849e63f8101ac616f8fd0ba84a167,U3b1995ee3b3b65f6352b1b1928ba68b3,image,delivered,2026-04-04 01:36:03,
ed17d432-de84-4178-9f9b-5241fa0e2d33,2026-01-07,msg_00110,Ub0341314a5534ea92b26fa8adc30543f,848d5d232e48c7a2295741f8b34c7bec,video,opened,2026-01-07 05:04:57,
5b6d0863-f136-4560-8160-7ce2f1ff7322,2025-11-17,msg_00099,U3bae1603803a839c0cb52f511d9cb8f6,U2d36bdb455bfcb97414f9a13de3f17b0,text,delivered,2025-11-17 11:53:46,
a72d9a61-3538-49f4-93f1-e68c047e3c79,2026-01-18,msg_00102,U227d1cd1a801c367de206ec4bbca7330,Uc0e86d8b626d1478f564068b99e863aa,video,delivered,2026-01-18 19:27:13,
efed2ff2-f92e-4fe4-b171-97d722db44cb,2025-12-21,msg_00025,U3bae1603803a839c0cb52f511d9cb8f6,U5662ece6f52e86dc5a1a67678deb0c56,text,deliverd,2025-12-21 12:38:41,
6e4c1809-c479-4f74-9ab9-4dc8289c1e98,2026-01-18,msg_00102,U227d1cd1a801c367de206ec4bbca7330,U7d1ad79ed9bc5a76bf44ab75e06c7463,video,failed,2026-01-18 20:29:03,
25bd5c6f-9581-411b-8920-3902dae88b99,2025-11-23,msg_00053,U743849e63f8101ac616f8fd0ba84a167,Uf96d2480bcb5a91a244e7a50275a0f55,video,opened,2025-11-23 22:17:58,
8c15df59-fa76-4c08-8f9c-ca97dbb551fd,2026-02-19,msg_00016,U837b70463a585f85743b5bfb3b49c9fd,U66530418b4199091022a023a2ef8dbf7,flex,delivered,2026-02-19 19:40:19,
975274b8-0a22-4488-8ecf-fba8538c9a97,2026-03-30,msg_00076,U743849e63f8101ac616f8fd0ba84a167,U234542dbdb6377723fdfea12026484e4,image,opened,2026-03-30 02:26:27,
67eb6ca8-b47a-4232-b1b8-8b69685e3aa1,2025-11-23,msg_00053,U743849e63f8101ac616f8fd0ba84a167,U5eed543dc4a13ce789a6b2a20212add4,video,delivered,2025-11-23 09:14:00,
3520b6ac-bd77-438e-8355-a60152d9b057,2026-02-28,msg_00117,U743849e63f8101ac616f8fd0ba84a167,32de49800106bd2d05bfe4c4dd2ca788,video,delivered,2026-02-28 19:35:23,
01122bd3-a967-4883-bad7-ee6e39bd613a,2026-01-09,msg_00052,U743849e63f8101ac616f8fd0ba84a167,U6c611d8b1dc20f9ab746bb75e21d0a6b,video,delivered,2026-01-09 20:17:35,
6a0903ad-dbb7-4d4a-a720-e1c33d87f097,2025-11-27,msg_00018,U3e5dd3a641c58ad50e49f095c6f1e306,Ub57055fe2f8bd6bdbfd561b35f8a55e6,imagemap,delivered,2025-11-27 22:57:12,
2dac1ed7-31b9-443a-9594-2f533d0d74ce,2026-02-10,msg_00058,Ue9a1e8a5b83a6b296d43c957a8cfba4a,U266f3e6c9e48acbf1b6baed88441b04a,video,opened,2026-02-10 15:45:08,
ff4955dc-82bf-4190-8447-df4b18ec8a99,2026-04-12,msg_00105,Ud4a92c8c8050eed40ef171cc2784d638,Ua7aab43f82d0665701badd3dbaf2890b,flex,delivered,2026-04-12 16:45:48,
e339d349-d6df-4ff6-a827-dd7e991c773a,2025-11-23,msg_00053,U743849e63f8101ac616f8fd0ba84a167,U66d5772ab68ddf3be5853202fd35bf6a,video,delivered,2025-11-23 07:58:07,
816fd0cb-766d-4c61-9105-f88609aeb2cd,2025-12-21,msg_00022,U3bae1603803a839c0cb52f511d9cb8f6,Uf1d898c4e6aca226d1ea2b702c097840,video,blocked,2025-12-21 14:00:25,
f7919ea6-1fb5-474d-b673-c57a1ec74667,2025-12-25,msg_00045,Ue7310890b01058478be93761a56d0aa0,U373a9a3937e31ed4110157500da4a063,video,opened,2025-12-25 14:19:46,
9d1753e2-aca9-47c1-8279-f482f7e1ab81,2025-11-17,msg_00099,U3bae1603803a839c0cb52f511d9cb8f6,U5fdd023698ab44270878ab13aa0a7f32,text,delivered,2025-11-17 20:10:12,
ae803bb9-9bac-4180-b8e2-13db294d698b,2025-11-25,msg_00043,U3e5dd3a641c58ad50e49f095c6f1e306,U9f2217a85cee20710faa4d18d1797276,flex,opened,2025-11-25 15:32:07,
94368a5c-bdd6-4504-82f7-c0fa04fcfb1b,2025-12-18,msg_00070,Ue9a1e8a5b83a6b296d43c957a8cfba4a,Uac3dfc26380f560d1f96a7d76d11341b,imagemap,delivered,2025-12-18 13:08:53,
653975b3-e358-4f13-9bf6-aaae26cdd06e,2025-12-23,msg_00061,Ub0341314a5534ea92b26fa8adc30543f,U39e3a15e876616ff798bd2dabbcd86b2,imagemap,opened,2025-12-23 03:08:46,
50232ec7-627f-418f-904c-41a99a11669c,2026-01-24,msg_00066,U3bae1603803a839c0cb52f511d9cb8f6,e33e4aee79861af6034ce5774f1d648f,image,delivered,2026-01-24 06:28:22,
97daa3ff-a0f6-43db-abd5-cadabfef0157,2026-04-12,msg_00120,U227d1cd1a801c367de206ec4bbca7330,U8767fdfa4bccb783f582770a907e23f1,text,delivered,2026-04-12 18:12:10,
c01bf980-b152-4caf-822b-7d0ac37791bf,2026-02-14,msg_00042,U3bae1603803a839c0cb52f511d9cb8f6,U98ddf9e1ff5f1fb6a9df044cdd691713,video,delivered,2026-02-14 16:57:12,
c0adf358-cfec-4a3e-bc5b-785914d4867e,2026-04-01,msg_00072,U4784fc8a8e1e4eb2435ad84e0ad052f2,U6c232bd987efb36e8b3e572c22e6aeba,image,clicked,2026-04-01 12:14:32,https://example-saas.jp/lp/newmenu
530982ad-4c3b-45b1-8a23-113cc886220b,2026-01-11,msg_00112,U743849e63f8101ac616f8fd0ba84a167,U067d90d88d53d7486ce357c95119223b,text,open,2026-01-11 01:51:20,https://example-saas.jp/survey
9e00704e-102b-4fc5-88f9-674e2a6f6d3c,2026-04-04,msg_00100,U743849e63f8101ac616f8fd0ba84a167,U0f4694192cb91358a0f0a30bb85da7ca,image,opened,2026-04-04 07:00:52,
3dc67893-e0c4-4c96-a129-8aba319d58e7,2026-03-27,msg_00096,U476acbdef8e9a16d24575e4f6d7b0f31,U94c565f181514c50306710a9cbfa77f7,imagemap,opened,2026-03-27 20:57:25,
9a29cf98-d9c2-41e3-82ff-fad7a14e0e20,2025-12-23,msg_00061,Ub0341314a5534ea92b26fa8adc30543f,Ufdf13b849ba0404efb03189c8c444307,imagemap,delivered,2025-12-23 03:08:18,
5e7ecc43-d568-4ccb-8452-c6cd339850f1,2026-03-06,msg_00055,U3bae1603803a839c0cb52f511d9cb8f6,U2d3d5f8dd51975ec36a631c1bde4e456,flex,opened,2026-03-06 18:33:07,
a76e74fe-7de2-4b7c-83d7-64fe5ad29e6e,2025-11-25,msg_00043,U3e5dd3a641c58ad50e49f095c6f1e306,Uc1df699d8458cf8c154a6758e5746391,flex,delivered,2025-11-25 08:13:19,
2ca117c3-2b44-4043-ba59-e9ba9fe3db4f,2025-12-23,msg_00061,Ub0341314a5534ea92b26fa8adc30543f,U34dad0de3c4d6d2cabb966927cc47e43,imagemap,opened,2025-12-23 17:20:43,
9162c4ed-7cc1-4543-9762-8e3476d2602d,2025-11-23,msg_00024,Ue8d9224ecde331ce692edfce0b5ecdc4,U920b2e2459ee8751113b903ab8e0ebd2,text,opened,2025-11-23 04:35:10,
822d1adc-711e-443b-90a9-e2ae5ace9afb,2026-01-24,msg_00066,U3bae1603803a839c0cb52f511d9cb8f6,U58da28424cf5a775d861079a5b1b7860,image,opened,2026-01-24 09:58:56,
8477f0ab-cf83-409e-b08f-d7be1cd6e26f,2026-01-18,msg_00102,U227d1cd1a801c367de206ec4bbca7330,U0fa18020b28cbe7475fd0352b5c3dfe4,video,opened,2026-01-18 20:59:44,
6a18294a-2fbb-43b4-8282-ae4d5df5bdfa,2025-11-16,msg_00011,U837b70463a585f85743b5bfb3b49c9fd,U85f7936c1b179238ea56a9049695f931,flex,opened,2025-11-16 10:22:38,
02f911f7-3582-4b47-a944-b04a9a1be423,2025-11-27,msg_00018,U3e5dd3a641c58ad50e49f095c6f1e306,U68586ffa1e2fef389f277eebcb5d2164,imagemap,opened,2025-11-27 13:09:14,
95ef89df-bd12-4fa3-a5d0-9dbc996e87ba,2026-02-05,msg_00107,U3bae1603803a839c0cb52f511d9cb8f6,Uea206d5b98068622c36cbbfc8ed59e0e,text,delivered,2026-02-05 22:45:17,
e3d27025-9ddc-4dd8-9581-27ca616f64da,2026-03-27,msg_00096,U476acbdef8e9a16d24575e4f6d7b0f31,U13fc0c60015474a65014174ae38726a3,imagemap,opened,2026-03-27 06:43:13,
95cd9c28-dc89-423d-93bb-141129996804,2026-03-29,msg_00097,Ub0341314a5534ea92b26fa8adc30543f,Uce5633d5a11a4edbc1b023e57eefc967,text,clicked,2026-03-29 07:05:34,https://example-saas.jp/survey
e2a0a87b-a699-4eb5-8e74-306af6cf228e,2026-04-05,msg_00054,U3bae1603803a839c0cb52f511d9cb8f6,U14ac1c111a19db0ca8293fde5b449cbb,image,delivered,2026-04-05 02:06:51,
b2d6c792-59be-4911-b94a-87f1b05d76f6,2025-12-07,msg_00003,U227d1cd1a801c367de206ec4bbca7330,U654da2d20151b5ab8b5b6af2c8f3a586,image,delivered,2025-12-07 19:14:53,
31101eef-9e36-457d-b995-47675238ae48,2025-12-15,msg_00030,U3bae1603803a839c0cb52f511d9cb8f6,U76085f6502cbe0eca8bfbf8e8e141ff5,video,delivered,2025-12-15 16:51:37,
f55f9a80-90e4-4dcc-b23a-358b8b1b5561,2025-11-17,msg_00099,U3bae1603803a839c0cb52f511d9cb8f6,Ud2a360839913477ea3542d50ccbe36ff,text,opened,2025-11-17 01:00:00,
20cde096-2d98-46bf-b931-218c7b1b93ea,2026-04-04,msg_00049,U476acbdef8e9a16d24575e4f6d7b0f31,Ue97b9d7b7fdb83aba0183b8ea655d206,text,opened,2026-04-05 00:04:58,
21eb084b-9ab7-4fd2-82a6-f76ebede50a7,2025-12-23,msg_00109,Ue7310890b01058478be93761a56d0aa0,Ua688f2f6a35dd1d42d326dff7a5752ab,text,delivered,2025-12-23 20:53:57,
b11b011e-f91f-4c61-ac9f-5a7b85e03f0d,2025-11-17,msg_00034,U743849e63f8101ac616f8fd0ba84a167,Uc936145714164d2554ae1d2d7574d257,text,opened,2025-11-18 00:23:11,
e8a5fe5d-5755-424c-955c-a03903a545f3,2026-01-14,msg_00081,Ue7310890b01058478be93761a56d0aa0,36295fd3667bd768f81b0f81f3449dd6,video,delivered,2026-01-14 23:39:04,
5384e8e2-b7ac-4a57-9e1d-43108048323a,2025-12-19,msg_00064,Ub0341314a5534ea92b26fa8adc30543f,U166f0b248674d5052c8294edfbcc5c0e,image,delivered,2025-12-19 10:17:54,
01d42eac-57a2-4dcc-82bd-c5d46e08cc5f,2025-12-07,msg_00003,U227d1cd1a801c367de206ec4bbca7330,U54ad89b61a558fad6c16e98ea8c1dbe9,image,opened,2025-12-07 17:03:10,
38234eee-3334-4a61-a288-bdea45ad0d46,2025-11-30,msg_00025,Ub0341314a5534ea92b26fa8adc30543f,U4cef8f81661d32c1fba8ecd722b6480b,imagemap,delivered,2025-11-30 14:38:20,
98002060-11d9-4818-8bf2-dc63fcb0b923,2025-12-09,msg_00094,U227d1cd1a801c367de206ec4bbca7330,U5d9836495f8ee506cd6d401d5911b757,flex,delivered,2025-12-09 14:54:52,
3f29b69e-7248-4001-9eae-1e0fe80a6c3e,2026-01-29,msg_00031,U3bae1603803a839c0cb52f511d9cb8f6,U0645e9b9e83450e9e155e4617e7866d9,video,delivered,2026-01-29 11:42:54,
5f83717e-066e-4ed7-80f9-0075333dc6ab,2026-03-27,msg_00096,U476acbdef8e9a16d24575e4f6d7b0f31,Ua529f396c1437e098c59f3f49d250d63,imagemap,delivered,2026-03-27 01:21:35,
5c0a1385-15fd-4e08-bbad-ce920719786e,2026-03-06,msg_00055,U3bae1603803a839c0cb52f511d9cb8f6,U7e23810f4767252503177ffa6502b9f4,flex,delivered,2026-03-06 00:03:06,
222d4918-3f22-4f43-84d8-38cf88a65649,2026-01-24,msg_00007,Ub0341314a5534ea92b26fa8adc30543f,Ucb27b7babb7805b0432cd62ba87a8e4c,imagemap,delivered,2026-01-24 05:32:51,
a7cb2451-27a7-4bb5-a69d-a78f16b3367d,2025-12-18,msg_00114,Ub0341314a5534ea92b26fa8adc30543f,U0d1ea2d8a6c74d6b2f9caf54cc9c77cd,flex,clicked,2025-12-18 22:07:51,https://example-saas.jp/survey
111a816f-0681-432b-9ec9-0cfcfc6a3a5f,2026-01-07,msg_00110,Ub0341314a5534ea92b26fa8adc30543f,U1d9f9379f815d0656e64707bc2c25971,video,opened,2026-01-07 05:12:08,
adbdd774-906f-45cd-9887-38246c6601fd,2026-03-08,msg_00112,U3bae1603803a839c0cb52f511d9cb8f6,U46e92d9fa21b7b82c15f9df44975ec36,image,clicked,2026-03-08 05:37:11,https://example-saas.jp/coupon/500off
fd001b72-ea53-446d-839c-7d4c8326019c,2025-12-31,msg_00082,U227d1cd1a801c367de206ec4bbca7330,U9cb33336fe56d195df78ea506f4f52c0,imagemap,opened,2025-12-31 13:05:40,
013245cc-beed-4834-a06c-e87b67d00f9c,2025-12-25,msg_00077,U743849e63f8101ac616f8fd0ba84a167,U75963c14fbcd613d7a1fd1be51cf8066,text,opened,2025-12-25 10:43:07,
fd77316b-768b-4545-b956-a5f6a94d7416,2026-01-31,msg_00035,U7e808d11d6f9901a954a542a7ee09918,Ufbb751daf29a5762ada4e53232fded99,text,delivered,2026-01-31 18:32:51,
8652266d-0b1e-41cc-92fb-b58edcedb93a,2025-12-22,msg_00038,Ub0341314a5534ea92b26fa8adc30543f,Ua3e1103436bea7fa373ea9cd7cf9f419,image,delivered,2025-12-22 02:19:06,
cbf4860d-7627-4b2c-b96a-66509b6760d5,2025-12-09,msg_00059,U3bae1603803a839c0cb52f511d9cb8f6,U38b387f6e8b2fa5d8d48531c53f8c8bc,imagemap,opened,2025-12-09 13:17:39,
f64febe4-04d5-4e99-914a-d3a2fb1d96e1,2026-03-20,msg_00092,U743849e63f8101ac616f8fd0ba84a167,Uaaaa467cce4951210edf92ae919efcc1,video,opened,2026-03-20 14:10:33,
04ee4e8a-2b7a-4a82-ac31-f09fb036a035,2026-01-18,msg_00102,U227d1cd1a801c367de206ec4bbca7330,Ua3ee61daff3ad75be763fcbfa95f387d,video,opened,2026-01-18 05:24:25,
845f3437-52e7-4d8b-b028-ea3243b1f547,2026-03-06,msg_00055,U3bae1603803a839c0cb52f511d9cb8f6,U19b84890e8888adf1e083ee9947c0809,flex,delivered,2026-03-06 01:44:03,
326cfd33-e8a0-44cc-b0ce-805981eb1a48,2025-12-18,msg_00114,Ub0341314a5534ea92b26fa8adc30543f,U98f6e442401497769510f85a8bf2cf46,flex,delivered,2025-12-18 17:27:15,
3015adc9-9b30-469b-8ac5-4e214a068a6f,2026-03-22,msg_00119,U3bae1603803a839c0cb52f511d9cb8f6,Ufc05b0bf067b665ca83011a26e9d61bb,imagemap,delivered,2026-03-22 20:41:24,
9c06d06d-1898-4520-9d69-3893cd85e801,2025-12-09,msg_00059,U3bae1603803a839c0cb52f511d9cb8f6,U16ff8e1d2c56f59b7c79960ae49c8a98,imagemap,delivered,2025-12-09 12:53:16,
d32cbc95-121e-4278-868a-3fa31379de19,2025-12-21,msg_00022,U3bae1603803a839c0cb52f511d9cb8f6,U3547a4f59dde130bccfab14a69672516,video,opened,2025-12-21 10:16:33,
5b6b1f00-54bb-4f7a-bbaf-f3c1a48297ec,2025-12-09,msg_00069,Uc20f9c7e9b662bedec3cb78e127885c7,Ud77b91899db2a70fd822267862b129cc,imagemap,clicked,2025-12-09 16:32:59,https://example-saas.jp/campaign/spring
f2f084cb-5d4a-49c7-937f-0501eedb2515,2025-12-15,msg_00030,U3bae1603803a839c0cb52f511d9cb8f6,16101dcb03773d1ed634a9597c6da2e9,video,opened,2025-12-15 23:31:36,
e508251b-c18e-4ebd-95da-7df0c5752e6d,2026-01-24,msg_00007,Ub0341314a5534ea92b26fa8adc30543f,Ub77816012f2e45cc1fe1aa5acaa3f623,imagemap,delivered,2026-01-24 09:52:18,
2b0808da-5e52-4e27-b064-fcd3c21d4f04,2025-11-17,msg_00034,U743849e63f8101ac616f8fd0ba84a167,a1cfa5a1bc32e977b2868cfbda1ca067,text,delivered,2025-11-17 04:18:17,
fda31d62-0e99-44bd-82f2-a392702799ba,2026-02-15,msg_00089,U3bae1603803a839c0cb52f511d9cb8f6,U4476d7b6ad644f4e08949d8489ad7191,text,clicked,2026-02-15 12:33:19,https://example-saas.jp/lp/newmenu
7a76bcf2-9158-4ea6-84e6-5fa6e86be097,2025-11-21,msg_00010,Ue7310890b01058478be93761a56d0aa0,U82f7e91e54989a4e386c0fbf5afda607,imagemap,delivered,2025-11-21 23:14:36,
215cde00-2c05-4d06-824e-0f273f084f20,2026-03-16,msg_00002,U3bae1603803a839c0cb52f511d9cb8f6,U8d500af626104d6d3b2ad52dd8213abb,text,delivered,2026-03-16 08:20:26,
06356bd6-b418-4b54-8351-b920e81e85bf,2026-04-12,msg_00120,U227d1cd1a801c367de206ec4bbca7330,U69d58b75a0207be46eaaa6b1a770d101,text,delivered,2026-04-12 10:19:12,
6b19d78b-abae-4cdd-9204-b99cb2670d79,2026-02-10,msg_00058,Ue9a1e8a5b83a6b296d43c957a8cfba4a,U9feb311e8e988531990ec0d60246ebd5,video,delivered,2026-02-10 06:35:46,
6d127101-6391-49df-a8ef-6484bf718b8f,2025-12-08,msg_00015,Ub0341314a5534ea92b26fa8adc30543f,U6541ab26fc8244789bcdf1c25c3e7946,text,opened,2025-12-08 19:19:55,
6dd11b8f-5605-4c5b-9a4c-f28e67c35f53,2026-03-21,msg_00023,U743849e63f8101ac616f8fd0ba84a167,Ue2ab54da51f7529780b8f267cf4b0596,imagemap,clicked,2026-03-21 10:49:37,https://example-saas.jp/survey
4ea16190-7bb3-47e7-b9aa-cb986484dd7a,2026-04-08,msg_00078,Ud4a92c8c8050eed40ef171cc2784d638,U5813e6722719e2e8ba6868410787741c,image,delivered,2026-04-08 22:05:47,
f3f7aec9-6359-436d-bf1f-58410362e5d6,2025-12-12,msg_00029,U743849e63f8101ac616f8fd0ba84a167,U231571af3bbc5591a63c4d3fa7606fba,imagemap,delivered,2025-12-12 07:43:56,
3f5a7b6d-dd09-4249-869a-5d948fa14907,2025-12-18,msg_00114,Ub0341314a5534ea92b26fa8adc30543f,U0d1ea2d8a6c74d6b2f9caf54cc9c77cd,flex,delivered,2025-12-18 21:06:25,
480c4b57-a6eb-4d75-8df3-979d97609ae0,2026-04-12,msg_00105,Ud4a92c8c8050eed40ef171cc2784d638,U6f5b015e4109754460212d4a9f0b703d,flex,opened,2026-04-12 23:10:22,
9c06b5e3-09ce-4b28-a80f-e61c6a90a122,2025-12-17,msg_00032,U3bae1603803a839c0cb52f511d9cb8f6,Ufa0155b3c2488d1e743ea91f735cb6ef,video,delivered,2025-12-17 14:15:40,
4d797110-d93f-4c9c-828f-c5f2752b3b20,2026-03-18,msg_00080,U22a93bc29b1df104af6b1ba1cd91fc56,U2deb19534a1e76fcfc3762606e7bb688,flex,opened,2026-03-18 07:29:07,
6bb4b383-f8d4-4632-9018-2e0a65e050d6,2026-04-13,msg_00119,Ud4a92c8c8050eed40ef171cc2784d638,Uf2d33ad0e45542c18f1d9002497fb4b7,image,delivered,2026-04-13 19:31:18,https://example-saas.jp/campaign/spring
8390e351-1264-4a09-922e-3ec8c42940f4,2026-02-08,msg_00051,U3bae1603803a839c0cb52f511d9cb8f6,Ue551e4bd5870efcd9d617c047f94bed6,image,delivered,2026-02-08 02:35:10,
e4a1e643-eb19-4c80-b064-d9c60f6d2b70,2026-04-10,msg_00101,U743849e63f8101ac616f8fd0ba84a167,U17a1551538b2c9ba20bdc435173bbd66,imagemap,opened,2026-04-10 14:32:54,
d590e0cb-5939-4961-8c69-474a7d85ef1d,2026-04-12,msg_00120,U227d1cd1a801c367de206ec4bbca7330,U623186c676265bbc6dceedc029d95b99,text,delivered,2026-04-12 18:16:24,
b4fcb7d3-22c7-4540-8d7e-79309ff4c5bf,2025-12-21,msg_00022,U3bae1603803a839c0cb52f511d9cb8f6,U2b9225b4ff4cb3a34815149423dce31e,video,delivered,2025-12-21 16:18:51,
6f2c5cdf-3897-40bc-8b1e-2021dfc1d6d5,2026-04-04,msg_00049,U476acbdef8e9a16d24575e4f6d7b0f31,Ub3929df755a93cb5b80089fb153fee06,text,delivered,2026-04-04 05:20:40,
f38dabcc-6fcd-4189-b0a1-8d891af5c2bd,2025-11-25,msg_00043,U3e5dd3a641c58ad50e49f095c6f1e306,U6de3b544a2522ef21f9235660d13206c,flex,delivered,2025-11-25 10:51:20,
134cf19f-9a4a-444d-a133-47ac25702661,2026-03-06,msg_00068,Ub0341314a5534ea92b26fa8adc30543f,U7f6762f87db34865de1a9a9e4384d502,video,delivered,2026-03-06 10:06:03,
7888fd8e-d397-4442-a153-33bd13a0e0ac,2026-01-10,msg_00044,U30ad60bba5da9837ca5dd0230ca8f531,2fd12de3fa7bfd7460981decef35df55,video,delivered,2026-01-10 00:41:14,
0c7b493d-db37-40e2-8535-37df9ca197e4,2026-03-21,msg_00023,U743849e63f8101ac616f8fd0ba84a167,Ue3ca9055f230219106f1b3a88889451e,imagemap,opened,2026-03-21 11:37:26,
7d7fcb64-912c-4407-a530-a2d14f607f90,2026-02-07,msg_00090,U4784fc8a8e1e4eb2435ad84e0ad052f2,U118544ae7cf602b8c5efa58caaf9c347,imagemap,delivered,2026-02-07 16:56:33,
7c127fee-04e4-43f6-b8ad-3224f6053db8,2026-02-15,msg_00006,U743849e63f8101ac616f8fd0ba84a167,U01cd31ac9f4930286bce32da4101e670,flex,opened,2026-02-15 09:00:16,
9fb4fbeb-b3e8-4113-82e5-89651d88cd45,2026-03-23,msg_00071,U3bae1603803a839c0cb52f511d9cb8f6,U4c3b69d5d4ccd5cc9aafa851c888a08d,imagemap,opened,2026-03-23 22:15:29,
d55631e3-a3ae-455c-9c7e-ee396bdbe566,2026-03-25,msg_00079,U743849e63f8101ac616f8fd0ba84a167,U62f6f4d2f3c48d0c32d3cafee0d64a82,text,delivered,2026-03-25 17:26:54,
b658ee91-1041-4563-a770-4b7b90e02ac3,2025-12-18,msg_00114,Ub0341314a5534ea92b26fa8adc30543f,U91a749c45bdef65ce580217d337d3af7,flex,clicked,2025-12-18 06:32:38,https://example-saas.jp/campaign/spring
81644191-ce28-4a7e-b2ae-80a50bb27bae,2026-03-05,msg_00014,U3bae1603803a839c0cb52f511d9cb8f6,605a51bcbb32addca4ca63f6fe1340d6,flex,delivered,2026-03-05 21:15:22,
2c105155-6465-4028-bafc-dc845ed5e9ae,2026-03-30,msg_00085,Ue9a1e8a5b83a6b296d43c957a8cfba4a,U39aa34e9f1d7d31bf5317a075d74fe0f,text,delivered,2026-03-30 02:16:50,https://example-saas.jp/lp/newmenu
7c0fffdc-6e2f-4aa3-91bd-f87aa7272492,2025-12-09,msg_00094,U227d1cd1a801c367de206ec4bbca7330,U71aa58a35e7c3e62a1cbafc2c74b6de8,flex,clicked,2025-12-10 00:33:58,https://example-saas.jp/survey
f4aadf7c-624e-4d22-b1c6-54369dbd382e,2026-02-15,msg_00006,U743849e63f8101ac616f8fd0ba84a167,U425bd780220dcf97702a26f149516129,flex,delivered,2026-02-15 05:47:40,
208d283c-c569-4649-a22a-e186c93508d1,2026-03-08,msg_00112,U3bae1603803a839c0cb52f511d9cb8f6,Ufb8745a3e35fccc739f95f4a29d6ec4c,image,opened,2026-03-08 09:26:14,
2267db1c-1414-49ba-b1fe-7644a355e913,2026-02-15,msg_00006,U743849e63f8101ac616f8fd0ba84a167,U984caa7d1bd50152d7c2125348238133,flex,delivered,2026-02-15 02:21:34,
f74b3837-a393-4cf5-9a00-5439afac1e51,2025-11-22,msg_00047,Ue7310890b01058478be93761a56d0aa0,Uff5989f73cdc91a533ec2066c7c4089c,video,clicked,2025-11-22 20:42:03,https://example-saas.jp/survey
17492c29-e342-44bc-b9cf-f2234fc4458d,2026-03-22,msg_00119,U3bae1603803a839c0cb52f511d9cb8f6,U57fb07b1953ff0ba96a97603664d1ce0,imagemap,opened,2026-03-22 12:36:59,
e085f574-a185-4c54-9bad-8542a9376f9b,2025-11-22,msg_00047,Ue7310890b01058478be93761a56d0aa0,U1bfc61e703a6ff8adc3978f385a40694,video,delivered,2025-11-22 00:39:27,
6020778c-31f3-4a54-8f8f-ff13e44bd318,2026-02-20,msg_00095,Ub0341314a5534ea92b26fa8adc30543f,Uc1f87f70561616c45f5b832086cf96b9,text,opened,2026-02-20 23:07:22,
c900635b-3ef2-4095-8feb-72a6a8e31830,2026-02-08,msg_00051,U3bae1603803a839c0cb52f511d9cb8f6,22de8bd3432fa7e8bb0d1e37bb440920,image,delivered,2026-02-08 19:58:06,
8d177fcf-d314-4000-9c00-c54def1bdb0d,2025-12-23,msg_00061,Ub0341314a5534ea92b26fa8adc30543f,Uf36e3a0ff8f9e0121e7ebade3145607c,imagemap,opened,2025-12-23 02:11:37,
85c39d39-f31d-4e50-bcd2-f61fec31dcd9,2025-11-23,msg_00024,Ue8d9224ecde331ce692edfce0b5ecdc4,U1cbf1cec3ec3d6872163d8ef3ed73b30,text,delivered,2025-11-23 09:54:16,
2605797f-8c63-45bf-b6b8-03a8bb9dfd5f,2026-04-08,msg_00078,Ud4a92c8c8050eed40ef171cc2784d638,U06594c47a35862d7d5623c617dfcf134,image,delivered,2026-04-08 03:04:47,
ada444dd-a571-493e-85cb-93bd441ac4c0,2026-03-21,msg_00023,U743849e63f8101ac616f8fd0ba84a167,Ue8a4942e40d85d80b9ef557011f73adc,imagemap,opened,2026-03-21 23:06:52,
caa62950-5e93-47bb-853a-127f02f2573c,2026-03-31,msg_00046,U4784fc8a8e1e4eb2435ad84e0ad052f2,U259d9c78111cc1e1b52741ed0b2c716b,flex,opened,2026-03-31 20:50:37,
0fee03f9-b430-4b31-85d6-628cc65891a3,2025-12-09,msg_00059,U3bae1603803a839c0cb52f511d9cb8f6,Uc2af99292b8e546c84fa159196c53fd4,imagemap,clicked,2025-12-09 13:50:19,https://example-saas.jp/survey
93a93332-f737-41d0-8246-0ac9158e55db,2026-01-07,msg_00110,Ub0341314a5534ea92b26fa8adc30543f,55e9a9695b2ea80336128f03e284a330,video,delivered,2026-01-07 13:21:04,
4581cd7a-b6b0-4e5e-ab8c-e93d7ea83e9e,2026-03-23,msg_00116,Ud4a92c8c8050eed40ef171cc2784d638,U6fb6b01787ff00a59fb0e38e118d7c4f,text,opened,2026-03-23 02:45:02,
3254f2d9-b434-4ada-8af5-feedc10119ef,2025-12-14,msg_00085,U743849e63f8101ac616f8fd0ba84a167,Ub1caf2af9a9c7a59f1f1d2e3543e3482,image,delivered,2025-12-14 23:48:39,
ca5ce5df-aa23-488a-b942-8438ccd61ffb,2026-04-08,msg_00078,Ud4a92c8c8050eed40ef171cc2784d638,U8ba9a9418f15f1037ba245e39e66b333,image,delivered,2026-04-08 00:47:21,
ed7f3d93-64d1-4ce9-92d8-e697b6bee254,2025-12-22,msg_00038,Ub0341314a5534ea92b26fa8adc30543f,Ua62ad07cade2e07eabef68a555a39bfe,image,delivered,2025-12-22 02:01:38,
c1cbcfb8-faff-4615-8f45-216b1c282d7f,2025-11-17,msg_00099,U3bae1603803a839c0cb52f511d9cb8f6,U31e73b1e5a1f6ec1e8591ccc87d223b1,text,delivered,2025-11-17 23:24:02,
6b6df547-5870-4f9d-bc72-b315c32e5bbe,2025-12-23,msg_00061,Ub0341314a5534ea92b26fa8adc30543f,U851115ffdee66fff4f4773977811814c,imagemap,delivered,2025-12-23 01:46:02,
5d9c465d-aa0a-4737-93af-5f1159a88b2a,2025-11-16,msg_00020,U3bae1603803a839c0cb52f511d9cb8f6,d3ce077c9d002c1ede7c475ab6e96704,text,delivered,2025-11-16 22:15:19,
6652aa4a-3f4f-4ff2-ab9b-f301455e2998,2025-11-17,msg_00099,U3bae1603803a839c0cb52f511d9cb8f6,U0f5b221adc951be7f69e7609d4d6e27f,text,delivered,2025-11-17 12:37:38,
b44a15dd-4702-49ac-9b78-57239cf4e0a6,2026-04-12,msg_00120,U227d1cd1a801c367de206ec4bbca7330,1e75f42c1f3bb9e545160c024e1fcaf5,text,delivered,2026-04-12 06:14:48,
4a50f1c9-26cd-4a50-abb4-16afc70e7995,2026-03-04,msg_00056,U1ca413826b7044d134c9c3132420c9de,92d2f7687602c1e28d1629aea1edfaf2,text,delivered,2026-03-04 03:40:56,
882e3607-6688-4d6d-b45f-f47f37eb5518,2026-02-14,msg_00098,U743849e63f8101ac616f8fd0ba84a167,U5bc4804e3511c0c7e7932c8034ad11c3,imagemap,clicked,2026-02-14 23:26:09,https://example-saas.jp/lp/newmenu
b57c7484-d9fb-49bd-a8eb-97c20b897964,2025-12-22,msg_00013,Ub0341314a5534ea92b26fa8adc30543f,U5cd0e8e9e6fc27c7415c62bd7a78eff2,image,opened,2025-12-22 19:15:29,
a6339754-5f9a-49da-adaf-8b33bbc805ac,2025-11-23,msg_00053,U743849e63f8101ac616f8fd0ba84a167,U19cd4b97782f0bbbd32c0a54a83950b1,video,delivered,2025-11-23 19:27:24,
b5060308-1c8f-44b1-af36-82eed7f30830,2026-01-14,msg_00081,Ue7310890b01058478be93761a56d0aa0,10d06a5fbdff2c47531077133dcf084e,video,delivered,2026-01-14 18:46:42,
75a6e4f0-88d0-496c-af86-fa681d0943cd,2025-11-19,msg_00019,U743849e63f8101ac616f8fd0ba84a167,U931e9169ce65209e6802197023aad1eb,flex,delivered,2025-11-19 21:46:16,
489572bf-3d8f-460c-a251-f2f69e619313,2025-12-12,msg_00004,Ub0341314a5534ea92b26fa8adc30543f,U53a799aaad3caf8e61432985f593c8ca,video,clicked,2025-12-12 20:04:42,https://example-saas.jp/lp/newmenu
3d6ec930-27ec-42cc-9c13-069822894844,2026-02-20,msg_00095,Ub0341314a5534ea92b26fa8adc30543f,U0a2cb1a84ed074e8f5871688a38ab070,text,opened,2026-02-20 10:28:13,
4508b2f6-2585-467b-abfa-4b5cc26191ba,2026-02-20,msg_00048,Ue7310890b01058478be93761a56d0aa0,U1671ead5631cf4fa32e68647c8dbb42b,flex,delivered,2026-02-20 16:35:11,
b26b2438-98ae-47c4-a417-e3b5cc9eb1f4,2026-03-11,msg_00067,U7e808d11d6f9901a954a542a7ee09918,Uc3b126a812fd4a56591a6f354b8874a5,video,opened,2026-03-11 23:55:23,
623c1b77-516c-494c-938c-4dafff1d9366,2026-01-20,msg_00026,Ud4a92c8c8050eed40ef171cc2784d638,Ucfe598e8a894ca4e92012dcb2ffd8764,imagemap,delivered,2026-01-20 16:00:00,
f82c411a-48b1-4b27-aee4-e8e2bc962302,2025-12-22,msg_00013,Ub0341314a5534ea92b26fa8adc30543f,Ucff518d40817bec772da9987fc7b744c,image,blocked,2025-12-22 21:20:54,
338bc1e2-aae5-4388-a627-1462be56a735,2026-02-14,msg_00042,U3bae1603803a839c0cb52f511d9cb8f6,U25e0da0543d7fcc23bc4b6a4286e584b,video,delivered,2026-02-14 08:01:29,
d04cba59-b907-429d-8a13-8851ea11053b,2026-02-16,msg_00021,U743849e63f8101ac616f8fd0ba84a167,Ue9e17ad3a5dc6ee957a7dd6a4f88bb67,flex,delivered,2026-02-16 05:38:32,
1b56aa59-d085-4193-b608-8193afd11dee,2026-03-08,msg_00112,U3bae1603803a839c0cb52f511d9cb8f6,U5338b14be3932947aff111c2e4912165,image,delivered,2026-03-08 07:46:10,
0810a85c-b4f7-4aa5-b087-73a93fd76f45,2025-11-23,msg_00053,U743849e63f8101ac616f8fd0ba84a167,3c4d3bed9ef256d40c02b5a37be62c88,video,delivered,2025-11-23 16:30:55,
2e33eff5-cce0-45d2-a508-a962a10326f6,2025-12-21,msg_00022,U3bae1603803a839c0cb52f511d9cb8f6,e7e75c072278c1b461541314066eae8d,video,opened,2025-12-21 12:17:38,
d7b0cc73-6a81-4dd9-be39-426e317c22f7,2026-01-26,msg_00103,U3bae1603803a839c0cb52f511d9cb8f6,a26210e2504d866f18954157539f58fc,flex,opened,2026-01-26 05:48:35,
a1633603-2082-4819-b926-1d88b6942c02,2025-12-03,msg_00012,U743849e63f8101ac616f8fd0ba84a167,U9bbd42282c4c7a6470f793c9f360df56,imagemap,delivered,2025-12-03 15:29:51,
69405ccc-9b74-4f1f-a5f1-261222c86776,2026-04-12,msg_00120,U227d1cd1a801c367de206ec4bbca7330,Ua82a4e6c63661b306bbf0aa7e37433bc,text,opened,2026-04-12 10:11:58,
608a0bd7-2525-4109-9679-23145be00bd6,2026-02-24,msg_00039,U743849e63f8101ac616f8fd0ba84a167,U3ae3ef48a3f8f11d440658ab362c551c,flex,delivered,2026-02-24 00:05:58,
ed2a658a-b318-46f8-8d82-146e7a0366bf,2025-11-30,msg_00025,Ub0341314a5534ea92b26fa8adc30543f,908a9eb843cb1a387d781a27381080b5,imagemap,delivered,2025-11-30 10:22:33,
2b8c8bc0-c954-46c8-8bb5-7617b6d4e32a,2025-11-25,msg_00043,U3e5dd3a641c58ad50e49f095c6f1e306,Uae30f3ec66fc7d8d397e81d622289685,flex,delivered,2025-11-25 14:14:29,
536933f7-3d4d-4079-b18c-317a783d3538,2026-03-23,msg_00116,Ud4a92c8c8050eed40ef171cc2784d638,U599e0c0bdbf691a98e11686ee6dd6836,text,delivered,2026-03-23 11:25:10,
c817eff1-366c-4d37-9422-3c642bcc3d4f,2026-04-06,msg_00074,U3bae1603803a839c0cb52f511d9cb8f6,U887e055ebaa616880db97cf1a387c6f3,text,delivered,2026-04-06 22:12:25,
c687a8da-f832-4b7a-befd-7bdaef9b26a0,2025-12-12,msg_00004,Ub0341314a5534ea92b26fa8adc30543f,Ud29794b351369af045c44cd2b6b47784,video,opened,2025-12-12 22:54:45,
30d51ad3-ecd9-434a-8ec1-db334be61ffc,2025-12-19,msg_00064,Ub0341314a5534ea92b26fa8adc30543f,U2f0722d595fdf43dd8fa6ad7a0f6df3c,image,delivered,2025-12-19 14:34:30,
f4adb373-7635-4589-99ab-46d5f10a1471,2025-12-19,msg_00064,Ub0341314a5534ea92b26fa8adc30543f,U0ad9182e6b0fcd2ef856cad6f82acf7f,image,delivered,2025-12-19 21:14:50,
286b75f5-1ee1-4a1c-add4-a03512fbe868,2025-11-19,msg_00019,U743849e63f8101ac616f8fd0ba84a167,Uf4f55e14e6a6e115ebc12347bb12f0db,flex,delivered,2025-11-19 02:53:14,
669fa688-d73e-481a-a7ba-6af0eb34ffbf,2026-01-24,msg_00113,Ub0341314a5534ea92b26fa8adc30543f,U5c868c48fa60a2d39b953a66ae6e3bfb,text,delivered,2026-01-24 22:15:36,
e25e404a-4a1b-4f93-8346-f440c5a1bf4f,2026-02-05,msg_00107,U3bae1603803a839c0cb52f511d9cb8f6,U6e5839252ba116ae299eb802dfd53e1e,text,delivered,2026-02-05 16:08:39,
d675b786-5680-4b7e-a6ac-2c13e8dded68,2026-01-31,msg_00035,U7e808d11d6f9901a954a542a7ee09918,Ud1d88d0e2d9d95e91525dce66dd35b15,text,opened,2026-01-31 21:35:21,
1611c915-d99c-4de3-9e22-b1ee66a5cd3c,2026-03-06,msg_00055,U3bae1603803a839c0cb52f511d9cb8f6,Uae85481215c26b660b323a0999bf7465,flex,delivered,2026-03-06 07:33:28,
cabf5d90-ebda-4793-a604-f45ee171b66f,2026-01-26,msg_00115,U3bae1603803a839c0cb52f511d9cb8f6,U83bc82500a0a1d1fcfb199a2325c9329,imagemap,opened,2026-01-26 03:47:47,
8d0e532f-a3bf-4e25-8077-6c53c6811f0f,2026-01-31,msg_00035,U7e808d11d6f9901a954a542a7ee09918,Uca5b531d6659b632b274f85d71e2bec5,text,delivered,2026-01-31 02:00:14,
0b785f2b-9d2a-467f-8a07-84acad4e6c1b,2025-12-07,msg_00003,U227d1cd1a801c367de206ec4bbca7330,U043d15d1a66844935cba2921d1d19657,image,opened,2025-12-07 05:51:04,
814e37a5-7e40-4d7f-b4f6-8881484c4ba2,2026-01-20,msg_00108,Ub0341314a5534ea92b26fa8adc30543f,Uce5d106661b60f245ade73efaa012380,flex,delivered,2026-01-20 05:33:56,
6d78f0ae-6e82-4aad-864b-1fecda49dbf9,2026-01-24,msg_00007,Ub0341314a5534ea92b26fa8adc30543f,U500c47691afe029e1ef167dfda4b38cc,imagemap,delivered,2026-01-24 17:31:56,
654f7c03-eff7-4cb3-a95e-e18853aaecf7,2026-02-16,msg_00021,U743849e63f8101ac616f8fd0ba84a167,U58ae6f0460f3a8fbe97946266458916a,flex,delivered,2026-02-16 12:00:32,
db76f9c9-9440-4cda-b2bf-6ffca7c0ac19,2026-01-29,msg_00031,U3bae1603803a839c0cb52f511d9cb8f6,U9831083ec9d310184a9ef5d98399eca5,video,opened,2026-01-29 02:53:40,
22905ef8-ebe3-45b9-8ddc-77e0163e271f,2026-03-20,msg_00092,U743849e63f8101ac616f8fd0ba84a167,U3b5fb24b8f46500319fd299cc864aa53,video,opened,2026-03-20 22:21:45,
800e7de7-608a-4da9-8e54-dc383ebc7680,2025-12-21,msg_00022,U3bae1603803a839c0cb52f511d9cb8f6,Ub322d0d4150d788649032e699630522d,video,delivered,2025-12-21 19:22:05,
a10727df-cf11-42c7-bb4e-14e8eafc5299,2025-12-25,msg_00077,U743849e63f8101ac616f8fd0ba84a167,U136a561eb04301acc2babfafe2e32052,text,opened,2025-12-25 02:19:30,
2a18b57c-4843-45f8-8c3f-f379b862f00c,2026-03-26,msg_00040,U3bae1603803a839c0cb52f511d9cb8f6,U4965f6af708bdb8e7701a0ccfef7e595,imagemap,delivered,2026-03-26 22:57:38,
0a5de118-9fa3-45e1-a386-ef9a799aaceb,2026-01-26,msg_00086,U4784fc8a8e1e4eb2435ad84e0ad052f2,Udc9ebd3ca1d08ea44d5a08eb7bd32e64,text,opened,2026-01-26 04:34:43,
c664dc06-4ee8-4636-ac11-fbf3a372ed48,2026-01-26,msg_00063,Ub0341314a5534ea92b26fa8adc30543f,U2b8bc50d1caec5a2d08e345d9f483489,imagemap,clicked,2026-01-26 05:05:42,https://example-saas.jp/lp/newmenu
6fba6bda-d727-4a97-8b58-a00266d39d70,2025-12-19,msg_00118,U4784fc8a8e1e4eb2435ad84e0ad052f2,Uda8e457157ff65f82cfbd24f3509d302,image,delivered,2025-12-19 10:36:02,
431b28a2-4df3-43ec-9635-a8ff03d87d32,2026-01-26,msg_00005,Ub0341314a5534ea92b26fa8adc30543f,Uf3db66d6342689505d6ac155761553c7,image,delivered,2026-01-26 12:50:36,
87962622-d445-4329-aca7-6330a5cda050,2026-02-10,msg_00058,Ue9a1e8a5b83a6b296d43c957a8cfba4a,Ue776d9d4e0967873161a75799742a5c2,video,delivered,2026-02-10 12:58:26,
9ac8d86e-0260-46e2-9b05-7ad0bfe8c939,2025-11-27,msg_00018,U3e5dd3a641c58ad50e49f095c6f1e306,U5cf9e682556375acf874605b58e05249,imagemap,delivered,2025-11-27 10:14:44,
4bb08d16-fa57-46d0-a203-fb85b3edce70,2026-03-23,msg_00071,U3bae1603803a839c0cb52f511d9cb8f6,Udd9ebb25ec89c0a32974f08a83d132aa,imagemap,delivered,2026-03-23 12:33:46,
b89d8e59-201f-427e-aaab-13def0cea72b,2026-01-20,msg_00026,Ud4a92c8c8050eed40ef171cc2784d638,Ua7a73c3ad715ea4edc24d2cd424d6adb,imagemap,delivered,2026-01-20 20:11:09,
77888f3e-8e9a-43fa-9fa7-ffd169a31ebf,2026-02-08,msg_00051,U3bae1603803a839c0cb52f511d9cb8f6,U9bdc880d6b977cfce73202e2ddaf63c9,image,delivered,2026-02-08 16:53:35,
4ad42cd6-2eea-4f53-aa07-9421daf09c9f,2026-01-01,msg_00027,U4784fc8a8e1e4eb2435ad84e0ad052f2,U7effa1d980cfb4393dc8394a49e9ae8c,image,delivered,2026-01-01 09:11:07,
c289736d-fcdc-4633-ace1-54dfe4b24ca6,2025-12-09,msg_00069,Uc20f9c7e9b662bedec3cb78e127885c7,U6a6210cd11688219846bb4adb2845b7c,imagemap,opened,2025-12-09 22:18:37,
ea123da1-c910-4e27-9f12-2f616db3b5cc,2026-03-26,msg_00040,U3bae1603803a839c0cb52f511d9cb8f6,Ue383b27cfe9642fd0fac58ab3c411ddf,imagemap,delivered,2026-03-26 00:23:06,
22c50fc6-f6d5-4d09-ac47-ebb89bcd8889,2026-02-14,msg_00042,U3bae1603803a839c0cb52f511d9cb8f6,Ue75945fe60a7496408cbb1712b84a6d6,video,delivered,2026-02-14 03:04:32,
89dabed7-0929-424e-a39b-437f3b9233ae,2026-02-07,msg_00090,U4784fc8a8e1e4eb2435ad84e0ad052f2,65149e73cd7b74ea1ce2193e115f5740,imagemap,delivered,2026-02-07 09:20:23,
aa1e5eb0-949b-4a0d-ab49-7a9a6c2af87e,2026-03-11,msg_00067,U7e808d11d6f9901a954a542a7ee09918,Ubee621c1ef791190cee805e07112a9f7,video,delivered,2026-03-11 09:14:07,
8d4af0a3-a096-4bcb-b935-414211a433d0,2026-01-24,msg_00066,U3bae1603803a839c0cb52f511d9cb8f6,U59c799ae8c364c1d90bc639af7edd945,image,delivered,2026-01-24 17:06:01,
c0254bec-ac81-4f8f-8a83-d3e0bcddf125,2026-02-15,msg_00087,U3bae1603803a839c0cb52f511d9cb8f6,6e5a23d9381b00888581f373515971cd,imagemap,opened,2026-02-15 17:50:40,
9e8c77af-496f-40fb-9f25-aab568044096,2026-02-10,msg_00058,Ue9a1e8a5b83a6b296d43c957a8cfba4a,Ua50362d0cb7ce5a440ed663f67d6d0ba,video,delivered,2026-02-10 06:05:13,
8744f836-60f5-4aa9-9669-61d5db555796,2025-11-19,msg_00019,U743849e63f8101ac616f8fd0ba84a167,U4e56a5ea0b2aabddb36af2d36e5e8363,flex,delivered,2025-11-19 03:26:55,
b35cd62d-7053-4aab-8fc7-cadc4577fe1b,2026-02-09,msg_00083,U3bae1603803a839c0cb52f511d9cb8f6,U3f2ff458cf47fe35a4cc05e675ff0fae,flex,opened,2026-02-09 05:25:53,
743494c9-95bc-4743-869e-b0957abed11c,2025-11-16,msg_00020,U3bae1603803a839c0cb52f511d9cb8f6,Uc2a31a16699f14bd361e9baa4879ec8f,text,delivered,2025-11-16 21:43:51,
a42fe5e4-195e-4b55-a213-0368f3afaced,2026-02-20,msg_00048,Ue7310890b01058478be93761a56d0aa0,Uad58e42e10b987b59fccc06e3a2dfa79,flex,delivered,2026-02-20 13:02:57,
39d5394c-c523-4d7a-90c3-7f0baba9f9d2,2026-02-14,msg_00098,U743849e63f8101ac616f8fd0ba84a167,d3c10432cad1781a3074df16c0dc1ecd,imagemap,delivered,2026-02-14 21:02:57,
5c5a7358-0f15-4632-8a0e-c5e39dc9cf44,2026-02-15,msg_00087,U3bae1603803a839c0cb52f511d9cb8f6,a62c60ba4da28c23cab78e3550594c63,imagemap,delivered,2026-02-15 14:54:50,
75ac535b-548b-41df-8d54-ccb05aa2548d,2026-01-26,msg_00086,U4784fc8a8e1e4eb2435ad84e0ad052f2,5aec745e538f87d86c2b2d748d8fa2ea,text,delivered,2026-01-26 07:23:59,
31143ccd-09db-40ae-ad67-e63e83142702,2026-01-20,msg_00108,Ub0341314a5534ea92b26fa8adc30543f,U94169573c3a013f04cb0c8a950b65be6,flex,delivered,2026-01-20 01:37:47,
7c015dc5-6fbb-4f52-8e2d-c3871d25fdcd,2026-04-01,msg_00072,U4784fc8a8e1e4eb2435ad84e0ad052f2,U3d9555bb96878ef0d878b6d3c0c44a28,image,delivered,2026-04-01 18:11:15,
bf849b9e-6e2b-4b62-baca-12831abdba48,2025-12-19,msg_00064,Ub0341314a5534ea92b26fa8adc30543f,U2e0b9d4bbd702fb15bee1886f1ea1a56,image,opened,2025-12-19 08:39:43,
428086a9-0f48-433d-a60c-b963e0f9fa5d,2025-12-22,msg_00013,Ub0341314a5534ea92b26fa8adc30543f,Uee2f47f8304109645a19b13ef6d2b8a4,image,delivered,2025-12-22 02:11:50,
88facf76-c88e-4600-90a6-63a3fa030606,2025-11-27,msg_00018,U3e5dd3a641c58ad50e49f095c6f1e306,Uf614fc9c0767b8c99f1bc3c4d26d3119,imagemap,opened,2025-11-28 00:11:14,
165614e9-2e08-4b74-b1aa-a69f575d7172,2025-12-21,msg_00022,U3bae1603803a839c0cb52f511d9cb8f6,U00ec971163d0c4b8398a5f97a701ed22,video,delivered,2025-12-21 02:50:46,
a1139b34-44c7-4df9-bff1-80e78fc8edc0,2026-03-14,msg_00009,U743849e63f8101ac616f8fd0ba84a167,Uc347ae89d83b1aacf6979a475c19de34,imagemap,clicked,2026-03-14 11:16:14,https://example-saas.jp/coupon/500off
8c10afae-565b-4277-afd1-def936dd8a17,2026-03-22,msg_00119,U3bae1603803a839c0cb52f511d9cb8f6,Ue44aed157266b97aa48af62114d2ece1,imagemap,opened,2026-03-22 16:37:52,
4a7c0a6b-4037-4242-8707-673017a5fcd8,2025-12-18,msg_00070,Ue9a1e8a5b83a6b296d43c957a8cfba4a,Ufb0e151b7825a887f2eb8aaaa46b6b41,imagemap,delivered,2025-12-18 20:20:45,
2a98a0fe-08e1-4a34-a830-69a222a7b248,2025-12-14,msg_00085,U743849e63f8101ac616f8fd0ba84a167,U93f329ab4b9415c2d3b4f4994ad3a4c6,image,delivered,2025-12-14 13:35:43,
4abdc663-d834-4ac4-b5d0-f661f7179f60,2026-04-01,msg_00072,U4784fc8a8e1e4eb2435ad84e0ad052f2,U4aa8de88a818d5f7d1f31773d4edac10,image,delivered,2026-04-01 11:47:29,
5a12fa44-a809-4726-bf80-5ad571c8b4ba,2026-03-30,msg_00076,U743849e63f8101ac616f8fd0ba84a167,c73cb13cb5630f2f4b0acf47636237ce,image,opened,2026-03-30 05:26:58,
2a6bbb4d-8b54-4b3f-bf90-db3ae5a8c23e,2026-04-01,msg_00072,U4784fc8a8e1e4eb2435ad84e0ad052f2,U34941302def1b3b538236c83e4b71aca,image,opened,2026-03-30 07:40:38,
d28cd365-5613-45f1-8c08-101d06cc6a97,2025-11-25,msg_00043,U3e5dd3a641c58ad50e49f095c6f1e306,ee71460b8001c3414705143bbe857ff9,flex,clicked,2025-11-25 08:03:16,https://example-saas.jp/lp/newmenu
9c74111e-16b8-4ab7-bb14-02bee558d970,2026-01-13,msg_00060,U3bae1603803a839c0cb52f511d9cb8f6,U6052f088e4288f469499cb6ee7540cb5,image,opened,2026-01-13 04:27:27,
f586e3d1-a4c6-4734-aeb8-a6080445fb3d,2026-03-11,msg_00067,U7e808d11d6f9901a954a542a7ee09918,U36f7a077a8ebe6f8cca1101c3cd08a01,video,delivered,2026-03-11 20:28:13,
1ff65e2a-8aba-40ba-99dc-18427bd8ca72,2025-11-24,msg_00033,U3bae1603803a839c0cb52f511d9cb8f6,Udc6b2cd2676b083e543cf36d269bda9e,text,delivered,2025-11-24 00:20:16,
5b03f842-6c9f-4b65-9ca6-a54171cffaff,2026-01-24,msg_00066,U3bae1603803a839c0cb52f511d9cb8f6,Ua65ca2c0bee624a15895075ba4901e25,image,clicked,2026-01-24 13:49:32,
0df9096a-2807-4936-8746-4363056233ea,2026-03-23,msg_00071,U3bae1603803a839c0cb52f511d9cb8f6,U62b2ad40894449c547827900a122dad7,imagemap,delivered,2026-03-23 21:48:19,
7fc3b6d1-eb4b-4b19-95e0-5e1a9ee42aa1,2026-03-06,msg_00055,U3bae1603803a839c0cb52f511d9cb8f6,U4fed159fd84f47b92bd5d68432021ad0,flex,delivered,2026-03-06 22:47:49,
5652f3ae-9dff-4019-ba1c-e4f0e79f4103,2026-02-10,msg_00058,Ue9a1e8a5b83a6b296d43c957a8cfba4a,Ub54608ea36adce30b102f3b0c4c44857,video,delivered,2026-02-10 04:20:14,
6fdf2f3d-a435-478f-8223-2d2904558c38,2025-11-17,msg_00034,U743849e63f8101ac616f8fd0ba84a167,Ue5ca83512656cbf665d29b27c675e615,text,delivered,2025-11-17 06:01:20,
38929464-3451-4325-9c6c-f304c576b451,2026-02-15,msg_00006,U743849e63f8101ac616f8fd0ba84a167,U5bb9faa0c68e909890f6ceb7cca5af45,flex,clicked,2026-02-15 17:25:28,https://example-saas.jp/lp/newmenu
ace1cbc6-accc-4aeb-8599-47a47b99f938,2026-02-07,msg_00090,U4784fc8a8e1e4eb2435ad84e0ad052f2,U507244a460d1bd257c5a2879a423950c,imagemap,opened,2026-02-07 21:07:03,
2fa2dc9f-2fb6-47af-ad2a-8df947bf79c9,2026-03-11,msg_00104,Ub0341314a5534ea92b26fa8adc30543f,Ub2d130e13a0a88fb234b0fed353a7831,image,delivered,2026-03-11 06:22:27,
980a5871-e57e-4ab1-9e5a-577c9add09e9,2026-03-14,msg_00009,U743849e63f8101ac616f8fd0ba84a167,U2f5efdd78f335a3da04837985ab7fb30,imagemap,opened,2026-03-14 14:26:31,
7e843d77-ad3d-4a92-a970-622ddba8290e,2025-12-25,msg_00077,U743849e63f8101ac616f8fd0ba84a167,U65ba803f61aea4c6556effc474a76adf,text,opened,2025-12-25 18:21:09,
055784c0-1016-44bd-a567-e96c53950e5e,2026-01-13,msg_00060,U3bae1603803a839c0cb52f511d9cb8f6,Ua0dbf39b02aea78f186f64f45c01dd63,image,opened,2026-01-13 06:28:56,
261f0c7a-c47a-4036-bbd9-861294aeea1b,2025-11-24,msg_00033,U3bae1603803a839c0cb52f511d9cb8f6,Ub0c6bbf7017240f1b76282a429485028,text,delivered,2025-11-24 03:23:27,
9b50b3a8-166e-4ad3-8f3c-809a000a6538,2026-03-13,msg_00001,U4784fc8a8e1e4eb2435ad84e0ad052f2,Ua75b77c358994ff95319b97ae3ec7b8a,image,opened,2026-03-13 14:05:27,
f05e70f6-1af9-41cc-bc4e-b458605c93cb,2025-12-23,msg_00109,Ue7310890b01058478be93761a56d0aa0,U06a2b37cde78251774778dc96278f56d,text,delivered,2025-12-23 00:47:15,
dd2868a1-3d6c-410c-bc8b-5bfd79ce1eed,2025-11-23,msg_00053,U743849e63f8101ac616f8fd0ba84a167,U3739cce493df96206c3b6ca5b146e35a,video,delivered,2025-11-23 15:23:52,
15366abe-b4f9-432c-becb-c821b897fbcf,2026-03-27,msg_00096,U476acbdef8e9a16d24575e4f6d7b0f31,1b8ab752dc11f637e4865f79ff5af638,imagemap,opened,2026-03-27 20:55:41,
2fdbed5a-bd53-419c-8df3-16927049a8a7,2026-04-12,msg_00105,Ud4a92c8c8050eed40ef171cc2784d638,U46648b2b447c1acddb6d18166976b0f5,flex,opened,2026-04-12 05:09:52,
6a11be06-96ae-4428-b56f-bd6f47807672,2026-03-22,msg_00119,U3bae1603803a839c0cb52f511d9cb8f6,Ucf83d46d575496b20c0b865a132c9605,imagemap,delivered,2026-03-22 03:09:14,
8efba875-2022-4945-b42f-256ef079ed1e,2025-11-30,msg_00025,Ub0341314a5534ea92b26fa8adc30543f,U7a1503d371f80ab461eef79a769c61d7,imagemap,opened,2025-11-30 20:40:16,
d6980571-b043-45c1-8361-53de02385662,2025-12-18,msg_00070,Ue9a1e8a5b83a6b296d43c957a8cfba4a,U379efba274702b42d14246654630abc3,imagemap,delivered,2025-12-18 11:23:14,
ed2e88d9-e73d-4d82-b4bc-ac12ce019794,2025-12-25,msg_00077,U743849e63f8101ac616f8fd0ba84a167,Udb4461ab64bf5e43369fc7b4da599696,text,delivered,2025-12-25 08:26:59,
3ef60eae-12f8-4901-b1e6-1a03a7b5a667,2025-11-16,msg_00011,U837b70463a585f85743b5bfb3b49c9fd,U01bbf259d6d82a00a81b2598751e89eb,flex,opened,2025-11-16 23:29:53,
6193b857-c135-429a-b667-a3e1bbee0acc,2025-12-02,msg_00088,U3bae1603803a839c0cb52f511d9cb8f6,3169fe6454e3eff2c078073efd083859,image,delivered,2025-12-02 08:56:30,
3a363958-2aba-4604-b531-228d0a501e42,2026-03-22,msg_00119,U3bae1603803a839c0cb52f511d9cb8f6,Ud803d6aacfe553a67e3053e79e78f082,imagemap,delivered,2026-03-22 00:48:20,
1c2c38a8-ca84-4a77-b43e-fbe076dcaf62,2026-02-05,msg_00107,U3bae1603803a839c0cb52f511d9cb8f6,Uf0ab866cd8f3fe0a47b2f06b5882530b,text,clicked,2026-02-05 17:55:29,https://example-saas.jp/campaign/spring
7eca3abd-e9f3-4251-9b42-7c86da5570a0,2025-11-17,msg_00034,U743849e63f8101ac616f8fd0ba84a167,U9c17c333f51e4f9411bf0871df86f502,text,clicked,2025-11-17 20:51:58,https://example-saas.jp/survey
29034653-f929-4ab8-9bda-3669a720f6f1,2026-01-20,msg_00108,Ub0341314a5534ea92b26fa8adc30543f,Uabc13a410d7228244b3990b15fe4d34e,flex,clicked,2026-01-20 04:40:03,
b3e40a26-e8ed-4356-980d-b965b5a0e5e3,2026-03-06,msg_00055,U3bae1603803a839c0cb52f511d9cb8f6,Ubbad1003071acf719849e23fd212fd5b,flex,delivered,2026-03-06 16:24:56,
fe81c4e6-ea4f-4f4f-9be7-2f6879f2980a,2026-01-24,msg_00007,Ub0341314a5534ea92b26fa8adc30543f,8d81aba497796741270a580bf658b5ce,imagemap,delivered,2026-01-24 19:29:15,
1cd88ef3-564c-4826-b6a6-546e5fb3ac9a,2026-03-23,msg_00073,Ud4a92c8c8050eed40ef171cc2784d638,U7c38fc3f5aac1e7da6ec96c7545b0ea4,imagemap,delivered,2026-03-23 12:01:50,
c694f552-2ac3-499a-a4a4-5009e315a9fb,2026-03-23,msg_00073,Ud4a92c8c8050eed40ef171cc2784d638,U7da6fd48ad673d92ea3e235251b37a33,imagemap,opened,2026-03-23 20:48:32,
9547e1ff-91d8-4283-a66d-42f803588d80,2025-12-25,msg_00077,U743849e63f8101ac616f8fd0ba84a167,Ue5fa051afa27cef98bcfbbfa9c588773,text,delivered,2025-12-25 13:38:44,
586b3b3a-40f2-4b79-ad50-278c794e9154,2026-01-07,msg_00110,Ub0341314a5534ea92b26fa8adc30543f,U6abaf262c51eb6b19f2f698248d0bcf6,video,opened,2026-01-07 06:07:08,
ff45c888-b89d-4492-8a9d-8f7dccebb499,2026-03-30,msg_00076,U743849e63f8101ac616f8fd0ba84a167,U0acb0ae02b76f972412b2ef7ce7ad56a,image,delivered,2026-03-30 02:28:16,
5f107ca5-8441-4497-bf30-e4bfd02cf146,2025-12-12,msg_00004,Ub0341314a5534ea92b26fa8adc30543f,Ud29794b351369af045c44cd2b6b47784,video,clicked,2025-12-12 23:11:44,https://example-saas.jp/campaign/spring
7e245817-eb97-49f4-a68c-92b1d3c496c2,2026-03-03,msg_00093,U743849e63f8101ac616f8fd0ba84a167,Ufecb3e7381b07395edd4e031157539f3,imagemap,delivered,2026-03-03 16:29:32,
4c9cb40d-e080-458d-97e9-3347f805ba57,2025-11-25,msg_00043,U3e5dd3a641c58ad50e49f095c6f1e306,U6d77dd63c69a6eefbc2aedeef6576a42,flex,opened,2025-11-25 03:06:47,
4008c050-9850-47b3-9b37-52cb3bf870b3,2026-03-27,msg_00096,U476acbdef8e9a16d24575e4f6d7b0f31,Ua6bc2804f4f269a3a13e7d6ca021bfdb,imagemap,opened,2026-03-27 05:50:00,
072c152a-f0d3-44ed-bb34-b067cb4f2e98,2026-03-29,msg_00097,Ub0341314a5534ea92b26fa8adc30543f,Uc761540c5915c24070a0900577485ecf,text,clicked,2026-03-29 05:00:08,https://example-saas.jp/coupon/500off
1700e2a8-4017-4ed8-b76c-8ee33925d9d2,2026-03-31,msg_00046,U4784fc8a8e1e4eb2435ad84e0ad052f2,Uf9716269dc70821405bb69ff0d448e42,flex,clicked,2026-03-31 02:39:20,https://example-saas.jp/lp/newmenu
37e3a334-0e84-4dd7-8675-11c402b38a78,2026-01-24,msg_00113,Ub0341314a5534ea92b26fa8adc30543f,U21aea794382fabe9c23fa45c6c5d1382,text,delivered,2026-01-24 14:11:34,
b1a41d75-75b9-4e89-913d-6ff7c6db6e0c,2025-12-12,msg_00004,Ub0341314a5534ea92b26fa8adc30543f,Uc395ed176ac8dc76c4d0573121601f19,video,delivered,2025-12-12 16:00:11,
ab085405-378a-413e-a8af-70519ce26647,2026-03-11,msg_00067,U7e808d11d6f9901a954a542a7ee09918,U89b8ff4182efdbe9cf2c63636cbb107f,video,delivered,2026-03-11 03:51:19,
f432d33e-ed2e-4a14-b265-3f57de3a3af6,2026-03-31,msg_00046,U4784fc8a8e1e4eb2435ad84e0ad052f2,59ce8ec4a53766c8655d4812661ae77a,flex,opened,2026-03-31 15:37:50,
f6bb158e-dd7d-4044-9db4-f7af82de25a5,2025-11-23,msg_00024,Ue8d9224ecde331ce692edfce0b5ecdc4,U2783b27f5cd3e5ce2920b4e41c3cc09d,text,delivered,2025-11-23 19:19:05,
eef5fc7d-fadc-4891-9f21-9c9b6f1e3bf5,2025-12-18,msg_00114,Ub0341314a5534ea92b26fa8adc30543f,U6175fe7b699bf4f3e17daadd6d8866d6,flex,opened,2025-12-18 19:51:30,
0eca7b66-5c0a-475f-bb24-fbff0c7bbe61,2026-03-23,msg_00116,Ud4a92c8c8050eed40ef171cc2784d638,U251c41bbc82e815d59523c3724126c7a,text,delivered,2026-03-23 09:24:09,
69d9c854-3fbf-4446-a7be-410203abfd8f,2026-02-08,msg_00051,U3bae1603803a839c0cb52f511d9cb8f6,U8131c3c4ca9b73bd38617b5bcf8fd47f,image,delivered,2026-02-08 10:59:40,
17e07391-9eac-4c84-b2dc-9c6072b7d73d,2026-02-08,msg_00051,U3bae1603803a839c0cb52f511d9cb8f6,U00df9eee0015e46190d84165c884f681,image,opened,2026-02-08 07:38:51,
17cc391d-490c-475b-9b68-3c3275f8c211,2025-11-17,msg_00099,U3bae1603803a839c0cb52f511d9cb8f6,Uc733479d44bc152367290b8e068ae513,text,delivered,2025-11-17 23:06:48,
5e3dbae0-758d-4738-ac76-5cc667e5ee2f,2026-03-26,msg_00040,U3bae1603803a839c0cb52f511d9cb8f6,Ue44239b730fc1418cd5d7ee0332ed2a5,imagemap,delivered,2026-03-26 02:49:05,
1f2edf39-4799-4537-bab1-b35f8468fd77,2025-11-16,msg_00011,U837b70463a585f85743b5bfb3b49c9fd,U3698f7eff0aac459df10fccdd921a870,flex,opened,2025-11-16 13:35:28,
951824b3-23a0-4fa4-940d-17f3b870d2ad,2026-03-05,msg_00014,U3bae1603803a839c0cb52f511d9cb8f6,U27a03c753a525d087949683e1ebcd7c9,flex,clicked,2026-03-05 23:55:07,https://example-saas.jp/lp/newmenu
f84253e1-1d50-4b82-9bfb-e35e0ed43e5a,2025-12-23,msg_00109,Ue7310890b01058478be93761a56d0aa0,U860d5045cc6c0f30e49617991037874b,text,delivered,2025-12-23 21:02:50,
0f6e1bec-e795-4d86-9637-5681934f7e16,2026-03-23,msg_00116,Ud4a92c8c8050eed40ef171cc2784d638,7d6efa8010db6e5aca3de92178faa969,text,opened,2026-03-23 07:04:13,
6fa6542e-10b8-4a4b-8473-545df9ed7e2c,2026-02-10,msg_00058,Ue9a1e8a5b83a6b296d43c957a8cfba4a,Ud625ca4d355837f50db77dd5d1abe017,video,opened,2026-02-10 12:10:56,
abed76aa-8164-47c1-9594-e4a8663f1173,2026-01-18,msg_00102,U227d1cd1a801c367de206ec4bbca7330,Ub72f0ff6b4446ffe86723ad327d6e21f,video,delivered,2026-01-18 13:08:31,
520e65b4-6695-42a7-b7b6-801c13dce72e,2026-03-25,msg_00079,U743849e63f8101ac616f8fd0ba84a167,Uf508959679b77ff7dcbecc83c346cbfc,text,failed,2026-03-25 18:56:57,
fe2dc5e0-6f61-4f04-a7ca-f643cea61567,2025-12-24,msg_00091,U3bae1603803a839c0cb52f511d9cb8f6,U0db94f07cb9bc6314e051d8234086f5c,imagemap,delivered,2025-12-24 01:01:27,
f8a04225-67fb-46b5-ae6e-dbfb394437a3,2026-04-04,msg_00049,U476acbdef8e9a16d24575e4f6d7b0f31,U9fa1f79b38b4db07c63e5c96351415c6,text,opened,2026-04-04 18:40:12,
8d83fe2c-bd57-47bf-98ed-e1b07648bc66,2026-04-08,msg_00041,Ue7310890b01058478be93761a56d0aa0,Ubde466ff13764d5cb559ba7c2864c1d3,text,delivered,2026-04-08 04:23:55,
b8a395f7-6511-4e3c-af7e-d6c55dac9c6a,2025-12-23,msg_00109,Ue7310890b01058478be93761a56d0aa0,Ub83b85ea280e14ff77690acf36fce0f1,text,clicked,2025-12-23 22:10:18,https://example-saas.jp/campaign/spring
8b068a40-aef1-4ee4-b7af-71f4ec847bf2,2025-12-25,msg_00045,Ue7310890b01058478be93761a56d0aa0,U7f0df3167156317002ccce6d437b1861,video,delivered,2025-12-25 03:43:46,
59702e3e-684c-4e94-84b7-8bd2e024515a,2025-12-31,msg_00082,U227d1cd1a801c367de206ec4bbca7330,Uc335d99eaf2b0a4c51048017e26ec00e,imagemap,delivered,2025-12-31 05:04:56,
b388b66f-68bd-4db9-9ef1-7614dc9d569a,2026-02-09,msg_00083,U3bae1603803a839c0cb52f511d9cb8f6,3dffa6bfd08be85ffbaac1e896119004,flex,opened,2026-02-09 21:49:41,
adea1273-00bc-475d-b4aa-d5961d1658e6,2026-01-31,msg_00035,U7e808d11d6f9901a954a542a7ee09918,U9101821e9c9fd29d8456e63e154f3ef7,text,opened,2026-01-31 14:06:20,
a41334f3-20c4-463f-b79e-966465c2b523,2026-01-29,msg_00031,U3bae1603803a839c0cb52f511d9cb8f6,702c56063d62a8dd69a8e37a660b8165,video,delivered,2026-01-29 05:14:02,
5a29db0b-cbbe-4af9-af0a-c235652aa16e,2026-01-24,msg_00066,U3bae1603803a839c0cb52f511d9cb8f6,U983289d323156b3aa1678cb1da1fe197,image,delivered,2026-01-24 01:12:39,
0e17f513-844a-48ec-82f6-38ed65a5faf2,2026-04-06,msg_00074,U3bae1603803a839c0cb52f511d9cb8f6,Uf74bfe667b9bbfb0acb7bc2f4b2a2252,text,clicked,2026-04-06 05:57:36,https://example-saas.jp/coupon/500off
ce48b998-9096-44cd-80bd-fe7449e67f35,2026-02-15,msg_00006,U743849e63f8101ac616f8fd0ba84a167,Uc1962e2941b6f9b21e79c93e5636c09b,flex,delivered,2026-02-15 19:57:58,
df2fc8de-ac1a-45a8-9dc3-80eaaa4c0176,2025-12-19,msg_00118,U4784fc8a8e1e4eb2435ad84e0ad052f2,Uf30592b5850aab76b0b32c4f146245d9,image,delivered,2025-12-19 08:11:26,
8e40183e-a80e-444a-9d74-9aef90a09974,2026-03-25,msg_00079,U743849e63f8101ac616f8fd0ba84a167,U548865c9687e3db48145f8775ff5908e,text,delivered,2026-03-25 13:42:11,
561c0381-2f63-4ce0-b36d-cac616de4b84,2026-03-20,msg_00106,U3bae1603803a839c0cb52f511d9cb8f6,U91e45caa972db2549a87997c9aa176e3,video,opened,2026-03-20 00:29:25,
bca6560b-355c-4778-ac2f-d18f28f4b08f,2026-01-30,msg_00050,U3e5dd3a641c58ad50e49f095c6f1e306,U79d366a3af41b40542b44418417d9b69,image,delivered,2026-01-30 15:07:47,
c59bb888-75d7-421e-9b5a-878d450b01fa,2026-01-24,msg_00113,Ub0341314a5534ea92b26fa8adc30543f,U5c868c48fa60a2d39b953a66ae6e3bfb,text,clicked,2026-01-24 22:18:52,https://example-saas.jp/survey
cec5d4d4-5d09-4c8a-abc8-88a6f89b2635,2026-03-14,msg_00009,U743849e63f8101ac616f8fd0ba84a167,U797a4bf0a3f592c5c317905c7c09d83a,imagemap,delivered,2026-03-14 05:31:49,
f14bcaed-b278-4e04-915c-d2bf80499ccd,2026-02-20,msg_00095,Ub0341314a5534ea92b26fa8adc30543f,U5689e2b52a6abbc788624037012debce,text,delivered,2026-02-20 13:23:51,
a809b42c-dbdb-4587-98b1-49f01053d06c,2025-12-18,msg_00114,Ub0341314a5534ea92b26fa8adc30543f,Ua68c8b831be5582b2f9877680f6f70ad,flex,opened,2025-12-18 21:17:44,
a8b9407c-5dd3-49b3-bf38-fa38f787b2ae,2025-11-30,msg_00025,Ub0341314a5534ea92b26fa8adc30543f,U4710bddb96204f2d28503ee20210a86e,imagemap,opened,2025-11-30 08:57:29,
002dac1b-1073-4c21-bb2a-4954c300404c,2025-12-23,msg_00061,Ub0341314a5534ea92b26fa8adc30543f,Uae112d79828357a1b90a8301c74d78a1,imagemap,clicked,2025-12-23 04:37:04,https://example-saas.jp/survey
157ce141-c6db-4a3c-bf36-c7cdc2ab2d18,2026-02-20,msg_00048,Ue7310890b01058478be93761a56d0aa0,Ufdad5dd62d64407e712ec1b8c423326a,flex,opened,2026-02-20 09:24:25,
039a37e6-24f9-401f-8c2b-cab5e69360d0,2026-01-10,msg_00044,U30ad60bba5da9837ca5dd0230ca8f531,Ufc2eb7d2c3cae282e1491a0d91e773e9,video,delivered,2026-01-10 03:07:20,
df5ad1ed-0b6f-4e92-ad6a-7f3f15295aa5,2025-12-23,msg_00109,Ue7310890b01058478be93761a56d0aa0,U4a4bec50a93bb1b61cda1d5e91c8ba6b,text,delivered,2025-12-23 21:34:29,
d55e3df8-b54c-490f-bee5-f4755f149d16,2026-03-14,msg_00009,U743849e63f8101ac616f8fd0ba84a167,Ue55b559cf508e81beb36a76b3a58ef3b,imagemap,delivered,2026-03-14 00:01:22,
bfdcdad2-7b32-4b74-92f7-61777e52450a,2025-12-09,msg_00094,U227d1cd1a801c367de206ec4bbca7330,U37c3ac71450ddcb9ced6528bea94dfff,flex,delivered,2025-12-09 07:26:05,
1e4e2785-7cfd-4e4f-accc-a0a10a02a724,2025-11-23,msg_00053,U743849e63f8101ac616f8fd0ba84a167,U4aacc2bff6b9da4a4bfb785270825880,video,delivered,2025-11-23 15:26:18,
9fe05d3f-c06e-4c13-af66-3a529bcb479d,2025-12-03,msg_00012,U743849e63f8101ac616f8fd0ba84a167,U963acc3faf490af8454e88f1d094f907,imagemap,delivered,2025-12-03 14:32:16,
9c8ee36c-772a-4aaa-b17b-f7e860747f6a,2026-01-26,msg_00086,U4784fc8a8e1e4eb2435ad84e0ad052f2,Ufe5e0956b3b2d4691e44cb85d1425045,text,delivered,2026-01-26 13:55:12,
de80ba6a-d5e4-4d38-bd57-4e9b1262cb16,2026-03-23,msg_00073,Ud4a92c8c8050eed40ef171cc2784d638,U6ecdba5dc79710d2550101a684cb054b,imagemap,delivered,2026-03-23 16:13:03,
9ed83ece-c0ae-4e9c-8b92-0bf51f7d0ea3,2025-12-25,msg_00045,Ue7310890b01058478be93761a56d0aa0,U2713b6e654a7c8aa7d3e1a1002280fe2,video,delivered,2025-12-25 12:32:29,
95a5d181-72d2-4bcf-9827-ba11a0accc7c,2026-04-04,msg_00049,U476acbdef8e9a16d24575e4f6d7b0f31,Ufffaaafc6a715141aa4a19a7f6f40af6,text,opened,2026-04-04 22:11:35,
3e67667f-7b15-42dc-9363-c210aa062aa7,2025-12-24,msg_00062,Ub0341314a5534ea92b26fa8adc30543f,Ud2f6ff0b74bff8e4b1af89580bea20e6,video,delivered,2025-12-24 04:08:32,
aa5f3d1c-7524-411a-aa1d-4630bac4bdcd,2026-01-09,msg_00052,U743849e63f8101ac616f8fd0ba84a167,27d9e6b91c602008a1a3465d9d31687f,video,delivered,2026-01-09 02:30:30,
8bb0b1b4-128a-4ebb-9b09-72c0cfc8a8d4,2026-03-04,msg_00056,U1ca413826b7044d134c9c3132420c9de,Ue381ce40e0cbf9e13c95623f82037b96,text,opened,2026-03-04 12:37:00,
b8664f52-82db-4ca4-8124-be3294d139b1,2025-12-19,msg_00118,U4784fc8a8e1e4eb2435ad84e0ad052f2,U63f42e3f36ebde91739b93b47d9a7750,image,delivered,2025-12-19 05:10:03,
bd9ef97d-a0c9-48c9-a84d-e4edc342ad64,2026-01-26,msg_00086,U4784fc8a8e1e4eb2435ad84e0ad052f2,U161cfb009fe7080b518ef2c2fe8e2754,text,delivered,2026-01-26 14:24:42,
41f1fd6d-f835-4a6c-8976-5ce4f9c8d8a2,2026-01-26,msg_00086,U4784fc8a8e1e4eb2435ad84e0ad052f2,b17a810a478741dcd29a9af523137d35,text,failed,2026-01-26 19:25:23,
1465a9be-8792-4d49-9940-199f7b6d7220,2025-12-23,msg_00109,Ue7310890b01058478be93761a56d0aa0,Uec5d7cdd0eca3f923129f6f33f6d8f91,text,opened,2025-12-23 13:37:50,
717b78ed-5548-4393-a8c2-a04704f4c893,2026-03-04,msg_00056,U1ca413826b7044d134c9c3132420c9de,Uddd02c0e5756133c6f37b105d559cd8d,text,delivered,2026-03-04 22:59:11,
b5f4baf3-b97a-4d45-a613-b74a91c72f28,2025-12-21,msg_00022,U3bae1603803a839c0cb52f511d9cb8f6,Ue32068c9fdab05f70bb43db1f346330c,video,delivered,2025-12-21 13:44:36,
809bce52-4c20-474f-bdda-c731b93603ab,2026-02-20,msg_00095,Ub0341314a5534ea92b26fa8adc30543f,U49177f454c1d0c84a88511dc4a64d45f,text,opened,2026-02-20 10:36:25,
207a06a8-479f-4a3a-838a-f4e0b3ed152c,2026-01-10,msg_00044,U30ad60bba5da9837ca5dd0230ca8f531,U191cf3ffe6d04da988a14386bb1b8543,video,delivered,2026-01-10 07:06:58,
3f747b8e-7c3a-498c-9ca5-033ffa830b29,2026-02-14,msg_00065,U743849e63f8101ac616f8fd0ba84a167,U3b20ae375c1bdac9abaa2df9174e0e26,image,opened,2026-02-15 00:14:39,
edd403e2-fb84-4a3b-b886-e2a716c73606,2025-11-23,msg_00053,U743849e63f8101ac616f8fd0ba84a167,U5633196d1f7c9c060795e8991834f9ce,video,clicked,2025-11-23 05:55:29,https://example-saas.jp/lp/newmenu
837da60a-5916-41a3-ba31-45fbb1dee46c,2026-03-30,msg_00076,U743849e63f8101ac616f8fd0ba84a167,Ue1da9c073322972abf1c402dd8bc7e9e,image,clicked,2026-03-30 11:17:36,https://example-saas.jp/coupon/500off
65e3691b-5fac-4041-87bc-8adf4b66160b,2026-02-08,msg_00051,U3bae1603803a839c0cb52f511d9cb8f6,Ueb3132961c81739363a6e8ee1660e157,image,opened,2026-02-08 15:50:30,
da07a18f-159e-4639-9e71-cecce759d4a4,2025-11-22,msg_00047,Ue7310890b01058478be93761a56d0aa0,U2ea8345ce675e066d5a2c5f2c438b08d,video,clicked,2025-11-22 15:54:45,https://example-saas.jp/campaign/spring
d9f7fd6f-9d33-4e33-a459-4e29060045bc,2025-11-19,msg_00019,U743849e63f8101ac616f8fd0ba84a167,U4783692f1649bb373d9684463e6fa398,flex,clicked,2025-11-19 12:00:58,https://example-saas.jp/campaign/spring
5558164d-8db9-4391-957e-efa047bd7cbd,2025-12-19,msg_00064,Ub0341314a5534ea92b26fa8adc30543f,Ue984e0ccab85fbee050e63529d183f80,image,opened,2025-12-19 19:38:06,
331c6689-6063-4d8e-b7c4-c102cd437e90,2025-11-23,msg_00053,U743849e63f8101ac616f8fd0ba84a167,U839a129f5e5b25b97c2bf8f7560612c9,video,opened,2025-11-23 14:56:57,
f6c3c2d1-c669-4391-9e99-d5df4f8487c3,2025-11-22,msg_00047,Ue7310890b01058478be93761a56d0aa0,333711ed4135bd36c64d1cbb587d7a2a,video,delivered,2025-11-22 00:15:58,
285fea5d-6406-44c0-b79d-5d9b82965380,2025-12-18,msg_00070,Ue9a1e8a5b83a6b296d43c957a8cfba4a,Uc6e3e93bcb18333d96ed57ad2bb78ae8,imagemap,delivered,2025-12-18 00:17:38,
67688f34-ff2b-4581-949e-796cfa127c84,2025-12-09,msg_00069,Uc20f9c7e9b662bedec3cb78e127885c7,Uf34f36087e24ce58d60786c80e49288a,imagemap,opened,2025-12-09 13:36:58,
e319f395-a8fc-42f4-8b5c-4fbc51cc2184,2025-11-23,msg_00024,Ue8d9224ecde331ce692edfce0b5ecdc4,U8cf5861ab0737727aaef2b68a752a912,text,opened,2025-11-23 23:26:25,
ac0b1be9-ec0e-4e6c-80d1-c7657f8956de,2025-12-19,msg_00118,U4784fc8a8e1e4eb2435ad84e0ad052f2,U94e9faeeee055bff21193361523bef98,image,opened,2025-12-19 02:57:07,
c5cb7579-5e5e-4545-ae2b-22abe8c43088,2026-01-17,msg_00037,U7e808d11d6f9901a954a542a7ee09918,U34db378b7225dc2fcb4d4bf3a92b5f42,text,opened,2026-01-17 03:51:07,
6f7c1169-fcf2-451b-b01a-9c1c51ac13bd,2026-01-18,msg_00102,U227d1cd1a801c367de206ec4bbca7330,9fbd7a77517cad73c6237d44d302bd08,video,opened,2026-01-18 21:06:50,
e5ff8f15-b972-41d7-b3e5-6610435771a8,2026-02-28,msg_00117,U743849e63f8101ac616f8fd0ba84a167,Uef774cde719aca1a81e4103af6db7605,video,clicked,2026-02-28 04:30:51,https://example-saas.jp/campaign/spring
e23a7a03-1e8f-4091-83d5-34e5d088e666,2026-01-20,msg_00026,Ud4a92c8c8050eed40ef171cc2784d638,U0f359e11233bd1522304724e7707a0af,imagemap,delivered,2026-01-20 06:17:36,
9d20cf25-7e52-41e1-90e6-3a03b94b0e10,2026-01-14,msg_00081,Ue7310890b01058478be93761a56d0aa0,Ufa21b9df9d43e6e60b6decff2c551efd,video,opened,2026-01-14 12:38:01,
eee54e7a-ca39-45d9-a476-b322ec5c0743,2026-04-08,msg_00078,Ud4a92c8c8050eed40ef171cc2784d638,U9f1e0afb1e9dc3b9a21dc15a91ad34ea,image,opened,2026-04-08 09:30:58,
560c1205-33b9-445d-b475-998dffc27806,2026-01-09,msg_00052,U743849e63f8101ac616f8fd0ba84a167,U125e02ce0a873886b4955f17e744d539,video,opened,2026-01-10 00:32:46,
5617c95e-3daa-499d-a648-3e5b06fd44e8,2025-11-21,msg_00010,Ue7310890b01058478be93761a56d0aa0,U0c7dafccf4f349425bb7bfb1aa017bee,imagemap,opened,2025-11-21 09:41:36,
b44871ab-ac05-46aa-b56e-6ff5c9f99d45,2025-11-16,msg_00020,U3bae1603803a839c0cb52f511d9cb8f6,Ucd503a92ca6387d3ad8f8276999e82b9,text,delivered,2025-11-16 21:13:36,
7a35fdde-6f07-45ac-b9e4-1c05e640169c,2026-03-21,msg_00023,U743849e63f8101ac616f8fd0ba84a167,Uc1270a6aaaeb77ff5840ca38b6bd2998,imagemap,clicked,2026-03-21 01:27:26,https://example-saas.jp/campaign/spring
d178935a-f342-459f-9a3d-b79e47c9492a,2026-04-01,msg_00072,U4784fc8a8e1e4eb2435ad84e0ad052f2,U6d570bfe65b18d43284a05092b7ff8ab,image,opened,2026-04-01 10:49:23,
f28890b4-31a0-4b9a-8bf7-426e3fd8decc,2026-03-20,msg_00106,U3bae1603803a839c0cb52f511d9cb8f6,U247135911d237a29d80df95336c4ddec,video,opened,2026-03-20 07:52:36,
1c9a7218-00ad-4d0d-9118-56667b47c04c,2026-01-18,msg_00038,U743849e63f8101ac616f8fd0ba84a167,U833c1075f20fea56149adb7b9de0c835,flex,delivered,2026-01-18 07:57:11,https://example-saas.jp/coupon/500off
0f59fa37-2e13-42c2-83e7-1d726ee165bb,2026-01-24,msg_00007,Ub0341314a5534ea92b26fa8adc30543f,d7c21622d681f165359669449ec5f148,imagemap,opened,2026-01-25 00:02:18,
78816fe1-02a4-4289-9253-7293e67bf5b4,2026-02-01,msg_00075,Ub0341314a5534ea92b26fa8adc30543f,Ub71175c1720cefe8265436d73b028afd,imagemap,delivered,2026-02-01 20:07:50,
c0e1ea3e-b21f-4a6d-8aba-f2708787a563,2026-01-26,msg_00086,U4784fc8a8e1e4eb2435ad84e0ad052f2,U0d8583c2fa384eb832be590c7e3ef045,text,delivered,2026-01-26 22:53:46,
84328bd9-4a16-4842-a7ac-0ffa4bf048b7,2025-12-24,msg_00062,Ub0341314a5534ea92b26fa8adc30543f,U676f0ff0dae333aa345640c1acd7b7d3,video,delivered,2025-12-24 11:24:38,
622659d3-406e-427d-824b-226a3ecce9b9,2025-12-21,msg_00022,U3bae1603803a839c0cb52f511d9cb8f6,U06fad51f15ff9633230b2962572b5e99,video,blocked,2025-12-21 16:34:14,
9a4df39d-127c-4c21-8fcc-c2f167084846,2026-01-18,msg_00102,U227d1cd1a801c367de206ec4bbca7330,U06f2aaac139e3ccc640282983906f291,video,delivered,2026-01-18 13:03:26,
81401ac9-5ebb-4e54-83a4-c942831beaad,2026-04-12,msg_00120,U227d1cd1a801c367de206ec4bbca7330,Uc9b07626583e8b4434d0c3c160795c1e,text,delivered,2026-04-12 22:30:52,
4729151f-bfe8-41db-be87-76c6df9e6412,2026-03-25,msg_00079,U743849e63f8101ac616f8fd0ba84a167,Uf687896e7edc5fdd423b8e87f8881f9b,text,opened,2026-03-25 03:32:13,
62a139b0-5575-43ba-b4b5-325ed6cac2a1,2026-03-16,msg_00002,U3bae1603803a839c0cb52f511d9cb8f6,U6a475d7b50bd49869a54d50bbe7a19cc,text,opened,2026-03-16 21:25:53,
c11f0ae3-236d-4b72-9639-a25d797fdd43,2026-03-05,msg_00014,U3bae1603803a839c0cb52f511d9cb8f6,Uc7afe07dbf3bfd24b4999446269ae7e0,flex,delivered,2026-03-05 16:41:19,
f347daa7-0b0b-486e-8d3e-0b740f1a2baa,2025-12-15,msg_00030,U3bae1603803a839c0cb52f511d9cb8f6,Ueeae9ed9e17d2b00e0e6a1de8d83a314,video,clicked,2025-12-15 14:55:21,https://example-saas.jp/survey
8087f9ef-a318-4949-b3a6-7af228d9c8ca,2025-12-03,msg_00012,U743849e63f8101ac616f8fd0ba84a167,017168ead51b948a0a5555359f3827a0,imagemap,opened,2025-12-03 19:19:24,
a9d51020-28ff-413b-826d-2d2b6f2c0456,2026-04-05,msg_00054,U3bae1603803a839c0cb52f511d9cb8f6,U266504e8d5ab00a86631246439d4d789,image,delivered,2026-04-05 09:31:38,
3562e1ff-1a95-4baf-a3b2-a28572d090ff,2026-01-24,msg_00113,Ub0341314a5534ea92b26fa8adc30543f,Ua2242c3167843673169044d891c6bf79,text,delivered,2026-01-20 17:37:32,
ebd931a4-6576-4f03-9af3-8dffabc434f1,2025-11-30,msg_00025,Ub0341314a5534ea92b26fa8adc30543f,U738275beaecb073eae1dfd468c5c73d1,imagemap,delivered,2025-11-30 01:47:45,
688a41ae-e2bb-4505-a8a2-eab7f3ee4064,2025-12-18,msg_00114,Ub0341314a5534ea92b26fa8adc30543f,a6eb6458bc5c74eed8e66536a2b3558e,flex,delivered,2025-12-18 01:21:52,
2c24178d-35f0-445b-a68f-e85153bcc5b7,2026-02-28,msg_00117,U743849e63f8101ac616f8fd0ba84a167,af3a8db3641e6a8309ee21751e26aad9,video,opened,2026-02-28 04:04:12,
f4be11c6-1d77-4053-b788-8fa26caa5851,2026-03-05,msg_00014,U3bae1603803a839c0cb52f511d9cb8f6,Uf163649ac218e3f357f9f4af3dca4527,flex,delivered,2026-03-05 05:39:40,
3dc15d24-3881-49d4-8f69-cd259c0f2c7e,2026-01-26,msg_00086,U4784fc8a8e1e4eb2435ad84e0ad052f2,Uf6700496d3f38ac998d59486a5fb2688,text,opened,2026-01-26 02:42:44,
6a6134fb-e8c5-45b5-b4c8-8477b8eb245a,2026-03-04,msg_00056,U1ca413826b7044d134c9c3132420c9de,U318f41a9253902a0f34f2bc05e9dcdcb,text,delivered,2026-03-04 17:12:03,
54ed8782-2ebc-4ed8-bf9a-31efb177ee04,2026-02-14,msg_00065,U743849e63f8101ac616f8fd0ba84a167,U0ad97c367870393f368a63863b00d28d,image,delivered,2026-02-14 12:24:12,
094038c2-fb50-48d7-a859-b3c320addb91,2026-04-12,msg_00120,U227d1cd1a801c367de206ec4bbca7330,U30ff94757e28a0a98e511c179b1a76b1,text,delivered,2026-04-12 10:19:28,
b14aaa2a-a2cd-4404-9674-b8fd2b97b56c,2026-04-04,msg_00100,U743849e63f8101ac616f8fd0ba84a167,Ua2bf488ae70ea07a560fa86b04aeba3f,image,delivered,2026-04-04 04:39:57,
42ec65da-69e0-4b5e-9f6c-8df596d5a422,2025-11-23,msg_00053,U743849e63f8101ac616f8fd0ba84a167,U710217a4a76817bca9e478e9bcef9e4b,video,opened,2025-11-24 00:47:50,
679e5b62-69a9-4624-8663-843b448cc9fc,2026-01-20,msg_00108,Ub0341314a5534ea92b26fa8adc30543f,Ucfc77a64d916371f1f760418a692b338,flex,delivered,2026-01-20 16:07:59,
e5cd992a-9f60-474a-91c6-f00933cd3640,2026-01-24,msg_00113,Ub0341314a5534ea92b26fa8adc30543f,Uff6556b60bd6a392170ff1862f697849,text,delivered,2026-01-24 11:10:40,
44186c32-15b5-4698-a065-3f020eef8465,2026-03-04,msg_00056,U1ca413826b7044d134c9c3132420c9de,Udfe4a12b24266ff7de7005595b22777b,text,opened,2026-03-04 13:38:26,
0773c154-1cd3-4a92-bc43-3c210ba9f4e7,2025-12-23,msg_00061,Ub0341314a5534ea92b26fa8adc30543f,U31a1e9d3f7807c0f7b0147f9b4ee825b,imagemap,delivered,2025-12-23 09:22:29,
9676c601-093f-4008-bcb3-9cb207820e47,2026-03-11,msg_00104,Ub0341314a5534ea92b26fa8adc30543f,U6fd88150b44bb7b5659434e38b0d92a4,image,delivered,2026-03-11 12:36:37,
84c430a0-bf99-420b-8f31-74f1b7689ccd,2026-03-04,msg_00056,U1ca413826b7044d134c9c3132420c9de,Uba7895bf7db2440e8c02c8278f94d883,text,opened,2026-03-04 13:46:47,
662f51f2-4f9f-463e-9d1a-642d195b44dd,2026-04-04,msg_00100,U743849e63f8101ac616f8fd0ba84a167,Ud8977e8c69e27c4e5f443212e457b2b0,image,delivered,2026-04-04 11:16:18,
8cf6eb79-ac0c-4554-9822-104285cc2394,2026-01-26,msg_00063,Ub0341314a5534ea92b26fa8adc30543f,U205c3ff6f66cc219ff7a5f7734bb2774,imagemap,delivered,2026-01-26 17:43:00,
1cd2fde4-b2c7-4b31-bbe3-3f38b22fa4e5,2026-03-23,msg_00116,Ud4a92c8c8050eed40ef171cc2784d638,U7b7a222df99ba3b683740271429e043b,text,delivered,2026-03-23 16:00:32,
d2efccdc-378c-47e9-8075-6f17f3834297,2026-02-10,msg_00058,Ue9a1e8a5b83a6b296d43c957a8cfba4a,U9c97d198bdcd420b574537fc9743fee1,video,delivered,2026-02-10 00:05:17,
6557c10c-061e-483a-b6d0-ec094ac6c4c0,2026-03-04,msg_00056,U1ca413826b7044d134c9c3132420c9de,U551fcc76da0aeaf417e298b2cae59a17,text,opened,2026-03-04 01:30:43,
c194e8ba-3868-45ec-887c-3e901144bc97,2026-01-20,msg_00108,Ub0341314a5534ea92b26fa8adc30543f,3acdc708490669d55de02bde3bed9780,flex,opened,2026-01-20 20:42:38,
5daba647-7d57-4f8a-b88b-be589126a90c,2026-03-20,msg_00106,U3bae1603803a839c0cb52f511d9cb8f6,U717d50287b4339aebde6e76919b67c8c,video,opened,2026-03-21 01:28:28,
5c039327-592c-4a3f-abe6-4febc18e9dfc,2025-11-23,msg_00053,U743849e63f8101ac616f8fd0ba84a167,U2f221dd80217e807d9ed01f8b716e52a,video,opened,2025-11-23 09:21:23,
ae05bc07-ef0f-4ef3-9706-8d53e5e1391a,2026-01-20,msg_00108,Ub0341314a5534ea92b26fa8adc30543f,Uaba9bdfc94ebc019019837034312368a,flex,opened,2026-01-20 14:32:52,
82e1f0f5-b9b0-4223-9b62-b4db7172521e,2025-12-18,msg_00070,Ue9a1e8a5b83a6b296d43c957a8cfba4a,U7c09d752ddae921bd2e329d4c3f8be6e,imagemap,opened,2025-12-18 23:15:21,
c58eba38-dcb4-4a2c-aac5-78160e8b8c31,2025-12-03,msg_00012,U743849e63f8101ac616f8fd0ba84a167,Uea345a47c70654a29c724d56497ef0b3,imagemap,delivered,2025-12-03 07:02:05,
c1c6afb9-c262-4aec-98fb-0ee05c8ab878,2026-01-24,msg_00066,U3bae1603803a839c0cb52f511d9cb8f6,U1ff5101509ed985ba438b7546da563b1,image,delivered,2026-01-24 02:20:59,
fc8e2afd-502f-44f3-a1f6-644fc3921acd,2026-04-10,msg_00101,U743849e63f8101ac616f8fd0ba84a167,Uc5c537e8709f999c19a4a579a9fad179,imagemap,delivered,2026-04-10 15:46:21,
33662168-0b51-4a48-a24b-087a08df5b6f,2026-02-07,msg_00090,U4784fc8a8e1e4eb2435ad84e0ad052f2,U3ea1f827ae8d170b447cb0608d563415,imagemap,delivered,2026-02-07 14:14:58,
bb2c4a66-22e6-4b50-b8ad-1c41e8177631,2025-12-25,msg_00077,U743849e63f8101ac616f8fd0ba84a167,U4bc0b438b5b29925f2d5b3c87528fca3,text,delivered,2025-12-25 19:46:16,
5e8d7438-cd56-4740-b4e0-9d37d46371e7,2026-01-30,msg_00050,U3e5dd3a641c58ad50e49f095c6f1e306,Udf58da2d68893960e1face18981e172c,image,delivered,2026-01-30 17:42:42,
29abc64f-7dde-4b5a-bb83-c01242641aa6,2026-02-14,msg_00042,U3bae1603803a839c0cb52f511d9cb8f6,U54668de28a6436ddb99dbde6e9dba1d3,video,opened,2026-02-14 08:12:40,
a6294fb4-d518-44a2-9a69-fd78ff7f718e,2025-11-16,msg_00020,U3bae1603803a839c0cb52f511d9cb8f6,U54d9363e70e5afb3714a5f210742879c,text,delivered,2025-11-16 01:02:45,
f87d21dd-3290-41f8-9457-6024c8924542,2026-02-14,msg_00042,U3bae1603803a839c0cb52f511d9cb8f6,Ud75e9f3e574b92f84aeaa61b9768cfd7,video,delivered,2026-02-14 04:11:23,
17960788-d543-40e6-93f8-60dcf886a2f7,2025-11-24,msg_00033,U3bae1603803a839c0cb52f511d9cb8f6,U0b4c00f8bf35daced1974be1af3357a6,text,delivered,2025-11-24 16:59:28,
6a0f7cd1-4886-44db-b8be-5671795162ca,2026-02-18,msg_00018,U743849e63f8101ac616f8fd0ba84a167,U2f607c006236396063fa30f4ca2e7712,flex,open,2026-02-18 13:37:02,
038b7580-07b6-4767-bafc-3ddf17877c85,2026-03-13,msg_00001,U4784fc8a8e1e4eb2435ad84e0ad052f2,Uea703455cb807522eb38b0d4660217ea,image,delivered,2026-03-13 10:06:30,
ec8a46c5-d45a-4804-b3cc-5260e3f7f040,2025-12-21,msg_00022,U3bae1603803a839c0cb52f511d9cb8f6,4fb9cd7f7759ab2682b79d15579f5973,video,clicked,2025-12-21 04:38:22,https://example-saas.jp/coupon/500off
2ccf5509-cd8d-41a8-9948-5eddfb228a29,2026-03-06,msg_00068,Ub0341314a5534ea92b26fa8adc30543f,Ue8c44633c58558331d1cf13eeaaa206f,video,opened,2026-03-06 16:50:14,
0d4f0f7d-758a-48d9-a6e9-14f6d5f006a5,2026-02-01,msg_00075,Ub0341314a5534ea92b26fa8adc30543f,Uc97642ddd4f7042348459719b7776efa,imagemap,delivered,2026-02-01 19:56:00,
7bf87136-9ba7-405a-8bae-d7340639a615,2026-02-20,msg_00036,U879eb903ad90cd9c2874f6df7651267a,Ub7dcc1f63d5b91ad3253ed3b89539908,video,delivered,2026-02-20 23:42:38,
c62d4b0f-6a45-4cf1-a141-ab4ba2b1b065,2026-03-22,msg_00119,U3bae1603803a839c0cb52f511d9cb8f6,U1ca54741ce863c47b0ca9e6adf3997aa,imagemap,clicked,2026-03-22 16:27:18,
2ac665cc-eadd-4abb-a292-3f4e246b3f01,2026-01-24,msg_00007,Ub0341314a5534ea92b26fa8adc30543f,Ub22bafa19658e599b09c4e023e3c557f,imagemap,opened,2026-01-25 00:12:02,
efc3b662-3db3-4234-8b2c-9545d31d8bd1,2025-12-18,msg_00070,Ue9a1e8a5b83a6b296d43c957a8cfba4a,U0ed24db5d236cfd8c7bbd11e6eba7e34,imagemap,opened,2025-12-18 21:46:51,
7d7958c2-193c-4a95-90fb-bccf3fe4313e,2026-04-04,msg_00049,U476acbdef8e9a16d24575e4f6d7b0f31,U3c35c42ef1afc505433a3a09ae51e338,text,delivered,2026-04-04 04:08:40,
19460900-8ed3-48fe-a9dc-381a7ff99b2a,2026-01-20,msg_00108,Ub0341314a5534ea92b26fa8adc30543f,Udb6c27a7f36c090340a3a9006d5a3480,flex,clicked,2026-01-20 06:32:36,https://example-saas.jp/lp/newmenu
00f288ca-49af-4fc3-a184-745c2942a0a0,2026-04-04,msg_00049,U476acbdef8e9a16d24575e4f6d7b0f31,U7c03446a1e648cc2cd14c7135a6b82c7,text,delivered,2026-04-04 06:30:29,
5d985627-edb1-442d-954e-8268dd253efd,2026-03-22,msg_00119,U3bae1603803a839c0cb52f511d9cb8f6,Ua73465647ec05a1c971a5f2e87d90e56,imagemap,delivered,2026-03-22 19:41:40,
b8ac3214-c04f-4430-b07a-731c4493f55e,2026-03-06,msg_00055,U3bae1603803a839c0cb52f511d9cb8f6,Ua019aca6dc327f079f108d74760f3f9b,flex,delivered,2026-03-06 11:24:50,
3ab0a69d-c275-4317-a3df-17d2d1c53573,2026-02-20,msg_00036,U879eb903ad90cd9c2874f6df7651267a,U5cf32ce473fbece70adbed47ec3d6c18,video,delivered,2026-02-20 06:43:01,
7dc6418f-9e56-4e30-9ede-4a3453e4d506,2026-02-16,msg_00021,U743849e63f8101ac616f8fd0ba84a167,U2f45c2365dd77ae5516a549a46af9b25,flex,failed,2026-02-16 11:20:12,
20026e6e-3ea1-4aba-9c39-c47513f135e0,2026-03-16,msg_00002,U3bae1603803a839c0cb52f511d9cb8f6,Ua83d1f1adaa6e96635b4e0852287c5bf,text,opened,2026-03-16 19:57:51,
5cdd8d4a-89af-48db-8775-61a61f96b95e,2026-01-24,msg_00007,Ub0341314a5534ea92b26fa8adc30543f,U808190288bf8d725fdceddc462ef02c7,imagemap,failed,2026-01-24 04:16:47,
18d43f03-5544-4eee-b8ce-52ea4c582835,2026-03-06,msg_00068,Ub0341314a5534ea92b26fa8adc30543f,007f2bd9eea9beccc72d8367810eaff9,video,delivered,2026-03-06 01:27:25,
e92f2eb9-cfae-43b4-b7d7-aabe4b915386,2026-02-14,msg_00098,U743849e63f8101ac616f8fd0ba84a167,Ueb1069e03c3959ad9be1e1fc70fc3fac,imagemap,opened,2026-02-14 00:49:07,
8608c894-d111-4691-bc33-c6997cd1eba5,2026-04-04,msg_00100,U743849e63f8101ac616f8fd0ba84a167,U057973a9d55e6a7666928b8f327b1b27,image,opened,2026-04-04 23:22:17,
cb26469b-5a3f-498f-9be2-153c9e1a55d2,2026-03-08,msg_00112,U3bae1603803a839c0cb52f511d9cb8f6,Ued5ccb56c70d7cbc4afe3b6d28ddd3a8,image,opened,2026-03-09 00:42:13,
dcf50671-c73d-4f99-9ca9-2005296f7efb,2026-03-23,msg_00073,Ud4a92c8c8050eed40ef171cc2784d638,U7801425f5fb61e0c1d40334a94aca88e,imagemap,clicked,2026-03-23 13:44:48,https://example-saas.jp/campaign/spring
b14544ec-9964-4236-b829-66db26c1fc14,2026-02-20,msg_00036,U879eb903ad90cd9c2874f6df7651267a,U347fd19ae5fb2215cf3ef699918a4c83,video,failed,2026-02-20 04:52:28,
b5871dbd-35ef-4b4c-9102-5fd27246e8a9,2026-02-15,msg_00087,U3bae1603803a839c0cb52f511d9cb8f6,U7fba1788fca38c00077b34cf516e73a0,imagemap,delivered,2026-02-15 19:40:42,
99fce404-ef87-4562-afff-9c9f3816cc68,2026-01-09,msg_00052,U743849e63f8101ac616f8fd0ba84a167,U753d77183707c2a51c7e570266a1c865,video,delivered,2026-01-09 09:17:43,
4ade8498-d64e-4f72-918f-879d5c984a53,2025-12-22,msg_00013,Ub0341314a5534ea92b26fa8adc30543f,U7e9d634b4c9c4d78fa1404add918f998,image,delivered,2025-12-22 03:43:46,
50b568f7-c9a2-4250-8f4b-1c16345da1ec,2026-02-05,msg_00107,U3bae1603803a839c0cb52f511d9cb8f6,Uea206d5b98068622c36cbbfc8ed59e0e,text,opened,2026-02-05 23:33:55,
9f16df39-cd4b-4e25-8c22-4b0147ed50fe,2026-03-31,msg_00046,U4784fc8a8e1e4eb2435ad84e0ad052f2,Uc7a317a84bcf61322f1d273480ed841c,flex,delivered,2026-03-31 18:56:23,
c3e7b2c5-3c45-4315-afd0-cbba3a417d37,2026-02-20,msg_00017,U22a93bc29b1df104af6b1ba1cd91fc56,Ub28cf1cef13a663fa325e251a065c562,video,delivered,2026-02-20 06:59:29,
71050d53-09d2-4ebb-bdce-6fd5dc87ed21,2026-03-16,msg_00002,U3bae1603803a839c0cb52f511d9cb8f6,U58e3cadb791c4cd0f6ffcb632e4a25a9,text,delivered,2026-03-16 13:24:06,
f69dc6aa-fa34-4c5d-9cc2-256305a6093c,2025-12-18,msg_00093,U3bae1603803a839c0cb52f511d9cb8f6,U9ab028b66af78357e0ba7f2ca6fb52dc,video,unsubscribe,2025-12-18 11:39:38,
b37c7509-8556-4e60-8aa3-1263044c7781,2026-01-13,msg_00060,U3bae1603803a839c0cb52f511d9cb8f6,59ee72e8ab29109e4c57b6c1d2c429a0,image,opened,2026-01-13 13:39:06,
6bf36f97-85b4-4229-9544-ce5cfba2b771,2025-12-18,msg_00070,Ue9a1e8a5b83a6b296d43c957a8cfba4a,U647faf21d0f7e1dcb0556b9371fa2a4e,imagemap,delivered,2025-12-18 00:25:57,
d6b605b3-edcd-4025-8541-5b383b04c9ee,2025-12-19,msg_00118,U4784fc8a8e1e4eb2435ad84e0ad052f2,U0d999ac8cb6ffe1e4870cce04c87a9b9,image,delivered,2025-12-19 19:44:32,
5e461c50-84c5-4f92-8be1-3af70df91084,2026-02-15,msg_00006,U743849e63f8101ac616f8fd0ba84a167,U198233e8b0a97f9133b46e671b820f84,flex,delivered,2026-02-15 19:28:15,
5f6c996c-473b-4002-97b8-6e3e252ad269,2025-12-18,msg_00114,Ub0341314a5534ea92b26fa8adc30543f,U83ea66f695c87db97e50d29963de2892,flex,delivered,2025-12-18 07:52:21,
61949dfd-5e53-44ea-b706-b468d4e49f80,2026-01-07,msg_00110,Ub0341314a5534ea92b26fa8adc30543f,U63c2b290fd5d1a73abc529b8782352fe,video,clicked,2026-01-07 05:21:46,https://example-saas.jp/campaign/spring
36743f60-dba1-4dc4-a9e3-6f998835b5fb,2025-12-17,msg_00032,U3bae1603803a839c0cb52f511d9cb8f6,U89500febe1b12245b1b9395e2afe2eae,video,delivered,2025-12-17 00:28:01,
b3147f5e-267e-4fdf-9100-62d9e7eea962,2026-03-20,msg_00106,U3bae1603803a839c0cb52f511d9cb8f6,U49084f38d6913073fb96f30a7d5d820e,video,delivered,2026-03-20 14:51:32,
111ead5b-2432-46b4-a45c-2fc36091934f,2025-11-16,msg_00020,U3bae1603803a839c0cb52f511d9cb8f6,Uf7ede6aed3ae21fa4280fc4e13fe4ab9,text,delivered,2025-11-16 07:03:59,
16b333a0-c766-407e-9dcc-f29ab2ec65df,2026-03-08,msg_00112,U3bae1603803a839c0cb52f511d9cb8f6,Ue5c5b526a1d420f0bae51a2e85fa66e7,image,opened,2026-03-08 22:19:31,
bd8eb652-d02d-4eff-917b-4af5898296a5,2026-01-09,msg_00052,U743849e63f8101ac616f8fd0ba84a167,Udd81353e58d9819c7267842bbd9e4054,video,delivered,2026-01-09 05:48:24,
f27d8efb-ccc0-434a-8b08-5ec95a6bf1d1,2026-04-12,msg_00120,U227d1cd1a801c367de206ec4bbca7330,Ub89abebc85af7ccc878962ff00ed7c8a,text,delivered,2026-04-11 22:47:26,
dfd86a0f-34d3-49c1-a862-e5280448deaf,2026-04-01,msg_00072,U4784fc8a8e1e4eb2435ad84e0ad052f2,U10434f73bfb71a9dff16791b896d27d1,image,clicked,2026-04-01 07:02:26,https://example-saas.jp/coupon/500off
4beef07a-9126-4b41-92ae-57004292dbef,2025-11-26,msg_00028,U3bae1603803a839c0cb52f511d9cb8f6,Uf472c6973e9fb355887ffa9a25548f52,image,delivered,2025-11-26 13:11:35,
2e761c7d-50dc-4d91-9776-306356f3cb76,2026-01-29,msg_00031,U3bae1603803a839c0cb52f511d9cb8f6,Uf458a4fd2c96236e1c817e056ba03f65,video,opened,2026-01-29 22:57:24,
2720d0cb-aa98-4088-9e76-b80c39603934,2025-12-09,msg_00059,U3bae1603803a839c0cb52f511d9cb8f6,U3cda1522be4ffd49285e838e4696eb24,imagemap,delivered,2025-12-09 23:26:24,
cb7c4667-a301-4e19-a1dc-a25a4f6c0a4c,2025-12-19,msg_00118,U4784fc8a8e1e4eb2435ad84e0ad052f2,U7dee14e45e8f1c00f2ed8ea7c89c2e3e,image,delivered,2025-12-19 03:14:26,
99f099e3-a4b2-42c8-8550-d178ae36a39b,2026-04-12,msg_00105,Ud4a92c8c8050eed40ef171cc2784d638,U1211ca0d334251321cd6dcf84d99f5d1,flex,delivered,2026-04-12 09:07:34,
9ca996af-6cfd-472a-83c2-c7f8e3ae47f2,2026-03-22,msg_00119,U3bae1603803a839c0cb52f511d9cb8f6,U639f2286a3af13ff3a83f8aebadb0cd9,imagemap,delivered,2026-03-22 10:18:04,
a03b5392-dea1-4c2f-ad2b-f88ee3111176,2026-02-20,msg_00048,Ue7310890b01058478be93761a56d0aa0,U4524bcba5a9ddaa0f025176afdf18f80,flex,delivered,2026-02-20 09:53:20,
6a19e705-7e11-44ca-a380-db1dd465ab23,2025-12-16,msg_00035,Ub0341314a5534ea92b26fa8adc30543f,Ud3e82395cca9cdbb4d697c4d1b089c87,text,CLICK,2025-12-16 12:28:32,
d9db72f6-ef4d-4450-901e-8021bb556376,2026-02-28,msg_00117,U743849e63f8101ac616f8fd0ba84a167,U01aa01de1ea3a859fbb190c797a2976f,video,opened,2026-02-28 12:41:02,
d7521e49-776a-49bc-b5e2-6ebc7021fffd,2025-12-14,msg_00085,U743849e63f8101ac616f8fd0ba84a167,Ub754d5dcd7178a4abbf4a6b7cf858f2c,image,delivered,2025-12-14 17:12:06,
85f321e5-9bff-4903-8cdc-683f9e7f4721,2025-11-27,msg_00018,U3e5dd3a641c58ad50e49f095c6f1e306,U6c588f1657daa9aa7178b643ea4c1178,imagemap,delivered,2025-11-27 03:16:54,
df3e8e6d-9c73-4616-bbac-ca3941f3330c,2026-03-06,msg_00068,Ub0341314a5534ea92b26fa8adc30543f,Ue0f687675b7d2e926c07087642abd8ef,video,opened,2026-03-06 08:56:45,
a5566277-c1c8-4294-ac6a-5f498be5d8eb,2025-12-08,msg_00015,Ub0341314a5534ea92b26fa8adc30543f,Ua1f0032a6df6894f8edf319089350c3c,text,delivered,2025-12-08 05:37:25,
430ca2f4-9185-45b8-af1e-b286498de687,2026-03-26,msg_00040,U3bae1603803a839c0cb52f511d9cb8f6,U43be57cd412e0bebc41337540a68384e,imagemap,opened,2026-03-26 19:50:14,
f614e973-cf3d-4fcc-b0bb-fa681898ac90,2025-12-07,msg_00003,U227d1cd1a801c367de206ec4bbca7330,Ub181222574d61cee9e4757d108f5c8cb,image,delivered,2025-12-07 01:11:53,
9ae238b3-de4e-46ae-be67-110f41065929,2025-12-19,msg_00064,Ub0341314a5534ea92b26fa8adc30543f,U660eee770606c4c9c8ad9d47b984379e,image,delivered,2025-12-19 12:55:54,
46a424dd-afaf-4398-82e5-491fba76734c,2025-11-23,msg_00053,U743849e63f8101ac616f8fd0ba84a167,U40454e97e713566172a7298ef9c20d89,video,delivered,2025-11-23 12:51:34,
3aeaa5c3-5afe-4c6b-abec-bb17b66bb128,2025-12-25,msg_00077,U743849e63f8101ac616f8fd0ba84a167,Uf0811caf6a9862c6520f4af9afcd8785,text,delivered,2025-12-25 02:15:11,
8fea34c1-b2a1-4e35-b947-1cd5a8ff3c61,2026-03-30,msg_00076,U743849e63f8101ac616f8fd0ba84a167,U84403c3a119d545be2ce40c13dd96d35,image,delivered,2026-03-30 11:47:23,
8b7e157a-9d8b-4597-be1f-905b1ffd807c,2026-01-31,msg_00035,U7e808d11d6f9901a954a542a7ee09918,U4ae8977c3a4ac62e17832547ac5ab955,text,delivered,2026-01-31 11:12:15,
a2c036bd-86a5-4233-8b8d-79b46a51bd53,2026-03-20,msg_00106,U3bae1603803a839c0cb52f511d9cb8f6,Ufd17bbcda61c9b17c93b1bbc3cd8be56,video,opened,2026-03-20 19:09:42,
c99ae1a8-af84-4fab-b478-755631238b7a,2026-03-21,msg_00023,U743849e63f8101ac616f8fd0ba84a167,Uf9da98d9542a969a39cdac5af2dbb30b,imagemap,delivered,2026-03-21 19:50:33,
2b5748cb-3b5b-4c77-b316-3ca123d19199,2025-12-22,msg_00013,Ub0341314a5534ea92b26fa8adc30543f,Uea2991857bbdb6355b5e4b7d36ce0283,image,delivered,2025-12-22 23:29:24,
56fdc70a-870b-49ed-9068-3ec684d9daa6,2026-01-24,msg_00113,Ub0341314a5534ea92b26fa8adc30543f,Ud750fff890ddbcb3521fb034e2aa2aa0,text,delivered,2026-01-24 06:16:09,
6bbf6898-3a6c-4eac-a9f5-3fc45082c8d4,2026-01-07,msg_00110,Ub0341314a5534ea92b26fa8adc30543f,U6126cab4f6dd2a1c18096cfa31185010,video,delivered,2026-01-07 14:17:27,
be6db5a6-3933-406a-83f3-ff50356c6bb0,2026-04-12,msg_00120,U227d1cd1a801c367de206ec4bbca7330,U29d2878f7a287a79d2becefc449f6495,text,delivered,2026-04-12 20:29:09,
6488dd6b-4ac6-44a5-bfe7-8f32bae9bb52,2025-11-23,msg_00053,U743849e63f8101ac616f8fd0ba84a167,U2f5a5cc248bcd8fa39466b88a86b476d,video,opened,2025-11-23 05:02:33,
0a1cde75-0945-4a0a-aed1-9d275d36071e,2026-04-12,msg_00120,U227d1cd1a801c367de206ec4bbca7330,U06d022a9ac98d6993c873e3c58f4b0db,text,delivered,2026-04-12 23:20:11,
549ba9f7-d328-44e3-9864-2ca022db8c0e,2026-02-25,msg_00008,Ub0341314a5534ea92b26fa8adc30543f,U4fd2e9c258d315b83fd7dcb7ac06644b,image,delivered,2026-02-25 05:01:08,
22746669-2450-41f7-822f-c9710d9034e7,2025-12-09,msg_00094,U227d1cd1a801c367de206ec4bbca7330,U4d73419e54e7d386d826f32d8881d1c6,flex,delivered,2025-12-09 08:45:53,
1d7868fb-b693-42f6-82b6-9ba0f2027b23,2026-04-04,msg_00049,U476acbdef8e9a16d24575e4f6d7b0f31,7a41abc6951c908710ad5af6b928995b,text,delivered,2026-04-04 13:27:55,
598bc9a7-d9ac-4d98-b198-1c7b46ba1606,2026-01-24,msg_00007,Ub0341314a5534ea92b26fa8adc30543f,4e88f5f2f84f59376d59a512309439bc,imagemap,delivered,2026-01-24 21:34:08,
b5fca96d-54ed-4c4b-99b0-25595a42266e,2026-03-05,msg_00014,U3bae1603803a839c0cb52f511d9cb8f6,U012bf1590d9df396f5cfdb1892bfefbc,flex,delivered,2026-03-05 02:56:16,
0d012031-efe4-4d84-9b46-eff10ad300f7,2026-02-10,msg_00058,Ue9a1e8a5b83a6b296d43c957a8cfba4a,Ufaee2fde668b870478556ca67e5b04cf,video,delivered,2026-02-10 10:51:48,
f1f820a3-d28b-4db9-b45a-7bfe682412c1,2026-01-24,msg_00007,Ub0341314a5534ea92b26fa8adc30543f,U59936a3032c26779056c1040daa88ee5,imagemap,delivered,2026-01-24 11:23:04,
955d99dc-5bc2-4461-86fa-1f3de61c6a26,2026-03-29,msg_00097,Ub0341314a5534ea92b26fa8adc30543f,Uf0e4fa8222b9c3a32e56d009bc552b92,text,clicked,2026-03-30 01:00:28,https://example-saas.jp/coupon/500off
6deedc54-0773-4177-9e2a-55c559ceb9ea,2026-03-03,msg_00093,U743849e63f8101ac616f8fd0ba84a167,U6fea2ba01156f34e502133731c716b3e,imagemap,opened,2026-03-03 07:19:45,
59b39815-0de5-4681-a62b-17df887ac0e3,2025-12-09,msg_00069,Uc20f9c7e9b662bedec3cb78e127885c7,U8c935a607bf7d47d677622b831cd3688,imagemap,clicked,2025-12-09 22:45:57,
5ae26ff4-4802-4eec-ad9d-98520133e94d,2026-03-12,msg_00084,U68d2301028fb66b51d9111f1af067e34,U08ded30b9ac6bda296861f0c3284b728,video,delivered,2026-03-12 13:24:42,
e7a2413d-4168-498b-addf-f00ee7920359,2025-11-30,msg_00025,Ub0341314a5534ea92b26fa8adc30543f,U5288f7854f636243a4571d96353f28bb,imagemap,failed,2025-11-30 03:36:27,
586dfe5a-99e2-4a48-80aa-68cb89033bbe,2026-01-07,msg_00110,Ub0341314a5534ea92b26fa8adc30543f,U1fd93642c60dc65738099ddec49670b2,video,opened,2026-01-07 03:21:58,
7e7d4851-0c39-446c-9ed1-a50e5d931821,2026-02-14,msg_00042,U3bae1603803a839c0cb52f511d9cb8f6,U2334d9517d32dbd6d3e0127765f20264,video,delivered,2026-02-14 03:17:01,
780273e1-7224-4160-9be6-a98a8e55bc2e,2026-02-25,msg_00008,Ub0341314a5534ea92b26fa8adc30543f,U708ec9272d210ecf6117a50632e40624,image,opened,2026-02-25 12:17:48,
9cfe0f3b-1bf8-44df-9604-e3913ea2f162,2025-12-07,msg_00003,U227d1cd1a801c367de206ec4bbca7330,2fef7e3d48a18d6ded4ced96cda47a83,image,delivered,2025-12-07 16:09:15,
7d94b65a-12dd-4086-8e8f-296403b118f8,2026-01-24,msg_00113,Ub0341314a5534ea92b26fa8adc30543f,U412df1464a37a99104324734452a8c89,text,delivered,2026-01-24 17:52:24,
2beb3e27-4225-455a-ad46-0d2a6f05d82c,2025-12-12,msg_00004,Ub0341314a5534ea92b26fa8adc30543f,U1be54d88967f9b56cc97dc3276f543e8,video,delivered,2025-12-12 15:37:40,
f8554661-3053-45d3-b237-17b3f65ab406,2026-01-20,msg_00108,Ub0341314a5534ea92b26fa8adc30543f,Udb6c27a7f36c090340a3a9006d5a3480,flex,delivered,2026-01-20 05:21:04,
95a1c617-5952-4d9c-affa-55cbe7ec46fd,2025-12-03,msg_00012,U743849e63f8101ac616f8fd0ba84a167,Ud6f10db121e16c03b12d04a72172f81b,imagemap,delivered,2025-12-03 18:22:42,
4ad8c485-2de0-4b36-b3ce-1493078908f7,2026-01-13,msg_00060,U3bae1603803a839c0cb52f511d9cb8f6,Uff7558dedfeafb29ed7544968094b5a9,image,opened,2026-01-13 10:27:58,
0aa54c07-31dc-4f46-8384-36517e52597f,2026-01-07,msg_00110,Ub0341314a5534ea92b26fa8adc30543f,U5c05213dfe986bea0991729cdd10c952,video,delivered,2026-01-07 21:13:16,
e50de81b-e670-4dfd-a99c-6015384ff3ff,2026-01-18,msg_00102,U227d1cd1a801c367de206ec4bbca7330,Ubd318e9af2d52c62cbd9b27102dadf54,video,delivered,2026-01-18 10:19:57,
f1a9655b-2761-43ed-b405-e7f3385ce5d0,2026-04-10,msg_00101,U743849e63f8101ac616f8fd0ba84a167,Uf21df56f672eef7d702a8d9cb76b3f64,imagemap,delivered,2026-04-10 00:14:29,
861b73cc-a501-413a-9999-765a28f4d7c1,2026-03-22,msg_00119,U3bae1603803a839c0cb52f511d9cb8f6,Ua44176426347cbf8f8ad274013048055,imagemap,opened,2026-03-22 09:27:26,
15bf5005-a214-4b17-b587-cc672b20dbe7,2025-11-23,msg_00053,U743849e63f8101ac616f8fd0ba84a167,772cbf24e37d01b6e5399cfaad88bd98,video,delivered,2025-11-23 09:04:35,
4c4d8967-c0ea-4349-a2b5-3a5f9a471977,2025-11-26,msg_00028,U3bae1603803a839c0cb52f511d9cb8f6,U613da0fce8f547f9af9e24532569e89f,image,delivered,2025-11-26 11:26:20,
9b6e3c28-3e40-4e87-83e1-5a21c42f2bf9,2025-11-23,msg_00053,U743849e63f8101ac616f8fd0ba84a167,U70ca06c25a8f5d0e2d18a9b2f2da7962,video,opened,2025-11-23 03:01:40,
76b7b461-0bff-4fbb-a671-5d05b5606e1f,2025-12-09,msg_00059,U3bae1603803a839c0cb52f511d9cb8f6,U7e149f436d5d397f009c3725d4421bba,imagemap,delivered,2025-12-09 05:18:50,
bfae1d69-8cb5-49a1-9a45-23af70f8047b,2026-01-18,msg_00102,U227d1cd1a801c367de206ec4bbca7330,U82d3978f514ba38bd0d606674cbf2334,video,delivered,2026-01-18 15:32:00,
552c1d96-b658-44e2-97f3-24463f4b27f6,2026-02-14,msg_00042,U3bae1603803a839c0cb52f511d9cb8f6,U83f0f610aeee6fc5da0154c50a3eedc1,video,delivered,2026-02-14 17:54:23,
ebb82279-3db6-49a6-a302-86d52a2977d9,2026-02-15,msg_00006,U743849e63f8101ac616f8fd0ba84a167,U3701f35598169a8da78dbe8d92dd4e39,flex,opened,2026-02-15 06:12:07,
61215299-e7d4-4423-b91d-32e822023b3a,2025-11-27,msg_00018,U3e5dd3a641c58ad50e49f095c6f1e306,U562f02b131dda5e5b6ae14bfc92bd5d6,imagemap,opened,2025-11-27 16:02:55,
f6bc6cff-2aa9-4b45-a6de-1f6863cf9e4a,2026-01-29,msg_00031,U3bae1603803a839c0cb52f511d9cb8f6,Ue80d7d0bf4757cd84ad23e64be3db261,video,delivered,2026-01-29 09:24:44,
60888fc8-9b1a-43d8-9042-41b011d8a95c,2026-02-15,msg_00006,U743849e63f8101ac616f8fd0ba84a167,U5d3c42be9e9e060a1eec81f834eff932,flex,delivered,2026-02-15 22:56:19,
d845d127-369d-4a58-8935-8c2939f44acc,2025-12-18,msg_00070,Ue9a1e8a5b83a6b296d43c957a8cfba4a,U4660f452973e3185ea20ffab0c06daea,imagemap,delivered,2025-12-18 12:52:24,
6c2b2d70-92d4-44d0-99c9-2484592e45d2,2026-03-14,msg_00009,U743849e63f8101ac616f8fd0ba84a167,Uec91c5a2ca6313579c7c0acbb74126cb,imagemap,delivered,2026-03-14 10:45:02,
d3c93a0b-b8a3-42fd-bb75-8e354637f7fc,2026-02-16,msg_00021,U743849e63f8101ac616f8fd0ba84a167,U92c22b9fd50ee744ecd3b9c4bd825213,flex,opened,2026-02-16 11:14:17,
17cf4468-fce4-4659-8671-3cfb60a8613a,2026-03-21,msg_00023,U743849e63f8101ac616f8fd0ba84a167,U189470030309160856a14724913de0db,imagemap,delivered,2026-03-21 20:33:57,
5392ffd2-29f7-4772-b091-cb339bf06861,2025-12-19,msg_00118,U4784fc8a8e1e4eb2435ad84e0ad052f2,U3b85115356d2e80e1929915aac4d32e9,image,opened,2025-12-18 22:47:29,
1f8c456b-5519-4670-a56a-2244dea108bb,2026-03-27,msg_00096,U476acbdef8e9a16d24575e4f6d7b0f31,U43d9896e730d0e6f9e10be194e0d4afc,imagemap,opened,2026-03-27 02:47:18,
72ee86c6-6a5e-4a24-b241-76768297137b,2026-01-17,msg_00037,U7e808d11d6f9901a954a542a7ee09918,Ued7abd05aabce96cdccbc16160ffe7db,text,delivered,2026-01-17 01:16:29,
2706fd0a-6ce4-4645-b820-eb7a9ab1090b,2026-02-09,msg_00083,U3bae1603803a839c0cb52f511d9cb8f6,Uc060ce5746f50cd88f8b7228460519cb,flex,delivered,2026-02-09 05:36:22,
e6aacc93-6ee0-40a0-bfb0-7d407e263483,2026-02-14,msg_00065,U743849e63f8101ac616f8fd0ba84a167,Ufd36d9fa2e9207b666a80fadd86f7caa,image,delivered,2026-02-14 01:15:06,
5db1b071-c462-446c-b04d-dd0b3c9b2e8b,2026-02-18,msg_00081,Ub0341314a5534ea92b26fa8adc30543f,Ude3f395846885f0f3172871e3808ef5f,text,delivered,2026-02-18 12:55:58,https://example-saas.jp/lp/newmenu
aeee828a-5efb-4645-b488-9af6603cb23d,2025-12-24,msg_00062,Ub0341314a5534ea92b26fa8adc30543f,U3e9669ef1d71a9d3e826a01e619da010,video,delivered,2025-12-24 10:43:50,
455f0382-615e-4d97-b869-c7987d60308f,2025-12-19,msg_00064,Ub0341314a5534ea92b26fa8adc30543f,U2e0b9d4bbd702fb15bee1886f1ea1a56,image,clicked,2025-12-19 09:26:29,https://example-saas.jp/survey
3a845e8b-3985-4f16-b1e4-869ada039e7d,2026-01-07,msg_00110,Ub0341314a5534ea92b26fa8adc30543f,U1f1477ebb6808605e7a5fa6d41357c93,video,clicked,2026-01-07 10:07:51,
a56a534f-ff7d-4b8b-b8da-d41759f97eb2,2026-01-26,msg_00005,Ub0341314a5534ea92b26fa8adc30543f,1692f65ac49d45ae6332e60b11cb4053,image,delivered,2026-01-26 17:01:05,
6953aaa3-be83-493b-84aa-26a7925bd2f0,2026-01-24,msg_00007,Ub0341314a5534ea92b26fa8adc30543f,Ueb9c47a07b8b3decf953a7b2e2c17013,imagemap,delivered,2026-01-24 01:15:06,
cd04d354-e25e-46c5-acc2-2d304aac8910,2026-01-10,msg_00044,U30ad60bba5da9837ca5dd0230ca8f531,U2dfea2e75e2adac3d6811a2ba757a930,video,opened,2026-01-10 16:05:42,
22969c21-1167-455f-9bbc-d71184240d7c,2025-11-23,msg_00053,U743849e63f8101ac616f8fd0ba84a167,U88043ddd01aed6466c66567214270df0,video,delivered,2025-11-23 23:54:10,
8de44d61-489c-462d-81b5-6b625dc0747c,2026-01-10,msg_00044,U30ad60bba5da9837ca5dd0230ca8f531,Uf4c3519a99bd0fdfb2b7249b23072dd6,video,opened,2026-01-10 07:44:01,
ce2fe903-e7ab-4b0d-a20f-4686e39919bf,2025-11-27,msg_00018,U3e5dd3a641c58ad50e49f095c6f1e306,U8a48246a2647b05b1d67c7d94e794e71,imagemap,opened,2025-11-27 02:40:16,
65953290-e0a2-4674-b765-a2b2e4299fd7,2025-12-19,msg_00064,Ub0341314a5534ea92b26fa8adc30543f,U02d6f4130ccb46504651257f534c5b16,image,delivered,2025-12-19 22:42:00,
493d6b55-fca9-4cb2-b14f-85a961bc968e,2025-12-23,msg_00061,Ub0341314a5534ea92b26fa8adc30543f,U1dab3ee888621c276ed5668adb4c5cb9,imagemap,delivered,2025-12-23 06:11:38,
98bc9790-bc20-4ce6-a6bd-c33e5b937443,2026-01-26,msg_00063,Ub0341314a5534ea92b26fa8adc30543f,U4020fe4b40d155577757c422fc2d3694,imagemap,opened,2026-01-26 11:30:41,
88462116-ccbf-464d-b612-febd156ff2ac,2026-02-15,msg_00087,U3bae1603803a839c0cb52f511d9cb8f6,U01ed4137c94a71b8175fa015fdf6421e,imagemap,delivered,2026-02-15 05:45:45,
5305631b-e9d0-4759-b5db-59f8ded2aa78,2026-02-07,msg_00090,U4784fc8a8e1e4eb2435ad84e0ad052f2,U4e9f0d522b1db3022724ffa97981e460,imagemap,delivered,2026-02-07 04:01:28,
ccbcc117-1337-49ce-b9f6-fa403dac2974,2026-02-08,msg_00051,U3bae1603803a839c0cb52f511d9cb8f6,U75966bb787fc73900441cf1a1952a47e,image,delivered,2026-02-08 00:04:28,
f1b763ca-6b1e-42f3-8830-aab9e2833899,2025-12-19,msg_00064,Ub0341314a5534ea92b26fa8adc30543f,U7e1d6811c1bcd4b594a39a0f52b4d84f,image,delivered,2025-12-19 17:49:23,
3160bc8f-bef5-4921-90b3-848e5c894520,2026-01-10,msg_00044,U30ad60bba5da9837ca5dd0230ca8f531,Uc95dbae78e787cb4ac4e65a333bd92d1,video,clicked,2026-01-10 13:04:58,https://example-saas.jp/coupon/500off
3426c16c-6b60-40dd-8fdd-9c1b96dc41fb,2026-02-20,msg_00017,U22a93bc29b1df104af6b1ba1cd91fc56,Uad1b205d5eb72542a06a2ca458931300,video,opened,2026-02-20 08:14:19,
dd0151b1-2cef-4a4d-9962-60fcc3eac4cc,2026-03-31,msg_00046,U4784fc8a8e1e4eb2435ad84e0ad052f2,Ucf688e091f4a31f877b075b7da240989,flex,delivered,2026-03-31 19:46:47,
bf89049d-bbb2-4270-a70b-d87d3e992659,2026-01-20,msg_00108,Ub0341314a5534ea92b26fa8adc30543f,Ud6259be39d1e78b89e8d4b68d2fc217f,flex,delivered,2026-01-20 00:24:53,
b0b18c68-9001-4b7f-a192-f5c74ee3c6e8,2026-04-08,msg_00041,Ue7310890b01058478be93761a56d0aa0,U39131851a985b2bbd54990ca5503bea4,text,clicked,2026-04-09 00:06:35,https://example-saas.jp/survey
a22353f7-7949-415c-8d4c-104cede4d9db,2026-03-22,msg_00119,U3bae1603803a839c0cb52f511d9cb8f6,U0901789a3ef4fcabd813226356ade4f7,imagemap,delivered,2026-03-22 10:47:20,
3511f8b8-5a53-4abb-a247-694a20d281e0,2025-12-09,msg_00069,Uc20f9c7e9b662bedec3cb78e127885c7,Uefb1d9025f672d7970cbbb80fb61915d,imagemap,delivered,2025-12-09 13:30:18,
02c135d6-6254-4bf5-a496-86953c0643ee,2026-01-26,msg_00063,Ub0341314a5534ea92b26fa8adc30543f,Ub2abd3484814809ebdadb7f7eb058175,imagemap,clicked,2026-01-26 23:52:36,https://example-saas.jp/coupon/500off
b98d5991-33e7-484e-afee-ee15ce400047,2026-03-21,msg_00023,U743849e63f8101ac616f8fd0ba84a167,U150765b49710027eaddd2eb6fd604417,imagemap,delivered,2026-03-21 10:39:14,
93f31451-97fb-4208-bd5e-7cffda5a9ce7,2026-04-04,msg_00100,U743849e63f8101ac616f8fd0ba84a167,U4b394e8f75ebb8220b542b889b5e35d0,image,delivered,2026-04-04 23:09:56,
52b9c3eb-7b67-4a65-a1fc-21f698d4cd6f,2025-12-19,msg_00064,Ub0341314a5534ea92b26fa8adc30543f,U6d1eb5a9e1a32aa7bf1f860e9e6bab95,image,delivered,2025-12-19 10:59:39,
1879c225-1afe-4e65-98b7-4718e3ad7910,2026-04-05,msg_00054,U3bae1603803a839c0cb52f511d9cb8f6,U00142131dc332f2ca5163ffe385f8eeb,image,opened,2026-04-05 17:29:26,
5d04628c-2dba-4251-8fb1-d201b84d1f34,2025-12-21,msg_00022,U3bae1603803a839c0cb52f511d9cb8f6,Ue5490cf2be984cf1fa5d83d62443cb8b,video,delivered,2025-12-21 07:17:10,
f9aa2887-59a3-4983-8883-367fd8fc6953,2025-12-15,msg_00030,U3bae1603803a839c0cb52f511d9cb8f6,Uad671eb5c5e33026fb88f852a0b20c28,video,opened,2025-12-15 05:34:51,
3fb0e32a-2e79-45c3-b2ef-0171122570b2,2026-03-26,msg_00040,U3bae1603803a839c0cb52f511d9cb8f6,U60c6291e846be678405cc60fb4601b29,imagemap,opened,2026-03-26 21:12:14,
90146789-547c-40ee-8e7e-132732be5505,2026-02-15,msg_00089,U3bae1603803a839c0cb52f511d9cb8f6,U1b34c7ded314411e0925ab3227c6cffa,text,clicked,2026-02-15 02:52:16,https://example-saas.jp/campaign/spring
4da6a751-8346-4de3-95e7-f9c2b5bec296,2025-12-21,msg_00022,U3bae1603803a839c0cb52f511d9cb8f6,U587418818f55011f5759000e7bf83a79,video,delivered,2025-12-21 19:54:57,
85b260c9-3c3c-4b67-9a3a-d8173c0c768f,2025-12-25,msg_00045,Ue7310890b01058478be93761a56d0aa0,U6b2fce4e9dee0c7bf9496378685180a6,video,opened,2025-12-25 16:29:07,
01bbc0df-3b60-4df0-be6d-90716a236673,2026-03-11,msg_00067,U7e808d11d6f9901a954a542a7ee09918,U59ee061f41f76842ccd59d6433fc389c,video,delivered,2026-03-11 15:03:45,
52a0eaca-a433-4d54-a9c4-c4febdf5fdf3,2026-01-01,msg_00027,U4784fc8a8e1e4eb2435ad84e0ad052f2,Ud2078a53fea156e9e1a335722eac81fa,image,opened,2026-01-01 11:38:20,
dbe5c413-44ae-478d-85a9-3931b3db2ce6,2026-02-15,msg_00087,U3bae1603803a839c0cb52f511d9cb8f6,U4d72762ed312c40429d7022f62a4d4a7,imagemap,delivered,2026-02-15 00:46:12,
3e8ceea5-2a4a-45be-adc3-50035f5b08fc,2026-03-29,msg_00097,Ub0341314a5534ea92b26fa8adc30543f,U69ba5456d079e0aaaf80b66a4d916ca5,text,delivered,2026-03-29 23:15:53,
032650f0-e309-4d22-af2b-47cbc3c8f4a4,2026-03-25,msg_00079,U743849e63f8101ac616f8fd0ba84a167,d67388153f885f2fa2aa110e82c861f1,text,delivered,2026-03-25 07:16:51,
ff5b9ab8-44bf-4b8d-9e81-7843ce9f7360,2025-12-18,msg_00114,Ub0341314a5534ea92b26fa8adc30543f,U802c5c44e579b55211c684eae7264e85,flex,opened,2025-12-18 15:20:05,
dc3cca06-4bef-4658-a035-3c77b3edf9ba,2026-01-26,msg_00086,U4784fc8a8e1e4eb2435ad84e0ad052f2,U04d9853adc899c735045e62c9cfbf06a,text,clicked,2026-01-26 23:42:33,https://example-saas.jp/campaign/spring
cdde5c6e-2a0c-4b7a-ba01-3b73e832b918,2026-01-24,msg_00066,U3bae1603803a839c0cb52f511d9cb8f6,U41eabfb9f1595ee8a1cf280aee226e27,image,delivered,2026-01-24 17:06:09,
9ca30001-8a6c-49a7-a50d-4b89926fc2ed,2025-12-09,msg_00069,Uc20f9c7e9b662bedec3cb78e127885c7,U73e6ad17606ab17297444519dae22667,imagemap,opened,2025-12-09 19:31:57,
396bef58-b33e-47ce-b946-2bbc6f4f626c,2026-04-12,msg_00105,Ud4a92c8c8050eed40ef171cc2784d638,dc20d58565662dde28360e8539614b1d,flex,opened,2026-04-12 18:31:34,
341e5a78-7125-4b8d-856c-392c906a88cb,2026-02-20,msg_00017,U22a93bc29b1df104af6b1ba1cd91fc56,Ue5688c02672ad88f19505db7160c2941,video,opened,2026-02-20 13:53:27,
61844d1a-2f9e-4f38-99c0-d55426210a63,2026-01-18,msg_00102,U227d1cd1a801c367de206ec4bbca7330,U6e84ee8a4107dd935b0c052d7aa8e91e,video,delivered,2026-01-18 14:23:37,
899cec5b-aad3-4fe4-ab49-a8a26c9b8ee7,2026-02-09,msg_00083,U3bae1603803a839c0cb52f511d9cb8f6,U4b33f9a8bb617287fd5ac5688d968df5,flex,opened,2026-02-09 21:09:37,
f43d813c-ca84-405c-920a-7125f36ab31d,2026-03-21,msg_00023,U743849e63f8101ac616f8fd0ba84a167,U6e380c3cd69e8e923b637ce272550b5f,imagemap,delivered,2026-03-21 08:29:23,
a4667a7e-10d6-4c56-a2fb-17fe5424e97c,2026-03-03,msg_00093,U743849e63f8101ac616f8fd0ba84a167,U2d660f0eac6d0a9e4b3b8f734efa1bc1,imagemap,delivered,2026-03-03 05:43:09,
6e8badd3-3402-4488-8bfb-b1151aa9edfa,2026-03-27,msg_00096,U476acbdef8e9a16d24575e4f6d7b0f31,U2618fbe44d7aa6a5ba9a42c303789a91,imagemap,delivered,2026-03-27 00:39:37,
fcd31395-496b-4028-8b14-9ac068c1a91d,2025-12-31,msg_00082,U227d1cd1a801c367de206ec4bbca7330,Uc431635a9a84b55d23b1bbbe14eeecde,imagemap,delivered,2025-12-31 10:12:52,
c2876587-6b62-4b70-a706-9bcc2f8cfce3,2026-02-20,msg_00095,Ub0341314a5534ea92b26fa8adc30543f,Ud4e9a46ddb055627fd09caa2ba8b5dbb,text,delivered,2026-02-20 08:05:13,
62d9f487-1654-43c9-ae6a-c37149be6e81,2026-01-01,msg_00027,U4784fc8a8e1e4eb2435ad84e0ad052f2,U205f88dd99956fae511de2e34e5baf5d,image,clicked,2026-01-02 02:36:26,https://example-saas.jp/campaign/spring
944f3bc9-84c4-4e97-bf39-ea7df25b986c,2026-01-13,msg_00060,U3bae1603803a839c0cb52f511d9cb8f6,590f9c10523264f120e3d78a77ae1a2e,image,delivered,2026-01-13 01:05:20,
7a1e4f50-2d9e-4c4e-b22a-5a5d7e4778f7,2026-02-20,msg_00048,Ue7310890b01058478be93761a56d0aa0,U3a583d26f25ebdd9ba416a827bf37918,flex,failed,2026-02-20 17:31:30,
63823336-308d-4c9e-acb0-ce3e42989933,2025-12-24,msg_00091,U3bae1603803a839c0cb52f511d9cb8f6,U259bf6596150f6234e044f6827df78e5,imagemap,opened,2025-12-24 03:01:02,
db2adf5a-cc60-4a65-80b6-8c867200590a,2026-04-01,msg_00072,U4784fc8a8e1e4eb2435ad84e0ad052f2,Ue2d07644308f8935c2ae56eda8e14025,image,opened,2026-04-01 09:32:19,
511adac7-540a-4817-8477-e06ea07d2d94,2025-12-19,msg_00118,U4784fc8a8e1e4eb2435ad84e0ad052f2,Ub559f62cb47eeca4bb06675d72e1b133,image,delivered,2025-12-19 16:40:23,
ea3dac1f-c520-4c07-a651-86a7e5151f56,2025-11-22,msg_00047,Ue7310890b01058478be93761a56d0aa0,U4506821123329bce7ebc4bb59d7151df,video,delivered,2025-11-22 08:43:11,
8d7ef1d9-3ab5-445e-b896-5fff210f435f,2026-03-29,msg_00097,Ub0341314a5534ea92b26fa8adc30543f,U0162bf53b62bae8be0ab44d2f5808e73,text,delivered,2026-03-29 17:08:03,
4810b141-86fb-4365-9a50-eb47e369b987,2025-11-17,msg_00034,U743849e63f8101ac616f8fd0ba84a167,U3dc792071d57a520fdae65e5cf93518b,text,delivered,2025-11-17 04:45:05,
6ae0fdde-b85f-4bd0-b2f6-f2e78b6b820a,2026-02-14,msg_00042,U3bae1603803a839c0cb52f511d9cb8f6,U59d0b4c4447c530ff25a34062c8494fe,video,delivered,2026-02-14 14:37:38,
42de962b-976f-4dac-899d-ff12c6a6ddea,2026-04-05,msg_00054,U3bae1603803a839c0cb52f511d9cb8f6,Uae3012eea9a0aacc5e237e9b36960055,image,delivered,2026-04-05 13:49:14,
69524fbd-38cc-484e-9120-7fb45aa3ac28,2025-12-18,msg_00114,Ub0341314a5534ea92b26fa8adc30543f,U6ef405fb691569edb458a9e8643503ae,flex,delivered,2025-12-18 06:05:49,
1f1599ae-a377-4764-86ad-87c7ead03e87,2026-03-04,msg_00056,U1ca413826b7044d134c9c3132420c9de,Ubc946d85293611fe2e086dd9e9124802,text,opened,2026-03-04 20:36:15,
ce6c4fbe-ccb7-4784-a301-e0d0060b71c4,2026-01-10,msg_00044,U30ad60bba5da9837ca5dd0230ca8f531,Uc95dbae78e787cb4ac4e65a333bd92d1,video,opened,2026-01-10 12:40:33,
49b45a50-8b6f-4a3c-8603-1c263df51a51,2026-03-06,msg_00068,Ub0341314a5534ea92b26fa8adc30543f,U271892c0d17b44789988e60eed58bda6,video,delivered,2026-03-06 19:12:01,
2ebb6d73-23da-429f-9d47-c31dfa195971,2026-03-18,msg_00080,U22a93bc29b1df104af6b1ba1cd91fc56,U7bc6d28c64267f56274317ca6f55ecc3,flex,delivered,2026-03-18 12:46:04,
3dfaf353-de29-4eb6-b93d-e413d8efec0a,2026-03-08,msg_00112,U3bae1603803a839c0cb52f511d9cb8f6,U9ec391296011cd2ad8964ecdb957d5cc,image,delivered,2026-03-08 18:52:15,
2ed90db1-7c74-4df9-9b3c-3b47290e9901,2025-12-25,msg_00045,Ue7310890b01058478be93761a56d0aa0,Uabbe21cbee7979598154b359872ef257,video,delivered,2025-12-25 06:45:22,
080e5f81-6b18-483d-8427-5b22c3cc9fe9,2026-01-09,msg_00104,U3bae1603803a839c0cb52f511d9cb8f6,Ud6e655edd776cf459dcaffb80183c371,text,CLICK,2026-01-09 15:08:35,https://example-saas.jp/lp/newmenu
9e078c5b-77c7-4a7f-ad6e-da56d6247f74,2026-02-16,msg_00021,U743849e63f8101ac616f8fd0ba84a167,b30b1b75a0e65f6068fed771d62173b3,flex,delivered,2026-02-16 12:03:09,
63f47e4e-4d64-4054-b3ec-2cd2710dec07,2026-01-13,msg_00060,U3bae1603803a839c0cb52f511d9cb8f6,U309a17479d0b0ca8136a79b491ba3df9,image,delivered,2026-01-13 08:22:07,
37b9fbb6-5aa3-47ec-809c-605514a5a43c,2025-12-24,msg_00091,U3bae1603803a839c0cb52f511d9cb8f6,U51110014fba1675ea28fff7be8ac33a0,imagemap,opened,2025-12-24 10:12:40,
26dcbbb7-9d78-4b30-bd9f-c1311c8b21cb,2026-02-20,msg_00048,Ue7310890b01058478be93761a56d0aa0,U70f6a9c80a23892e8c3680f3ad2f6ba6,flex,delivered,2026-02-20 02:01:32,
3e48136b-c5e7-473e-9032-810435a8dd2f,2025-12-07,msg_00003,U227d1cd1a801c367de206ec4bbca7330,U6759e38bc48e38cfd83faee7c0e1ca88,image,delivered,2025-12-07 06:51:12,
2754a214-10b7-4140-914f-432eaaa769e4,2025-11-16,msg_00011,U837b70463a585f85743b5bfb3b49c9fd,Uabbba37a7cd52e72737fed3a4d80fcbf,flex,opened,2025-11-16 04:43:35,
91323c8a-2ea4-4b30-b459-7d14cd5ea7cf,2026-02-07,msg_00090,U4784fc8a8e1e4eb2435ad84e0ad052f2,Udd3d4ce94a312a461279436de504150c,imagemap,opened,2026-02-07 09:05:28,
4243338f-abad-490b-b2f6-0d743d5543a2,2025-12-21,msg_00022,U3bae1603803a839c0cb52f511d9cb8f6,Ufa585b22660d76cd78cfbfd31b552c2b,video,opened,2025-12-21 02:47:40,
61523e6c-5b02-4d12-a296-9fa069ec3a0c,2025-12-12,msg_00029,U743849e63f8101ac616f8fd0ba84a167,Ubbc907a46b238e3abc87cc070ce1d2b3,imagemap,opened,2025-12-12 22:30:32,
39c1393e-e47e-4674-9831-f2bd6f8482cc,2025-11-24,msg_00033,U3bae1603803a839c0cb52f511d9cb8f6,U1c862db280e31814e60a717450053a8e,text,opened,2025-11-24 04:17:55,
a5cc9996-409a-45b0-b963-b059836e230a,2026-01-09,msg_00052,U743849e63f8101ac616f8fd0ba84a167,Uc16fa72d38ade0828b4cd896c200c5e8,video,delivered,2026-01-09 13:56:23,
ef50888d-6968-46ac-b85a-e16162992743,2026-02-08,msg_00051,U3bae1603803a839c0cb52f511d9cb8f6,Ucc88f1d65bd1032bfe338dd9aac6c4fc,image,delivered,2026-02-08 02:20:29,
0096fc97-6cdd-4df7-adc7-8dfa204c36e9,2025-11-16,msg_00011,U837b70463a585f85743b5bfb3b49c9fd,U06dab68b9eb15b993e5d408944837e8b,flex,delivered,2025-11-13 10:47:47,
34b77ea2-af56-4011-a5cb-9ca2a9769f0b,2026-03-29,msg_00097,Ub0341314a5534ea92b26fa8adc30543f,U0d054a7ccf0e8c570d59de0aa0e18bef,text,delivered,2026-03-29 11:04:45,
39126c99-6bec-4c46-82a2-d2806fa5d44a,2026-01-26,msg_00103,U3bae1603803a839c0cb52f511d9cb8f6,Uc7683032a1b3641d7fb69b7f6bbfc3c5,flex,opened,2026-01-26 09:33:42,
73e5bed1-5950-45a7-87fb-e6b2f2c29ec0,2026-02-15,msg_00006,U743849e63f8101ac616f8fd0ba84a167,U7e48af86f5b64badb8d5af0f33be0c16,flex,opened,2026-02-15 16:22:07,
435b6ecd-bb2b-4792-9f10-2475a9320208,2026-02-28,msg_00117,U743849e63f8101ac616f8fd0ba84a167,Uae2807b0c29bc1a63fc1e4d3257e65a6,video,delivered,2026-02-28 01:33:59,
d2df2ba0-74e0-4ee1-ba5b-780c175da0d7,2026-02-15,msg_00087,U3bae1603803a839c0cb52f511d9cb8f6,U2270d1c5cd8dc92c669777f4071fd39e,imagemap,opened,2026-02-15 16:17:09,
c34c6ae6-8f65-4eaf-9bbb-0b4b8bc31ed8,2025-11-23,msg_00053,U743849e63f8101ac616f8fd0ba84a167,Ucc3ba3e0c6eb97f0e87b4af38a552af6,video,opened,2025-11-23 02:30:44,
967f87c8-4ba8-4727-9685-312efd667b05,2026-01-01,msg_00027,U4784fc8a8e1e4eb2435ad84e0ad052f2,U342187144fe748e2f862d009809e1a1e,image,delivered,2026-01-01 12:57:14,
d4173265-2d84-4779-97be-995482e225d6,2026-03-04,msg_00056,U1ca413826b7044d134c9c3132420c9de,Uec20d1907f931221085ef35f1d54745b,text,delivered,2026-03-04 02:14:50,
81ef929b-4a69-4b19-b388-cbceb3de4bed,2026-03-22,msg_00119,U3bae1603803a839c0cb52f511d9cb8f6,Ufbc4dac0510880d6e995cb842f2aecae,imagemap,delivered,2026-03-19 16:53:42,
d6fb0ad9-3d52-426b-a171-777c3aa9ec35,2026-03-27,msg_00096,U476acbdef8e9a16d24575e4f6d7b0f31,U13fc0c60015474a65014174ae38726a3,imagemap,delivered,2026-03-27 05:05:54,
a6cd2f42-82f5-4a8d-94a6-31f015e8b758,2026-03-26,msg_00040,U3bae1603803a839c0cb52f511d9cb8f6,Ufeda653db639f9c6dceef15136bf3d86,imagemap,opened,2026-03-26 20:00:48,
cb60ec79-099d-4f81-a12b-48cad03cb7e3,2026-03-26,msg_00040,U3bae1603803a839c0cb52f511d9cb8f6,U36d612934303413abdb7b8c785c2b528,imagemap,delivered,2026-03-26 14:03:53,
b2037f36-3f21-4b63-af60-6e067ca2d642,2026-01-14,msg_00081,Ue7310890b01058478be93761a56d0aa0,U40689e70bb972bc528ad49189a2a50b2,video,delivered,2026-01-14 04:03:15,
14176c06-a54d-4677-a8ff-24f75da3c454,2025-11-16,msg_00020,U3bae1603803a839c0cb52f511d9cb8f6,0a0fd9b904f11c870653ba2cd7b68be5,text,delivered,2025-11-16 14:57:37,
2c82f038-19ad-4c62-b367-1c075dd3073a,2026-03-06,msg_00055,U3bae1603803a839c0cb52f511d9cb8f6,U9f240e8d5b3964460282e3be67630f50,flex,delivered,2026-03-06 00:13:37,
2f8cd7fa-a1de-40cd-9fd5-632aaabaa3ee,2026-03-14,msg_00009,U743849e63f8101ac616f8fd0ba84a167,8989849695fc9cd22b249ba2233934fe,imagemap,delivered,2026-03-14 11:42:55,
cff60bd7-56bc-4c11-b9db-d23ea6b60f3b,2026-03-25,msg_00079,U743849e63f8101ac616f8fd0ba84a167,Uf428831991f6e6956e5486baefff2227,text,delivered,2026-03-25 01:16:26,
fcf234fd-966b-4057-bed1-f943e37a68d9,2026-04-12,msg_00120,U227d1cd1a801c367de206ec4bbca7330,U6cae11cb0d3b82b54819b326170b13a0,text,opened,2026-04-12 21:26:17,
0fd87289-2e78-418d-9bfa-5449241f439f,2025-12-19,msg_00118,U4784fc8a8e1e4eb2435ad84e0ad052f2,Ub5677dd23cf4514639bf606be2f5191a,image,delivered,2025-12-19 23:48:25,
43732845-8f3d-454a-8d7c-b696d6248450,2026-02-05,msg_00107,U3bae1603803a839c0cb52f511d9cb8f6,Ua413d58942ef11e19b34560d324f9407,text,delivered,2026-02-05 14:16:12,
fd8a18e4-0b8f-4920-8a54-52483d0e2c46,2026-02-14,msg_00098,U743849e63f8101ac616f8fd0ba84a167,U05ce781942bb4998e626dfd5680c1a8c,imagemap,opened,2026-02-14 10:54:58,
f9fe94ed-44fa-4e9b-a28e-f691c27bcc2f,2026-03-13,msg_00001,U4784fc8a8e1e4eb2435ad84e0ad052f2,90aedbb30df6df3eadeac42a2ab3c9cb,image,opened,2026-03-13 00:56:58,
ab46c9a5-89d3-434a-9ade-10270acc841b,2026-02-08,msg_00051,U3bae1603803a839c0cb52f511d9cb8f6,U3824c941e702512326f2a4ffdcaa6401,image,opened,2026-02-08 00:29:52,
172aaaf7-d164-4db1-98a4-8d56c5dc8dbf,2026-03-14,msg_00009,U743849e63f8101ac616f8fd0ba84a167,Ub075af3cfce6ff945b46ef2cb0a43c9a,imagemap,opened,2026-03-14 07:23:22,
ffac54a9-b328-499d-9c29-e8d21c943599,2026-04-12,msg_00105,Ud4a92c8c8050eed40ef171cc2784d638,dc20d58565662dde28360e8539614b1d,flex,delivered,2026-04-12 18:39:39,
89a889c5-99f5-4cea-8b44-ad0fb21492f6,2026-02-25,msg_00008,Ub0341314a5534ea92b26fa8adc30543f,U9b3742aea6c75e1c765a9fcc21fcf136,image,delivered,2026-02-25 14:16:14,
2d28c47f-69e4-4d8b-bd5b-0cd6f2370e96,2025-12-18,msg_00114,Ub0341314a5534ea92b26fa8adc30543f,U4de4ca1b984a92da179985db41d56033,flex,opened,2025-12-18 18:36:15,
143098a7-4d81-408b-8c86-b7e1bf3dbd72,2026-02-14,msg_00042,U3bae1603803a839c0cb52f511d9cb8f6,U521120948ea9ee4be9ba085505b739f2,video,opened,2026-02-14 20:16:44,
87748278-620a-4467-95c5-7393aecff526,2026-04-10,msg_00101,U743849e63f8101ac616f8fd0ba84a167,U9982ba2137a8914219a69881936b72a7,imagemap,delivered,2026-04-10 20:53:08,
b94da1cc-4a13-463b-921f-44986da6a585,2026-03-11,msg_00067,U7e808d11d6f9901a954a542a7ee09918,Ufdaa1e61836a18efb8721e31002b1151,video,delivered,2026-03-11 18:48:41,
ecf6298b-97f3-47f7-84af-859160bb7e51,2026-02-20,msg_00036,U879eb903ad90cd9c2874f6df7651267a,Uc31f5d38b9eab774d6c96c83a64297da,video,clicked,2026-02-20 19:34:13,https://example-saas.jp/coupon/500off
c720ad11-8281-4e9c-9644-584978ef8f83,2026-03-22,msg_00119,U3bae1603803a839c0cb52f511d9cb8f6,Ue44aed157266b97aa48af62114d2ece1,imagemap,delivered,2026-03-22 15:09:12,
bd7cbfde-8a3b-4b6c-902f-65db0c5e29ba,2025-12-25,msg_00077,U743849e63f8101ac616f8fd0ba84a167,U2cfd95de5329b3d28560252bb7d99dc0,text,delivered,2025-12-25 09:35:23,
33566e0f-41ae-4007-a667-a3bba2a8648d,2026-01-26,msg_00005,Ub0341314a5534ea92b26fa8adc30543f,Ucd5f8f4d9e4b77c7b7288c7fc902b8dc,image,opened,2026-01-26 04:15:45,
54131d75-f238-4e0b-8dce-a675bb2dab71,2025-12-18,msg_00114,Ub0341314a5534ea92b26fa8adc30543f,4d5481a8072262395f5aff70c43b2314,flex,failed,2025-12-18 08:18:37,
c7d7acc1-ed3a-48be-9ab0-94a245c2712b,2026-03-27,msg_00096,U476acbdef8e9a16d24575e4f6d7b0f31,Ucb3582cfff6b8629268cae8b2947efeb,imagemap,delivered,2026-03-27 23:31:45,
8aef71d5-7daa-4541-b50b-0dacc7d660cc,2026-03-22,msg_00119,U3bae1603803a839c0cb52f511d9cb8f6,Ueaac90e5c5fcab8e6172a4a550086e21,imagemap,opened,2026-03-22 13:00:47,
262e4885-c6e1-4f8b-a0d9-307eb9be5cd7,2026-02-20,msg_00048,Ue7310890b01058478be93761a56d0aa0,U86c5bf48256f088cde942c6236675c48,flex,opened,2026-02-20 12:29:18,
536eacde-67e4-4fff-95dd-effe95fa61e7,2026-03-11,msg_00067,U7e808d11d6f9901a954a542a7ee09918,U9cf2a6ef55c746c3d86070f3ea5c4484,video,clicked,2026-03-11 17:30:07,https://example-saas.jp/lp/newmenu
384bd5fa-2dfd-471e-b466-738d4b75cb5e,2026-01-07,msg_00110,Ub0341314a5534ea92b26fa8adc30543f,U6abaf262c51eb6b19f2f698248d0bcf6,video,delivered,2026-01-07 05:28:29,
2bb403d1-fcdb-4bd0-9fa8-8f8291e422f7,2026-02-20,msg_00048,Ue7310890b01058478be93761a56d0aa0,U073b4e9e18bcefddf8b699a910ac1e36,flex,opened,2026-02-20 14:33:19,
5f0f1108-1156-4f9d-8963-f5345f2d2df2,2026-04-12,msg_00120,U227d1cd1a801c367de206ec4bbca7330,Ucb5e8b2d0ef0e81602a25b596e256296,text,delivered,2026-04-12 17:50:20,
441b6dbd-759b-48b2-9761-7f01bdb0c90a,2025-12-24,msg_00062,Ub0341314a5534ea92b26fa8adc30543f,Ud65e5da52ebe82b1039940dc65a14491,video,delivered,2025-12-24 19:12:02,
2d188015-20d5-4acb-95d1-3bc99d88022b,2025-12-24,msg_00091,U3bae1603803a839c0cb52f511d9cb8f6,Uc5c560b35d2f433fca0f5511f3905a12,imagemap,opened,2025-12-24 13:18:50,
2a54a113-6b60-4410-ad34-ecca71debca9,2025-12-18,msg_00114,Ub0341314a5534ea92b26fa8adc30543f,Udb6d0954fc905046fefd92a4ae20e769,flex,delivered,2025-12-18 03:20:20,
a935db30-020c-4187-af50-ef58ef9f3e3e,2025-12-19,msg_00064,Ub0341314a5534ea92b26fa8adc30543f,Uaf6a2132c97f98e839375188ee7c1390,image,opened,2025-12-19 10:32:48,
80c4f2a4-d9c8-4911-b6ca-1c365d09f56a,2026-03-11,msg_00067,U7e808d11d6f9901a954a542a7ee09918,Ud1744f36d13cb00fcc821a2ac9036292,video,delivered,2026-03-11 13:24:00,
b2833f1f-d747-4d15-8f52-ed70e703e23b,2026-03-20,msg_00057,Ub0341314a5534ea92b26fa8adc30543f,U58d6a554e764007313343b9dcd2f3362,video,opened,2026-03-20 05:34:04,
1e168bec-6e0e-45e2-8d63-1770999669f3,2025-12-12,msg_00004,Ub0341314a5534ea92b26fa8adc30543f,Udc0d14e276f204b7676c79e03de7c51b,video,delivered,2025-12-12 17:40:25,
cb80a646-5f45-4e79-bccb-3f89da5d7d77,2026-04-12,msg_00105,Ud4a92c8c8050eed40ef171cc2784d638,Ue17fc23ffb2c84e16c1c54be4f666385,flex,delivered,2026-04-12 16:11:21,
6f833227-79a2-4354-9f2b-86f1ab33b296,2026-02-10,msg_00058,Ue9a1e8a5b83a6b296d43c957a8cfba4a,U3c70683ee446a9d6f1afcf40e26578d4,video,delivered,2026-02-10 14:19:18,
a18c17af-95f6-4f53-961a-243dc47e8210,2025-12-25,msg_00077,U743849e63f8101ac616f8fd0ba84a167,Ua0c631de7e4393757edcac087999c122,text,delivered,2025-12-25 06:43:01,
be6f86c3-d2b0-4227-b2f0-4c37c35a8a8e,2026-03-11,msg_00067,U7e808d11d6f9901a954a542a7ee09918,Uf2fb0d9251430e1ef1fe39803d68a39d,video,delivered,2026-03-11 03:24:49,
c1a0e411-d8ee-41ca-8b4b-df4bed0e6861,2026-03-26,msg_00040,U3bae1603803a839c0cb52f511d9cb8f6,U65dc5e83f6f6086c3f34d65cc93995ab,imagemap,delivered,2026-03-26 21:23:20,
7a605cc7-1384-4c74-b0c0-afa71ac70c8c,2025-11-22,msg_00047,Ue7310890b01058478be93761a56d0aa0,Ua6990170a00eb5144ac5906fae359ad3,video,delivered,2025-11-22 11:36:24,
964bcbce-4aca-40b1-b598-25d081dcf1f3,2026-01-09,msg_00052,U743849e63f8101ac616f8fd0ba84a167,Uc49ef65807e1381f1a440b179a24402e,video,delivered,2026-01-09 23:42:06,
4ce610b7-4d30-4a45-bb7c-c9b4578e3a6b,2026-02-25,msg_00008,Ub0341314a5534ea92b26fa8adc30543f,Ued532fe95a43762c52f93932f08f1bbd,image,opened,2026-02-25 16:35:19,
b49bd746-d48c-4f79-ac2d-27b566baa21c,2026-03-20,msg_00106,U3bae1603803a839c0cb52f511d9cb8f6,5b682dec1622c148d7a409225cf79890,video,opened,2026-03-20 19:46:01,
ae48a70e-ac6e-4fb9-9ba4-1ec0a756f746,2025-12-02,msg_00088,U3bae1603803a839c0cb52f511d9cb8f6,U6cffaa6a5293b8be47ee9d4ad2d2271c,image,opened,2025-12-02 10:30:26,
30cb8769-ddcb-4285-a099-636c82cb877e,2026-01-26,msg_00063,Ub0341314a5534ea92b26fa8adc30543f,U37cdcdfdf002d513852cb6994562fa2c,imagemap,delivered,2026-01-26 04:54:20,
3b00e64e-eaa4-4dd6-9a0c-8c733ae8d9d9,2026-02-09,msg_00083,U3bae1603803a839c0cb52f511d9cb8f6,U2c11af3d1cf1b43d055be9d84bce1378,flex,opened,2026-02-09 17:48:07,
23c6aebf-d25e-4bcf-bb94-aaaf6ebbb735,2026-03-05,msg_00014,U3bae1603803a839c0cb52f511d9cb8f6,U989629ad7a308d467e839d09576d1470,flex,delivered,2026-03-05 20:55:55,
9cfab72c-ec57-464f-9845-de680b984cd0,2026-04-01,msg_00044,U3bae1603803a839c0cb52f511d9cb8f6,U2dd24a5ebfec3d22eb247dd933f0dd9e,video,deliverd,2026-04-01 08:22:17,
51f9d363-a4b4-48b2-84a0-7f8f0da9551e,2025-12-21,msg_00022,U3bae1603803a839c0cb52f511d9cb8f6,Ufdb6126e455d9f19b9349b4e4cc86be4,video,delivered,2025-12-21 01:09:14,
f8cc536e-5f12-4796-b628-97c708073be5,2025-11-30,msg_00025,Ub0341314a5534ea92b26fa8adc30543f,07eeafc723a602e399ba097454b08f69,imagemap,opened,2025-11-30 12:34:32,
9e88e339-60ca-4bc7-ade6-d0bd379c5f52,2025-12-25,msg_00077,U743849e63f8101ac616f8fd0ba84a167,fcd0f512ef7d8a423d8806a5834ef9d6,text,delivered,2025-12-25 21:05:47,
6f8f1d67-c337-43f0-b7a0-05273bfec6ec,2026-02-05,msg_00107,U3bae1603803a839c0cb52f511d9cb8f6,91e9a5d020506bd945ef712804362185,text,delivered,2026-02-05 15:03:32,
edf90259-08ef-4512-95b6-329ea2ec58ff,2025-11-19,msg_00019,U743849e63f8101ac616f8fd0ba84a167,U0ac62007043dfc50ca584c3e73a934ac,flex,delivered,2025-11-19 04:04:07,
de0fca89-52f9-4ca5-aea5-48965dec6321,2026-02-28,msg_00117,U743849e63f8101ac616f8fd0ba84a167,U8ba7fbe3b48d2dfa93a12f82eb7dfee6,video,delivered,2026-02-28 08:48:56,
33bdd7fd-5037-4977-9988-1e40dd46e2c2,2025-11-22,msg_00047,Ue7310890b01058478be93761a56d0aa0,U0feb651a66a04288404344dc7b2b150f,video,delivered,2025-11-22 11:39:59,
0b0c8f93-b45e-4157-9671-7fbbec2803a7,2025-11-26,msg_00028,U3bae1603803a839c0cb52f511d9cb8f6,Uba4b3167ff11241f2d24593562349643,image,opened,2025-11-26 17:43:48,
da4f487d-969a-47f9-b5f7-703c5a6a6fde,2026-02-05,msg_00107,U3bae1603803a839c0cb52f511d9cb8f6,Ubb665120f72363b53d3cab21227cdf20,text,opened,2026-02-05 07:11:51,
053cb2af-54c5-45e7-aa78-f240eee0cf5e,2025-11-23,msg_00053,U743849e63f8101ac616f8fd0ba84a167,Ue050a58db6def24fc0192ec6fa1f9340,video,delivered,2025-11-23 02:41:14,
f5d8ece9-122c-4f5d-93d6-f6e31a9c0255,2026-03-05,msg_00014,U3bae1603803a839c0cb52f511d9cb8f6,Uffb1ce9f1b6c048202d7fe38c0184f0b,flex,delivered,2026-03-05 12:11:38,
4cd4bcfb-7a06-40f1-8d19-e95be7cef498,2025-12-19,msg_00064,Ub0341314a5534ea92b26fa8adc30543f,U12ef4ea9f123f452017b411dfc660788,image,opened,2025-12-19 08:33:22,
3fad88e5-4408-48ec-b624-83be73208c55,2025-11-23,msg_00053,U743849e63f8101ac616f8fd0ba84a167,Ubd3f14203927c48156885bc16de19e70,video,opened,2025-11-23 04:28:32,
efb8343b-f3be-422d-b89c-8a1d12f3abf7,2025-11-16,msg_00011,U837b70463a585f85743b5bfb3b49c9fd,U4459f4e589ad7b801139604677940d65,flex,delivered,2025-11-16 04:44:00,
17abdde7-6909-41db-9317-cce8c550329b,2026-02-08,msg_00051,U3bae1603803a839c0cb52f511d9cb8f6,d0e89b3c83818d9a51fcc929f1f21cb5,image,delivered,2026-02-08 20:47:47,
ab684537-63bb-4db6-9431-6e93dd9ec946,2026-03-21,msg_00023,U743849e63f8101ac616f8fd0ba84a167,U7dc6f9a21e1ae8ce61b1c596c0f95d1a,imagemap,opened,2026-03-21 09:06:29,
92304bed-5c80-4c43-a9ad-09a554e23bb4,2025-11-16,msg_00020,U3bae1603803a839c0cb52f511d9cb8f6,87eef4b2db2113ef407722a29dd014fa,text,clicked,2025-11-17 01:16:31,https://example-saas.jp/survey
6914b8e6-bfd1-4fa4-9a7d-38a46dff6acb,2026-04-10,msg_00101,U743849e63f8101ac616f8fd0ba84a167,U17d68609c1fe29675f3b81765e4bc25c,imagemap,opened,2026-04-10 20:05:21,
e686589f-41ff-4caa-8fa1-115631bd2c86,2025-11-23,msg_00053,U743849e63f8101ac616f8fd0ba84a167,U38f43847e9ebea08312d30c838bbfb65,video,delivered,2025-11-23 21:47:50,
8223754d-66c8-4a93-9919-dd14ab6cf519,2025-12-24,msg_00091,U3bae1603803a839c0cb52f511d9cb8f6,28d7d86101e896a9a070d31f1485ca5a,imagemap,delivered,2025-12-24 22:32:40,
00ae76ca-c2cd-4e9d-8052-ade54102b632,2026-03-25,msg_00079,U743849e63f8101ac616f8fd0ba84a167,Uc08456454b6ecaf37f38b5e6336db1c5,text,delivered,2026-03-25 18:20:10,
99aa0790-478c-4f69-8f15-1bcb3850b303,2026-03-12,msg_00084,U68d2301028fb66b51d9111f1af067e34,Uaf1988951a75412517679ad63104df0e,video,delivered,2026-03-12 23:43:27,
d801aae1-734a-4a43-b50f-c9d9e1d071ad,2026-03-29,msg_00097,Ub0341314a5534ea92b26fa8adc30543f,U0f70735f33b3a7fa5f542e02bdc3a057,text,delivered,2026-03-29 04:16:29,
90781aa2-7904-4751-b988-3d1aa51cb6fe,2026-04-10,msg_00101,U743849e63f8101ac616f8fd0ba84a167,9084d38f6dbb256d8cca6cc41d6fe57a,imagemap,opened,2026-04-10 03:53:32,
314ac135-267e-4b6d-a776-abe058533497,2026-02-15,msg_00087,U3bae1603803a839c0cb52f511d9cb8f6,U1eefd07633dcce3d5f08a4c0e2f0d65b,imagemap,opened,2026-02-15 21:27:46,
44b6c4a0-b9c2-44c1-8482-b5004a325429,2026-02-15,msg_00089,U3bae1603803a839c0cb52f511d9cb8f6,907d7c61cbd7f6a48f61c69725ac562f,text,opened,2026-02-15 03:45:00,
e9065969-1d0a-4eab-be1d-e23061830980,2026-03-30,msg_00076,U743849e63f8101ac616f8fd0ba84a167,Ucc600f54765e161ffe484b32b15ca4e9,image,clicked,2026-03-30 04:04:37,https://example-saas.jp/lp/newmenu
bb440511-39c2-4271-88de-479859cfbe9b,2025-12-23,msg_00109,Ue7310890b01058478be93761a56d0aa0,Ucf561d8efb1fd67020c744833acbfb3e,text,delivered,2025-12-23 14:01:55,
f6ccf01a-6081-4b74-8bfa-cef0059b39ae,2025-11-23,msg_00024,Ue8d9224ecde331ce692edfce0b5ecdc4,Uda9ed7b31c5de9362f171db864d5d50d,text,opened,2025-11-23 04:55:18,
371935e8-74e5-4358-ae5c-75cac25bacc0,2026-01-14,msg_00081,Ue7310890b01058478be93761a56d0aa0,U908a7f857aa23f425d4d2ebb8b07bdbf,video,delivered,2026-01-14 19:28:34,
cd978aa7-de2f-4ca2-87d7-e67a8cc41037,2026-01-26,msg_00103,U3bae1603803a839c0cb52f511d9cb8f6,U2524ce51706b982587766a62a41268fe,flex,delivered,2026-01-26 05:48:11,
0dc6a229-8b13-4b55-a52d-158c4f6e5593,2026-03-25,msg_00079,U743849e63f8101ac616f8fd0ba84a167,Ubab26e700878ae163e22ff48b7097365,text,delivered,2026-03-25 05:43:26,
177b874f-1e6c-478c-a674-9d3e04385c32,2026-01-05,msg_00119,Ub0341314a5534ea92b26fa8adc30543f,U179f986ea432e995fdc7f68deb89a7f3,flex,CLICK,2026-01-05 11:51:24,
139d5895-c1fe-40b6-89a1-b1ca127624a3,2025-12-12,msg_00004,Ub0341314a5534ea92b26fa8adc30543f,Uebd671d4ea5b7081773aed898b032752,video,delivered,2025-12-12 23:31:49,
bd459fe5-372a-48c6-ac4d-1b0eca88b6b4,2025-12-19,msg_00064,Ub0341314a5534ea92b26fa8adc30543f,Uac084a2ae6dfda250d7a3bff8a077de8,image,delivered,2025-12-19 21:20:49,
a2dba084-9727-42dc-b183-2d9f9b2e608f,2026-04-01,msg_00072,U4784fc8a8e1e4eb2435ad84e0ad052f2,U39986ca72965b8568d29a6b41005b5be,image,delivered,2026-04-01 00:33:26,
a9484e6a-288b-4e21-b980-a5b53841afde,2025-12-08,msg_00015,Ub0341314a5534ea92b26fa8adc30543f,Uf0ee47d34042131f42ee3e643e070045,text,delivered,2025-12-08 00:37:29,
9be76671-f345-42a6-8184-626ef02deabe,2026-03-31,msg_00046,U4784fc8a8e1e4eb2435ad84e0ad052f2,Uc27f731ea80585c45264cb8ae8044dde,flex,delivered,2026-03-31 07:39:33,
3b581ec1-421b-4f34-81c7-bd948d3538dd,2025-12-12,msg_00004,Ub0341314a5534ea92b26fa8adc30543f,U2d13c3dc54f24fdb25dfe1e08adfdd39,video,opened,2025-12-12 02:57:51,
958978a9-eb6f-40f5-8c8b-0027811c170f,2026-03-20,msg_00057,Ub0341314a5534ea92b26fa8adc30543f,0599be9378a96377e12aff119c372381,video,opened,2026-03-20 04:21:32,
6e85bea8-69ed-4b80-93c2-2c0e30d64ca1,2025-12-24,msg_00091,U3bae1603803a839c0cb52f511d9cb8f6,Ufe7c2a6a6fa61a829153067d291e0df8,imagemap,delivered,2025-12-24 15:55:25,
a445e5ee-b5e3-45dc-92f3-23d6d564f715,2026-04-08,msg_00041,Ue7310890b01058478be93761a56d0aa0,Uf58db19bf479a6afdd40064681f83d72,text,delivered,2026-04-08 15:10:06,
bbbcfaa3-aae5-453e-bff0-6c922da58e30,2026-02-16,msg_00021,U743849e63f8101ac616f8fd0ba84a167,Ub4fbb5a128d0c7b8748b78c8305d2d91,flex,delivered,2026-02-16 21:04:28,
77e3a89f-6ccb-4f40-a921-e77afd0b1fbe,2026-01-29,msg_00031,U3bae1603803a839c0cb52f511d9cb8f6,2d22d284924d31c1e5fbd5ba8fcaac72,video,delivered,2026-01-27 00:08:06,
9cd70582-d387-4c78-9ca6-da814325ca4a,2026-02-24,msg_00039,U743849e63f8101ac616f8fd0ba84a167,Uae1c597e839086c42793a7c41decb8df,flex,delivered,2026-02-24 19:23:03,
29d2612a-ca32-4d58-9d7a-a43d201ec7ac,2026-02-15,msg_00087,U3bae1603803a839c0cb52f511d9cb8f6,Uce62d61120253b15128a3d6d7f97a9e8,imagemap,delivered,2026-02-15 14:15:55,
c0c1834d-aa9d-43bd-ad78-7f9c4a74c63d,2026-03-16,msg_00002,U3bae1603803a839c0cb52f511d9cb8f6,Ua4e77c680a3061ba119591e55d944da7,text,opened,2026-03-17 00:43:52,
e99bf7b2-e379-475f-9a46-50e79582ca94,2026-01-09,msg_00052,U743849e63f8101ac616f8fd0ba84a167,U3562c90f2d189390de663e084a54b163,video,delivered,2026-01-09 05:18:03,
3b647bd3-ccf1-47a3-ba5b-626ab726e250,2026-02-08,msg_00051,U3bae1603803a839c0cb52f511d9cb8f6,Ud89dcb2a291f241dfa0fcc53638eb8e1,image,delivered,2026-02-08 12:58:59,
40d6f51e-d762-4d1d-bcc6-130a508a158b,2025-12-23,msg_00061,Ub0341314a5534ea92b26fa8adc30543f,Uf59101db6351bd0c679428934ceb090e,imagemap,delivered,2025-12-23 06:00:07,
91d74452-bc0c-4799-9b9c-b2ad4a6d1a29,2026-03-16,msg_00002,U3bae1603803a839c0cb52f511d9cb8f6,a6f46d7ccbf2e0189ac045613a0e0934,text,delivered,2026-03-16 10:09:30,
88b65082-1209-4375-996a-c4c927899d29,2025-12-09,msg_00059,U3bae1603803a839c0cb52f511d9cb8f6,U04e9d8451db0e0333a4a8a09591fdeb2,imagemap,delivered,2025-12-09 11:00:49,
d25b81b3-87f5-4d05-b492-d52f68ccb696,2026-02-16,msg_00021,U743849e63f8101ac616f8fd0ba84a167,U64c6ca20848d69a2a7aed77452907034,flex,opened,2026-02-16 23:41:15,
5a95cf3b-c5e4-4f14-a9ae-265f875056a4,2026-01-24,msg_00113,Ub0341314a5534ea92b26fa8adc30543f,U4170c8eb6b9a02dd974fddd7277b0636,text,delivered,2026-01-24 02:36:40,
3bb72307-922e-4f03-98b3-7aea76c6140c,2025-11-17,msg_00099,U3bae1603803a839c0cb52f511d9cb8f6,U27f43646e89f981026a93d74c642dde6,text,delivered,2025-11-17 04:17:10,
d46def35-4a2a-41ea-ba22-9dcdcdbb64ab,2026-02-20,msg_00095,Ub0341314a5534ea92b26fa8adc30543f,U49177f454c1d0c84a88511dc4a64d45f,text,delivered,2026-02-20 10:39:16,
8c3fb151-0beb-4798-a3d1-717746e8b6e1,2026-03-23,msg_00071,U3bae1603803a839c0cb52f511d9cb8f6,Uff999f617a9836af34eb08b66573d763,imagemap,opened,2026-03-23 01:26:40,
decba59f-8b03-4473-adff-748273c44ddc,2026-04-04,msg_00049,U476acbdef8e9a16d24575e4f6d7b0f31,Uf3d3f83a2addd301b0fe8680ea8f814c,text,opened,2026-04-04 23:42:02,
960c92b6-d7dd-4f6f-af7b-f24124781aec,2026-03-15,msg_00054,Ub0341314a5534ea92b26fa8adc30543f,Uf641e0cb8dfb9404e8008a27600ed1fa,image,delivered,2026-03-15 09:01:29,https://example-saas.jp/coupon/500off
87eec3f6-163d-420b-9907-bfc538a2712d,2026-01-13,msg_00060,U3bae1603803a839c0cb52f511d9cb8f6,U87b5dfd7e72784b321666407b45be94c,image,clicked,2026-01-13 10:55:36,
fb9e789a-35c0-4ce5-b8df-4d43ff8d3a21,2026-03-22,msg_00119,U3bae1603803a839c0cb52f511d9cb8f6,Ud6d3558bae5aa8ad6b25402f0fd8b2d6,imagemap,delivered,2026-03-22 01:51:19,
4d7a9e3f-8568-4295-8dea-9214811195d3,2026-03-23,msg_00073,Ud4a92c8c8050eed40ef171cc2784d638,U63c83cc28d313b0b79da1584830c1fa2,imagemap,opened,2026-03-23 13:58:28,
36ef3f30-60b4-4afd-9621-bab0cf9d08cb,2025-12-24,msg_00062,Ub0341314a5534ea92b26fa8adc30543f,U8b3efdb79b655b2fccf3ebe2cb60263e,video,delivered,2025-12-24 14:42:25,
7dd8a9b5-40a1-4a34-8d5e-585c96de8f96,2025-11-23,msg_00053,U743849e63f8101ac616f8fd0ba84a167,U7f172a63b257ba10a83bdf3269736a4c,video,delivered,2025-11-23 16:25:00,
eab10ec7-b5cd-49a3-8186-a85db2070bca,2025-12-25,msg_00077,U743849e63f8101ac616f8fd0ba84a167,U3bf51c71abcc57ad674bd282dc771925,text,opened,2025-12-25 21:39:43,
3943a126-c3e9-4ef7-9572-b7d9fb2869c3,2026-01-24,msg_00113,Ub0341314a5534ea92b26fa8adc30543f,Ub6cde81bb139dd0bc817773f67ca3b5e,text,delivered,2026-01-24 11:32:38,
1868c023-e7c3-49ef-b93f-5111cfff534c,2026-03-11,msg_00067,U7e808d11d6f9901a954a542a7ee09918,e48c86a59ed075e6c22c7261c7d350ab,video,opened,2026-03-11 07:28:23,
5c358781-db36-41f8-afb5-8b4a95a6cb4d,2025-12-03,msg_00012,U743849e63f8101ac616f8fd0ba84a167,U12072c08ec4913727aae8bab13e9cfb3,imagemap,opened,2025-12-03 12:18:29,
05c84fd1-0a44-47b3-97dd-5119a6f0525c,2026-02-07,msg_00090,U4784fc8a8e1e4eb2435ad84e0ad052f2,U122bd90bb4d2538cf76ac574670fc6fd,imagemap,delivered,2026-02-07 08:08:59,
a7b4e403-1e01-4045-aa4d-7a5778143426,2025-12-09,msg_00094,U227d1cd1a801c367de206ec4bbca7330,U9079f9f7383951cc159399047c3f3767,flex,delivered,2025-12-09 14:13:27,
f940656d-bda5-4a26-87da-afd2a4884a4b,2026-03-23,msg_00116,Ud4a92c8c8050eed40ef171cc2784d638,U556d0fa042d9f40acb2174d958ebf19d,text,delivered,2026-03-23 17:36:39,
bb8076bf-5b6d-4837-856b-2122f22798e3,2026-01-20,msg_00108,Ub0341314a5534ea92b26fa8adc30543f,Uf88fa10d136188e3b0999868295b0b08,flex,clicked,2026-01-20 12:26:18,https://example-saas.jp/survey
9f2c5998-3032-466d-b445-e9d698573b1f,2025-12-07,msg_00003,U227d1cd1a801c367de206ec4bbca7330,Ud782c2733625c8d28fec2971e532615c,image,clicked,2025-12-07 05:42:15,https://example-saas.jp/survey
2e4f1a99-6c1b-4e45-b99c-b02c151e1675,2025-11-25,msg_00043,U3e5dd3a641c58ad50e49f095c6f1e306,Ucd561c1724d4f970bea82097eae19e3d,flex,delivered,2025-11-25 06:23:18,
73c9c967-5647-466e-b784-62aefdcd1465,2026-02-01,msg_00075,Ub0341314a5534ea92b26fa8adc30543f,U98c5c502ac25843dbccdc0b378603035,imagemap,opened,2026-02-01 07:41:00,
d1c59232-9ec3-4315-a7b5-f8daa21bf0c1,2025-12-03,msg_00012,U743849e63f8101ac616f8fd0ba84a167,Ub6352d076cd5cb61d4112137dac2cc92,imagemap,clicked,2025-12-03 06:47:29,https://example-saas.jp/campaign/spring
d002eca9-70bb-4be1-b21b-685f6fe1a61e,2026-04-12,msg_00105,Ud4a92c8c8050eed40ef171cc2784d638,Ub3bb8bf3494cdd7f94bd3626f6ecef64,flex,delivered,2026-04-12 11:16:24,
5aafc3e1-60fe-4d4f-a54e-4417621d1ef3,2026-04-04,msg_00049,U476acbdef8e9a16d24575e4f6d7b0f31,U359a74ffc05b9ae98328e1c1eb0ca359,text,delivered,2026-04-04 23:52:01,
aaec6281-755c-423c-b31b-bde62c9b6c2a,2026-03-31,msg_00046,U4784fc8a8e1e4eb2435ad84e0ad052f2,b0b69e39a3a9bda46ab3a7e650825683,flex,opened,2026-03-31 01:18:12,
3a234158-ea9e-45b8-9d31-97016611c773,2026-03-04,msg_00056,U1ca413826b7044d134c9c3132420c9de,U697b6fe9a77e3e8abc28dacb0b82c225,text,clicked,2026-03-04 15:48:31,https://example-saas.jp/coupon/500off
62235a5b-38fd-4e5d-8a5e-33cc3e95f519,2026-03-21,msg_00023,U743849e63f8101ac616f8fd0ba84a167,U76c4a6fc1e92171559a5cc78770f9e01,imagemap,clicked,2026-03-21 18:50:27,https://example-saas.jp/lp/newmenu
bc48e636-c1cc-41f7-8529-d4143d8dc129,2025-12-25,msg_00077,U743849e63f8101ac616f8fd0ba84a167,Uc593a601f48ee201bd09dd7cefd716ae,text,opened,2025-12-25 00:28:08,
7882ce7c-e4c6-4674-8410-54bea261205c,2026-04-12,msg_00120,U227d1cd1a801c367de206ec4bbca7330,6434842757a935523957f392046e5ca5,text,delivered,2026-04-12 06:17:32,
7e412e06-6a4c-4c89-b79f-e0ff61636958,2025-11-23,msg_00024,Ue8d9224ecde331ce692edfce0b5ecdc4,U8971a14eb1bf6d69e500286a2ca1c984,text,delivered,2025-11-23 20:20:00,
ebc5c738-4b5e-4b92-91b9-63493c847f27,2026-03-04,msg_00056,U1ca413826b7044d134c9c3132420c9de,a4f9d1b2994a751beb50a99d81e31c19,text,delivered,2026-03-04 09:30:46,
26518817-c8e4-415d-86b7-81150e5781ee,2025-11-17,msg_00099,U3bae1603803a839c0cb52f511d9cb8f6,U090385f76c2d840f0205e4023e14a1f2,text,delivered,2025-11-17 08:38:30,
8b9080c0-7e7f-4156-ac7d-8fa5f9c2ec58,2026-02-20,msg_00095,Ub0341314a5534ea92b26fa8adc30543f,U455a47fb3d1c9f9d807b419cee50480d,text,delivered,2026-02-20 16:38:02,
4044cd20-1b38-4a64-a34d-fee2d4a32d6c,2026-03-21,msg_00023,U743849e63f8101ac616f8fd0ba84a167,U310ed15b0c27e9e9ea1551755150182e,imagemap,opened,2026-03-21 21:43:03,
cf28c054-c136-47f8-88b1-b0d5ba985084,2026-03-11,msg_00067,U7e808d11d6f9901a954a542a7ee09918,Uc6a65572ddb78d76007b3bf4ef56f8be,video,delivered,2026-03-11 18:28:35,
9a191f90-2f89-4a51-913b-b8615596cfed,2025-11-22,msg_00047,Ue7310890b01058478be93761a56d0aa0,U936cfd9bec7b7d449939cc4c5a31a244,video,opened,2025-11-22 17:47:29,
94c632fe-5966-460a-be84-693c190ceaf9,2026-02-14,msg_00098,U743849e63f8101ac616f8fd0ba84a167,U97f698a2bf281deb0e0e397ac281e8b7,imagemap,delivered,2026-02-14 17:13:53,
1b734566-35ee-498a-9f15-ca118673c49f,2026-02-19,msg_00016,U837b70463a585f85743b5bfb3b49c9fd,Ua912fefdd1c4121e61fb5e621a27b06b,flex,opened,2026-02-19 13:57:02,
b1c0e012-1c8d-4486-bde5-d108ef56cd1c,2026-01-10,msg_00044,U30ad60bba5da9837ca5dd0230ca8f531,Ua7861d1574d928c625550310e6c97e1c,video,delivered,2026-01-10 17:35:19,
e22da2eb-f430-48d6-8abf-47417d157119,2025-12-19,msg_00118,U4784fc8a8e1e4eb2435ad84e0ad052f2,U14e3c26c866d76d0b22938c8dd30b86b,image,opened,2025-12-19 16:41:55,
14279e74-cea2-4aef-bbd0-e9ec6dbd0a76,2025-12-19,msg_00118,U4784fc8a8e1e4eb2435ad84e0ad052f2,U668a3d135843ae2b1bee0b2b61e1a981,image,delivered,2025-12-19 03:49:11,
5b28aed5-d110-40ea-aa2f-80e1c5de5f70,2025-12-24,msg_00062,Ub0341314a5534ea92b26fa8adc30543f,Ub14f31c99d87b3ddd4c048240626e7ce,video,delivered,2025-12-24 22:43:21,
5d164c76-c4a7-481b-bd20-bdb233d16331,2026-01-07,msg_00110,Ub0341314a5534ea92b26fa8adc30543f,Uf834c9818e53b6cec4390875e3fc4b51,video,delivered,2026-01-07 14:53:05,
d7b36c50-6d67-4239-a8b2-ba628db9258e,2025-11-30,msg_00025,Ub0341314a5534ea92b26fa8adc30543f,U16965711a2b478708c87c5e111ff696c,imagemap,delivered,2025-11-30 07:42:28,
90638ee3-1ae6-4c09-9942-575ed6a6b04c,2026-03-03,msg_00014,U4784fc8a8e1e4eb2435ad84e0ad052f2,U1b7030e8a95f19af92e04eb6a07b97f1,imagemap,unsubscribe,2026-03-03 05:49:42,
9489f173-870b-412d-973f-43f986983c8a,2026-03-21,msg_00023,U743849e63f8101ac616f8fd0ba84a167,U91e7b647929086023985b40fcaa06cbc,imagemap,delivered,2026-03-21 20:22:32,
e9ebafa1-36f4-418c-aee6-83acc04026ce,2026-02-09,msg_00083,U3bae1603803a839c0cb52f511d9cb8f6,ef46080ec7caf0772c6c4bc6de666471,flex,delivered,2026-02-09 11:36:07,
5acd47db-765e-45fe-bb12-bf9c34573291,2026-01-31,msg_00035,U7e808d11d6f9901a954a542a7ee09918,U90d75ebc5b0767a5c7e7765497539562,text,delivered,2026-01-31 00:38:27,
d08d9dc2-4b37-4e9f-8c57-73b2969dd98b,2025-12-18,msg_00070,Ue9a1e8a5b83a6b296d43c957a8cfba4a,U6103cb93b7e15cedf861cc84d3e16769,imagemap,delivered,2025-12-18 04:00:59,
9d86332c-09a9-4fff-8341-176b4314bc93,2026-02-20,msg_00048,Ue7310890b01058478be93761a56d0aa0,U968612a36bc20d3005a08d38232c6064,flex,delivered,2026-02-18 16:11:27,
b80a5c99-9529-44af-b149-fb313c65ff0c,2026-03-20,msg_00057,Ub0341314a5534ea92b26fa8adc30543f,U2f487dabc5fe6dda6f76203cbdd03791,video,delivered,2026-03-20 03:40:26,
e2deae2e-2962-48d1-b0da-be87364edc48,2026-02-25,msg_00008,Ub0341314a5534ea92b26fa8adc30543f,U708ec9272d210ecf6117a50632e40624,image,delivered,2026-02-25 10:40:31,
e18d32a6-fe2d-49e0-88bd-aabf78f98290,2026-02-15,msg_00087,U3bae1603803a839c0cb52f511d9cb8f6,Ub556c817ef84872f0db69c25071fb787,imagemap,opened,2026-02-15 08:40:38,
95d6d79e-60a0-48c8-8dc4-ae11da08728f,2026-01-18,msg_00102,U227d1cd1a801c367de206ec4bbca7330,Uf293050e006b88d24d64acbc37f0c215,video,blocked,2026-01-18 08:26:20,
1868a938-d907-4d96-ab10-ba5cb9c60d00,2026-03-06,msg_00055,U3bae1603803a839c0cb52f511d9cb8f6,U2d3d5f8dd51975ec36a631c1bde4e456,flex,delivered,2026-03-06 18:35:09,
70535ed1-a65e-4da5-a780-bba1cc70de26,2025-11-27,msg_00116,U3bae1603803a839c0cb52f511d9cb8f6,Uf4ad9fe77e276942a0079532ea9a7edf,image,,2025-11-27 23:24:09,
50939955-fa80-42d2-84dd-f950f002a518,2026-04-12,msg_00120,U227d1cd1a801c367de206ec4bbca7330,U8232265ec36f14404df838cf643cb810,text,opened,2026-04-12 11:49:11,
369437fe-fd53-4514-81e6-838af0db7f6f,2026-03-30,msg_00076,U743849e63f8101ac616f8fd0ba84a167,Ua61f7d191c636bc7ba64afddd18991e1,image,opened,2026-03-30 22:30:00,
0134ddfd-e9d0-462e-86c5-94b83770c185,2025-12-03,msg_00012,U743849e63f8101ac616f8fd0ba84a167,Ube522b68c7e68e0a41998255b1035a29,imagemap,opened,2025-12-03 17:47:30,
eadf0760-1059-4780-b5b1-47bcdd46a61b,2026-01-07,msg_00110,Ub0341314a5534ea92b26fa8adc30543f,U959563334cc2d6ddbc150ad47ae157b2,video,delivered,2026-01-07 19:09:59,
ea2ec7bc-bf69-477e-a0e5-fcf29daf7e69,2025-11-16,msg_00020,U3bae1603803a839c0cb52f511d9cb8f6,Ued8ec79d3c9cf30371a5780643ec6cd0,text,delivered,2025-11-16 04:02:46,
6250fb68-6387-4119-8093-20f0d78c588a,2025-11-27,msg_00018,U3e5dd3a641c58ad50e49f095c6f1e306,Udc1d6448a474a837ea3de024fafabc88,imagemap,opened,2025-11-27 06:23:58,
402cc02a-1592-4a00-b4fc-0e29eca8c796,2025-12-03,msg_00012,U743849e63f8101ac616f8fd0ba84a167,Ube522b68c7e68e0a41998255b1035a29,imagemap,delivered,2025-12-03 16:30:50,
8cb4bef5-1f90-44dc-bfab-2fafb2bd2033,2026-02-14,msg_00098,U743849e63f8101ac616f8fd0ba84a167,U20c349b1dd0a99366298c62e7ca1509a,imagemap,delivered,2026-02-14 19:18:40,
eceb6d4b-ccac-4e35-9c4c-7836b8d432be,2026-03-18,msg_00080,U22a93bc29b1df104af6b1ba1cd91fc56,Ua57a16fa2feace6781c51efa2acd8c26,flex,delivered,2026-03-18 17:28:23,
07ad6470-bf02-4f56-b261-838784329482,2026-02-20,msg_00017,U22a93bc29b1df104af6b1ba1cd91fc56,Uee4fddeac3bf930992a3e36322f15ca6,video,clicked,2026-02-20 22:20:56,https://example-saas.jp/coupon/500off
dab0154b-64eb-4ff2-b1a4-aa3160d06227,2026-01-24,msg_00007,Ub0341314a5534ea92b26fa8adc30543f,U0979538ee34be62fab2b07bb6aa9cf23,imagemap,opened,2026-01-24 08:35:44,
eb191e2d-b2d1-42b4-9446-0393f4d79503,2026-03-21,msg_00023,U743849e63f8101ac616f8fd0ba84a167,112ff04baf654630ac6f99619d3f2991,imagemap,delivered,2026-03-21 15:38:44,
be619902-5e9e-4de2-b045-41fb851f2805,2026-03-27,msg_00096,U476acbdef8e9a16d24575e4f6d7b0f31,U8be43e665e213287dc8e73a28dd010ac,imagemap,delivered,2026-03-27 09:07:13,
dacd2694-2f52-4a0a-8e6c-7465d67d64b8,2026-02-09,msg_00083,U3bae1603803a839c0cb52f511d9cb8f6,U6c4cf679604e81d73a3e2b8ea30d16db,flex,opened,2026-02-09 08:39:51,
94a13233-d357-4cf9-a07d-fa32f931ea32,2026-04-04,msg_00049,U476acbdef8e9a16d24575e4f6d7b0f31,Ubd6aba06565b87a818a02142e0670eb6,text,opened,2026-04-04 19:02:00,
e6c1616c-eceb-4ce6-8db0-71f8bf9cacfa,2026-01-26,msg_00005,Ub0341314a5534ea92b26fa8adc30543f,Uabaa10edcc746a850fdfadd1f197a78c,image,delivered,2026-01-26 17:00:59,
a25f39b0-da9a-4a4f-828f-14c7c9d56dfb,2026-03-23,msg_00116,Ud4a92c8c8050eed40ef171cc2784d638,Ucb14fd746b0a698ba1ca3393b2a014b7,text,delivered,2026-03-23 09:45:42,
4787b6c7-5699-4fc6-aafe-99ff0e3a45fa,2025-12-23,msg_00109,Ue7310890b01058478be93761a56d0aa0,U1aa740c6c8fc4a37b041852a75d5445f,text,delivered,2025-12-23 16:02:16,
8960a1f5-8b0c-483a-b0b4-b1ca05e38061,2026-03-06,msg_00055,U3bae1603803a839c0cb52f511d9cb8f6,U9dd48484360ed8621661d4564a1e223b,flex,opened,2026-03-06 05:05:23,
691c7ece-38e1-4500-b7fc-89032428c247,2026-02-14,msg_00098,U743849e63f8101ac616f8fd0ba84a167,U72465bbd5b3e2738eb417b7f62da1007,imagemap,delivered,2026-02-14 05:29:47,
bc4accca-1838-4140-b421-701c654a5acf,2026-01-24,msg_00007,Ub0341314a5534ea92b26fa8adc30543f,Udde71d0ebae68b93196db74adcabb593,imagemap,delivered,2026-01-24 16:11:00,
c81f3c7e-696a-4948-b33c-ac56aea24c2d,2026-03-22,msg_00119,U3bae1603803a839c0cb52f511d9cb8f6,Ua5d9d741a85f720ab9f173b4017b3d75,imagemap,delivered,2026-03-22 15:35:26,
4496f9cc-89de-487e-b593-549fdde912d5,2026-01-30,msg_00053,U3bae1603803a839c0cb52f511d9cb8f6,Ub07def8b905ea488f6ea4768355809bb,video,open,2026-01-30 08:44:29,https://example-saas.jp/lp/newmenu
488a040a-fcf7-433d-9d1b-0841bd85ed58,2026-02-15,msg_00006,U743849e63f8101ac616f8fd0ba84a167,U3a45548473338a11ec6b6bb5d0dec858,flex,delivered,2026-02-15 11:03:31,
f7475ffa-0d25-4330-9ea7-232959201634,2026-01-24,msg_00066,U3bae1603803a839c0cb52f511d9cb8f6,409493e4a40ad89f76b8a16a1a8def55,image,delivered,2026-01-24 01:14:04,
d6844759-9f0f-40cc-8f2b-0dbb097c6d2d,2026-01-24,msg_00113,Ub0341314a5534ea92b26fa8adc30543f,U854332c41ca180b9bf09f343add891fc,text,opened,2026-01-24 16:01:19,
66728dc7-f2c5-48ae-8878-ac2a1b1f6b08,2026-03-23,msg_00116,Ud4a92c8c8050eed40ef171cc2784d638,Ue87dfd5d96fb3ad82ccd172b401f6dc6,text,delivered,2026-03-23 20:07:37,
2f4de1fd-9f1c-41d9-be3a-9f531a9fce4a,2026-01-26,msg_00086,U4784fc8a8e1e4eb2435ad84e0ad052f2,Uca3220d8cc8ef60b25bebd4c8213857d,text,delivered,2026-01-26 14:01:34,
dda578e9-631a-4dd7-a928-43248d66bb24,2026-01-26,msg_00086,U4784fc8a8e1e4eb2435ad84e0ad052f2,U5db1d6dc6c3962fbbf1f6e4958f47270,text,opened,2026-01-26 06:28:11,
2e19f700-8719-4425-a488-2f67ab21de13,2026-03-30,msg_00076,U743849e63f8101ac616f8fd0ba84a167,Ub928bdc0246b22aca0a2db17c6ab9a41,image,clicked,2026-03-30 05:57:01,https://example-saas.jp/campaign/spring
7e683fcf-aca0-4f02-9bd6-daf9a6ac030b,2026-02-05,msg_00107,U3bae1603803a839c0cb52f511d9cb8f6,U8e99043892ee7edf55af60073d8b2e32,text,delivered,2026-02-05 12:25:31,
bcb8022e-27cd-4034-b7fa-8accb8ba551b,2026-01-18,msg_00102,U227d1cd1a801c367de206ec4bbca7330,Uce30f729faa00ec4f7bc053c1f8a3258,video,delivered,2026-01-18 05:39:00,
87937804-6fca-4b7b-bdc3-dd87a970c3bc,2026-03-06,msg_00068,Ub0341314a5534ea92b26fa8adc30543f,U27ec737567cf47c779bec877507c320a,video,opened,2026-03-06 14:57:53,
a5277c7f-ccd7-44a1-9198-2a642560adcc,2026-03-20,msg_00092,U743849e63f8101ac616f8fd0ba84a167,U747263c036e0bd476ec679369493ebec,video,delivered,2026-03-20 13:16:51,
e4d7896f-16aa-4e02-ba7e-a36922c54648,2025-12-19,msg_00064,Ub0341314a5534ea92b26fa8adc30543f,U5cd444b29d73e65f0e35468ddeae75c4,image,delivered,2025-12-19 11:08:42,
77e21470-f1e6-419e-8227-0a68799e71e8,2026-02-14,msg_00065,U743849e63f8101ac616f8fd0ba84a167,U9f41d53379a76f66949294b20898e34d,image,delivered,2026-02-14 12:34:28,
486465ff-acb0-48d4-8c27-c7e1b0e3b04a,2026-03-18,msg_00080,U22a93bc29b1df104af6b1ba1cd91fc56,U066a5c8f7517ddb3ba3d8e73071ef38c,flex,delivered,2026-03-18 23:05:55,
5272d852-33a9-462f-90e8-feda24df737b,2026-01-26,msg_00086,U4784fc8a8e1e4eb2435ad84e0ad052f2,7e0e54452c47027e6ed80f037893908e,text,delivered,2026-01-26 19:58:00,
b0c71228-9fa5-4a4e-868a-504505d855e3,2026-01-24,msg_00113,Ub0341314a5534ea92b26fa8adc30543f,Uccf9cd90758f47b655d48958fe934a8b,text,clicked,2026-01-24 04:14:23,https://example-saas.jp/campaign/spring
ed8babe0-2c86-4d32-a173-e18d61a12370,2025-12-18,msg_00070,Ue9a1e8a5b83a6b296d43c957a8cfba4a,Uf0025014ce5c082fe2e0fb930f60ae36,imagemap,delivered,2025-12-18 04:44:22,
cdff58c7-9081-40dc-b358-0bb05a0f7192,2025-12-03,msg_00012,U743849e63f8101ac616f8fd0ba84a167,83007313ca797abd952bafc0aca1eab4,imagemap,opened,2025-12-03 13:55:05,
9aea0483-26de-4344-93bc-9868ea5aa32a,2026-02-16,msg_00021,U743849e63f8101ac616f8fd0ba84a167,Uf6182aed7673168ecb52340102b5a0ca,flex,delivered,2026-02-16 14:49:42,
2960376a-ba58-461c-8290-2b8444c89005,2026-02-14,msg_00042,U3bae1603803a839c0cb52f511d9cb8f6,Ue712d62a51f3819acaf4bb83a684c4dd,video,delivered,2026-02-14 05:09:36,
3b17227e-7664-47d4-8f59-216a518ab823,2026-03-05,msg_00014,U3bae1603803a839c0cb52f511d9cb8f6,U267aa474fe8fe301c4326f21afc71fbc,flex,delivered,2026-03-05 01:45:11,
cb3bb135-c921-4010-8b2c-e0ae02f98066,2026-01-24,msg_00007,Ub0341314a5534ea92b26fa8adc30543f,Ucd07a1efd6b3c0d4e4a0919fd693f816,imagemap,opened,2026-01-24 17:34:44,
393fec53-94cb-4a87-ba34-a0568a054a95,2025-12-12,msg_00004,Ub0341314a5534ea92b26fa8adc30543f,U31ccca1969544cab6229c7123ee0d50d,video,delivered,2025-12-12 15:26:32,
fe796af8-a9b7-47be-8d4b-2a8a672d9413,2025-11-19,msg_00019,U743849e63f8101ac616f8fd0ba84a167,U42d47d95cea942197e8d84ff6e4d5c3c,flex,delivered,2025-11-19 23:56:04,
923c02a9-0ab5-4f34-a21c-2884fbd885b3,2025-12-19,msg_00064,Ub0341314a5534ea92b26fa8adc30543f,U1c130b39261bb47468bb6c124bea1033,image,opened,2025-12-19 21:40:43,
f345c39e-a821-4ae3-9eac-e08b276b05ee,2026-02-10,msg_00058,Ue9a1e8a5b83a6b296d43c957a8cfba4a,Ua624a9add5246f5e84e837202b64e9ee,video,failed,2026-02-10 10:57:14,
4d517a88-138a-41a7-8751-2cf44033555e,2026-02-08,msg_00051,U3bae1603803a839c0cb52f511d9cb8f6,Ud1709b16dcdf1a007eb70167b5317699,image,delivered,2026-02-08 23:29:27,
2ac6c449-5c40-4a19-a535-0014b5439d82,2026-02-07,msg_00090,U4784fc8a8e1e4eb2435ad84e0ad052f2,Ub0c541e5fb006e5f18ef69839eae91aa,imagemap,clicked,2026-02-07 12:24:44,https://example-saas.jp/campaign/spring
f274f7f3-f3a2-4d4a-b1bb-bc6f5a84d853,2026-03-21,msg_00023,U743849e63f8101ac616f8fd0ba84a167,Ucef180aa31126f41a177e383871bf93c,imagemap,delivered,2026-03-21 02:14:01,
c3d44c06-49cb-4c66-8919-32a2c11ecee8,2026-02-07,msg_00090,U4784fc8a8e1e4eb2435ad84e0ad052f2,U6796e367c88f35e8cc8d10615fcb452f,imagemap,opened,2026-02-07 04:20:44,
2ccc5d84-25f1-436c-bb60-ee1fd0d19593,2026-02-24,msg_00039,U743849e63f8101ac616f8fd0ba84a167,U506a367b2a9bc0b326acea8ffe862ef6,flex,delivered,2026-02-24 18:07:54,
148aa8f1-e7d8-4844-b000-afce3b23ede2,2026-02-24,msg_00039,U743849e63f8101ac616f8fd0ba84a167,Ud0fd4af0f378f9e824eabb815b62e2f7,flex,delivered,2026-02-24 13:57:48,
c8ecffe5-d12a-44cd-8240-b963814213f3,2025-12-02,msg_00088,U3bae1603803a839c0cb52f511d9cb8f6,U28f11b8f87cc839e8383d2de223562b8,image,opened,2025-12-02 19:36:54,
97dbe5af-3c8d-4363-8ae9-e7ced02f7757,2026-01-30,msg_00050,U3e5dd3a641c58ad50e49f095c6f1e306,Ua8c080dc5d1d47baad4883b1a3c47c47,image,delivered,2026-01-30 00:46:44,
4f7fe1eb-d3ec-4eb5-8df2-9ea1efddb48f,2026-01-29,msg_00031,U3bae1603803a839c0cb52f511d9cb8f6,Ufffbd467111b038bac29400761a4c766,video,delivered,2026-01-29 21:29:53,
356da30c-9db5-41f9-a8f1-747b39712207,2026-01-09,msg_00052,U743849e63f8101ac616f8fd0ba84a167,U4eb9d568a78eb900200b7fe4edfec700,video,delivered,2026-01-09 12:24:45,
25c980c1-eb23-4beb-86f1-adf8be7ad59f,2026-03-04,msg_00056,U1ca413826b7044d134c9c3132420c9de,Ub8d9bb40caf3c8ceeb1040214f530e51,text,opened,2026-03-04 00:42:21,
2645d4ce-c581-49bb-b139-cf0b044d256f,2025-12-09,msg_00094,U227d1cd1a801c367de206ec4bbca7330,U51de349076b64517dbecb51c3b17cc0f,flex,clicked,2025-12-09 21:35:31,https://example-saas.jp/survey
8b790aa2-7490-45d4-becb-fd0b1da7b245,2026-02-01,msg_00075,Ub0341314a5534ea92b26fa8adc30543f,U4ac5e93f844ba794edd694960a13006b,imagemap,opened,2026-02-01 20:29:51,
e59b46e5-7b96-48eb-8a8b-04962d5b025d,2026-02-15,msg_00087,U3bae1603803a839c0cb52f511d9cb8f6,27734e5f1a220cbd7328336821b63881,imagemap,opened,2026-02-15 08:38:17,
e978a037-6d7f-4c08-a543-887c2e0108fe,2025-12-24,msg_00091,U3bae1603803a839c0cb52f511d9cb8f6,f868bd84b041891d944c616ea9356efc,imagemap,delivered,2025-12-24 04:17:21,
1924ade3-dd67-4f8a-9492-ef3cbd098fb5,2025-12-08,msg_00015,Ub0341314a5534ea92b26fa8adc30543f,U7c5cd9397d4864aab070e9ad48af2d19,text,delivered,2025-12-08 17:26:15,
20a92b20-78e8-48ba-b9c0-3f5415f48cd6,2026-01-20,msg_00108,Ub0341314a5534ea92b26fa8adc30543f,U83463eb7e53322117c1a2d69aac03bd9,flex,delivered,2026-01-20 10:39:49,
1b680f65-b405-42f5-adbc-ac826f5917ee,2026-04-05,msg_00054,U3bae1603803a839c0cb52f511d9cb8f6,Uce57b2a5c9bf9775bd5884e977b7feb6,image,delivered,2026-04-05 04:18:42,
7901db3b-7f30-4994-b4a6-0be4b82dc966,2025-11-21,msg_00010,Ue7310890b01058478be93761a56d0aa0,Ue8a11573ce98a203ffdd8b02c7f9f809,imagemap,delivered,2025-11-21 07:24:57,
d12fe86d-a3e7-4adf-a0f8-0231ee1d108f,2026-03-11,msg_00067,U7e808d11d6f9901a954a542a7ee09918,Ud5cc38499561365fda6f84a230a7152c,video,delivered,2026-03-11 04:29:54,
537929d9-3456-4861-b61e-871fb4db986c,2026-03-08,msg_00112,U3bae1603803a839c0cb52f511d9cb8f6,Ud5b5345dce543f297ee6cbd0768c651f,image,opened,2026-03-08 21:10:35,
b5b9f405-1266-4a95-8f0e-555d453cc64f,2025-12-23,msg_00061,Ub0341314a5534ea92b26fa8adc30543f,a036f97164d8585bbadeb515690d52d5,imagemap,opened,2025-12-23 16:03:36,
15368007-3fed-471e-9d12-209849a4130f,2026-01-09,msg_00052,U743849e63f8101ac616f8fd0ba84a167,Uee77b54d6953bc43efc0430d4b1eabb7,video,opened,2026-01-09 07:03:28,
0af11384-ce21-4d47-a82b-7f95d8b6e8f7,2026-01-26,msg_00103,U3bae1603803a839c0cb52f511d9cb8f6,U0fa2db22364b7b62bbf4312892132ff1,flex,opened,2026-01-26 16:37:17,
45e46e1b-e341-4ebc-a214-b64b615fa552,2025-12-22,msg_00013,Ub0341314a5534ea92b26fa8adc30543f,fdb9833913bdf9660dfbcf12d6d2eaa6,image,delivered,2025-12-22 03:37:49,
16e0bd68-8c19-46de-b8ac-453937351913,2026-03-20,msg_00106,U3bae1603803a839c0cb52f511d9cb8f6,Ubc8cf3bfc167df15580f72796ed84e2a,video,opened,2026-03-20 13:49:28,
5da13a51-50aa-4320-be41-1cbee4d9663f,2026-04-01,msg_00072,U4784fc8a8e1e4eb2435ad84e0ad052f2,U5a78d7bb8c06fa1498c7e61923b65ea7,image,clicked,2026-04-01 02:58:02,https://example-saas.jp/coupon/500off
b29569ec-7090-4b26-8b55-d800a214923f,2026-02-07,msg_00090,U4784fc8a8e1e4eb2435ad84e0ad052f2,U3fa655e31c80198db4b1f50b0109e639,imagemap,delivered,2026-02-07 02:29:16,
b3de3ab2-5292-41c5-9673-f6d65cdd8f01,2026-03-11,msg_00067,U7e808d11d6f9901a954a542a7ee09918,U2e7c6472b976ac10a61ba69183b039fb,video,clicked,2026-03-11 19:45:07,https://example-saas.jp/coupon/500off
c2ccfb1a-3ebb-4a1e-8d4f-e031c73d4a2d,2026-02-20,msg_00036,U879eb903ad90cd9c2874f6df7651267a,U1170ea1852ad5fcb8284b7821679983d,video,delivered,2026-02-20 07:42:19,
663dbbce-4c26-4c0e-81db-1834a87776cd,2025-11-21,msg_00010,Ue7310890b01058478be93761a56d0aa0,U5ba5130ded567c9671a0febc752bb1d6,imagemap,opened,2025-11-21 06:23:25,
bae81220-b59c-40a7-865d-0e271925dbfd,2026-02-20,msg_00095,Ub0341314a5534ea92b26fa8adc30543f,ceed0c9acadf3508349a8d13b2f4d703,text,delivered,2026-02-20 08:35:43,
1ad94d1b-ca40-48e1-a04c-973d2ce87a2c,2025-12-18,msg_00070,Ue9a1e8a5b83a6b296d43c957a8cfba4a,U83b77ba1866ee4069933dfaa76d34a38,imagemap,delivered,2025-12-18 05:46:31,
d2bc1dde-35b8-4a5e-bfce-5de646c966db,2025-12-24,msg_00091,U3bae1603803a839c0cb52f511d9cb8f6,Ua89e120092f39fdeeac62fe78dab476a,imagemap,delivered,2025-12-24 04:08:55,
2c1ca3bb-1fbc-46c7-9aea-ee64e4e2c0e4,2026-04-05,msg_00054,U3bae1603803a839c0cb52f511d9cb8f6,Udb1a252794986109b087824975c43eaa,image,opened,2026-04-05 01:29:16,
c6a35c72-2b44-451d-8a79-4e86e5938b60,2026-02-10,msg_00058,Ue9a1e8a5b83a6b296d43c957a8cfba4a,U25972d3e22d73758a17a88f4e99194d4,video,delivered,2026-02-10 13:56:34,
87a4056b-b5c4-4e48-887a-e6f207ac5efe,2026-03-22,msg_00119,U3bae1603803a839c0cb52f511d9cb8f6,U0a340146429c054468e20087ba654c4c,imagemap,delivered,2026-03-22 23:51:36,
0a952197-5b56-452e-85eb-d642f24b7a21,2025-11-21,msg_00010,Ue7310890b01058478be93761a56d0aa0,U7e1203f4e85a99cfa9df3431544d47ce,imagemap,clicked,2025-11-21 07:59:44,https://example-saas.jp/lp/newmenu
7ea11078-e824-45f5-9e40-d550e988a51a,2025-12-23,msg_00109,Ue7310890b01058478be93761a56d0aa0,U185cc35165a5c1134bc915e41e32fed5,text,opened,2025-12-23 08:12:46,
2417a8bd-642b-43a9-b481-5b8671a2ffb5,2026-01-14,msg_00081,Ue7310890b01058478be93761a56d0aa0,U7e4bd9cb497d9745b525212bc23cafd2,video,delivered,2026-01-14 05:41:21,
5e025f72-ee55-4e83-826f-1fbb59a0a946,2026-03-14,msg_00009,U743849e63f8101ac616f8fd0ba84a167,Ue55b559cf508e81beb36a76b3a58ef3b,imagemap,opened,2026-03-14 01:05:56,
82b88ebc-9699-405c-8cfc-e1391e663417,2025-12-19,msg_00118,U4784fc8a8e1e4eb2435ad84e0ad052f2,U53f6cd9eda05ef6644e3eb9112a1a31b,image,delivered,2025-12-19 04:16:46,
c8e5e00b-afce-40f1-bd7c-e969b87ae8e6,2026-02-20,msg_00036,U879eb903ad90cd9c2874f6df7651267a,U5dcf02e663ab69f541c3246e60b4afd3,video,delivered,2026-02-20 20:40:07,
b1cc5c62-cd13-4b13-9bac-5f3e3c866f6b,2026-02-14,msg_00065,U743849e63f8101ac616f8fd0ba84a167,U2a10a621d2a8aacaf97606f1dc5dfaec,image,clicked,2026-02-14 10:17:34,https://example-saas.jp/survey
a5309c20-4eb0-41e4-97eb-7ce2f8403370,2026-01-26,msg_00086,U4784fc8a8e1e4eb2435ad84e0ad052f2,Uca3220d8cc8ef60b25bebd4c8213857d,text,clicked,2026-01-26 15:43:45,https://example-saas.jp/survey
3871a3dc-e95e-4fa4-912b-a6564a8a777a,2025-12-31,msg_00082,U227d1cd1a801c367de206ec4bbca7330,7c4ac14cd28cf6a526609db39dfd8763,imagemap,delivered,2025-12-31 11:06:31,
73ffd89e-526f-48d9-9291-739daefb2653,2026-01-18,msg_00102,U227d1cd1a801c367de206ec4bbca7330,Ufc0b9d87743e9e70a5174135478263bc,video,delivered,2026-01-18 05:46:24,
11950d08-9812-4b91-922e-246ae7dfc160,2025-11-16,msg_00020,U3bae1603803a839c0cb52f511d9cb8f6,Uf2d04971d9f05a5cc8ea7b59bbff24cb,text,clicked,2025-11-16 03:07:41,https://example-saas.jp/survey
d6271842-91be-433c-b27d-47d96e243301,2025-12-03,msg_00012,U743849e63f8101ac616f8fd0ba84a167,Ub4f9b9ee0bfb84aaa24e565db6ea024a,imagemap,delivered,2025-12-03 01:14:17,
2aa5c8ea-d33b-40ea-b7bd-0aff50c56529,2026-02-14,msg_00098,U743849e63f8101ac616f8fd0ba84a167,U97f698a2bf281deb0e0e397ac281e8b7,imagemap,blocked,2026-02-14 22:13:05,
fbbfdaf6-abe4-4795-9080-0ab250bf2ee4,2025-12-22,msg_00038,Ub0341314a5534ea92b26fa8adc30543f,U9ef631471d549ec5d83c84b9731d8086,image,delivered,2025-12-22 03:25:54,
34e2fcbc-35d3-46c3-ab23-c0f1e6f8d7d3,2025-11-30,msg_00025,Ub0341314a5534ea92b26fa8adc30543f,Ub992d1252e54f70a886a30c022535dd2,imagemap,opened,2025-11-30 22:30:47,
4524bbdb-62b7-49ca-8440-53eec8bfe05a,2025-12-23,msg_00061,Ub0341314a5534ea92b26fa8adc30543f,Ua89b359439375da0f8206ea975fcde89,imagemap,clicked,2025-12-23 02:39:03,https://example-saas.jp/lp/newmenu
81911de2-9912-4886-b1e9-7811d11018fe,2026-02-20,msg_00048,Ue7310890b01058478be93761a56d0aa0,U3a583d26f25ebdd9ba416a827bf37918,flex,opened,2026-02-20 18:32:29,
9c6b511d-3930-4faa-ba0f-071d904a628d,2026-02-14,msg_00065,U743849e63f8101ac616f8fd0ba84a167,Uac979bf055d8ec8fedc7cd13b2f1e723,image,clicked,2026-02-14 03:07:44,https://example-saas.jp/lp/newmenu
a3122993-072c-4446-bf97-65fd6761c9c4,2026-03-08,msg_00112,U3bae1603803a839c0cb52f511d9cb8f6,U29cc1da56c9a011d6ef7b4a19803cdf0,image,delivered,2026-03-08 09:46:11,
9f22494d-e746-4f52-90d3-89cc671768b9,2026-02-14,msg_00042,U3bae1603803a839c0cb52f511d9cb8f6,U5ad8e11df9e8a5415329bff96dc7e54e,video,delivered,2026-02-14 13:52:23,
c0b7961c-cd94-49d4-8689-88f58b2bf276,2025-11-22,msg_00047,Ue7310890b01058478be93761a56d0aa0,4f124a1cd2e539916da1e11a5357854b,video,delivered,2025-11-22 04:51:29,
a671cc16-10b0-4ba2-a068-af537d78235d,2025-12-31,msg_00083,U743849e63f8101ac616f8fd0ba84a167,Ud02f5e541da447037deb0458241dd9a4,flex,delivered,2025-12-31 20:00:22,https://example-saas.jp/lp/newmenu
c835ec85-571a-40ae-b5ed-acc936036ff8,2025-12-27,msg_00068,Ub0341314a5534ea92b26fa8adc30543f,U1aa4aca65b021a780c01c36ad13d43be,imagemap,open,2025-12-27 08:42:44,
94ffb733-95cf-4f6d-92a6-85124c5a070f,2025-11-23,msg_00024,Ue8d9224ecde331ce692edfce0b5ecdc4,U2783b27f5cd3e5ce2920b4e41c3cc09d,text,clicked,2025-11-23 20:34:51,https://example-saas.jp/lp/newmenu
b54580bb-06b6-495c-ba21-d96481e3abc8,2026-01-26,msg_00005,Ub0341314a5534ea92b26fa8adc30543f,U9bed01390ee285fd87e31f98a399c0c2,image,delivered,2026-01-26 02:58:48,
70315a7b-4269-4529-abd3-066bf32ae2ec,2026-01-26,msg_00063,Ub0341314a5534ea92b26fa8adc30543f,U26b7ed059ecbbc61d0fa4c003d6d59ca,imagemap,delivered,2026-01-26 20:55:01,
30786fd0-63a8-4d58-bc58-8a3e839b4ed8,2026-02-20,msg_00017,U22a93bc29b1df104af6b1ba1cd91fc56,U69a1b1954a5b5b9e920df075eefd7f3f,video,delivered,2026-02-20 17:30:41,
f6a5353a-8b53-4e3b-b6e4-15d7d1797eed,2025-11-23,msg_00053,U743849e63f8101ac616f8fd0ba84a167,Ue191d8e6e22c632a0068e0846312e61c,video,opened,2025-11-23 03:02:38,
1729f798-c3bb-4a3c-835e-d00b2e6a9610,2026-04-08,msg_00078,Ud4a92c8c8050eed40ef171cc2784d638,U17e85a660c6533046e1ae0424464991e,image,delivered,2026-04-08 20:14:15,
f533ee39-5cf2-48ae-876b-60052e6a78f9,2026-02-15,msg_00087,U3bae1603803a839c0cb52f511d9cb8f6,U5b3507beb8d4b43d16a302330ac2f122,imagemap,delivered,2026-02-15 04:26:43,
98ff4547-ca71-4e50-93bb-36a35a3f1095,2026-02-07,msg_00090,U4784fc8a8e1e4eb2435ad84e0ad052f2,Ua11116e492261474a51017dadda0186d,imagemap,opened,2026-02-07 23:30:07,
186003cf-54d5-489c-9fcf-0c48c2250d49,2026-03-04,msg_00056,U1ca413826b7044d134c9c3132420c9de,Ua589b463ac742733a83cda57c576e956,text,delivered,2026-03-04 02:37:59,
98e9f9ed-c22b-4311-9882-87dc05798a8f,2025-12-24,msg_00091,U3bae1603803a839c0cb52f511d9cb8f6,U183664f706b83570709fe82ba7c7828b,imagemap,delivered,2025-12-24 00:14:02,
2402fc48-638a-4110-b074-e503ac9c39a6,2025-11-30,msg_00025,Ub0341314a5534ea92b26fa8adc30543f,Ubaf9936f46eca9fe715f3a40dc6141a7,imagemap,delivered,2025-11-29 18:24:47,
47a12dd2-7699-476a-bdac-f8ab135dbf72,2026-04-08,msg_00078,Ud4a92c8c8050eed40ef171cc2784d638,Uc8bc67aed9845388863daebeb290b931,image,opened,2026-04-08 00:55:23,
1752ab62-a096-4165-939e-aa591422dfc8,2026-02-24,msg_00039,U743849e63f8101ac616f8fd0ba84a167,U198b1beb0f5ecefc037c5ec40efd931a,flex,delivered,2026-02-24 21:21:20,
ab49bf3b-c8f5-4877-b50c-b8d8ab81091e,2025-12-24,msg_00091,U3bae1603803a839c0cb52f511d9cb8f6,7ec7d2c1b32246d0a51159efb3f9747a,imagemap,delivered,2025-12-24 01:01:58,
810b4ef5-7936-4118-bcc2-d669cdb019d5,2026-03-11,msg_00104,Ub0341314a5534ea92b26fa8adc30543f,U0095ae269de18f027d96200bc78d3a98,image,clicked,2026-03-11 04:07:32,https://example-saas.jp/coupon/500off
a8b10949-e632-4390-9c90-aeac42486deb,2026-02-20,msg_00048,Ue7310890b01058478be93761a56d0aa0,U4fa210d1e5f6a8bdc06d8863fa769d1e,flex,opened,2026-02-20 10:28:39,
051a9b07-15b8-4eb5-97b7-fa92b5b43080,2026-02-15,msg_00006,U743849e63f8101ac616f8fd0ba84a167,U8cd84c9241cb6345906b51f5e77892bf,flex,delivered,2026-02-15 20:10:29,
206b8c61-cc74-4949-83ac-833a05f8c774,2026-02-05,msg_00107,U3bae1603803a839c0cb52f511d9cb8f6,U381177cb9ef851d17ffd10f6aa09ed63,text,opened,2026-02-05 09:46:32,
d171773b-8369-43ca-bb27-8bd9c2599235,2026-03-18,msg_00080,U22a93bc29b1df104af6b1ba1cd91fc56,Uebd5c97e8ef9fb2928cd46b69dfcff92,flex,opened,2026-03-18 02:06:05,
5d13ae63-0a85-49e3-9630-869b795852df,2025-12-03,msg_00012,U743849e63f8101ac616f8fd0ba84a167,U12072c08ec4913727aae8bab13e9cfb3,imagemap,delivered,2025-12-03 12:10:06,
52b3b4cb-fb33-4610-a788-83ccee042de1,2025-11-17,msg_00099,U3bae1603803a839c0cb52f511d9cb8f6,f27a347ebfb6fc52db1b107df397e16c,text,delivered,2025-11-17 22:03:04,
fcb5de72-a3dc-4282-a15d-5e837d5dab5b,2026-02-20,msg_00048,Ue7310890b01058478be93761a56d0aa0,Uc3bba9320e5ad3e47957b104dacd32ae,flex,delivered,2026-02-20 09:30:35,
6d43029e-97e1-4d94-a509-73200e3bfb35,2026-02-08,msg_00051,U3bae1603803a839c0cb52f511d9cb8f6,Ud2e5c63635fc0ec2e19ef5d15aa02bf1,image,delivered,2026-02-08 13:10:33,
ab05e8fd-ea4c-47eb-bac0-a1cdfa696ec9,2026-04-06,msg_00074,U3bae1603803a839c0cb52f511d9cb8f6,Ud6a7a7657f38d26aee0f29da7e24f7bf,text,delivered,2026-04-06 10:57:22,
136d8cee-0954-4b0d-92e6-7171c2968f3b,2026-03-03,msg_00093,U743849e63f8101ac616f8fd0ba84a167,214b0903e99205080c0f157b4186ce7e,imagemap,delivered,2026-03-03 23:00:34,
443e7be5-b45d-43d3-9c76-8ae27d51d3cd,2025-12-24,msg_00062,Ub0341314a5534ea92b26fa8adc30543f,U073d8a86bb6c9773f66e689e69e1e843,video,delivered,2025-12-24 11:08:03,
bd116dfc-cc75-435f-9468-9a360ae9bc7a,2026-04-12,msg_00120,U227d1cd1a801c367de206ec4bbca7330,Uc55af716fd70e233b243ec5681254b9d,text,opened,2026-04-12 10:28:32,
cba78ddb-1c39-47dc-a0cc-1d7a2dcc03df,2025-12-18,msg_00114,Ub0341314a5534ea92b26fa8adc30543f,Ude927d1f27a193311c01720db81c04f2,flex,opened,2025-12-18 22:11:00,
2bdb816d-49e5-4a74-8ffe-9bc1f092f174,2025-12-15,msg_00030,U3bae1603803a839c0cb52f511d9cb8f6,U0b57747be52e0b32ced0a44e4aaff6ce,video,opened,2025-12-15 08:26:47,
ab342b9e-3f7c-490e-874a-b8d6630b6c83,2025-11-17,msg_00099,U3bae1603803a839c0cb52f511d9cb8f6,Ud7351ab1181e2413464a9df85c824fcf,text,opened,2025-11-17 10:47:30,
96c0038f-93a8-4a66-be01-c66cd485c296,2026-03-25,msg_00079,U743849e63f8101ac616f8fd0ba84a167,Uc7266060e0bf11bd342d21bb3f77df11,text,delivered,2026-03-25 05:48:22,
43814e1b-8174-49a4-b9c5-2ad7edff7919,2026-03-12,msg_00084,U68d2301028fb66b51d9111f1af067e34,U2614943a05d3c7595dfe685ebd8e2fd5,video,opened,2026-03-11 20:38:18,
8784780c-93f8-4586-8a5d-7e7338b58d7e,2025-11-24,msg_00033,U3bae1603803a839c0cb52f511d9cb8f6,Ue2bf8123b1ee1d0c7c6326704bd5b268,text,delivered,2025-11-24 16:25:51,
335cb458-89c2-49f6-8136-2225ee3c95b8,2026-04-12,msg_00105,Ud4a92c8c8050eed40ef171cc2784d638,U2cabe9785996902525eebf4200bd9e10,flex,delivered,2026-04-12 14:10:36,
8910cf75-aff7-4584-abeb-30f08f1ef86d,2026-03-14,msg_00009,U743849e63f8101ac616f8fd0ba84a167,Ua4106c4afb386fe117bd0abad20080af,imagemap,delivered,2026-03-14 18:15:57,
b1b86aa8-8a5f-4026-bece-85f85b2ea5a9,2026-04-05,msg_00054,U3bae1603803a839c0cb52f511d9cb8f6,U2605470b537e5dd361506c97cb27a36d,image,delivered,2026-04-05 05:08:11,
87ab9ca6-7e3e-4121-8418-e3bc6d37b21f,2026-03-11,msg_00067,U7e808d11d6f9901a954a542a7ee09918,Udc1dd570b422d29d9a6a6af82196eca9,video,delivered,2026-03-11 22:15:59,
205c8593-f78b-454c-9492-32b03e6b2268,2026-02-14,msg_00098,U743849e63f8101ac616f8fd0ba84a167,Uee178dc4d699b3b69a25b912a71d9ad2,imagemap,opened,2026-02-14 19:20:45,
42cf1554-2968-4dca-98c9-c13bb4df8d4b,2026-02-08,msg_00051,U3bae1603803a839c0cb52f511d9cb8f6,U89a53b6f3ea9ffca66a115c5f76388a6,image,opened,2026-02-08 07:39:19,
0e4738c4-165a-4c61-9142-d563f89a4768,2026-04-08,msg_00041,Ue7310890b01058478be93761a56d0aa0,U7de5a03f32a28a26ecf5a62162a57db1,text,delivered,2026-04-08 03:30:35,
030aa3a0-a2a5-44a9-9dcf-df881a7c9b51,2025-12-17,msg_00032,U3bae1603803a839c0cb52f511d9cb8f6,U073da7b9212ce99c8490d09a66b8fb34,video,delivered,2025-12-17 10:28:10,
e3a98c89-4dce-4369-8490-d2159335b2b4,2026-02-10,msg_00058,Ue9a1e8a5b83a6b296d43c957a8cfba4a,U0ad5770d64d0569aeba78c27a8f74d93,video,opened,2026-02-10 00:45:33,
83a3073b-d8cf-4a78-a156-2d7607d0c269,2025-12-24,msg_00062,Ub0341314a5534ea92b26fa8adc30543f,Ua73ebbefa319a140a861a87a55429473,video,clicked,2025-12-24 09:43:23,https://example-saas.jp/lp/newmenu
a62954cd-1e15-4bde-98e0-3c8decf23113,2026-03-12,msg_00084,U68d2301028fb66b51d9111f1af067e34,U95623e7b1b60da0117b30381c8637bc5,video,delivered,2026-03-11 12:33:51,
534307ff-e612-47fe-9cad-01558a775ecb,2025-11-23,msg_00053,U743849e63f8101ac616f8fd0ba84a167,U7b76115ea7bdf6ecf90cb77bd9af2769,video,opened,2025-11-23 15:52:34,
a7ee5783-5568-44da-a64a-0a75eeb544e0,2025-12-12,msg_00029,U743849e63f8101ac616f8fd0ba84a167,U49a003e9eadb9ed873d4c99acd0aaf2c,imagemap,opened,2025-12-12 17:18:31,
fe3cf8bc-9fc0-442f-92d0-cdefdd18cb85,2026-01-24,msg_00066,U3bae1603803a839c0cb52f511d9cb8f6,U1e54faafbb42e3a7aa8bd803f2038524,image,opened,2026-01-24 21:21:47,
fdf35a11-52cf-409b-af81-7bafe728dfa7,2026-01-13,msg_00060,U3bae1603803a839c0cb52f511d9cb8f6,a5f1fb352f2128af04d40cad5e4583d3,image,delivered,2026-01-13 11:21:07,
bac990d7-978d-444c-b72f-55fdc48d1a6a,2026-01-29,msg_00031,U3bae1603803a839c0cb52f511d9cb8f6,U7e2a145ee36711064b83c48c8ef27fa0,video,opened,2026-01-29 05:06:48,
17a556a7-7bdb-437d-a34f-89a1679c323f,2026-04-12,msg_00105,Ud4a92c8c8050eed40ef171cc2784d638,U75cc82c27626b687c48f2f48b2257e76,flex,clicked,2026-04-12 16:18:36,https://example-saas.jp/campaign/spring
c8845cf1-9ff8-4203-bbcb-4186dba79cfd,2026-01-14,msg_00081,Ue7310890b01058478be93761a56d0aa0,Ub50aa28019b493fc3636ea14bc19248d,video,opened,2026-01-14 19:20:06,
52389354-accb-434b-a132-84e31ade036a,2026-01-24,msg_00007,Ub0341314a5534ea92b26fa8adc30543f,U9dd5cd90b53b7d87719842933725d751,imagemap,delivered,2026-01-24 04:36:24,
1ab18e19-a5e0-4cc1-9a70-3cdaa2704a98,2025-11-17,msg_00099,U3bae1603803a839c0cb52f511d9cb8f6,Ub3668460c340aa77cf3dd719f7e47071,text,delivered,2025-11-17 14:34:29,
99fa37f5-b4ec-4122-b692-fee506537d49,2025-12-09,msg_00094,U227d1cd1a801c367de206ec4bbca7330,Uebb8ad6c099f648f48e3151ea90f53b3,flex,delivered,2025-12-09 02:30:33,
f5a729f1-bf54-4369-b582-eb1b9b204b24,2025-12-09,msg_00094,U227d1cd1a801c367de206ec4bbca7330,U9b076acb30abef34d9d9be67809ba4de,flex,delivered,2025-12-09 14:01:51,
b1573cd1-0d75-4c9f-91a3-4a2beccdcd80,2026-02-10,msg_00058,Ue9a1e8a5b83a6b296d43c957a8cfba4a,Ud592549c66fafb18a90b2f648190b4ac,video,delivered,2026-02-10 16:43:40,
ff0ee740-4795-4af6-9b12-72407ac974de,2026-03-14,msg_00009,U743849e63f8101ac616f8fd0ba84a167,U2101fd8f00e1192f6dcc10fb618e2139,imagemap,delivered,2026-03-14 11:08:24,
cda5dfb7-c91c-41dc-a103-3f6c1ccea27a,2025-11-21,msg_00010,Ue7310890b01058478be93761a56d0aa0,U0dc5479e6cd41f01023d82dcb19d98ed,imagemap,delivered,2025-11-21 04:38:58,
0e1139ea-6b13-4c48-8d18-72900ebaa531,2026-03-20,msg_00074,Ud7cd4c737b35e126236570d6cf0e97f4,U193b54db277f8583e792c038b4b800b6,video,delivered,2026-03-20 23:59:20,https://example-saas.jp/coupon/500off
ec55cf07-0e9a-4f1f-bc52-784ad19becce,2026-02-19,msg_00016,U837b70463a585f85743b5bfb3b49c9fd,U063a89bbf547d446b27fbc582a45dab4,flex,delivered,2026-02-19 09:30:56,
955f1f64-cd07-4a93-9c5e-1d2f5078e8d7,2026-02-14,msg_00098,U743849e63f8101ac616f8fd0ba84a167,Ua7179e61d44918a1d2567a2596faed41,imagemap,delivered,2026-02-14 21:03:08,
3d48a519-2b28-4531-909e-6f0394e685d3,2026-04-12,msg_00105,Ud4a92c8c8050eed40ef171cc2784d638,U9917367760081acc755ff4752c8664aa,flex,delivered,2026-04-12 21:32:46,
ce0eb3a2-089c-4a4b-af6c-af0fe74ca1c5,2025-11-30,msg_00025,Ub0341314a5534ea92b26fa8adc30543f,Ue6dbedc0da030188cb7470b9376fd170,imagemap,delivered,2025-11-30 10:12:08,
509b6b6f-6136-447d-8e86-19a9a5f683e4,2025-12-25,msg_00045,Ue7310890b01058478be93761a56d0aa0,U4dc7f4750bd560332a6903bbf8d3d53c,video,delivered,2025-12-25 12:18:00,
c55d3ae2-6e15-4246-8f74-3c5d8aa15893,2026-01-10,msg_00044,U30ad60bba5da9837ca5dd0230ca8f531,Ue75a9db150bde249a54d407370763b82,video,delivered,2026-01-10 00:50:24,
480b1dcc-64e1-4320-b57e-1990eaf722b2,2026-01-26,msg_00063,Ub0341314a5534ea92b26fa8adc30543f,Ub6f734a959c7b4d3d37fbe9c8a0f40f7,imagemap,delivered,2026-01-26 02:48:07,
d362b31f-efe3-4d67-8463-71f8b2565f11,2026-02-20,msg_00036,U879eb903ad90cd9c2874f6df7651267a,U3d74edee85a6d9d3f46beaef0c9c42ad,video,delivered,2026-02-20 10:44:33,
3487c9e8-4aa2-457a-b64d-f79027aa3e08,2025-12-24,msg_00091,U3bae1603803a839c0cb52f511d9cb8f6,U01c1e28c9020da2ebf6c32010adf4cff,imagemap,opened,2025-12-25 01:03:59,
b5bf36c2-6417-400f-87aa-ec60499f169d,2025-12-24,msg_00062,Ub0341314a5534ea92b26fa8adc30543f,Ue2e57c99f54f037c6b48dfa587d73fda,video,delivered,2025-12-24 03:22:57,
94264c54-74f0-42e8-a50f-94c067cffd0c,2026-03-25,msg_00079,U743849e63f8101ac616f8fd0ba84a167,U0e3c99897543e91dceb7d21705d48734,text,delivered,2026-03-25 21:01:12,
68e0930e-be31-4056-ba42-ac6bc29ba006,2026-01-24,msg_00007,Ub0341314a5534ea92b26fa8adc30543f,U4d6f110aa0547c7bb8942d1e0684109c,imagemap,opened,2026-01-24 14:50:26,
eb0b267d-d108-412b-8a2f-c930904deb85,2026-03-11,msg_00067,U7e808d11d6f9901a954a542a7ee09918,U0e40b5ecd22b9d59c8d9a546561375f6,video,delivered,2026-03-11 05:58:55,
c40dce5b-a1dc-48f1-8796-75db4f510d19,2026-01-20,msg_00108,Ub0341314a5534ea92b26fa8adc30543f,U00a7adb667b8752da6a616e4e97a475b,flex,delivered,2026-01-20 02:03:58,
5a142887-a341-413b-ae44-af5cc56bbbc1,2025-12-19,msg_00064,Ub0341314a5534ea92b26fa8adc30543f,U5a64657dbc271927f2a6ef192891e91c,image,delivered,2025-12-19 21:13:26,
d6c0a1f1-bae1-45d2-a005-6734eab50c60,2026-03-05,msg_00014,U3bae1603803a839c0cb52f511d9cb8f6,Ubd481000e355e36743b1f4dac82aab37,flex,clicked,2026-03-05 09:09:09,https://example-saas.jp/coupon/500off
d9063fac-be44-4df0-9777-9c59790fa728,2025-11-24,msg_00033,U3bae1603803a839c0cb52f511d9cb8f6,U358d3d027e8eade02cdc8e1df4a562f3,text,opened,2025-11-24 03:30:02,
0b682f83-4154-44ed-8048-08f291f165ae,2026-03-30,msg_00076,U743849e63f8101ac616f8fd0ba84a167,U76ec064cd70804e6231ecf6d7b12adce,image,delivered,2026-03-30 11:05:35,
2bf8e38a-018e-4c68-928d-c8bb195a2faf,2026-01-17,msg_00037,U7e808d11d6f9901a954a542a7ee09918,a51473966a025fb57dea44356c56d6bc,text,opened,2026-01-17 12:53:57,
c25b4fcb-a626-400e-beac-938fc8fdbe04,2025-11-26,msg_00028,U3bae1603803a839c0cb52f511d9cb8f6,U5364972dd85cc99064bc1aa5c3a6fa75,image,delivered,2025-11-26 23:19:57,
6dd0af0b-f85a-4ca3-ba69-a10c640c6e5f,2026-02-24,msg_00039,U743849e63f8101ac616f8fd0ba84a167,Uf9f703a17c808ad9b901f4a8402689fb,flex,delivered,2026-02-24 09:58:35,
a18ed9ff-74ca-49a1-96c8-c76c2799d7a6,2025-12-23,msg_00109,Ue7310890b01058478be93761a56d0aa0,09f84cae13f098ea123c4207afcd5e88,text,opened,2025-12-23 16:24:17,
a2ea3fa1-a431-4862-9fcb-350188e6be91,2026-01-31,msg_00007,Ue7310890b01058478be93761a56d0aa0,Uc6b23e5319e02995c9dfe3e23b4e9c07,image,,2026-01-31 00:50:39,https://example-saas.jp/coupon/500off
d4967da1-4deb-4d5d-9a49-79e898d05804,2026-02-08,msg_00051,U3bae1603803a839c0cb52f511d9cb8f6,U53f3d3382ebd13d7925bbd3e9f439888,image,delivered,2026-02-08 08:24:41,
7f214410-c201-4d10-9c90-3618e4d567e0,2025-12-12,msg_00004,Ub0341314a5534ea92b26fa8adc30543f,Ud7f78d176b95a87fdcc4e943975e2637,video,delivered,2025-12-12 05:35:30,
292f8ed8-8a5e-4dbc-8686-f0c7f1b77e93,2026-03-20,msg_00092,U743849e63f8101ac616f8fd0ba84a167,Uc8aa7ea7e00aafbc7b60a7d7a13d6d9f,video,delivered,2026-03-20 05:08:35,
238aa046-2e62-4fc9-a7e7-367bac9cc87c,2026-03-21,msg_00023,U743849e63f8101ac616f8fd0ba84a167,Ud20cdc208ea80b81bc9e1aae707a3d91,imagemap,delivered,2026-03-21 23:54:43,
69ecaaa8-547c-44ab-a076-0f13bd664890,2026-01-30,msg_00050,U3e5dd3a641c58ad50e49f095c6f1e306,U2c8baebe6b961ad50d12e19be229d47e,image,delivered,2026-01-30 16:13:29,
4e5e6c2a-0837-4db5-8642-9d54cff3de7e,2026-02-14,msg_00042,U3bae1603803a839c0cb52f511d9cb8f6,U663e5c259d2bff09f00895abf07b854b,video,delivered,2026-02-14 00:42:26,
d37a294f-1e7f-4f0c-9e8b-63bd36cdc786,2025-12-19,msg_00118,U4784fc8a8e1e4eb2435ad84e0ad052f2,U5903b19dbd8cca6baa923509f772f091,image,clicked,2025-12-20 00:32:48,https://example-saas.jp/campaign/spring
6b116bd3-0f14-4cfa-98a0-e8988c8c457e,2025-12-18,msg_00070,Ue9a1e8a5b83a6b296d43c957a8cfba4a,U08f55d31a4cfecef0f74f0b598e13e04,imagemap,opened,2025-12-18 15:22:19,
94278f7e-5359-49a8-adba-82831c5ced07,2026-01-24,msg_00066,U3bae1603803a839c0cb52f511d9cb8f6,e0711e0a3dc371bf4fb238676e546679,image,failed,2026-01-24 08:12:50,
4e180c71-e269-4d0f-b740-cb24655bee65,2025-12-18,msg_00114,Ub0341314a5534ea92b26fa8adc30543f,Uad9ea6217d3a2eeefa59e1348c96d49f,flex,opened,2025-12-18 08:43:22,
5e269054-688f-4198-a4d7-382b1e346e80,2026-01-26,msg_00005,Ub0341314a5534ea92b26fa8adc30543f,Uf9898b65f82c7eb3ff2ce2d283aea98f,image,opened,2026-01-26 21:52:55,
ae86a046-afc3-4892-a032-14df1cca5ca4,2026-01-30,msg_00050,U3e5dd3a641c58ad50e49f095c6f1e306,U5190370cc87824c6a2c6f14fe162f10e,image,opened,2026-01-30 20:57:03,
6e975ae7-d197-412c-b065-fa80a1cadcb6,2026-01-10,msg_00044,U30ad60bba5da9837ca5dd0230ca8f531,Ue3b7da79c3694ce61969e84763061482,video,delivered,2026-01-10 08:16:40,
923e34f0-583d-42e5-827c-71858a47786e,2026-02-14,msg_00065,U743849e63f8101ac616f8fd0ba84a167,679fd2e53e4d77476d7341c0d926ffba,image,delivered,2026-02-14 09:25:23,
3f085f7a-e09c-41d8-ac96-8f6799c076c3,2026-01-26,msg_00086,U4784fc8a8e1e4eb2435ad84e0ad052f2,U2868e8c7ab37bd200aef4c536dc657f8,text,delivered,2026-01-26 16:17:39,
26720eab-3ec7-457e-9c2a-2e3f7ffb73ab,2026-03-31,msg_00046,U4784fc8a8e1e4eb2435ad84e0ad052f2,Ub799b522372535cee660d522f3ba12bf,flex,delivered,2026-03-31 07:31:10,
b73df705-6875-4530-a6d2-24e4609b6013,2025-12-24,msg_00062,Ub0341314a5534ea92b26fa8adc30543f,07b61c80acdef478138ac6d912a3b1c2,video,delivered,2025-12-24 01:54:40,
06fb495d-87a3-4e28-af0a-b77b6d3886ea,2026-03-08,msg_00112,U3bae1603803a839c0cb52f511d9cb8f6,U8d67094e696ed8d27d6d73b8fe37f6be,image,clicked,2026-03-08 21:46:54,https://example-saas.jp/survey
9d6b5fd0-98d3-47cc-8bc0-0742b9146b02,2026-01-29,msg_00031,U3bae1603803a839c0cb52f511d9cb8f6,8414ed6f69fd45b4c1793e70558f3ba5,video,opened,2026-01-29 11:05:59,
bfcb90f4-1d04-49a2-863f-db8a46c9682d,2025-12-24,msg_00091,U3bae1603803a839c0cb52f511d9cb8f6,Uf7b3aecfed89d75ae3ecd76b6355ec31,imagemap,delivered,2025-12-24 19:58:56,
5c83be72-ec91-427d-9d8b-c519763946ee,2026-02-15,msg_00087,U3bae1603803a839c0cb52f511d9cb8f6,Ub53c2f4bf043b1b4cfdfff66f8d314c4,imagemap,delivered,2026-02-15 19:57:12,
75131804-91bb-4d2a-9285-4dc983b17524,2025-12-19,msg_00064,Ub0341314a5534ea92b26fa8adc30543f,U0ad9182e6b0fcd2ef856cad6f82acf7f,image,opened,2025-12-19 21:44:48,
7ea8fab0-a555-4d72-a6bc-951a7ae9abb5,2026-03-21,msg_00023,U743849e63f8101ac616f8fd0ba84a167,U310ed15b0c27e9e9ea1551755150182e,imagemap,delivered,2026-03-21 20:08:16,
4356ec19-a18d-46db-a95b-44c221aef869,2026-04-10,msg_00101,U743849e63f8101ac616f8fd0ba84a167,U7118eba10f4411b0d1494eb4a3f3c882,imagemap,delivered,2026-04-10 04:54:51,
d456a1f9-9771-4299-b479-86b234639482,2026-03-27,msg_00096,U476acbdef8e9a16d24575e4f6d7b0f31,Ubfc5c91799466c1fe81c7950b8341bfb,imagemap,opened,2026-03-27 18:13:55,
4d0478b9-fc23-4d14-a4a6-8ac60a14a735,2026-01-26,msg_00103,U3bae1603803a839c0cb52f511d9cb8f6,U48b376a2f708f68a2bd1258abf1fefc2,flex,delivered,2026-01-26 11:57:20,
f81578bf-66e2-4314-a976-3d8f33c21e63,2026-03-16,msg_00002,U3bae1603803a839c0cb52f511d9cb8f6,U338293b4b9a4605b36a1b1860e4d3ec3,text,opened,2026-03-16 19:03:02,
becbff9c-a2bb-44d2-a3ef-25f114b8a97e,2026-02-14,msg_00098,U743849e63f8101ac616f8fd0ba84a167,U004c1af43fedc16a377c9bcb4a346e1b,imagemap,delivered,2026-02-14 01:34:35,
4bf52eae-af3c-4c62-9e32-5a86b66c0df5,2025-11-25,msg_00043,U3e5dd3a641c58ad50e49f095c6f1e306,U256b0686a1c1fd0d4869bd0ad0848e8c,flex,clicked,2025-11-25 11:18:42,https://example-saas.jp/campaign/spring
583a653e-bdd5-4087-9f87-0a79d3d69d3f,2025-12-25,msg_00077,U743849e63f8101ac616f8fd0ba84a167,U84d612a23630cd623a7fedb52f149435,text,opened,2025-12-25 23:00:46,
c6dd3cd4-0aeb-4242-ab41-4507c45ddf71,2025-12-03,msg_00012,U743849e63f8101ac616f8fd0ba84a167,U15f60cbb53ae53ab37902d9ab428473d,imagemap,delivered,2025-12-03 21:29:28,
46dc2823-6d19-4d53-bee1-a7e7108c1ff6,2026-04-04,msg_00049,U476acbdef8e9a16d24575e4f6d7b0f31,Ue902dbe2bff868bfc31df0515b2eaaa2,text,delivered,2026-04-04 22:25:22,
7b8df3df-f6b6-457e-a715-681aef5c5bb3,2026-03-21,msg_00023,U743849e63f8101ac616f8fd0ba84a167,Ua742f132dc33d74f949df6686ff3b085,imagemap,opened,2026-03-21 05:24:13,
8aaffe71-afa8-455b-b920-01460890cd87,2026-02-07,msg_00090,U4784fc8a8e1e4eb2435ad84e0ad052f2,U0db53b2082cd76a20035832021e03de0,imagemap,delivered,2026-02-07 01:04:54,
d8a1be25-6618-4441-9f7f-665a6a51e2b4,2026-04-05,msg_00054,U3bae1603803a839c0cb52f511d9cb8f6,Udb1a252794986109b087824975c43eaa,image,delivered,2026-04-05 00:50:44,
c19f66c8-4d3a-4d88-a48a-840a7c216a0e,2026-02-14,msg_00098,U743849e63f8101ac616f8fd0ba84a167,U8dd9d545fb5d77c1740cdda57dbe29d6,imagemap,clicked,2026-02-15 02:37:07,https://example-saas.jp/survey
57397d85-21ec-4001-b201-8cf0fe489ab8,2025-11-23,msg_00053,U743849e63f8101ac616f8fd0ba84a167,U7ba01f1145be6239f2f1b70cbae2884f,video,delivered,2025-11-23 00:05:19,
9813ab00-ec7e-4e4a-840d-758152120c3b,2026-03-31,msg_00046,U4784fc8a8e1e4eb2435ad84e0ad052f2,Uc121c1773c0e733ef17312f272381f3d,flex,opened,2026-03-31 04:06:17,
8fee9a0a-537d-4d24-b52c-0134c1f6bd13,2026-03-06,msg_00055,U3bae1603803a839c0cb52f511d9cb8f6,U4898758ef5f671958d235cfd5eb690f2,flex,delivered,2026-03-06 11:12:34,
4c602bdb-9019-4b4d-b0d2-8a0e8d3c9721,2026-01-14,msg_00081,Ue7310890b01058478be93761a56d0aa0,U5ded815338e6926fc751a7397f9c5b8c,video,delivered,2026-01-14 09:44:00,
e9002252-9a34-408d-97ff-e38207072227,2026-02-15,msg_00089,U3bae1603803a839c0cb52f511d9cb8f6,Ub278c98adbce362f495913ba0f728c9b,text,delivered,2026-02-15 05:49:57,
6b4a51c5-1f51-41d4-aa0d-7bfbd58e1a89,2026-03-03,msg_00093,U743849e63f8101ac616f8fd0ba84a167,U59acea8c64de654c0e1cec10934716e8,imagemap,opened,2026-03-03 07:37:37,
e3379299-ee44-4de8-959c-8ac62cc7ce77,2025-11-22,msg_00047,Ue7310890b01058478be93761a56d0aa0,Ub11dddd01aaeb2275fff8e64c082fb53,video,delivered,2025-11-22 01:21:25,
1d9e6f50-a3e3-4e72-8667-a89eea931224,2026-03-06,msg_00055,U3bae1603803a839c0cb52f511d9cb8f6,U7d5d0bd781254a5fcf5eb165dcd900e3,flex,delivered,2026-03-06 09:45:08,
26fa029f-0f90-42cb-94c1-d5f1f86388ca,2025-12-15,msg_00030,U3bae1603803a839c0cb52f511d9cb8f6,U7d77485255d9b42a0d43db453c2b8002,video,opened,2025-12-15 17:23:37,
d8c058c9-65c2-4847-95f2-04ca1b3fcc9a,2026-02-24,msg_00039,U743849e63f8101ac616f8fd0ba84a167,Ufe3e1e955d9edac30daea0b1fd39ab98,flex,delivered,2026-02-24 18:37:23,
f6e1f5f6-2887-440f-a6f0-c95179103bfc,2026-01-29,msg_00031,U3bae1603803a839c0cb52f511d9cb8f6,U353e2508f8b0fd3c4ea1f5491f3bfe7b,video,opened,2026-01-29 05:04:38,
2b122980-8d94-450e-95da-578f79d04772,2025-12-12,msg_00004,Ub0341314a5534ea92b26fa8adc30543f,3c9e69b7434271f3e91f2fec18ac761f,video,opened,2025-12-12 14:58:01,
3ed80392-ab2f-45fa-bf07-738d0c76cf7e,2026-04-01,msg_00072,U4784fc8a8e1e4eb2435ad84e0ad052f2,Uab6b71631a4883baa8e66ff051cb9762,image,opened,2026-04-01 03:04:02,
8b082033-6a8c-4702-bcff-c2345ada910f,2026-02-07,msg_00090,U4784fc8a8e1e4eb2435ad84e0ad052f2,Ub5f127c5234be51f6fc45e8e8bd13c06,imagemap,failed,2026-02-07 12:46:18,
abde5a10-facf-4235-85c3-4ed0996062b0,2026-02-15,msg_00006,U743849e63f8101ac616f8fd0ba84a167,Ufa49cb1078c47cff6fefcfcbd28727da,flex,delivered,2026-02-15 08:13:19,
0dd84153-6f20-4854-b774-1c134fbb89a2,2025-12-25,msg_00077,U743849e63f8101ac616f8fd0ba84a167,U03ef9f05b7590379a2d69b4baf3efac1,text,delivered,2025-12-25 09:00:26,
0e00c2c8-93cd-49bf-b7d1-67d5f979364f,2026-02-16,msg_00021,U743849e63f8101ac616f8fd0ba84a167,U6d43da5e5bfc74e9caaf4e34bdfc57de,flex,delivered,2026-02-16 21:17:36,
1b3ec1b9-a0a7-43e7-933c-18bd1fd79e95,2026-01-30,msg_00050,U3e5dd3a641c58ad50e49f095c6f1e306,U225c3d4e3377469e9e1d5e1a41d8f9bd,image,delivered,2026-01-30 18:09:40,
4acb421d-cba3-4ba1-95ee-958bc3896d58,2026-03-11,msg_00067,U7e808d11d6f9901a954a542a7ee09918,U808314c29db86ece39ab83a129881854,video,opened,2026-03-11 19:29:36,
f72f6c3e-6125-4eea-95e4-516e6f60d1cc,2026-01-12,msg_00012,U7e808d11d6f9901a954a542a7ee09918,Uf59e17f86fda6350f42cba9b4c8cd3d9,image,delivered,2026-01-12 14:30:00,https://example-saas.jp/campaign/spring
2f944af3-0081-42da-84e9-c8bbd9897131,2026-03-25,msg_00079,U743849e63f8101ac616f8fd0ba84a167,Uf687896e7edc5fdd423b8e87f8881f9b,text,delivered,2026-03-25 03:13:58,
86dc439c-bfde-4ca4-9c8d-c70eabccf348,2025-12-02,msg_00088,U3bae1603803a839c0cb52f511d9cb8f6,U7d8ae3c863a5998ddab75be653f88349,image,clicked,2025-12-02 14:06:57,https://example-saas.jp/campaign/spring
fa312e96-3140-4564-adbf-d8ca4c239356,2025-12-08,msg_00015,Ub0341314a5534ea92b26fa8adc30543f,U3117216dad4252e2b5a44ddc3b1776f4,text,delivered,2025-12-08 08:29:08,
a3eac95c-b4b2-4391-a27a-9c4c464acfaa,2026-01-18,msg_00102,U227d1cd1a801c367de206ec4bbca7330,U376551fb95c68817253c53228b35ba2d,video,delivered,2026-01-18 05:05:24,
86fc8f30-3337-4500-a14a-dea3a833357b,2025-11-23,msg_00024,Ue8d9224ecde331ce692edfce0b5ecdc4,U0f0da4efe9ab5a6502df588a66ce840d,text,opened,2025-11-23 05:03:04,
2290c4dd-3985-4a13-9d82-3bf72a5cd66c,2026-03-22,msg_00119,U3bae1603803a839c0cb52f511d9cb8f6,Uc56654999f8a58ef8cbda3926bab6bb0,imagemap,delivered,2026-03-22 14:18:17,
ace96767-097c-48a1-b225-898a8794d84b,2026-01-30,msg_00050,U3e5dd3a641c58ad50e49f095c6f1e306,U6aa9dadfccb88a757a8cb9cc77569b5c,image,delivered,2026-01-30 18:57:02,
50c2410c-d7cb-4452-b2ce-db5e23b6f369,2026-02-07,msg_00090,U4784fc8a8e1e4eb2435ad84e0ad052f2,U34c693816e7749d3f220dc2972956e65,imagemap,clicked,2026-02-07 11:10:44,https://example-saas.jp/lp/newmenu
c130c722-3159-46d6-a3fb-a1d74a2200c4,2025-12-09,msg_00094,U227d1cd1a801c367de206ec4bbca7330,Uca4821b344482e8caebaa6376317b23f,flex,delivered,2025-12-09 22:53:01,
c8a96dff-0f1f-4d09-9e8a-bec03b0d8fc3,2025-11-23,msg_00053,U743849e63f8101ac616f8fd0ba84a167,U34c0980d62d6b91815b76f869480b6d9,video,delivered,2025-11-23 23:32:34,
e6c86b79-479b-4d75-864b-b864e118f20a,2026-03-23,msg_00071,U3bae1603803a839c0cb52f511d9cb8f6,U7bcfefb611ebefd713850aeca11797ca,imagemap,delivered,2026-03-23 20:54:47,
3a71ae51-53ba-4cbf-9fb7-d3b84b4feab8,2026-04-05,msg_00054,U3bae1603803a839c0cb52f511d9cb8f6,U014331c9c2c2287977e2d4f831fe7d71,image,delivered,2026-04-05 22:27:40,
ec783972-1eca-461d-af9f-7aac40b64bf7,2026-02-15,msg_00087,U3bae1603803a839c0cb52f511d9cb8f6,U7dd4010aa6fc86f2582e511b329aa927,imagemap,delivered,2026-02-15 19:56:26,
dda1e005-6525-457d-b03e-8c4a9c2419f1,2025-12-21,msg_00022,U3bae1603803a839c0cb52f511d9cb8f6,U95f980444462c640b02936cebc137286,video,delivered,2025-12-21 06:54:13,
35546ac0-37a7-469f-9dfe-958bd8f6bb47,2026-01-09,msg_00052,U743849e63f8101ac616f8fd0ba84a167,U0ad67bb39c733f9b2c7444d26d7904c9,video,opened,2026-01-09 22:42:27,
a4e94545-079d-4756-9a4a-1b314c38a174,2025-12-03,msg_00012,U743849e63f8101ac616f8fd0ba84a167,U094c87bccc27ef6e94cee2b3584b2514,imagemap,blocked,2025-12-04 00:27:11,
d4ad4534-31c0-4ef2-b509-81db259e2315,2026-03-27,msg_00096,U476acbdef8e9a16d24575e4f6d7b0f31,U691c2072800b2820bf80a727ce5c267b,imagemap,delivered,2026-03-27 22:11:15,
c5bf8902-4960-4b88-bda0-c6fb326e9c0a,2026-04-10,msg_00101,U743849e63f8101ac616f8fd0ba84a167,Uc1e9f4384c9a3aa455eebff09e3ce985,imagemap,opened,2026-04-10 06:24:18,
0b77c43f-04ff-4da2-a387-83b88ef89d43,2026-01-14,msg_00081,Ue7310890b01058478be93761a56d0aa0,20cfc71266487f57828274c6bac0408c,video,opened,2026-01-14 19:35:22,
26b3ab41-2ce5-4c93-94f1-492e50f21376,2025-12-18,msg_00070,Ue9a1e8a5b83a6b296d43c957a8cfba4a,Ueef386108b924bf7ca1c00a61ffe3729,imagemap,delivered,2025-12-18 22:46:24,
769692f4-2f89-4559-9dda-494e1c04631d,2026-01-26,msg_00103,U3bae1603803a839c0cb52f511d9cb8f6,U11b95662e8c391279045631ea99af877,flex,opened,2026-01-26 04:23:01,
ebf24f2d-032f-44b4-8c96-c24bb80794f7,2026-02-24,msg_00111,Ub0341314a5534ea92b26fa8adc30543f,U152765a8b6ae140915c30a7d170b8243,flex,opened,2026-02-24 18:42:46,
d527594a-eff9-41ec-9a90-2835ba561f98,2025-11-19,msg_00019,U743849e63f8101ac616f8fd0ba84a167,U837ab7fa1f3087768d9a3f70cfcaebb3,flex,delivered,2025-11-19 16:49:09,
89136350-ba72-4589-b9ed-fc59dba97a61,2025-12-07,msg_00003,U227d1cd1a801c367de206ec4bbca7330,Uff58fc901ef71c6296f1e3d0ff59c5ff,image,opened,2025-12-07 05:26:59,
823225dd-aeda-4f99-93e2-03364aa8fa7d,2026-04-10,msg_00101,U743849e63f8101ac616f8fd0ba84a167,U7a373b4fdd763e1333f3ed8b540b56a1,imagemap,delivered,2026-04-10 12:43:32,
03d998fe-f5b5-41d3-920f-7098e0a688e6,2026-02-20,msg_00095,Ub0341314a5534ea92b26fa8adc30543f,U5689e2b52a6abbc788624037012debce,text,clicked,2026-02-20 16:10:16,https://example-saas.jp/survey
0cb92657-4f4c-4c1f-acc7-573ef0ffa49f,2026-03-29,msg_00097,Ub0341314a5534ea92b26fa8adc30543f,Uaf60233e5d7b740d9219e3fc76736435,text,delivered,2026-03-29 23:53:27,
e696cfee-b045-43d9-9fd3-758d38bbdeb9,2025-12-08,msg_00015,Ub0341314a5534ea92b26fa8adc30543f,U0d2fae47b090497500d7d100c395ec4a,text,delivered,2025-12-06 01:56:38,
3d8cd5d0-dc60-40cc-8ffd-daab2994c8ce,2026-02-14,msg_00098,U743849e63f8101ac616f8fd0ba84a167,Ud949106fe8fa9bec0e266125a375b457,imagemap,delivered,2026-02-14 00:04:31,
eb1b8ff4-290a-4e5b-b480-cb1176c57c23,2026-03-25,msg_00079,U743849e63f8101ac616f8fd0ba84a167,Uf428831991f6e6956e5486baefff2227,text,clicked,2026-03-25 02:05:36,https://example-saas.jp/campaign/spring
b7494e43-45e3-4e16-b089-78bc16101661,2026-01-20,msg_00108,Ub0341314a5534ea92b26fa8adc30543f,U3ed4381101d0d67ee0ccdf0bdd27108c,flex,delivered,2026-01-20 16:29:14,
4164a206-e36e-49cf-86f3-16a220191b29,2025-12-18,msg_00114,Ub0341314a5534ea92b26fa8adc30543f,U213955192c253acd638f44d3431f7a6d,flex,delivered,2025-12-18 23:00:57,
0bc316e2-c694-4a96-bfb4-77b295d0f328,2026-02-20,msg_00017,U22a93bc29b1df104af6b1ba1cd91fc56,e554340f4ccfe7ab63950133f2bd6035,video,opened,2026-02-20 07:53:06,
b107a5eb-271b-46c5-a8fb-88f547d698d7,2025-11-22,msg_00047,Ue7310890b01058478be93761a56d0aa0,U357d73bc4c4ff25f0f7d4403d222bd93,video,clicked,2025-11-22 02:48:31,https://example-saas.jp/coupon/500off
57985e65-676d-4bc1-a65c-1efa8842fd89,2026-03-31,msg_00046,U4784fc8a8e1e4eb2435ad84e0ad052f2,U9456236d70ade4259e17f5c4501dd176,flex,clicked,2026-03-31 21:56:42,https://example-saas.jp/survey
6da7fbad-a2e1-4f9b-9475-5167bb82bd08,2025-12-19,msg_00118,U4784fc8a8e1e4eb2435ad84e0ad052f2,U7c2341fa8f1c6c519fb9cbaf26881c27,image,delivered,2025-12-19 02:00:06,
6e61a5b6-1d26-46da-bb5a-9efa082a9181,2025-12-19,msg_00064,Ub0341314a5534ea92b26fa8adc30543f,Uae41bffcd7533bd5c4f10cad30b9a8e6,image,failed,2025-12-19 19:09:14,
5e56897d-9b36-46ed-ae68-a7ad55c4e253,2026-03-20,msg_00092,U743849e63f8101ac616f8fd0ba84a167,U0504255a3439d6316010c5fb6878e994,video,opened,2026-03-20 11:50:40,
7efc8b27-2a3d-4d64-999b-2345a51a279f,2025-12-07,msg_00003,U227d1cd1a801c367de206ec4bbca7330,Uc9852dd22011f29aca3c3c839a642d6c,image,delivered,2025-12-07 15:14:07,
bd1486e3-72f7-47a8-b66f-8c73d402f47d,2026-02-14,msg_00098,U743849e63f8101ac616f8fd0ba84a167,U4dddab4881c4e573e0e2aa013493de37,imagemap,opened,2026-02-14 03:08:56,
e56c7a27-e4bb-4a7b-81fa-e91d7d3d77f9,2026-02-15,msg_00087,U3bae1603803a839c0cb52f511d9cb8f6,U011962b917f2a9831d9e9b8f09b124a7,imagemap,delivered,2026-02-15 17:38:45,
88ecd2a9-506d-49f4-8d97-61c6c625cede,2026-02-20,msg_00095,Ub0341314a5534ea92b26fa8adc30543f,U05ba6a1854d4b5237892543ec27f12d0,text,delivered,2026-02-20 16:39:21,
9663bd8c-afee-4f75-9348-6f7b23736e2d,2026-02-10,msg_00058,Ue9a1e8a5b83a6b296d43c957a8cfba4a,Uc6f54c5ff60d6a0b8805e5375d19ffee,video,delivered,2026-02-10 10:48:52,
54d1ebed-cfd8-4677-a636-79d244639959,2026-03-25,msg_00079,U743849e63f8101ac616f8fd0ba84a167,415eb67d6b74a90010e63d922adc10df,text,opened,2026-03-25 01:41:20,
27a28cb9-3744-4eab-8ed9-d01c3777acc3,2026-03-27,msg_00096,U476acbdef8e9a16d24575e4f6d7b0f31,U43d9896e730d0e6f9e10be194e0d4afc,imagemap,delivered,2026-03-27 00:59:31,
431f3f61-0c12-44cc-8b9b-fb7d52305fb1,2025-12-23,msg_00061,Ub0341314a5534ea92b26fa8adc30543f,1530a73dee7cbc56fa1a8007a6caa99f,imagemap,delivered,2025-12-23 23:26:17,
f13253a6-fc7c-4aef-b35a-fdc903092ae0,2026-01-24,msg_00066,U3bae1603803a839c0cb52f511d9cb8f6,U1aa53b8c3112bf64c601c198a52a155a,image,opened,2026-01-25 00:20:08,
24be1e76-ccb5-4261-8a36-990070ab4b6a,2025-12-31,msg_00082,U227d1cd1a801c367de206ec4bbca7330,Ub2e376315bf3e2816c420bbb8dc3018f,imagemap,opened,2025-12-31 05:36:08,
cdf3e0ed-a0d9-417b-8a13-93d68f26f746,2025-11-16,msg_00011,U837b70463a585f85743b5bfb3b49c9fd,U4beb39f1ac34861d2817c69c8bb53701,flex,delivered,2025-11-16 08:36:38,
7b543a19-609f-4d94-a8d4-6fee16252514,2026-01-07,msg_00110,Ub0341314a5534ea92b26fa8adc30543f,U35fb77e46d1a4c81168f051d405f4cfc,video,delivered,2026-01-07 21:09:29,
6ef774cb-c0f8-462c-8200-505be52996b8,2026-02-14,msg_00042,U3bae1603803a839c0cb52f511d9cb8f6,Ub8d81d6407e8b95a9e748627e8cc933c,video,delivered,2026-02-14 10:30:07,
f8b75110-335e-47ad-9bfb-974db44c958e,2025-11-23,msg_00053,U743849e63f8101ac616f8fd0ba84a167,Ub1021edb3dbd8b0429426f513f683a59,video,delivered,2025-11-23 11:48:06,
db9958c3-7867-497b-8e3c-27b7e0048be9,2026-04-01,msg_00072,U4784fc8a8e1e4eb2435ad84e0ad052f2,U1cff8f9689ed397c6ba37b89d36999a7,image,delivered,2026-04-01 08:03:05,
f6948b99-0973-4eca-a5fa-977bcc75a4e3,2026-02-10,msg_00058,Ue9a1e8a5b83a6b296d43c957a8cfba4a,U3ea3cd31b64f904d92aedbed97e9050d,video,clicked,2026-02-10 22:29:55,https://example-saas.jp/campaign/spring
685a862a-4078-459d-b239-228b52a64c21,2025-12-21,msg_00022,U3bae1603803a839c0cb52f511d9cb8f6,Ua125f1dd2d798ec2218be5fed29c79a9,video,delivered,2025-12-21 12:05:36,
3bfdbe4f-bdb5-4478-999e-d972afc72098,2026-02-07,msg_00090,U4784fc8a8e1e4eb2435ad84e0ad052f2,Udfc57b226036ca71b74742fee1f83991,imagemap,delivered,2026-02-07 13:17:50,
ecbfaa87-9286-47c4-ae48-e8e70db6fac9,2025-12-21,msg_00022,U3bae1603803a839c0cb52f511d9cb8f6,U48a100e615c57dbc010a523ed66149a6,video,delivered,2025-12-21 21:18:36,
413b8ed7-92b2-476a-b46a-97e873da3d7d,2025-12-02,msg_00088,U3bae1603803a839c0cb52f511d9cb8f6,U9f2ff72c7415de6ee47f8ceb1394aade,image,delivered,2025-12-02 06:19:21,
ec734c40-4b9e-4233-8db9-eee101be8b5d,2025-12-18,msg_00070,Ue9a1e8a5b83a6b296d43c957a8cfba4a,U7d3e25482bdf553e1ec9dc4e4689ac6e,imagemap,opened,2025-12-18 17:32:54,
000da451-4748-4959-8277-5737edde2182,2025-11-23,msg_00053,U743849e63f8101ac616f8fd0ba84a167,0dfe38153ac9111c609fcbae830c0bf2,video,delivered,2025-11-23 20:51:25,
c280a3fb-8d82-4428-ab21-f5d20f5b3d7f,2026-02-15,msg_00087,U3bae1603803a839c0cb52f511d9cb8f6,U661b146e919080d17897e7ba5e99e583,imagemap,delivered,2026-02-15 00:31:53,
3ebdd35b-529d-4dfd-8c3e-e8b8fddccb52,2026-03-18,msg_00080,U22a93bc29b1df104af6b1ba1cd91fc56,U95c7f447de69ef290a7eeaeb9e623529,flex,delivered,2026-03-18 14:36:30,
8b96f3b7-cf0f-487b-964c-f4a5158e51fc,2026-02-25,msg_00008,Ub0341314a5534ea92b26fa8adc30543f,U51d8ddf2df2695d8e9497724bbf998f5,image,delivered,2026-02-25 11:23:16,
2c82d8db-d57c-4d0c-9f99-ef22297471fc,2025-12-03,msg_00012,U743849e63f8101ac616f8fd0ba84a167,e72f25ce9d943b8f228171d71e6d67a7,imagemap,delivered,2025-12-03 19:36:20,
2383d50a-41a0-42af-af0d-df5855589da9,2026-02-24,msg_00111,Ub0341314a5534ea92b26fa8adc30543f,6e8e6bd39109949d54246f2cf5d416d8,flex,delivered,2026-02-24 19:35:51,
eeba0f41-4ea6-4f84-b3d5-1b13db707546,2025-11-23,msg_00024,Ue8d9224ecde331ce692edfce0b5ecdc4,U9888b2da8761d215e3998de3313d2bce,text,delivered,2025-11-23 08:15:59,
7579260e-a486-4087-8079-88d8655db7d3,2025-11-30,msg_00025,Ub0341314a5534ea92b26fa8adc30543f,U2ab64b9f1c14afe29314e39cb67b75cf,imagemap,opened,2025-11-30 02:49:18,
8a32537c-b7ae-475b-bfd8-9a0a61ac0afa,2025-11-17,msg_00099,U3bae1603803a839c0cb52f511d9cb8f6,U409103163ef560284e0a20faf5cfdf2f,text,delivered,2025-11-17 05:51:20,
eb32d5a6-a8ac-4107-9495-d6dc30134acd,2025-12-07,msg_00003,U227d1cd1a801c367de206ec4bbca7330,Ubbc487c9100559e53a784024b1190beb,image,opened,2025-12-07 19:13:32,
d0042cc5-e8f2-404c-ab38-7b74717dd883,2025-11-16,msg_00020,U3bae1603803a839c0cb52f511d9cb8f6,87eef4b2db2113ef407722a29dd014fa,text,delivered,2025-11-16 23:35:22,
6eab7e34-0cf4-4429-9995-b032d396abbc,2026-03-20,msg_00092,U743849e63f8101ac616f8fd0ba84a167,U6b5e0978e66f8cd77c7c2743b346a059,video,delivered,2026-03-20 12:33:19,
29a13e51-d64b-46e6-851e-f451410cabfb,2025-12-23,msg_00109,Ue7310890b01058478be93761a56d0aa0,U43cec7c21f78ba902ec8a8fa4c34e6ed,text,delivered,2025-12-23 15:56:25,
78f3887d-01e6-4cc4-b028-5fb01ef2bd48,2026-02-20,msg_00036,U879eb903ad90cd9c2874f6df7651267a,U43ff2e020b1541c5da428ee95a238213,video,opened,2026-02-20 05:26:38,
af3a94d7-e200-4ae2-ba0a-e6d74fe53f6e,2026-04-04,msg_00049,U476acbdef8e9a16d24575e4f6d7b0f31,Uda8f36b81ae62830d14690e1a942541e,text,opened,2026-04-04 09:25:16,
530a01ca-e04a-42c3-b521-df5d551884f3,2026-02-20,msg_00048,Ue7310890b01058478be93761a56d0aa0,Ue4af42c986a4a867b53ce91dd86d3634,flex,delivered,2026-02-20 05:54:57,
bd85b195-90f0-4895-8a22-95080b627249,2026-01-13,msg_00060,U3bae1603803a839c0cb52f511d9cb8f6,U9edbbbc8abaf158020960fd09c6724ff,image,delivered,2026-01-13 01:09:50,
a27362d7-6f29-4d75-8930-dfb44234f8c5,2026-03-26,msg_00040,U3bae1603803a839c0cb52f511d9cb8f6,U98e376d953602b645eb194df5d1d5012,imagemap,delivered,2026-03-26 04:51:57,
e056e236-ebef-4c8d-8dfc-15c7af4151d6,2026-02-10,msg_00058,Ue9a1e8a5b83a6b296d43c957a8cfba4a,Ub54608ea36adce30b102f3b0c4c44857,video,clicked,2026-02-10 06:18:20,https://example-saas.jp/lp/newmenu
ae5969d6-4491-443f-b225-51fdcd0aff71,2026-03-29,msg_00097,Ub0341314a5534ea92b26fa8adc30543f,Uf49a794482a7c7b834f18df18f2126ef,text,delivered,2026-03-29 01:59:50,
9ca4c026-5618-4cfc-904b-880cb57e1b9c,2025-12-25,msg_00045,Ue7310890b01058478be93761a56d0aa0,U3051856a95f3e5267cc981bef0648b48,video,delivered,2025-12-25 07:04:33,
d1d2bdbc-379c-4e49-a3be-a29fe57689b0,2026-02-24,msg_00111,Ub0341314a5534ea92b26fa8adc30543f,U6da6d341858d6f373b0b8889ca71fbd5,flex,opened,2026-02-24 09:54:26,
cbc984cf-a6ff-40fb-9c53-8b9507fbe76c,2025-12-23,msg_00061,Ub0341314a5534ea92b26fa8adc30543f,Uf5d9be2780838c4401b3802d91588727,imagemap,opened,2025-12-23 15:48:18,
866d3867-93fc-4c66-a130-e3326e122045,2026-01-07,msg_00110,Ub0341314a5534ea92b26fa8adc30543f,U48472fe547d020ff8b5a5b9c5f7b81ba,video,delivered,2026-01-07 05:44:40,
d05631a3-b2f2-4c0c-b68a-0ffb33b1fbbf,2026-02-20,msg_00048,Ue7310890b01058478be93761a56d0aa0,U86f0cdaf7eeec24391d379873c3c58e4,flex,opened,2026-02-20 05:23:50,
822590c4-007d-49a7-830d-57fd6831be0c,2025-12-18,msg_00114,Ub0341314a5534ea92b26fa8adc30543f,Ub991c3f5bb2f7fb33b172c2fb6ee6b1c,flex,delivered,2025-12-18 19:36:01,
ebc7e024-f845-447b-84f8-9810ab29d651,2026-01-30,msg_00050,U3e5dd3a641c58ad50e49f095c6f1e306,U2b9bdb499f0043296f15acea97f1da3f,image,clicked,2026-01-30 10:48:56,https://example-saas.jp/survey
3086e939-ea83-4314-8a4e-050d9b911b0b,2025-11-17,msg_00099,U3bae1603803a839c0cb52f511d9cb8f6,U927aae941b6d24bad45dc6619a625dca,text,delivered,2025-11-17 15:33:27,
68908426-0ece-448e-88ad-a4fcb80e9c3e,2026-02-15,msg_00087,U3bae1603803a839c0cb52f511d9cb8f6,U446cad11e811c44b854049537f7a1a1a,imagemap,opened,2026-02-15 04:09:11,
ce01906e-5258-47ae-a665-1561aace479f,2025-12-18,msg_00114,Ub0341314a5534ea92b26fa8adc30543f,U04702eaf2c53bb7950bf36f1463544e9,flex,delivered,2025-12-18 09:19:11,
7b105323-1331-4a91-8514-79ad2a4444b8,2026-03-26,msg_00040,U3bae1603803a839c0cb52f511d9cb8f6,U188f16bd05e776ebc3e69b074a860bf1,imagemap,opened,2026-03-26 13:26:02,
67acbe95-db9b-47f9-be4e-f3ed4b0d6452,2026-04-01,msg_00072,U4784fc8a8e1e4eb2435ad84e0ad052f2,U1f0f7eefe25bb6f6d7f6e51ca356ee52,image,delivered,2026-04-01 05:24:19,
d17c552d-a5f6-4498-979a-5bbfe030e4e2,2025-11-21,msg_00010,Ue7310890b01058478be93761a56d0aa0,U6da5ad95f57e520ad08b933f22edbc32,imagemap,clicked,2025-11-21 09:13:06,https://example-saas.jp/coupon/500off
d67a8ecf-d96b-4b68-a2b6-22e1c02f15c2,2025-12-21,msg_00022,U3bae1603803a839c0cb52f511d9cb8f6,U7d9a6f196b863fdb8190f6b23d6905a0,video,delivered,2025-12-21 19:40:16,
7494ae56-5456-4a07-9828-88d3e4519e37,2026-02-10,msg_00058,Ue9a1e8a5b83a6b296d43c957a8cfba4a,Uef9c798ec073268048cea0c0ab375ebc,video,delivered,2026-02-10 20:56:43,
56faf492-74fc-45e1-aeb2-0d53407d6f50,2026-01-24,msg_00113,Ub0341314a5534ea92b26fa8adc30543f,U64893487dab04332888823c72845c76c,text,opened,2026-01-24 10:29:00,
29ba8854-43fc-4b1d-913f-643b2efc8d58,2025-11-27,msg_00018,U3e5dd3a641c58ad50e49f095c6f1e306,U5e29fef492161293c1773719f4f3bb82,imagemap,delivered,2025-11-27 15:55:06,
44a9b8ad-093b-4535-a209-57f29da05610,2025-12-23,msg_00109,Ue7310890b01058478be93761a56d0aa0,U8ca565e171f5f0920c7caa7733f999c3,text,delivered,2025-12-23 09:12:44,
45fb3f8c-c3bb-4e50-a5ee-d04133f04a2b,2025-12-08,msg_00015,Ub0341314a5534ea92b26fa8adc30543f,Ube4774006cd4f54ccffb58a6441b333c,text,delivered,2025-12-08 09:52:36,
2d61435a-7ac1-45ad-b0af-63b9c5cdbbcc,2026-04-01,msg_00072,U4784fc8a8e1e4eb2435ad84e0ad052f2,Uf7673f9d152ff233a4b10d34d8392037,image,opened,2026-04-01 19:46:18,
c7a43690-67a0-403d-8b42-cd867011f466,2026-01-26,msg_00115,U3bae1603803a839c0cb52f511d9cb8f6,Uad31a07a2a81156ffaab11b907ff1239,imagemap,opened,2026-01-26 05:29:08,
65780bf4-da66-416c-aafc-81f3a8954b70,2025-12-18,msg_00070,Ue9a1e8a5b83a6b296d43c957a8cfba4a,Uf01f816cbd088b724c947991378ebdf6,imagemap,delivered,2025-12-18 10:38:00,
f01c1137-7a48-4e22-a45d-556b8057f4a2,2025-12-19,msg_00118,U4784fc8a8e1e4eb2435ad84e0ad052f2,U15eff2443af0e6ba33bed282b8fa30d0,image,opened,2025-12-19 11:19:54,
e5407502-34a2-4da4-828a-5e022473acf9,2026-03-20,msg_00092,U743849e63f8101ac616f8fd0ba84a167,Uc8aa7ea7e00aafbc7b60a7d7a13d6d9f,video,opened,2026-03-20 05:44:43,
5fb377e9-8ec3-4b1d-a67d-3a5665781e4e,2026-01-24,msg_00066,U3bae1603803a839c0cb52f511d9cb8f6,53c8e32f3918bb582f3f33860a025da7,image,clicked,2026-01-25 01:25:21,https://example-saas.jp/coupon/500off
bf74fbdd-a708-42fa-95bc-9f5e07c4d32b,2026-04-01,msg_00072,U4784fc8a8e1e4eb2435ad84e0ad052f2,U3384094364e8a257550c94abf237db07,image,clicked,2026-04-02 00:14:18,https://example-saas.jp/coupon/500off
093c30ae-4d14-408f-aa45-ddb630241dad,2026-01-14,msg_00081,Ue7310890b01058478be93761a56d0aa0,U66eb37325fa2f9185d4058ce76351c1c,video,failed,2026-01-14 14:08:31,
9915d98c-1f15-4870-bd68-ca4e5d798132,2026-03-16,msg_00002,U3bae1603803a839c0cb52f511d9cb8f6,U3a0bbbea5c9da1f8f13c29a57d6aee3d,text,clicked,2026-03-16 07:01:28,https://example-saas.jp/survey
70cf7450-600f-4e15-b59a-493229cef88e,2026-03-20,msg_00057,Ub0341314a5534ea92b26fa8adc30543f,U2f487dabc5fe6dda6f76203cbdd03791,video,opened,2026-03-20 03:50:00,
1ae100a7-8d71-472c-bd06-6b4ac0d25a04,2025-11-17,msg_00099,U3bae1603803a839c0cb52f511d9cb8f6,U359089f5f13019c2a57564e8832c7f79,text,opened,2025-11-17 20:23:36,
ffe5a6cb-042a-421c-a4c6-fbb32d058243,2026-02-15,msg_00006,U743849e63f8101ac616f8fd0ba84a167,U2e31fdd8a5e4a4b6f54adc98891e8a5b,flex,delivered,2026-02-15 18:04:26,
5ec1007c-ba01-4438-a189-eff05ed7db97,2026-03-14,msg_00009,U743849e63f8101ac616f8fd0ba84a167,Ub075af3cfce6ff945b46ef2cb0a43c9a,imagemap,delivered,2026-03-14 06:06:33,
b18719c5-fe1f-4ac1-9479-9c9fbe31e5a4,2026-03-04,msg_00056,U1ca413826b7044d134c9c3132420c9de,Ue381ce40e0cbf9e13c95623f82037b96,text,delivered,2026-03-04 12:03:30,
0f235502-61ef-4dde-8a3a-7ad0fcbcc4c1,2026-03-29,msg_00097,Ub0341314a5534ea92b26fa8adc30543f,U53c095d0f77b10f9877a6be40f59ce67,text,delivered,2026-03-29 10:06:04,
dc0b34b5-d2c8-432a-bb8d-2a40a043c502,2026-01-31,msg_00035,U7e808d11d6f9901a954a542a7ee09918,U23cd742b76dd42261079bf0f4f71643e,text,delivered,2026-01-31 13:41:32,
905083c6-d3d7-48e1-9cbc-9261239ee1b4,2025-11-21,msg_00010,Ue7310890b01058478be93761a56d0aa0,U49fefe62bdd1df105f0c2031ffb68a8e,imagemap,opened,2025-11-21 16:24:22,
556dad9b-210f-47c2-8271-185072d9fe69,2026-04-05,msg_00054,U3bae1603803a839c0cb52f511d9cb8f6,U8da728aab105ad9f2c8b025c7a0570f8,image,opened,2026-04-05 19:20:21,
c6df80cc-2115-4ed1-8bca-eb24681c281b,2026-04-10,msg_00101,U743849e63f8101ac616f8fd0ba84a167,U8602ef5b61294cb8d4d89c68529d506c,imagemap,opened,2026-04-10 11:39:55,
998c0f01-7abc-4cdc-b75f-8266a68ee567,2026-01-17,msg_00037,U7e808d11d6f9901a954a542a7ee09918,Ub67960fba1be45e8611008a0fae551ab,text,delivered,2026-01-17 11:50:18,
f0726c16-2e9f-4c12-94b5-d7aded10abdc,2025-12-18,msg_00070,Ue9a1e8a5b83a6b296d43c957a8cfba4a,U3712d36bab25ffd7682ef9f325ba9d18,imagemap,delivered,2025-12-18 03:53:39,
1e17fa64-9752-4c6f-8a90-f6f300f883a4,2026-03-18,msg_00080,U22a93bc29b1df104af6b1ba1cd91fc56,Ue45539692832f1a7841fcd0e527ddaa3,flex,opened,2026-03-18 17:55:28,
32b007c6-0b80-484e-af57-7c67eef02883,2026-02-14,msg_00065,U743849e63f8101ac616f8fd0ba84a167,U7604ec776df728c4b01d0f414c479a66,image,delivered,2026-02-14 13:29:23,
e02957b8-f29b-4d1b-bc99-6abbb80c0745,2026-02-01,msg_00075,Ub0341314a5534ea92b26fa8adc30543f,12c61a779465e930076f8496989c0b89,imagemap,delivered,2026-02-01 22:32:52,
8ab92dea-71a2-4f1d-902f-462a77c2e286,2026-03-20,msg_00092,U743849e63f8101ac616f8fd0ba84a167,39dcefb23f80aff85ff146b5aa345a5b,video,delivered,2026-03-20 01:25:39,
70a1a9ff-c254-49be-a7e8-5b3df61ba4d4,2026-01-01,msg_00027,U4784fc8a8e1e4eb2435ad84e0ad052f2,U9f796dd280e6294543817cdeb86c3a82,image,delivered,2026-01-01 21:13:45,
9b227d88-1382-4534-bb3a-13e0537392a5,2026-02-14,msg_00042,U3bae1603803a839c0cb52f511d9cb8f6,U0464e95dfecea993eb6afb1933f7fc40,video,delivered,2026-02-14 06:13:56,
4ed0e425-e3b0-476e-a375-3ce7510312de,2025-12-25,msg_00077,U743849e63f8101ac616f8fd0ba84a167,Ub5cfbed00fadb0e4a70e407c2b4bfdb6,text,opened,2025-12-25 05:52:19,
0fb530ed-7ebe-488f-9438-58e128f99326,2025-12-23,msg_00061,Ub0341314a5534ea92b26fa8adc30543f,589ea76392ae1155d3ea04e7bef91f5d,imagemap,clicked,2025-12-23 02:46:21,https://example-saas.jp/coupon/500off
f66bef74-aa15-4601-9cc5-8203ce54232b,2026-04-06,msg_00051,U3bae1603803a839c0cb52f511d9cb8f6,U4c3be0317d331882d19e4a68980ae3b8,flex,CLICK,2026-04-06 06:29:26,
d7226e97-3353-49d5-902b-28ed23de682e,2025-11-23,msg_00024,Ue8d9224ecde331ce692edfce0b5ecdc4,U7c894d59b9815242eb95d656c9c65b72,text,opened,2025-11-23 17:35:21,
6c135887-7e99-4271-ba33-098189e4573c,2026-01-26,msg_00115,U3bae1603803a839c0cb52f511d9cb8f6,U37b2305e655611166bcdfd106299f8e8,imagemap,delivered,2026-01-26 00:46:51,
e8888297-53af-4adc-8697-fb9549a141fb,2026-03-25,msg_00079,U743849e63f8101ac616f8fd0ba84a167,U53a9c0dc915c901302d832c49c445a26,text,opened,2026-03-25 07:53:55,
3100b062-e526-47d3-a801-e7102f8fc2e8,2025-12-23,msg_00109,Ue7310890b01058478be93761a56d0aa0,U15ef586e51363b191ef75d17a9ce1d9d,text,opened,2025-12-23 05:14:52,
41fb70c4-12b4-457e-b7c2-ff3f816147e9,2026-02-20,msg_00017,U22a93bc29b1df104af6b1ba1cd91fc56,U91d68a5014e11f00acf1db2bd5eaf747,video,delivered,2026-02-20 23:29:54,
6f014ee9-be00-4da7-bf2d-73c1d7e7ae9c,2026-01-26,msg_00086,U4784fc8a8e1e4eb2435ad84e0ad052f2,Uedfbb13df74e0d989827ad3a64292b0a,text,opened,2026-01-26 16:55:53,
3d63941c-d539-489d-b05c-dec8008dd1b6,2025-12-24,msg_00091,U3bae1603803a839c0cb52f511d9cb8f6,Uf93f6f294f9a4eb641d5de94cf1b4797,imagemap,delivered,2025-12-24 09:41:29,
9393f08a-fc0e-4d1a-b735-a3decb720164,2026-03-23,msg_00116,Ud4a92c8c8050eed40ef171cc2784d638,Ub6863cd674f33859f6c3eb603d9b7b97,text,delivered,2026-03-23 22:24:44,
7590c42c-e00d-41cf-bdfd-64f232fd3fbc,2026-03-27,msg_00096,U476acbdef8e9a16d24575e4f6d7b0f31,U394d5a34b676606b4caf633ed7992f32,imagemap,delivered,2026-03-27 10:53:29,
5fd1a7be-f5de-43e9-92f2-d0d63ca33657,2025-11-30,msg_00025,Ub0341314a5534ea92b26fa8adc30543f,U1878fd814249f825487b0d77bcc7fdd4,imagemap,opened,2025-11-30 10:38:14,
1043d649-b47f-4c84-8cff-78ba72a9c3dc,2026-03-21,msg_00023,U743849e63f8101ac616f8fd0ba84a167,4f57359fcb49a33c3be952f03d9787c2,imagemap,opened,2026-03-21 09:35:31,
7043a96b-11a3-4c3d-bde6-7d82a6c6a266,2025-11-24,msg_00033,U3bae1603803a839c0cb52f511d9cb8f6,U45fde5bc4551d624be15d24870caa707,text,delivered,2025-11-24 04:33:00,
3648aaeb-6c22-4071-84e7-4a336f19d98b,2025-11-22,msg_00047,Ue7310890b01058478be93761a56d0aa0,Uc3d3b3a544612f007c2eadf1d599f792,video,delivered,2025-11-22 02:59:20,
2b370731-f9e8-48fa-8491-45449a4d9765,2026-03-31,msg_00046,U4784fc8a8e1e4eb2435ad84e0ad052f2,U7700b7dfa39172a13667ed2ebe27e99c,flex,delivered,2026-03-31 08:43:49,
2fbc9133-4127-4e4c-9bd4-d77bd7b13e68,2025-12-03,msg_00012,U743849e63f8101ac616f8fd0ba84a167,U7a542d0338a7f2ba27c252457f6ed497,imagemap,delivered,2025-12-03 22:56:42,
1d41e137-5475-4b49-b4ac-bf9501981bbb,2025-12-23,msg_00061,Ub0341314a5534ea92b26fa8adc30543f,Uc3584c1ea8612c0d686aec4174e34eb4,imagemap,opened,2025-12-23 23:50:12,
21cbf06b-6bd7-4284-b633-28c3e75d3c8e,2026-02-08,msg_00051,U3bae1603803a839c0cb52f511d9cb8f6,e022d9091a9392271eb93fdc0ea44b5e,image,blocked,2026-02-08 23:06:07,
fe7e414c-6429-4492-8741-b5ab2eea554a,2026-01-20,msg_00108,Ub0341314a5534ea92b26fa8adc30543f,U14ade3ded1762af4878b3bbf3bfba974,flex,delivered,2026-01-20 06:39:08,
062a8f7f-4e4c-49b2-b604-2d7c198ab087,2026-01-24,msg_00113,Ub0341314a5534ea92b26fa8adc30543f,U29a6682cc62c757780240a794aaa96b4,text,delivered,2026-01-24 09:49:53,
86d22b70-7aff-4bae-bb3a-b3eb001f0b2e,2026-01-24,msg_00007,Ub0341314a5534ea92b26fa8adc30543f,Ud6867cc89fc12c258190e94b8004dc72,imagemap,opened,2026-01-24 01:42:52,
f5152ec6-2e9d-48f6-945c-caa8c6bed1c7,2026-03-04,msg_00056,U1ca413826b7044d134c9c3132420c9de,Uba7895bf7db2440e8c02c8278f94d883,text,delivered,2026-03-04 12:13:43,
f34ebfca-cfd2-4674-b755-10ae29207d04,2026-03-05,msg_00014,U3bae1603803a839c0cb52f511d9cb8f6,Ud10b664a0c8af597e752e5168e50ceef,flex,clicked,2026-03-05 06:35:23,
56624cd2-1b29-4afc-bc4e-58bff2aa46ad,2026-03-06,msg_00055,U3bae1603803a839c0cb52f511d9cb8f6,Ud1759437126b2a52a4778f661f60b902,flex,opened,2026-03-06 18:20:51,
35342d32-2703-47bc-987b-5dda698eab23,2026-04-10,msg_00101,U743849e63f8101ac616f8fd0ba84a167,Ue16f9878b429a6685659cc1eddcbda40,imagemap,delivered,2026-04-09 21:14:18,
ba617306-753e-441a-8226-02b960693c43,2025-11-17,msg_00034,U743849e63f8101ac616f8fd0ba84a167,U10f5aef0c36ef036801019dda00c93f6,text,delivered,2025-11-17 10:01:07,
f9e561e1-8f75-48bf-a6f9-cdf1532fabd2,2025-11-23,msg_00053,U743849e63f8101ac616f8fd0ba84a167,U1d852cc368264725d0ffbb7fa9b18ff3,video,opened,2025-11-23 03:35:30,
c9bbecd4-a325-4264-8dec-e75b36866211,2026-02-15,msg_00089,U3bae1603803a839c0cb52f511d9cb8f6,U47249edd631e734be509a1098ec31d7c,text,delivered,2026-02-15 19:50:29,
2f1e32d0-1193-49fa-bd9c-d006d35bed16,2025-11-23,msg_00053,U743849e63f8101ac616f8fd0ba84a167,Ue2b9a40a3f8a12e96909211d46556c32,video,opened,2025-11-23 10:47:30,
e3cd5637-d982-4958-8755-2c7e68710940,2025-11-24,msg_00033,U3bae1603803a839c0cb52f511d9cb8f6,Ua89d4472433ba11e99b23eebf14832be,text,clicked,2025-11-24 11:55:58,https://example-saas.jp/coupon/500off
fd5cd090-3853-4204-92e4-0e8080c68bd1,2026-02-15,msg_00006,U743849e63f8101ac616f8fd0ba84a167,U44352ee4530fb4d0432d1f440c799cea,flex,delivered,2026-02-15 00:54:55,
2a0cfa9c-19bd-4537-81ff-91c93eb254ab,2025-11-19,msg_00019,U743849e63f8101ac616f8fd0ba84a167,Ufa7a2d5e20e6298cf062fe820fe619c5,flex,delivered,2025-11-19 19:17:51,
50a5aad9-e522-4ec6-aa46-13ffd4f19e68,2026-01-26,msg_00115,U3bae1603803a839c0cb52f511d9cb8f6,Uba08b14537c9b6d341d0aab8f7c27dd2,imagemap,delivered,2026-01-26 08:51:51,
6e91850b-7629-459a-af3a-22bcca851197,2026-03-25,msg_00079,U743849e63f8101ac616f8fd0ba84a167,U25cc71d94725353e0c5f786cd5a47d14,text,delivered,2026-03-25 15:08:09,
d2e694d7-c2bc-4bf6-bb48-04c92196e1f8,2026-03-05,msg_00014,U3bae1603803a839c0cb52f511d9cb8f6,U6cf389f036eaac9a58b6629d87fe0e1a,flex,delivered,2026-03-05 02:17:07,
c3b3b703-5cb7-4a40-aff2-f946537108c8,2026-02-19,msg_00016,U837b70463a585f85743b5bfb3b49c9fd,U02320f3e916aa8aba70e8deb645aae0e,flex,opened,2026-02-19 13:33:39,
04cc3697-7c37-42a5-ac67-6863724df9ff,2026-04-01,msg_00072,U4784fc8a8e1e4eb2435ad84e0ad052f2,U6c232bd987efb36e8b3e572c22e6aeba,image,opened,2026-04-01 11:54:04,
1eb6fa3b-5ac1-475f-b0d8-f9e08d031d51,2025-12-12,msg_00004,Ub0341314a5534ea92b26fa8adc30543f,U567ccc01b17509e5f6267c5a951c5512,video,opened,2025-12-12 22:39:38,
7e673a26-4433-4699-9cbe-72d39f1ea67b,2026-02-15,msg_00087,U3bae1603803a839c0cb52f511d9cb8f6,U6d3fd55946f5df8e76aced278c141bc9,imagemap,delivered,2026-02-15 01:39:27,
63379891-ed72-4b76-a579-7c9b5c0e7f9c,2025-12-03,msg_00012,U743849e63f8101ac616f8fd0ba84a167,U25bda2c1cf28ef539b67436372d16cac,imagemap,opened,2025-12-03 03:46:45,
f57d2384-89cc-430c-90ab-180eae1a9725,2026-03-12,msg_00084,U68d2301028fb66b51d9111f1af067e34,Ua3d20bf8212f65222772d96c1357f2ad,video,opened,2026-03-12 07:52:18,
f431bec0-21ea-476c-a0ed-39df29eefe93,2026-03-27,msg_00096,U476acbdef8e9a16d24575e4f6d7b0f31,1b25f2d38fd0fee902594b8d596aa254,imagemap,delivered,2026-03-27 14:20:07,
c9e33457-38b9-4d9c-86d5-e2f768d303a3,2026-01-30,msg_00050,U3e5dd3a641c58ad50e49f095c6f1e306,U83cbaa0acef4e4932a9aed4f5db43e66,image,blocked,2026-01-31 03:55:57,
964b172b-dc24-414c-86de-91350ba1321d,2025-11-23,msg_00053,U743849e63f8101ac616f8fd0ba84a167,U1d852cc368264725d0ffbb7fa9b18ff3,video,delivered,2025-11-23 02:45:23,
f4e18380-332b-46e3-9041-695bbea686a6,2026-03-31,msg_00046,U4784fc8a8e1e4eb2435ad84e0ad052f2,Ucf9ea35de4f43008d2a79ff0d7f0f0b9,flex,clicked,2026-03-31 03:26:15,https://example-saas.jp/lp/newmenu
33917988-f874-4a18-9e6e-e5521d1c95d8,2025-11-23,msg_00053,U743849e63f8101ac616f8fd0ba84a167,U78cec339119d5484b1c1ea49939907c2,video,clicked,2025-11-23 09:06:39,https://example-saas.jp/campaign/spring
ebae81f1-0d7f-4200-9f3b-391e31b97a27,2025-11-30,msg_00025,Ub0341314a5534ea92b26fa8adc30543f,U77ea338c759a9cea409ecc8cf20f28c4,imagemap,opened,2025-11-30 18:28:37,
98f282ae-aeb6-4030-aa89-2654caa35597,2026-03-06,msg_00055,U3bae1603803a839c0cb52f511d9cb8f6,a339a8e384dbb43c6e9dd11f6c754fc5,flex,opened,2026-03-06 08:36:38,
3ab53bf9-302b-4974-8f33-edc1104f53e9,2025-12-09,msg_00069,Uc20f9c7e9b662bedec3cb78e127885c7,U39d7e8c46b91ec8fb24d98a56f370794,imagemap,opened,2025-12-09 14:28:09,
af40da1d-8f43-4f7d-a247-66142b5e3834,2025-12-18,msg_00070,Ue9a1e8a5b83a6b296d43c957a8cfba4a,12fcb8699b21a2564ec01ed63c2c6cbf,imagemap,delivered,2025-12-18 10:43:55,
7b00b189-fe66-4b00-a4a7-60ccf9faa751,2026-01-18,msg_00102,U227d1cd1a801c367de206ec4bbca7330,U9483bb8e98b09eead7f920326a9e68d7,video,delivered,2026-01-18 23:20:31,
239d2cae-8769-49ee-9b71-18c9d6d42760,2025-11-21,msg_00010,Ue7310890b01058478be93761a56d0aa0,U9a42af997526cc00ab5092750699fba3,imagemap,delivered,2025-11-21 21:53:17,
7c0daf70-6e63-4072-8ce4-c66f704f6688,2026-02-07,msg_00090,U4784fc8a8e1e4eb2435ad84e0ad052f2,U2c02472fdc24d7912aed0e00d738be5c,imagemap,delivered,2026-02-07 19:33:49,
28fadf85-061e-46d8-9c2a-f766b64147a2,2025-12-09,msg_00059,U3bae1603803a839c0cb52f511d9cb8f6,814845b9353f09931a787aed5425b0cb,imagemap,delivered,2025-12-09 03:38:02,
1f30805c-d0b6-4de4-9bdb-ece73874d7ce,2026-01-24,msg_00066,U3bae1603803a839c0cb52f511d9cb8f6,Uef4dc3f653ef26da7df45b124f9cedd6,image,opened,2026-01-24 23:09:03,
b1f29f4f-53e4-4fc5-982a-70355f7246d3,2025-12-31,msg_00082,U227d1cd1a801c367de206ec4bbca7330,Uc2f90ab2f0094a3f658c994341e08e14,imagemap,delivered,2025-12-31 04:48:31,
6444c3c8-b348-4816-950b-09891eb47f29,2025-12-09,msg_00059,U3bae1603803a839c0cb52f511d9cb8f6,U80405ec1993c73b3b56947b9cf01c57c,imagemap,delivered,2025-12-09 23:04:05,
579f6655-7cc2-4ba4-935d-c179e2498480,2026-01-26,msg_00103,U3bae1603803a839c0cb52f511d9cb8f6,Ue09ec337bdf85aac243d6dacbf92515d,flex,delivered,2026-01-23 02:25:39,
d8e37de1-4ffb-412d-87a1-93907d709d87,2026-01-26,msg_00063,Ub0341314a5534ea92b26fa8adc30543f,U0ada2b5f459a91651d6af7ea734f3956,imagemap,delivered,2026-01-26 19:05:09,
b4b26975-d0a1-472f-a8c9-1fb48e2c5362,2025-12-18,msg_00070,Ue9a1e8a5b83a6b296d43c957a8cfba4a,Uaea1464b3362b3a6c4b4fcdd46ea7874,imagemap,delivered,2025-12-18 08:21:17,
63d42e16-1269-4e37-9c45-8479d9d2631c,2026-01-14,msg_00081,Ue7310890b01058478be93761a56d0aa0,Ud1e42121936a0ce6399eed1775ebae29,video,delivered,2026-01-14 10:04:16,
fe994f01-c599-48d1-9355-12abe3506e69,2026-03-05,msg_00014,U3bae1603803a839c0cb52f511d9cb8f6,605a51bcbb32addca4ca63f6fe1340d6,flex,opened,2026-03-05 21:21:28,
7d1aae28-3d34-4570-bb4e-9d198c3e41b9,2026-04-05,msg_00054,U3bae1603803a839c0cb52f511d9cb8f6,7303f56ec50bd2480843dbeedc949369,image,opened,2026-04-05 13:14:38,
2da87052-6505-43f8-aadf-9ef0b2caccca,2026-03-06,msg_00055,U3bae1603803a839c0cb52f511d9cb8f6,U06cff9eea9537bee5f02510fdc481b89,flex,delivered,2026-03-06 23:01:14,
45f58162-43ad-4874-a1db-1d80447b3b99,2026-03-06,msg_00068,Ub0341314a5534ea92b26fa8adc30543f,Ue3c20346bc4e1a361284ef3bc7b5f554,video,delivered,2026-03-06 07:41:25,
224f582d-6ab9-441a-a3e7-2c2fd888b7b9,2026-02-15,msg_00087,U3bae1603803a839c0cb52f511d9cb8f6,U5303e5144e32d56d4271e6590bc9cc4a,imagemap,delivered,2026-02-15 20:25:17,
9a7535d7-b61f-437c-af91-e11a7083c50f,2026-04-05,msg_00054,U3bae1603803a839c0cb52f511d9cb8f6,U41fb86f41682e2c4b8b9344fb0c1f720,image,opened,2026-04-05 11:30:15,
ed13bb8b-6a49-4e6f-bcdf-d128bf9ff5a0,2026-04-10,msg_00101,U743849e63f8101ac616f8fd0ba84a167,U811e09944cdfd3619525231bb5d5795d,imagemap,delivered,2026-04-10 09:41:07,
4aad5064-a68f-4382-b438-ae9c268e7926,2026-03-20,msg_00092,U743849e63f8101ac616f8fd0ba84a167,66552a124d92bd2a46979688311f90c6,video,delivered,2026-03-20 13:46:57,
aedfb0ad-d013-4eb3-9787-de895d0ee6b0,2026-03-26,msg_00040,U3bae1603803a839c0cb52f511d9cb8f6,U36d612934303413abdb7b8c785c2b528,imagemap,opened,2026-03-26 14:48:31,
032f2965-dd06-4fd3-a414-31fbd9416c57,2026-01-26,msg_00086,U4784fc8a8e1e4eb2435ad84e0ad052f2,Udc9ebd3ca1d08ea44d5a08eb7bd32e64,text,delivered,2026-01-26 03:47:16,
153a902a-df5a-40fc-99a3-33219084892b,2025-11-23,msg_00024,Ue8d9224ecde331ce692edfce0b5ecdc4,U94cb3058919a6f4f67e2607f9e44da67,text,opened,2025-11-23 06:15:18,
7c2ae202-25ad-4a41-b6db-61bb46d74aee,2026-03-16,msg_00002,U3bae1603803a839c0cb52f511d9cb8f6,U8115b94b99263ca6180483bdfb43f2ff,text,delivered,2026-03-16 15:21:09,
34b243a4-7716-424f-a27f-29574c13781f,2026-01-24,msg_00113,Ub0341314a5534ea92b26fa8adc30543f,Ud750fff890ddbcb3521fb034e2aa2aa0,text,clicked,2026-01-24 07:40:01,https://example-saas.jp/lp/newmenu
e5708086-9116-444a-a717-dabec564943f,2026-01-30,msg_00050,U3e5dd3a641c58ad50e49f095c6f1e306,Ua8c080dc5d1d47baad4883b1a3c47c47,image,clicked,2026-01-30 01:37:57,https://example-saas.jp/campaign/spring
49cf7219-1884-4b09-a427-8c4997c1231e,2026-02-07,msg_00090,U4784fc8a8e1e4eb2435ad84e0ad052f2,U36f6fc72009ed3abc90a069fd37b7653,imagemap,delivered,2026-02-03 09:23:23,
841d2bed-f0b3-469c-859b-68ff671dcfc6,2026-03-20,msg_00106,U3bae1603803a839c0cb52f511d9cb8f6,Ufac358da848c847a5cb16417a10e1bd2,video,opened,2026-03-20 21:06:53,
8fe52375-07eb-4e9a-bbdf-768edbcd2a47,2025-12-21,msg_00022,U3bae1603803a839c0cb52f511d9cb8f6,bcefc65f457c74d7854206ca73267e4e,video,delivered,2025-12-21 07:29:39,
13565571-918a-4ef7-b18d-20c359b37f10,2026-01-07,msg_00110,Ub0341314a5534ea92b26fa8adc30543f,U79e5b0b339fcfe095848d38d41bbf2ba,video,clicked,2026-01-07 08:46:24,https://example-saas.jp/lp/newmenu
0f48837c-a097-437d-b248-14f6169575d1,2026-01-07,msg_00110,Ub0341314a5534ea92b26fa8adc30543f,U41be0bd29ec9163da04315860818ec28,video,delivered,2026-01-07 06:48:07,
e3e70f84-6e5e-4023-b8f5-84d62202acb7,2025-12-21,msg_00022,U3bae1603803a839c0cb52f511d9cb8f6,Uac3656b031a89ed4817739f3105977be,video,delivered,2025-12-21 12:15:59,
4755692d-6f55-4fc1-bae5-29f790bb4759,2026-04-08,msg_00041,Ue7310890b01058478be93761a56d0aa0,U1e3f7f50a5e253603e4048944ee74e55,text,delivered,2026-04-08 16:39:32,
cc409c60-10b3-405a-9e04-c6d04353973e,2025-12-23,msg_00109,Ue7310890b01058478be93761a56d0aa0,Ub83b85ea280e14ff77690acf36fce0f1,text,delivered,2025-12-23 19:32:55,
f641fedd-f261-4788-bb82-4142a8c9c61f,2026-02-05,msg_00107,U3bae1603803a839c0cb52f511d9cb8f6,U067d45b061a97cae765ec090fc83fc56,text,delivered,2026-02-05 23:10:12,
ef2d425d-c18e-4958-bcc4-19771c0dd759,2026-02-24,msg_00014,Ub0341314a5534ea92b26fa8adc30543f,U07b6bc883917fcf96604be3b06bace91,text,deliverd,2026-02-24 18:37:30,
69cef14f-fe98-4222-b8c5-a98a2b3062ce,2026-03-22,msg_00119,U3bae1603803a839c0cb52f511d9cb8f6,U717ff546a4279b6df5289764b764f3f5,imagemap,delivered,2026-03-22 06:28:33,
740ed007-4c3b-4178-a40e-c920daac0fa5,2025-11-17,msg_00099,U3bae1603803a839c0cb52f511d9cb8f6,Uc3c8eadfd273d2aae3d0af3ba94bf19d,text,delivered,2025-11-17 10:49:20,
628751c0-f301-4a20-aca0-d42683875c00,2026-04-01,msg_00072,U4784fc8a8e1e4eb2435ad84e0ad052f2,U98f4339980b39fb201824b79f40a2a8c,image,opened,2026-04-01 20:09:40,
c49f1ab8-3d79-45c6-bff7-7efab7725acf,2026-03-06,msg_00055,U3bae1603803a839c0cb52f511d9cb8f6,U887d746e741f34eed2c5667a0da04e5d,flex,delivered,2026-03-06 21:08:12,
66d5c257-b003-4080-a5c2-2a3bb5077c0f,2025-12-24,msg_00091,U3bae1603803a839c0cb52f511d9cb8f6,Ua520fc3a4ee96199cc1c963458b92198,imagemap,opened,2025-12-24 21:11:24,
2a469189-a546-4b02-aa1e-314e7a870328,2025-12-25,msg_00077,U743849e63f8101ac616f8fd0ba84a167,Ude5b59b0b013266cf912468aeaa6da28,text,clicked,2025-12-26 00:11:03,https://example-saas.jp/campaign/spring
8a4e745f-a972-4822-bacb-034158d3eea7,2026-03-11,msg_00104,Ub0341314a5534ea92b26fa8adc30543f,U09b273cc06381a305677c0447ae777ec,image,delivered,2026-03-11 23:02:24,
05de2768-8cd2-4c70-a914-0c34d95d77f5,2026-02-20,msg_00048,Ue7310890b01058478be93761a56d0aa0,U22c4a0befaacd552d632ac7941725171,flex,opened,2026-02-20 04:38:44,
49b66f6a-321f-487c-ba74-635482f8d04e,2025-11-23,msg_00053,U743849e63f8101ac616f8fd0ba84a167,Ue191d8e6e22c632a0068e0846312e61c,video,delivered,2025-11-23 01:30:30,
91c3670d-4cb7-4b26-9e7f-a79af28fafd5,2026-02-08,msg_00051,U3bae1603803a839c0cb52f511d9cb8f6,U30d1648e35cfcefd76865058abba5789,image,delivered,2026-02-08 02:10:55,
8b93ab97-75d4-4e6c-8c7d-c090cfabd07e,2025-12-12,msg_00029,U743849e63f8101ac616f8fd0ba84a167,U9952b394ead2915d442dbf948fd75ed7,imagemap,clicked,2025-12-12 22:43:51,https://example-saas.jp/coupon/500off
360aae8c-a45a-4edc-b68a-0fc484813d42,2026-01-26,msg_00063,Ub0341314a5534ea92b26fa8adc30543f,U4ef7db737fa491ed5ce9b7c37abf4008,imagemap,opened,2026-01-26 21:50:47,
6b3fd57c-a337-4d8c-af18-e8cd017ebae0,2025-11-23,msg_00024,Ue8d9224ecde331ce692edfce0b5ecdc4,U86eb4914403e65a37e4da6d468eb9154,text,delivered,2025-11-23 10:23:58,
d9c79c39-5655-459d-9195-453f4a2fe7ac,2026-01-29,msg_00031,U3bae1603803a839c0cb52f511d9cb8f6,02b46793617fd9b61cc5517fb9c0a5b6,video,opened,2026-01-29 01:42:12,
4c67edbe-97f6-483c-ad82-4f6e8a27296f,2026-02-15,msg_00006,U743849e63f8101ac616f8fd0ba84a167,U9ee5e0b30b880bf14e2516f1e5c2a914,flex,delivered,2026-02-15 08:11:43,
23aac5f9-8477-420f-93b4-f147aab9cfe9,2026-03-04,msg_00056,U1ca413826b7044d134c9c3132420c9de,560ea01520aed3a4cef87cec645926fc,text,clicked,2026-03-04 21:42:23,https://example-saas.jp/campaign/spring
c377e6b6-28bf-423c-8f41-d3041d29ef3f,2025-12-12,msg_00029,U743849e63f8101ac616f8fd0ba84a167,U8011d0ceb72f5656aa2643e6b3eafea4,imagemap,opened,2025-12-12 22:55:03,
ccca79e5-bc8b-4758-b4a8-09ec76c77e6b,2026-04-12,msg_00120,U227d1cd1a801c367de206ec4bbca7330,U46143ec4ef93a0108543682f7901f82a,text,opened,2026-04-12 07:37:22,
c08f16bb-cd8e-48f1-a48a-cfe0cde5655c,2025-12-23,msg_00109,Ue7310890b01058478be93761a56d0aa0,Ud8581387b00ae3af990fb5c72a5beec8,text,delivered,2025-12-23 04:26:16,
fefc52a6-9a46-4f87-8f9e-596fa3d348e7,2025-12-25,msg_00045,Ue7310890b01058478be93761a56d0aa0,U9548858214346056d6064cdc51160067,video,delivered,2025-12-25 16:31:07,
171f6cef-ea82-49c1-bc26-d420df4691c8,2026-02-05,msg_00107,U3bae1603803a839c0cb52f511d9cb8f6,Ubf870acd83f630f18018c5bcded50457,text,delivered,2026-02-05 10:53:25,
26d67b49-9f0a-4c23-a2b4-958df398a925,2026-04-10,msg_00101,U743849e63f8101ac616f8fd0ba84a167,U7ac4ad9f9daec86b4898a01deb55eb92,imagemap,clicked,2026-04-10 17:00:57,https://example-saas.jp/lp/newmenu
47e941fd-657c-432c-a8a7-8126833353b1,2025-12-25,msg_00045,Ue7310890b01058478be93761a56d0aa0,U385b57c567e78d94ae0957212dce7ea2,video,delivered,2025-12-25 12:27:16,
ff303191-c49c-48f6-9a81-4a5f9c80c1c7,2026-02-24,msg_00111,Ub0341314a5534ea92b26fa8adc30543f,U71078cc102f62dfd6ffe57102aa6c4ea,flex,blocked,2026-02-24 11:00:17,
33dce5fa-e9f5-40e8-a493-2a6039fec45c,2026-04-12,msg_00120,U227d1cd1a801c367de206ec4bbca7330,Uda32b2ab30ac4a3bdeae9aef4a1a6a5d,text,opened,2026-04-12 12:02:04,
406f7d40-ace2-4f6f-a2f4-05d24180cd88,2026-01-13,msg_00060,U3bae1603803a839c0cb52f511d9cb8f6,590f9c10523264f120e3d78a77ae1a2e,image,opened,2026-01-13 00:59:53,
557c198d-b224-4d3c-b36b-cd1cee8c34ab,2025-11-16,msg_00011,U837b70463a585f85743b5bfb3b49c9fd,U3fefc98054242e451b09e96e71f48aa4,flex,delivered,2025-11-16 06:01:43,
4667845c-6c4c-4a53-b3ff-04e0e5e28934,2026-03-31,msg_00046,U4784fc8a8e1e4eb2435ad84e0ad052f2,Ue1e89ae883cc95cc5eff41871ae7751b,flex,delivered,2026-03-31 13:51:41,
c1b6b9b4-a07f-4f02-bb47-c4aa369c3851,2026-01-07,msg_00110,Ub0341314a5534ea92b26fa8adc30543f,U2fc310f7b96ed4f018f96286d04cafd6,video,delivered,2026-01-07 20:58:15,
d97a7a3b-d2f8-42aa-a2c3-cbb54c529826,2026-04-10,msg_00101,U743849e63f8101ac616f8fd0ba84a167,U4b840497693487a08c3589d8196dfde1,imagemap,opened,2026-04-10 02:18:58,
96dfb301-41f9-42bc-b427-06615017ab7f,2025-12-21,msg_00022,U3bae1603803a839c0cb52f511d9cb8f6,Udceaeb08ced80327f1c303d8517be4ec,video,delivered,2025-12-21 22:12:12,
1f79f7bb-ebed-4ceb-a801-2e327951cf23,2026-04-12,msg_00120,U227d1cd1a801c367de206ec4bbca7330,U2ce687a43c3c384b9919e647bd80bd70,text,opened,2026-04-12 06:46:16,
b8095ebe-1898-4639-83b4-c4deda062688,2026-03-16,msg_00002,U3bae1603803a839c0cb52f511d9cb8f6,U283efeec9d480e33645f18674d981f5d,text,clicked,2026-03-16 05:37:58,https://example-saas.jp/survey
a5aac75f-c081-4d2a-9ba8-c1438a28718d,2025-12-12,msg_00004,Ub0341314a5534ea92b26fa8adc30543f,ec2fe272ab3aef4894cb7c818b21fd77,video,opened,2025-12-12 01:46:21,
828789ac-0955-4ea5-a3c7-ffc53d03cef5,2026-03-06,msg_00055,U3bae1603803a839c0cb52f511d9cb8f6,U76a57a78c4fbda2ec467d3ed523b9f83,flex,opened,2026-03-06 01:02:02,
a44749b4-14d1-4ae1-b459-e04b09a86d05,2026-03-23,msg_00116,Ud4a92c8c8050eed40ef171cc2784d638,U8ce7cee0df856248b4b073fe0eb0faa1,text,delivered,2026-03-23 09:13:31,
560bbf45-ccb0-4a5a-937d-701ffbfcdb9d,2026-01-12,msg_00011,U227d1cd1a801c367de206ec4bbca7330,Ucdd004d06688350408ee17ea0245c0f1,imagemap,,2026-01-12 16:30:26,
6ceafd89-0550-4e88-b18b-177428e131ee,2026-02-14,msg_00065,U743849e63f8101ac616f8fd0ba84a167,U691941729e868593413aab8491903c38,image,delivered,2026-02-14 06:59:51,
753d88a2-d9b9-42bd-b979-7efce4dba89d,2026-04-12,msg_00105,Ud4a92c8c8050eed40ef171cc2784d638,U46648b2b447c1acddb6d18166976b0f5,flex,delivered,2026-04-12 04:44:47,
513df977-5610-47d5-8ae5-4cd968bdcf0c,2025-12-25,msg_00077,U743849e63f8101ac616f8fd0ba84a167,U84067759ad3a0451371627e067203f84,text,opened,2025-12-25 06:28:36,
d174750f-3871-4930-b8d3-8f4cb4dd0d52,2026-01-10,msg_00044,U30ad60bba5da9837ca5dd0230ca8f531,U89aa3a5cd4c5a1641e3370e7318c93cc,video,opened,2026-01-10 06:16:32,
199e08b1-2bbe-4e5d-98db-08d1f260b10e,2026-03-05,msg_00014,U3bae1603803a839c0cb52f511d9cb8f6,Ud4a7ac7b67a27101e73cc17c646bffd6,flex,delivered,2026-03-05 19:51:38,
591ba722-e817-4845-a61a-9a3919ac7f52,2025-12-21,msg_00022,U3bae1603803a839c0cb52f511d9cb8f6,U6242f242f4eae9488c403747f21c8763,video,failed,2025-12-21 21:24:13,
06ccc71b-bc95-466d-b4e0-616c93458736,2025-11-24,msg_00033,U3bae1603803a839c0cb52f511d9cb8f6,U8e8940e61025d463359345cc3892daa1,text,delivered,2025-11-24 20:01:00,
a6cc23ff-9fd4-47c7-8154-11f0caca577b,2026-01-26,msg_00115,U3bae1603803a839c0cb52f511d9cb8f6,Ub183c991b8471dfc7625c935e3de975e,imagemap,opened,2026-01-26 11:03:24,
92d23f50-f88b-463f-bfd5-daaff3b482da,2025-11-17,msg_00099,U3bae1603803a839c0cb52f511d9cb8f6,U782d1a2fb831e4f607059c6e690150c4,text,delivered,2025-11-17 11:11:21,
98884363-c5a2-48d6-9a93-86be5ece3406,2025-12-09,msg_00069,Uc20f9c7e9b662bedec3cb78e127885c7,U39d7e8c46b91ec8fb24d98a56f370794,imagemap,delivered,2025-12-09 13:15:53,
6e2aed28-3dfe-452d-8a4d-4a48f9274e5f,2025-12-24,msg_00091,U3bae1603803a839c0cb52f511d9cb8f6,U9ace7bf506a65926dd3db639f6771626,imagemap,delivered,2025-12-24 18:36:53,
9603de36-6743-42eb-98bb-bacc866494d3,2026-01-17,msg_00037,U7e808d11d6f9901a954a542a7ee09918,541244b48d43e226b864e8dcd5ca0bd8,text,opened,2026-01-17 06:35:48,
3994553d-d595-4c87-9b0d-2bece201856e,2026-02-10,msg_00058,Ue9a1e8a5b83a6b296d43c957a8cfba4a,U2436a3ebfd6ff797de18b4f2a6dfa8bc,video,delivered,2026-02-10 10:46:15,
393eba83-18cb-4d1f-bbc7-117b47b05f2d,2025-12-07,msg_00003,U227d1cd1a801c367de206ec4bbca7330,U58248aed8206cc8c4c519c56327d2510,image,delivered,2025-12-07 14:54:30,
5739a21a-0fef-4cd2-b449-0c10ce6f2692,2026-02-08,msg_00051,U3bae1603803a839c0cb52f511d9cb8f6,U9319f22c39a91b41f44883c323951415,image,delivered,2026-02-08 14:07:27,
e8cd9f63-8f11-4ab5-a9e1-238ba2c3724c,2026-01-26,msg_00115,U3bae1603803a839c0cb52f511d9cb8f6,Uf294cde0498a21b5fc44cb8c4206cd24,imagemap,blocked,2026-01-27 10:01:07,
45a56365-7611-4ced-9be5-5ca630ede4fa,2025-12-23,msg_00061,Ub0341314a5534ea92b26fa8adc30543f,Uc5bd0842366b93b9cca126fa4a25dbd0,imagemap,opened,2025-12-23 05:27:30,
27d8f11b-3561-40d5-9bf1-01053f130f07,2025-12-12,msg_00029,U743849e63f8101ac616f8fd0ba84a167,U63b00d5972eebb0af3d728b8808773da,imagemap,delivered,2025-12-12 08:38:09,
3ddda924-d334-426c-abba-dcb79f8897f1,2025-12-25,msg_00045,Ue7310890b01058478be93761a56d0aa0,U5547c2e98f7dd66fdf73c9a1c3e86cd9,video,delivered,2025-12-25 04:39:36,
c1e877d5-0075-42b8-a0d4-1f3b7e3509ba,2026-01-17,msg_00037,U7e808d11d6f9901a954a542a7ee09918,U15764b2bba6a984f7c5cb0e09369da96,text,opened,2026-01-17 16:09:38,
246845e0-dbf2-4f41-812b-8e82515be201,2026-03-20,msg_00057,Ub0341314a5534ea92b26fa8adc30543f,Ubfbb0d923c2eefdd34474057faf0b9ba,video,clicked,2026-03-20 17:23:02,https://example-saas.jp/lp/newmenu
e9e7d645-575f-4b22-b8da-b6eb376dc474,2026-02-07,msg_00090,U4784fc8a8e1e4eb2435ad84e0ad052f2,0e01c8360a7b6da0495dc3bef7d48034,imagemap,delivered,2026-02-07 00:43:19,
9a44693c-2ad3-4871-87a4-adc1d08a115e,2026-02-20,msg_00048,Ue7310890b01058478be93761a56d0aa0,U76d0a8ccba503c0dbc09cb824a59277d,flex,opened,2026-02-20 13:47:52,
499411cf-d5c0-4e42-96f6-cd6c05db6a24,2025-11-16,msg_00020,U3bae1603803a839c0cb52f511d9cb8f6,U539aaeccbfd5f6f6f6b9666d3f16175d,text,opened,2025-11-16 15:32:56,
0d3dee09-b6d2-4da0-acf6-8d44e04cc56d,2026-01-18,msg_00102,U227d1cd1a801c367de206ec4bbca7330,U6e2793132a266c43fd6688fa2cedd6f3,video,opened,2026-01-18 19:51:00,
d78dd4ae-0aa6-41d0-ae8e-5586e20b58db,2025-12-22,msg_00013,Ub0341314a5534ea92b26fa8adc30543f,U0e13673632670dc25fab3f29cdd8a8d0,image,delivered,2025-12-22 19:46:33,
e5c887de-5f77-4c67-9a86-2e77c9146bc0,2026-03-27,msg_00096,U476acbdef8e9a16d24575e4f6d7b0f31,U9df8568c97c555452653c2e384b3445c,imagemap,delivered,2026-03-27 20:26:15,
ee155e3a-5146-41c2-8d8a-d7af574d5e32,2025-12-18,msg_00114,Ub0341314a5534ea92b26fa8adc30543f,U97ac74a58d6da4a0152893e3cb7b1ebd,flex,delivered,2025-12-18 04:29:53,
41158db3-81f1-4877-8c84-4a6984c45d69,2026-02-15,msg_00089,U3bae1603803a839c0cb52f511d9cb8f6,Ua94747dd71831d6c051304630d4da8d7,text,delivered,2026-02-15 18:57:07,
9ebad06c-26e8-4b21-9956-a28e33057366,2025-12-24,msg_00062,Ub0341314a5534ea92b26fa8adc30543f,U1bd7fd1ceb3d0df2f58e844995d3c68e,video,delivered,2025-12-24 06:47:27,
a9de88a8-8897-47a5-bca7-91946717d52e,2026-01-26,msg_00115,U3bae1603803a839c0cb52f511d9cb8f6,U67ba2839fb6cfa8120a5731a419f51f6,imagemap,delivered,2026-01-26 23:02:13,
7fe3118e-82cd-451e-8eab-521709bc6888,2026-01-10,msg_00044,U30ad60bba5da9837ca5dd0230ca8f531,U3b76b2410c600a7114ace6b1eab53ba9,video,delivered,2026-01-10 10:45:02,
bdac400f-d9f0-436b-8d0b-97c728887899,2026-01-09,msg_00052,U743849e63f8101ac616f8fd0ba84a167,U3562c90f2d189390de663e084a54b163,video,clicked,2026-01-09 07:57:29,https://example-saas.jp/lp/newmenu
6c586a46-80d3-49e7-94e4-46e438b95959,2025-12-19,msg_00064,Ub0341314a5534ea92b26fa8adc30543f,U1dfa3c8b139e2d4dd7fd2bc903f8c81b,image,delivered,2025-12-19 05:59:52,
1a2c3c68-0d6e-4383-8959-d071053930f9,2026-01-24,msg_00066,U3bae1603803a839c0cb52f511d9cb8f6,U8086b75c1f2d44143678d930b5a0ba18,image,delivered,2026-01-24 02:49:32,
9e7ccc6a-bb17-418a-9264-33b9eb98fced,2026-02-14,msg_00042,U3bae1603803a839c0cb52f511d9cb8f6,U361cd3848a3df96aa1ed6f49c46b1ef8,video,opened,2026-02-14 09:54:11,
d3e24557-8007-4296-9851-4bc85fc5e989,2026-01-31,msg_00035,U7e808d11d6f9901a954a542a7ee09918,Uf9797ae404c65a62ddd1de86e278fc38,text,delivered,2026-01-31 07:08:32,
e1265203-5a57-4d52-8f60-12aaf13c0b46,2026-03-21,msg_00023,U743849e63f8101ac616f8fd0ba84a167,U67985e242875824a4c338bb006e3bcaa,imagemap,delivered,2026-03-21 20:08:15,
117a92cb-7554-42c1-87dc-33d86d309c1d,2026-03-31,msg_00046,U4784fc8a8e1e4eb2435ad84e0ad052f2,U35309d02cfacdc4753fea5461e1f5b8b,flex,delivered,2026-03-31 11:30:20,
75a11ea1-f3c4-4052-8f15-f72d159eabaa,2026-02-15,msg_00087,U3bae1603803a839c0cb52f511d9cb8f6,Uae7d4f6454d80e114869824dfcb92a45,imagemap,opened,2026-02-15 22:42:10,
96d1c945-7a30-4856-bb76-4010d7aa0cd7,2025-11-16,msg_00011,U837b70463a585f85743b5bfb3b49c9fd,Uc3e63220150026e7d57aa0aec4536d81,flex,delivered,2025-11-16 09:49:22,
f5fb5c12-532f-4c3b-bba2-71f0bfa54d53,2025-12-12,msg_00004,Ub0341314a5534ea92b26fa8adc30543f,U24c0647615388d5531f189d2c308b0e2,video,delivered,2025-12-10 17:36:36,
17b0c68f-3e77-4de5-974f-278132f65f02,2026-02-20,msg_00048,Ue7310890b01058478be93761a56d0aa0,U15c68e14a48e1e5d5d239202ebe0d8b6,flex,opened,2026-02-20 13:46:39,
b255626f-9698-444e-a4e1-13c0f8a7db4b,2026-01-17,msg_00037,U7e808d11d6f9901a954a542a7ee09918,U099ec7e94f684e170308570685898f1d,text,delivered,2026-01-17 23:39:04,
8dbf83e8-4886-4e3a-b035-32e466f99f7b,2025-11-22,msg_00047,Ue7310890b01058478be93761a56d0aa0,0e5235b43e0e98fcba9586fe2ee3be4c,video,clicked,2025-11-22 18:29:19,https://example-saas.jp/survey
7dc279e8-00e7-4c95-9a6c-9165f99f3634,2025-11-27,msg_00018,U3e5dd3a641c58ad50e49f095c6f1e306,U2e190eaed7849e34ca08313af6766aca,imagemap,delivered,2025-11-27 03:27:59,
c85e6cbf-dcf2-4516-bb2e-ba3d0b8c9cc0,2026-01-26,msg_00086,U4784fc8a8e1e4eb2435ad84e0ad052f2,Ue99a0acb87216b3d4e5a9574b6b827f0,text,opened,2026-01-26 15:25:27,
de1caaa5-6d60-46a0-8b2c-ca68751f6fbf,2025-12-15,msg_00030,U3bae1603803a839c0cb52f511d9cb8f6,844063d54d2b9bde085af99b1b2ad5c4,video,delivered,2025-12-15 21:13:11,
73bef438-6aac-46b2-bae9-b20d07af5bda,2025-12-15,msg_00030,U3bae1603803a839c0cb52f511d9cb8f6,b36dd82d30ba413eb6e26331ef570122,video,delivered,2025-12-15 20:10:12,
ac55bba7-2fc3-4b24-8a48-8846a6f8b297,2026-02-24,msg_00039,U743849e63f8101ac616f8fd0ba84a167,Uf9dbf08886850167171b9ccb99194a30,flex,delivered,2026-02-24 07:08:11,
d6736cd8-4e56-4137-9d0a-fb3bd4fa038c,2025-12-18,msg_00070,Ue9a1e8a5b83a6b296d43c957a8cfba4a,U3080b0de2865b441857e4bdbed64ca54,imagemap,delivered,2025-12-18 21:28:23,
6d90ca28-8d1d-47f0-b6e0-00f6e7aad7f2,2026-03-20,msg_00106,U3bae1603803a839c0cb52f511d9cb8f6,U7560a40b5e2f316cf59b9a036fc887f3,video,opened,2026-03-20 04:22:52,
78104746-12c5-4fa6-98d3-b4f372b5e9ba,2026-01-26,msg_00005,Ub0341314a5534ea92b26fa8adc30543f,c049d27b0c26c957e895d702f28cab05,image,delivered,2026-01-26 01:07:01,
7a44b9a1-8f23-4c7f-8645-c46523e966a6,2026-03-26,msg_00040,U3bae1603803a839c0cb52f511d9cb8f6,ba245647192e51fe84b4136021915d63,imagemap,delivered,2026-03-26 03:40:26,
36279f35-a587-4aaf-bb19-d3d8e383558b,2026-01-24,msg_00007,Ub0341314a5534ea92b26fa8adc30543f,Uba62b34b20dbd5356b69f671d376ce6e,imagemap,delivered,2026-01-24 00:24:26,
f9be324e-2371-4bb4-8a45-fe4905147b0a,2025-11-25,msg_00043,U3e5dd3a641c58ad50e49f095c6f1e306,ee71460b8001c3414705143bbe857ff9,flex,opened,2025-11-25 07:34:43,
ca00acef-0301-4b08-87de-ef512fbe5d01,2026-01-30,msg_00050,U3e5dd3a641c58ad50e49f095c6f1e306,Ucf8036d61dae41c72f1569efd5b6e1e3,image,opened,2026-01-30 05:28:14,
8a6a8b31-8fe8-4abc-9707-8c1ea485ae61,2026-02-14,msg_00042,U3bae1603803a839c0cb52f511d9cb8f6,Ue75945fe60a7496408cbb1712b84a6d6,video,blocked,2026-02-14 14:57:35,
f46efb02-2c74-40e7-9386-a70a1af0567c,2026-02-20,msg_00048,Ue7310890b01058478be93761a56d0aa0,Ub92b039f566e92176d057ed500a4d352,flex,delivered,2026-02-20 18:04:54,
aab2085a-0319-4098-bef1-0b5f341902c5,2025-12-23,msg_00109,Ue7310890b01058478be93761a56d0aa0,Ud2d22ff2aff334223807acab5e427fe3,text,delivered,2025-12-23 23:54:44,
6b71eef0-1349-4841-bb20-c54a316e907d,2026-03-11,msg_00067,U7e808d11d6f9901a954a542a7ee09918,Ud61027731412788c9c1c76a9c0b258b7,video,opened,2026-03-11 21:15:41,
1ebf41db-b021-4e1f-9e0c-8094be37a262,2025-11-21,msg_00010,Ue7310890b01058478be93761a56d0aa0,U11b7443a46b1a4f3983209534ebe4395,imagemap,opened,2025-11-21 09:49:21,
ccff4d24-33ac-45c6-a326-050083cc8d48,2026-03-31,msg_00046,U4784fc8a8e1e4eb2435ad84e0ad052f2,U1239cdf8c71b8112796fe47d2e9e4ba2,flex,delivered,2026-03-31 10:43:08,
87afc5d2-50a2-4edf-9f3e-61eb46f80d11,2025-12-24,msg_00062,Ub0341314a5534ea92b26fa8adc30543f,Ue2e57c99f54f037c6b48dfa587d73fda,video,opened,2025-12-24 03:32:17,
89ed83b9-037f-4af3-9d3f-717e73d22119,2026-02-15,msg_00087,U3bae1603803a839c0cb52f511d9cb8f6,U0a261a90c532663f489b1e4d406e5c5e,imagemap,delivered,2026-02-14 17:36:56,
0ee65142-4695-4dc7-a0fe-bc3662d79896,2026-02-14,msg_00065,U743849e63f8101ac616f8fd0ba84a167,U09b57b3f1f94bbac6dcda8dfa75a9fa3,image,failed,2026-02-14 11:35:17,
c795b457-632c-4314-a952-55576a4afff5,2026-02-24,msg_00111,Ub0341314a5534ea92b26fa8adc30543f,U8f17a5dfae08fa7ef1defd0aba82e84c,flex,opened,2026-02-24 17:39:17,
0acf137e-0a00-4dbb-a404-50fd7bdf6815,2025-12-24,msg_00091,U3bae1603803a839c0cb52f511d9cb8f6,U607984ce7415f090302eda1fc69bdd0f,imagemap,delivered,2025-12-24 21:15:20,
58891659-368b-4a01-90b9-bc6f14db27d0,2025-12-03,msg_00012,U743849e63f8101ac616f8fd0ba84a167,995d7e04dc506aa284ba46c3c98ae466,imagemap,delivered,2025-12-03 00:08:29,
97eb675c-5d9e-4f6d-9dc4-39b38aa48641,2025-12-25,msg_00045,Ue7310890b01058478be93761a56d0aa0,U1e6549a96497cfe00209f1c4e3543cd1,video,delivered,2025-12-25 02:35:39,
81b81a41-fae9-4e2a-9e58-0ce8451501a5,2026-01-18,msg_00102,U227d1cd1a801c367de206ec4bbca7330,U537b897b8bb117fbbdc36e6f7d360a1b,video,delivered,2026-01-18 07:22:03,
753873d1-d536-40bc-bdcc-32665a2ff041,2026-01-18,msg_00102,U227d1cd1a801c367de206ec4bbca7330,Ueb12028127c2efbd2579caa2353daf0d,video,delivered,2026-01-18 08:39:38,
481b6451-ac5d-4957-84ab-d2f3c0afc32e,2026-01-13,msg_00060,U3bae1603803a839c0cb52f511d9cb8f6,U469dec1ab95d9564752e55ea4ea9e297,image,delivered,2026-01-13 02:04:02,
41aaa179-f918-4a66-ab68-7194f82fa7db,2025-11-30,msg_00025,Ub0341314a5534ea92b26fa8adc30543f,U44d85ad78f229b8a56bd78484e562f28,imagemap,delivered,2025-11-30 03:30:07,
de718369-1037-4a65-ba9b-541f5cb6560b,2026-01-24,msg_00007,Ub0341314a5534ea92b26fa8adc30543f,7fcb63f7b9af8ea9afe982e97f7c2306,imagemap,opened,2026-01-24 02:28:12,
164d1cdd-3da8-4b7e-b449-378f4f09681a,2025-12-23,msg_00061,Ub0341314a5534ea92b26fa8adc30543f,U31a1e9d3f7807c0f7b0147f9b4ee825b,imagemap,opened,2025-12-22 11:00:50,
f7d73812-db21-4229-a42d-3da423a44edf,2026-03-16,msg_00002,U3bae1603803a839c0cb52f511d9cb8f6,Ua761152937120a547ad2e5640fd07ed9,text,delivered,2026-03-16 18:41:42,
561820bc-3fc9-4a8d-8bf1-6a0daedfc09f,2025-11-27,msg_00018,U3e5dd3a641c58ad50e49f095c6f1e306,Ufa2e0224bbe87ecdfb23e578f9ff5133,imagemap,delivered,2025-11-27 17:28:32,
64e6fe73-fb39-4db8-a7c9-f6af47176fab,2026-01-17,msg_00037,U7e808d11d6f9901a954a542a7ee09918,U34db378b7225dc2fcb4d4bf3a92b5f42,text,delivered,2026-01-17 03:46:17,
3b5a388d-1b23-4c17-ad3f-a481c59465c5,2026-03-22,msg_00119,U3bae1603803a839c0cb52f511d9cb8f6,U222b8549e8583ec318db4a000179c887,imagemap,delivered,2026-03-22 11:04:07,
e3f587c3-a3ab-4eec-8e1c-fc4b53650979,2025-12-23,msg_00109,Ue7310890b01058478be93761a56d0aa0,U5536eba920c8234af8059f3f9172017f,text,delivered,2025-12-23 11:33:48,
6a7f55ee-320c-49cc-9d20-6b7e412b1c2c,2025-12-22,msg_00038,Ub0341314a5534ea92b26fa8adc30543f,Ueba001f35a7809d06000ed4109287c9c,image,clicked,2025-12-22 03:56:56,https://example-saas.jp/survey
35172972-1f3e-450e-85ca-d73d2680558d,2026-02-08,msg_00051,U3bae1603803a839c0cb52f511d9cb8f6,U713932a713b7d7546f76d258af8da448,image,delivered,2026-02-08 04:46:53,
3619baf9-651c-458c-9f5a-88596e8a09e3,2025-12-14,msg_00085,U743849e63f8101ac616f8fd0ba84a167,U72e5714254dbbaf5015da05c655e6e32,image,delivered,2025-12-14 22:12:38,
1d94baab-9688-433a-94bf-cc8505cc3d55,2026-02-20,msg_00095,Ub0341314a5534ea92b26fa8adc30543f,U6548e10e1fddcb5ab31afa4797b04208,text,delivered,2026-02-20 10:45:33,
2fb4b5d8-9885-4198-b962-93fc260fa8ac,2026-04-05,msg_00054,U3bae1603803a839c0cb52f511d9cb8f6,U29fae62bf9c77a26bbab50abc5413621,image,opened,2026-04-05 10:57:18,
a6761b96-3bca-464a-b811-aa39809c5830,2025-12-15,msg_00030,U3bae1603803a839c0cb52f511d9cb8f6,U9b7f8b5558792b88b05fcb46e9c71467,video,delivered,2025-12-15 15:53:44,
efae4314-c655-47bf-88c9-4fd41c8a857b,2026-03-26,msg_00040,U3bae1603803a839c0cb52f511d9cb8f6,U4a5309981a87ce8b4faf148126e8fe94,imagemap,delivered,2026-03-26 03:31:16,
e90d774c-a868-4aa8-b091-688c84cffd0e,2026-03-20,msg_00092,U743849e63f8101ac616f8fd0ba84a167,Ubbb93352e16eb32ae621b3618885cea1,video,opened,2026-03-20 02:59:11,
3a04339b-54e2-4db4-b336-039dc13048e5,2026-02-15,msg_00087,U3bae1603803a839c0cb52f511d9cb8f6,Uf5c51d6c4309548c46c6becb1816b788,imagemap,delivered,2026-02-15 20:08:05,
617215eb-1201-45ae-a401-c5041de64266,2025-11-23,msg_00053,U743849e63f8101ac616f8fd0ba84a167,U843bf7e39d2657e8bced1258e4caef6d,video,delivered,2025-11-23 04:04:29,
365c8cb0-0e7c-4e2e-b50f-ba3107899ebb,2026-01-01,msg_00027,U4784fc8a8e1e4eb2435ad84e0ad052f2,U37d49e0e19407bdf8570156e3e2f0682,image,opened,2026-01-01 09:15:47,
c7c04abb-2b2e-4fb5-a114-bc96047f0672,2026-02-05,msg_00107,U3bae1603803a839c0cb52f511d9cb8f6,Ue029fa5d514447d4960cc41b7ac2b481,text,delivered,2026-02-05 01:16:42,
64ca4b04-74d8-4042-9520-b9db52cd12d8,2025-12-21,msg_00022,U3bae1603803a839c0cb52f511d9cb8f6,U10b6dd097be2db1ff96e03531a206c50,video,clicked,2025-12-21 14:24:42,https://example-saas.jp/survey
3011dd1e-7a3e-45ab-8136-6508a8f62e6b,2026-01-18,msg_00102,U227d1cd1a801c367de206ec4bbca7330,U0fa18020b28cbe7475fd0352b5c3dfe4,video,delivered,2026-01-18 19:15:31,
4dc0ec5d-b592-4cd3-a147-5e94f09bbda6,2026-01-14,msg_00081,Ue7310890b01058478be93761a56d0aa0,Uceb402a2fb28051101518f2081048d04,video,opened,2026-01-14 08:34:05,
23c5c363-1971-4498-a6e9-f73baf0914ee,2025-12-23,msg_00109,Ue7310890b01058478be93761a56d0aa0,U3b2b5b8cfeffbbcb2f57c5eb318fc9d5,text,opened,2025-12-23 12:50:02,
ec903296-a238-465b-92ca-fc80da0471c6,2026-02-14,msg_00065,U743849e63f8101ac616f8fd0ba84a167,6dd8d0897137037dd4cbe1d6fd395390,image,opened,2026-02-14 13:34:22,
ba31a286-a37a-432b-900a-bf692aeaedab,2026-03-22,msg_00119,U3bae1603803a839c0cb52f511d9cb8f6,U4c72cf1aa76e633076c22464f98f7504,imagemap,delivered,2026-03-22 20:57:20,
44554bdc-6427-4078-bb0b-4bc0bb0a5066,2026-01-09,msg_00052,U743849e63f8101ac616f8fd0ba84a167,Ucb86c610355f99eac83467650ddb8792,video,opened,2026-01-09 08:42:27,
600f5eec-1907-45fc-b216-7eeb2d84edc6,2026-04-08,msg_00078,Ud4a92c8c8050eed40ef171cc2784d638,Ub5dc912d07ef978c22546f7d65980299,image,delivered,2026-04-08 13:57:59,
6b7cc218-43ab-4be9-9517-cdbfcecb449d,2026-01-09,msg_00052,U743849e63f8101ac616f8fd0ba84a167,U3f0f7001b5d4397c2e96ddc6ee3cb5d6,video,delivered,2026-01-09 14:40:24,
dc1159d1-541e-4961-ad1c-861f327c2e59,2026-03-23,msg_00116,Ud4a92c8c8050eed40ef171cc2784d638,U18c95741fdc5aec169396b49ccf175dd,text,opened,2026-03-24 00:19:26,
699188f9-d310-4c8d-839b-56397da96bb3,2026-02-05,msg_00107,U3bae1603803a839c0cb52f511d9cb8f6,b04db32c976fbfb54415682d1fef4aa9,text,delivered,2026-02-05 01:41:33,
c4f457c4-7c4a-43b9-8cf2-debff76377d0,2025-11-30,msg_00025,Ub0341314a5534ea92b26fa8adc30543f,U71044505b1498e89b61bd5705edd66f4,imagemap,opened,2025-11-30 07:58:32,
a6600c66-fea9-4b46-918d-86034d78987f,2026-01-24,msg_00007,Ub0341314a5534ea92b26fa8adc30543f,Ucf98f14f3a91977517f4c5aae48ce846,imagemap,delivered,2026-01-24 06:37:54,
8dfd125a-3115-40cc-947c-5152df86d73d,2026-01-30,msg_00050,U3e5dd3a641c58ad50e49f095c6f1e306,35fc4104733a06cd6c51656bf963faa3,image,clicked,2026-01-30 16:40:26,https://example-saas.jp/coupon/500off
83a57006-2068-4bed-8d8a-cc980c20510a,2026-02-07,msg_00090,U4784fc8a8e1e4eb2435ad84e0ad052f2,Uef6719f4082017521ed8a35808794ec4,imagemap,delivered,2026-02-07 17:50:10,
e9c5f3b7-573c-40e0-b02e-bded6049e702,2026-01-26,msg_00115,U3bae1603803a839c0cb52f511d9cb8f6,U8e384974639ed0f63f63f3ea24c8cf55,imagemap,delivered,2026-01-26 05:00:30,
cac5dd53-2836-43ba-a5f6-efc8e6f03099,2025-11-27,msg_00018,U3e5dd3a641c58ad50e49f095c6f1e306,Uf91381a7abbb99206e02d15b4d2b8d07,imagemap,delivered,2025-11-27 11:05:13,
c6dc2439-1197-4c48-a308-5a02cc3638ab,2025-12-25,msg_00045,Ue7310890b01058478be93761a56d0aa0,Ubd347720f3ba819ff4ee2f9878a917c8,video,delivered,2025-12-25 08:26:48,
b2ba7ac3-ad2f-479f-940e-be43afc06a15,2025-12-23,msg_00061,Ub0341314a5534ea92b26fa8adc30543f,U59a87a927704102a8fe4c82f62903fdb,imagemap,delivered,2025-12-23 04:53:33,
57d343dc-7eca-49d1-bbf5-9a389d7227cc,2026-03-26,msg_00040,U3bae1603803a839c0cb52f511d9cb8f6,U69a49980df2f5ade9a18c912408f4d0a,imagemap,delivered,2026-03-26 03:54:10,
737d74f2-0ae9-4e2c-a447-bd611b36d98a,2025-12-25,msg_00077,U743849e63f8101ac616f8fd0ba84a167,Ub93c9e3022591e6331f7483c830b8861,text,delivered,2025-12-25 08:27:48,
b2a0ba77-1635-470a-8e9b-b8a5adfaf937,2026-02-05,msg_00107,U3bae1603803a839c0cb52f511d9cb8f6,Uef9ac7807df9d59f98c4b0eb7cf4c217,text,opened,2026-02-05 18:45:04,
c3724db4-6573-47fb-867e-7dd97727665e,2025-11-25,msg_00043,U3e5dd3a641c58ad50e49f095c6f1e306,U34a369eb7c8d30a5dd3c24be0792946f,flex,delivered,2025-11-25 03:03:26,
436fb23d-0af9-4935-a16d-78a7b91f3ae4,2025-12-23,msg_00109,Ue7310890b01058478be93761a56d0aa0,U32379a61fd8b98ea73e5c203fd63a180,text,opened,2025-12-23 01:12:34,
b8a6926f-78aa-42ce-a277-42b2f59511bf,2026-01-24,msg_00007,Ub0341314a5534ea92b26fa8adc30543f,Uace4b9f7f8c3eb101a287e13f6d73926,imagemap,delivered,2026-01-24 21:01:07,
16ad7131-eb9f-4904-86e0-c608038d314e,2025-12-08,msg_00015,Ub0341314a5534ea92b26fa8adc30543f,Ucf7e2aec62de62e69033079c13039962,text,opened,2025-12-08 12:44:52,
d2d765b6-0c78-438e-81dd-0af2b7f56903,2026-02-09,msg_00083,U3bae1603803a839c0cb52f511d9cb8f6,Ue5d45e5fb9c50b6b068fdb7edf57bf71,flex,delivered,2026-02-09 15:14:48,
d0eb28e3-cf22-4dd5-90de-73619bcb5693,2026-02-15,msg_00089,U3bae1603803a839c0cb52f511d9cb8f6,U4d178e122caa0e03306e7fdd48700684,text,clicked,2026-02-15 15:56:02,https://example-saas.jp/survey
c944c163-2d34-4c7b-9bea-dc4558118354,2026-03-13,msg_00001,U4784fc8a8e1e4eb2435ad84e0ad052f2,Ub5a82e319f362fba0389752593a0e2b1,image,opened,2026-03-13 17:47:43,
6a06bd61-3e8e-4b41-8692-3cc2c7146227,2026-03-20,msg_00036,U1ca413826b7044d134c9c3132420c9de,U14681ff53d7dceb99f8f528a10a5a52b,video,open,2026-03-20 23:59:17,https://example-saas.jp/coupon/500off
3c673c2c-ad02-40f4-a359-054aac1e3662,2026-03-16,msg_00002,U3bae1603803a839c0cb52f511d9cb8f6,U799e1c72aeb6f8937f8dec9b678545ac,text,delivered,2026-03-16 20:38:34,
65fee38d-1c29-4e83-8616-638e2b4c9570,2026-03-14,msg_00009,U743849e63f8101ac616f8fd0ba84a167,a4774b721396a0dbd1597a316107e29e,imagemap,blocked,2026-03-15 02:44:00,
0642e357-bb38-4333-961c-62387bae10e7,2025-11-23,msg_00024,Ue8d9224ecde331ce692edfce0b5ecdc4,U8e4bf7979f4fbcd29200088c0007007b,text,delivered,2025-11-23 19:59:12,
e9169af7-d371-4a28-af93-0d6fbcae5636,2026-02-19,msg_00016,U837b70463a585f85743b5bfb3b49c9fd,Uaf66335760dda752f001773881cb8546,flex,delivered,2026-02-19 03:09:43,
059237db-f783-445d-aea0-48bcc0e4ce02,2026-03-20,msg_00057,Ub0341314a5534ea92b26fa8adc30543f,Ue99d287c0289e27fdc8bf1fcac37df55,video,delivered,2026-03-20 23:44:37,
9d393cd8-bb26-4123-8607-cb68d76a8418,2026-02-15,msg_00006,U743849e63f8101ac616f8fd0ba84a167,U425bd780220dcf97702a26f149516129,flex,opened,2026-02-15 07:31:43,
dec47ce6-c996-4a59-85eb-b7d28780549a,2025-12-24,msg_00091,U3bae1603803a839c0cb52f511d9cb8f6,Ua1afc507872d5d70963414ab845c7a52,imagemap,delivered,2025-12-24 02:34:46,
4b5155a6-1e7c-4af7-b4c1-034858b7e413,2025-12-19,msg_00118,U4784fc8a8e1e4eb2435ad84e0ad052f2,U04975bdf7725513eae7adea4a3bbc754,image,delivered,2025-12-19 02:12:44,
d558ba9a-ed15-4f15-9b64-70b191dc402a,2026-01-13,msg_00060,U3bae1603803a839c0cb52f511d9cb8f6,U630a463bbfe3646904b591fc74bf5473,image,delivered,2026-01-13 05:03:06,
afc35aab-66ca-4c48-8456-02aac1402e4b,2026-03-06,msg_00068,Ub0341314a5534ea92b26fa8adc30543f,2d165521596b92fb0cafaab3783fd9b2,video,delivered,2026-03-06 02:58:44,
9c999635-56dc-49fd-a29f-2f29b3c5e07c,2025-12-02,msg_00088,U3bae1603803a839c0cb52f511d9cb8f6,U21a0da7c4b41da4bc0a71670bed8e569,image,opened,2025-12-02 02:12:06,
2a42bf1d-ad8a-49ef-93d1-11e07a017e3f,2025-12-25,msg_00077,U743849e63f8101ac616f8fd0ba84a167,U59c5fb18a063a7f417cafab2b984e1cc,text,delivered,2025-12-25 19:38:10,
6a24d2c7-e9b6-4bb2-a416-277cb3fd0202,2026-01-26,msg_00086,U4784fc8a8e1e4eb2435ad84e0ad052f2,U8f5c022b39b58273ba90203c2718a2cd,text,blocked,2026-01-26 21:33:45,
deea8b24-f40b-450f-945c-8da1012cfb0f,2025-11-23,msg_00053,U743849e63f8101ac616f8fd0ba84a167,U3d1709fb6e7a00add9e681a44f3a675e,video,clicked,2025-11-23 02:50:32,https://example-saas.jp/lp/newmenu
6fbe232b-dd3c-4da5-83d2-19433d877f65,2026-03-13,msg_00001,U4784fc8a8e1e4eb2435ad84e0ad052f2,Ub5a82e319f362fba0389752593a0e2b1,image,delivered,2026-03-13 16:50:57,
e4704715-e86c-440b-9e3c-062ef4ac1054,2026-01-24,msg_00113,Ub0341314a5534ea92b26fa8adc30543f,3e358d9502e086632c52aecc695a4f3c,text,delivered,2026-01-24 22:00:26,
9db44082-b924-4a00-a079-9524b09c0b2e,2026-03-05,msg_00014,U3bae1603803a839c0cb52f511d9cb8f6,U1308c3c844202c75ed15ba64e394c770,flex,clicked,2026-03-05 17:45:44,https://example-saas.jp/survey
5b8ba9de-9493-4d07-b25b-4e273415aa34,2025-11-18,msg_00090,U3bae1603803a839c0cb52f511d9cb8f6,U4a78895acd11f7634637b16b6245987e,flex,CLICK,2025-11-18 07:48:49,
e318763f-a49b-4a74-995f-0fb02b00a159,2025-12-24,msg_00091,U3bae1603803a839c0cb52f511d9cb8f6,U3ab56be0fb791916102ba62931eb95b7,imagemap,delivered,2025-12-24 10:34:12,
1c3d9521-595d-4834-bda1-e7e79656580f,2026-03-23,msg_00071,U3bae1603803a839c0cb52f511d9cb8f6,U0c360977554db03f8f070a0caa3ebb56,imagemap,opened,2026-03-23 21:39:34,
5d80725d-f3d1-41a5-b140-5738924ab70d,2026-03-04,msg_00056,U1ca413826b7044d134c9c3132420c9de,U8ca88f45bba098c24cf86a9d499f529b,text,delivered,2026-03-04 01:17:04,
76e2f30c-dc23-4755-b473-d198f6dbb835,2026-03-04,msg_00056,U1ca413826b7044d134c9c3132420c9de,Ubc946d85293611fe2e086dd9e9124802,text,delivered,2026-03-02 18:49:19,
29f9df95-71ef-48f9-8822-8944b2a1f9c2,2026-03-23,msg_00116,Ud4a92c8c8050eed40ef171cc2784d638,U138caa2da291016727a3d04b56a0f81e,text,opened,2026-03-23 09:48:39,
b12f8893-ad24-4ec7-98dc-b7160cee0760,2025-12-23,msg_00109,Ue7310890b01058478be93761a56d0aa0,Ub7ea096af729ff057e402d8c2d59de7d,text,clicked,2025-12-23 14:05:53,https://example-saas.jp/campaign/spring
be0604a1-8fa9-4ef7-8139-3a86c4b50b79,2026-01-26,msg_00005,Ub0341314a5534ea92b26fa8adc30543f,Ua2f344e6ebab9bdb258577de5f329570,image,delivered,2026-01-26 14:27:51,
be2cc1d5-c90b-4913-8c91-39f64451f98c,2025-12-25,msg_00077,U743849e63f8101ac616f8fd0ba84a167,373a2ebeb289e3fc8353daaa6a71a6ae,text,delivered,2025-12-25 17:33:50,
9797e7ff-d214-4467-8f94-ac02f55cdfa5,2025-12-02,msg_00088,U3bae1603803a839c0cb52f511d9cb8f6,U470407a03bc1db5c2ce2ee326a127394,image,delivered,2025-12-02 10:53:26,
e9d136a0-db56-4a4d-ae0a-3d697dfaeb0d,2026-01-26,msg_00115,U3bae1603803a839c0cb52f511d9cb8f6,Ue2c69c330a68f5b9b4a1a8056e0f1e0d,imagemap,opened,2026-01-26 10:27:06,
56f767e1-bf16-4dfd-9a49-66cf1b2b9df5,2025-12-09,msg_00094,U227d1cd1a801c367de206ec4bbca7330,U71aa58a35e7c3e62a1cbafc2c74b6de8,flex,delivered,2025-12-09 23:19:43,
736dc082-9948-4ae5-ab28-98816f69cd62,2026-03-21,msg_00023,U743849e63f8101ac616f8fd0ba84a167,U29f99ac3b8dd4c2a2d72057aac1d65de,imagemap,delivered,2026-03-21 11:37:41,
59ae930f-6c6d-459b-a10a-5a050a6e1bb0,2026-01-01,msg_00027,U4784fc8a8e1e4eb2435ad84e0ad052f2,Uf3d960b9fb89cc9b681a541eea69e88b,image,opened,2026-01-01 17:37:07,
28207109-9a01-4b92-b7d8-2a3df436ca24,2026-03-04,msg_00056,U1ca413826b7044d134c9c3132420c9de,U331100efa49e0d14bfc5519a2c6d9233,text,delivered,2026-03-04 06:34:02,
1f4b6f1e-da20-48e1-a2d4-18affd3f2f84,2025-12-18,msg_00114,Ub0341314a5534ea92b26fa8adc30543f,Ud42d9b815caccc628170a4f1f36d181c,flex,opened,2025-12-18 08:09:02,
b2733632-6bdb-4d8d-9925-a97e71d7213c,2026-03-30,msg_00076,U743849e63f8101ac616f8fd0ba84a167,Ua5b8a01b81b8c547eea3d973b7ce1c7e,image,clicked,2026-03-30 09:00:04,https://example-saas.jp/coupon/500off
cc82767e-03e6-483d-8dbb-2b225792ef86,2026-02-15,msg_00087,U3bae1603803a839c0cb52f511d9cb8f6,Ubf59891c3aa4b75fdb57438751fe1f1d,imagemap,opened,2026-02-15 05:42:04,
8d1473c0-bd02-4d91-b474-a3affb81ab8a,2026-02-05,msg_00112,Ub0341314a5534ea92b26fa8adc30543f,U752d91b4904631822cbd6b730b411aae,image,unsubscribe,2026-02-05 21:20:11,https://example-saas.jp/coupon/500off
6452041f-fc3b-48a3-aabf-2e0b854f03c0,2026-01-24,msg_00007,Ub0341314a5534ea92b26fa8adc30543f,U3ba084e7ee2ccaf0b0016612b869e2dc,imagemap,delivered,2026-01-24 01:42:36,
926d07c2-922a-407b-8d5c-ad2d7542e9d3,2026-03-04,msg_00056,U1ca413826b7044d134c9c3132420c9de,Uf9030d4ae313834bbfb1222bd4557ec3,text,delivered,2026-03-04 16:32:17,
d5cbda57-549a-48c4-990f-24a40faf3c06,2026-03-20,msg_00092,U743849e63f8101ac616f8fd0ba84a167,U0ae2c194bc9aa61f57e7f893d56eb6c1,video,delivered,2026-03-20 08:26:15,
2c94223f-9678-4dac-a57d-2f2ca2698901,2025-12-25,msg_00077,U743849e63f8101ac616f8fd0ba84a167,U9176aa83263e493337efc214b8e23433,text,delivered,2025-12-25 00:54:04,
5290cd5c-359d-45e8-8c79-f03031c287d5,2026-02-20,msg_00017,U22a93bc29b1df104af6b1ba1cd91fc56,U2b046ac961e998199f803c4f31d9a339,video,opened,2026-02-20 12:47:29,
f6a18445-465c-49cf-a013-526af5da82b3,2026-03-06,msg_00068,Ub0341314a5534ea92b26fa8adc30543f,Ub85d8dd58eaa86a6ad8d7e08424b03ba,video,delivered,2026-03-06 05:24:05,
99d0382f-ef18-4a0d-a588-1affff079e17,2026-04-04,msg_00049,U476acbdef8e9a16d24575e4f6d7b0f31,U1504e5eefa7cbff2152cb4a2d9ddd636,text,delivered,2026-04-04 16:18:52,
cfdd678f-4415-4d1a-961f-2e2cc25e4315,2025-12-24,msg_00091,U3bae1603803a839c0cb52f511d9cb8f6,U5c9388f45a667401b590b0cfc3a1bcdd,imagemap,delivered,2025-12-24 07:33:19,
fd2ad54b-95be-415b-a60d-f6348df76b81,2026-01-07,msg_00110,Ub0341314a5534ea92b26fa8adc30543f,Ub90ec1acbf5f934718afcaa491c83f62,video,delivered,2026-01-07 19:25:10,
47f93ce1-8891-4fd8-9e65-eb8f0c9c5f17,2026-03-08,msg_00112,U3bae1603803a839c0cb52f511d9cb8f6,U77d387f8a23b924596131b232fbbf30d,image,opened,2026-03-08 11:53:19,
6634cc8a-0bc4-4568-9141-f80e6ac3c467,2025-12-02,msg_00088,U3bae1603803a839c0cb52f511d9cb8f6,U9d91028e04798a156ec7272cd1fbaec7,image,delivered,2025-12-02 02:37:41,
2aaf7feb-3146-40a6-9e13-31f53e719f79,2026-01-18,msg_00102,U227d1cd1a801c367de206ec4bbca7330,U0679af5599efd66d9fdc702e0d430b32,video,delivered,2026-01-18 23:53:16,
50abf233-c7b8-408b-bb69-2471e0325a5f,2026-04-06,msg_00074,U3bae1603803a839c0cb52f511d9cb8f6,Uc437d87aea440900b7a41efab8791f70,text,opened,2026-04-06 03:34:06,
2324240c-5251-49d5-9d31-aa92ad85f021,2026-03-23,msg_00116,Ud4a92c8c8050eed40ef171cc2784d638,U18c95741fdc5aec169396b49ccf175dd,text,delivered,2026-03-23 23:31:14,
fccea4a1-01c3-4471-bab8-1cfd699074dd,2025-11-22,msg_00047,Ue7310890b01058478be93761a56d0aa0,U936cfd9bec7b7d449939cc4c5a31a244,video,delivered,2025-11-22 16:40:28,
22657ad4-0660-44e1-847b-59fbf0e93ea0,2026-01-26,msg_00103,U3bae1603803a839c0cb52f511d9cb8f6,U69a5f89b28f56186657c6607165dfb55,flex,delivered,2026-01-26 10:47:40,
3ce02fa8-e5c6-4e46-8437-863cec84e09e,2025-11-26,msg_00028,U3bae1603803a839c0cb52f511d9cb8f6,U315cc69f4297951cfd90d6ce510ab84e,image,delivered,2025-11-26 07:06:16,
3fc42b37-26c0-4b58-a257-f4549d9b5f44,2026-03-21,msg_00023,U743849e63f8101ac616f8fd0ba84a167,Ufae6abb585accc5698908dda09d7d85b,imagemap,opened,2026-03-21 08:58:37,
e6a56722-77a8-4f34-80f0-b6894a048efa,2026-01-24,msg_00113,Ub0341314a5534ea92b26fa8adc30543f,U6c06f030e97033568252ca942532c53d,text,delivered,2026-01-24 11:09:20,
bbc8a1ae-5c61-4128-a7e2-97b1f3335207,2026-03-05,msg_00014,U3bae1603803a839c0cb52f511d9cb8f6,Uf5cf4f48cdc2f4818d2f5483a6e07055,flex,delivered,2026-03-05 10:13:34,
c8dc276e-af2a-4bce-bfb4-82c69c961a63,2026-02-07,msg_00090,U4784fc8a8e1e4eb2435ad84e0ad052f2,Ub52661526f8e6714a7f29f8c0f4d6bc8,imagemap,clicked,2026-02-07 23:59:12,https://example-saas.jp/survey
5fd031ce-14e6-4f99-bfa4-3d887e71fac5,2026-02-14,msg_00042,U3bae1603803a839c0cb52f511d9cb8f6,U88c069978d65aa9a6f1eb875e70c644b,video,delivered,2026-02-14 03:12:06,
5051b3cc-9eff-4216-9b99-1775e2f0f130,2026-03-18,msg_00080,U22a93bc29b1df104af6b1ba1cd91fc56,Uf3548e4d37e1334005ad8aa4818303ab,flex,delivered,2026-03-18 21:44:05,
43fafaaf-245d-4c1c-be52-3eb4ffdf87ef,2026-03-06,msg_00068,Ub0341314a5534ea92b26fa8adc30543f,Ucc87609c936fc3d1bfb6eaf35a48e5fc,video,delivered,2026-03-06 06:20:35,
667bbbcc-2a99-4b6a-82d1-d4d44e7d8b45,2026-03-06,msg_00055,U3bae1603803a839c0cb52f511d9cb8f6,U3b2ac0e3098a92eff1344ba35ef1d827,flex,opened,2026-03-06 00:45:07,
8230760c-417f-42dd-88e1-2b73daeb1126,2025-12-22,msg_00013,Ub0341314a5534ea92b26fa8adc30543f,Uad2f27609419a81d5e6fa6ec9f98232a,image,delivered,2025-12-22 07:40:29,
7be66a53-59d3-4ab9-8d77-79e036566db9,2026-01-24,msg_00007,Ub0341314a5534ea92b26fa8adc30543f,Uc55a30a174e31634076fc23800172cc3,imagemap,opened,2026-01-25 00:30:03,
efc6fb58-7c0b-4cf9-8522-42d50a5d98a5,2026-04-10,msg_00101,U743849e63f8101ac616f8fd0ba84a167,U92b3c9efc5e7ae182eca3cba2a8a3ff0,imagemap,delivered,2026-04-10 19:02:58,
73da4adc-4465-4e98-9acf-6c3513e1aeda,2025-12-19,msg_00118,U4784fc8a8e1e4eb2435ad84e0ad052f2,U54cf3ec5a988a71ae202b790c08a5a2c,image,delivered,2025-12-19 14:45:33,
be6bd439-37e0-46b9-accc-ac6e7f6d405c,2026-03-05,msg_00014,U3bae1603803a839c0cb52f511d9cb8f6,U155afe595889057850d01a8230518514,flex,delivered,2026-03-05 22:40:39,
9dbcb489-2c47-4579-bc7d-bef34d50f74c,2026-01-24,msg_00007,Ub0341314a5534ea92b26fa8adc30543f,Uafba58fc09342827280935f31e33a94d,imagemap,opened,2026-01-24 04:16:11,
9c37ea34-1e29-4b67-b42a-051ee4838033,2026-03-13,msg_00001,U4784fc8a8e1e4eb2435ad84e0ad052f2,U222e657492b850378dbf72e51fe20e6a,image,delivered,2026-03-13 09:45:51,
0a5aa9b0-9cde-45c0-b622-39097d81c15a,2026-01-07,msg_00110,Ub0341314a5534ea92b26fa8adc30543f,U8559b298483c3249adb47ed174043812,video,opened,2026-01-07 20:59:08,
e9c6f2dc-490c-4f20-b478-8debb435d694,2025-11-26,msg_00028,U3bae1603803a839c0cb52f511d9cb8f6,U9422d4edd7409efa74f12351833fd071,image,opened,2025-11-26 15:59:24,
bab9ef0e-6e68-4835-9222-fda35e77de0d,2025-12-17,msg_00032,U3bae1603803a839c0cb52f511d9cb8f6,U768b110b1367ac99ec3a0be343d5e3d2,video,clicked,2025-12-17 22:05:01,https://example-saas.jp/survey
87751238-d9b7-4237-bd98-efb61824f42e,2026-02-07,msg_00090,U4784fc8a8e1e4eb2435ad84e0ad052f2,U9c09b32e16f4e81046c8c29f3c951234,imagemap,delivered,2026-02-07 21:54:09,
f9a76729-57b7-4028-8db0-8e86fd1fc6b0,2026-01-24,msg_00007,Ub0341314a5534ea92b26fa8adc30543f,U933fa6022361668261426e4b1e5cd84e,imagemap,opened,2026-01-24 23:48:38,
c96f0ae4-3326-4315-b2c9-ffeb8e704f1b,2025-12-23,msg_00109,Ue7310890b01058478be93761a56d0aa0,ec60f39ddd90ec55e3d1e0387579ceee,text,delivered,2025-12-23 14:55:29,
b909de45-843e-40d1-8f09-52d0bbb9935e,2025-11-24,msg_00033,U3bae1603803a839c0cb52f511d9cb8f6,Ucba617ebaf288644fca81a1b816c5457,text,delivered,2025-11-24 22:11:32,
7ac28dd5-7d12-4d47-b475-4ba9a6919884,2026-02-15,msg_00087,U3bae1603803a839c0cb52f511d9cb8f6,3d04688fd6b913c514e9f753715cea72,imagemap,delivered,2026-02-15 13:58:10,
ed9c3f13-56b0-473f-8e43-2fddfcf1e8d1,2026-04-01,msg_00072,U4784fc8a8e1e4eb2435ad84e0ad052f2,U2dbfa0ff6defcf820c0b127de827433c,image,opened,2026-04-01 11:33:25,
9a2191fa-e4e9-41e4-b34c-cfda186b945f,2025-11-21,msg_00010,Ue7310890b01058478be93761a56d0aa0,Ub3bd1db27b861f8de467101ed553696f,imagemap,failed,2025-11-21 10:45:58,
f1229d38-445d-4938-b1ac-8a2a9a4a2358,2026-03-29,msg_00097,Ub0341314a5534ea92b26fa8adc30543f,Ub02c7b88e8ae0e15cbd43a55f60f163a,text,opened,2026-03-29 20:51:58,
a4f0d1c4-8b2a-4a01-a421-5841e49f665c,2025-12-08,msg_00015,Ub0341314a5534ea92b26fa8adc30543f,U2fe71f6e3c37eb9769828e66123c4509,text,delivered,2025-12-08 14:54:48,
c96fce90-8d5a-4bb8-833d-0080c1ab04f5,2025-12-07,msg_00003,U227d1cd1a801c367de206ec4bbca7330,Uf8d5c12a510dc5eaded74c197e2982d9,image,delivered,2025-12-07 16:37:03,
220c66c8-6203-4602-9c57-025e640e467d,2026-01-31,msg_00035,U7e808d11d6f9901a954a542a7ee09918,U5e36b134b2749f58865715176998a7d0,text,clicked,2026-01-31 20:28:50,https://example-saas.jp/coupon/500off
d58098e1-8cef-409f-a604-700e5d8c8fea,2026-02-28,msg_00053,U743849e63f8101ac616f8fd0ba84a167,U4e8f5b624339b14ebb1803d9580358a9,text,delivered,2026-02-28 03:56:38,https://example-saas.jp/survey
6c22476f-9929-4e7c-8375-e706fe95e009,2025-12-17,msg_00032,U3bae1603803a839c0cb52f511d9cb8f6,U411ead3c224f779b067431ca5bbd7694,video,delivered,2025-12-17 14:56:45,
66db0c86-9718-4ba1-95f1-0a7d73874d30,2026-03-08,msg_00112,U3bae1603803a839c0cb52f511d9cb8f6,Ub55da810285ef62a46102b8b245f67c2,image,delivered,2026-03-08 02:43:27,
4ca774fa-d791-477d-8c36-8d57f5c5b1b3,2026-03-23,msg_00116,Ud4a92c8c8050eed40ef171cc2784d638,Uc2f67579c011df35adb55d5446ac6500,text,clicked,2026-03-24 00:41:06,
d8edca80-356d-4342-b014-5c84345a4c4d,2026-02-16,msg_00021,U743849e63f8101ac616f8fd0ba84a167,U9e81a9445127f8f342dc3fc2a86effaf,flex,delivered,2026-02-16 05:42:23,
dd8a2d51-206c-44dd-9f97-197be02cf368,2025-12-23,msg_00061,Ub0341314a5534ea92b26fa8adc30543f,U92ad95ce19431272bd64703cf6fa4b5b,imagemap,opened,2025-12-23 16:20:22,
19cc76d0-fae2-4bc2-9a2d-bb048d6cea2d,2026-01-13,msg_00060,U3bae1603803a839c0cb52f511d9cb8f6,Ub9067389442d22a2e2566a9d2361e195,image,opened,2026-01-13 08:48:25,
9b7ec1a6-e62a-4228-b171-e574b79b67d3,2026-03-08,msg_00112,U3bae1603803a839c0cb52f511d9cb8f6,3803021e2baf1ddf51e1c0fa95d3e637,image,delivered,2026-03-08 09:44:27,
53c9daab-ffd2-4c45-b144-291fe8a79115,2026-01-10,msg_00044,U30ad60bba5da9837ca5dd0230ca8f531,Ubb182a0051ee7bd15ebd7bde846a11f4,video,delivered,2026-01-10 05:12:47,
9e54b522-6cf6-48b7-ba4e-04c0aebcb429,2025-12-25,msg_00077,U743849e63f8101ac616f8fd0ba84a167,13d615f4d80e762c6314047c7712d6f0,text,opened,2025-12-25 03:34:07,
f99c9d59-e576-4b9f-b7c0-41fdbf89e294,2026-03-06,msg_00055,U3bae1603803a839c0cb52f511d9cb8f6,U089f720b17c53bd17ea6debe2a8c2588,flex,delivered,2026-03-06 15:15:21,
c0c8db28-3a9d-4dc9-8f5f-db147fe4d87a,2026-02-09,msg_00083,U3bae1603803a839c0cb52f511d9cb8f6,U314097c2077476054d36e067b6949e40,flex,delivered,2026-02-09 23:30:56,
a15bafeb-d02a-4ca6-8651-da4d1ca2584a,2026-02-14,msg_00042,U3bae1603803a839c0cb52f511d9cb8f6,U3afc169b4d060bc4cefa006ca5cc9972,video,delivered,2026-02-14 21:23:25,
8556742a-6bf7-4c23-bda7-31609b71f3be,2025-12-18,msg_00070,Ue9a1e8a5b83a6b296d43c957a8cfba4a,Ue54991bb5e9f7a35dda04fb627019b2a,imagemap,delivered,2025-12-18 14:42:10,
3976a2b6-eece-4832-a077-8d313b221c6a,2026-02-05,msg_00107,U3bae1603803a839c0cb52f511d9cb8f6,U80ef53cfd9412a24a938099defca2529,text,clicked,2026-02-05 10:47:53,https://example-saas.jp/lp/newmenu
ca04ee19-1e65-4c63-ba6c-825760ba5bbd,2026-01-01,msg_00027,U4784fc8a8e1e4eb2435ad84e0ad052f2,U5b3bed95779d78f84029aba1076c9a9b,image,delivered,2026-01-01 21:47:41,
44fb02c9-4059-4e88-bb34-bce98df54951,2025-12-21,msg_00022,U3bae1603803a839c0cb52f511d9cb8f6,U0f8afd68d1ef3550393edc064301b53e,video,opened,2025-12-21 22:51:52,
cde98d88-7db7-4e06-882b-63a83430bc2b,2026-03-12,msg_00084,U68d2301028fb66b51d9111f1af067e34,U1abe8140023c331a0ec0cb37ca10fbfd,video,delivered,2026-03-09 21:19:54,
5e122da9-6549-44f9-a478-8427a5854873,2025-12-23,msg_00061,Ub0341314a5534ea92b26fa8adc30543f,4484df5f29581cb8071e4494faec410c,imagemap,delivered,2025-12-23 08:56:10,
37942a74-6316-4156-bd5e-5d1c86a2af3c,2026-02-10,msg_00058,Ue9a1e8a5b83a6b296d43c957a8cfba4a,Ua76883935aa718df2aa2ee09d5513c69,video,opened,2026-02-10 23:36:41,
6c9e50c6-f00a-4f27-ae77-e791745f35ce,2026-02-14,msg_00042,U3bae1603803a839c0cb52f511d9cb8f6,387003e57dd5cb5c10a2206844de67b0,video,delivered,2026-02-14 17:54:53,
7660c4a6-3916-412d-b763-4f5975fdbb94,2026-01-26,msg_00086,U4784fc8a8e1e4eb2435ad84e0ad052f2,U37da7469c945955fc7a2b88d3bd60493,text,opened,2026-01-26 23:12:05,
a75a3f11-d908-4fef-a316-e923530fbcb4,2026-01-09,msg_00052,U743849e63f8101ac616f8fd0ba84a167,U7b01dc257f43ce5b0cca10018e4a7859,video,opened,2026-01-09 12:41:41,
2f90c2b8-2b5b-4545-95a6-508ae1f98874,2025-12-19,msg_00118,U4784fc8a8e1e4eb2435ad84e0ad052f2,Uc2d74b217d5527f7e4ae6281e8a6c442,image,delivered,2025-12-19 07:32:54,
9f7ab423-3322-401d-b4d2-7bddba8b2dbe,2026-03-04,msg_00056,U1ca413826b7044d134c9c3132420c9de,U8773a00935857e8c0405606f226f3480,text,delivered,2026-03-04 15:35:48,
0e5fe86a-08be-4c5b-9647-623dab83c47d,2025-12-17,msg_00032,U3bae1603803a839c0cb52f511d9cb8f6,Ufd1ff89623f1f9686d8005565e342915,video,delivered,2025-12-17 03:52:00,
ef49d180-166a-4c74-b427-474c2beb8190,2026-01-24,msg_00007,Ub0341314a5534ea92b26fa8adc30543f,43aed0711b31f4b21ae2ecdb2513a357,imagemap,opened,2026-01-24 22:10:32,
ca9ba177-4496-48c7-b5b5-f3b8f48a3fbc,2025-11-16,msg_00020,U3bae1603803a839c0cb52f511d9cb8f6,Ua2453a35b963b02d394c77d58a9c259d,text,delivered,2025-11-16 19:20:11,
c702b4c7-8b82-4d9f-b5df-5d7adaae17ce,2025-11-26,msg_00028,U3bae1603803a839c0cb52f511d9cb8f6,Uba4b3167ff11241f2d24593562349643,image,delivered,2025-11-26 17:17:09,
7f2325f1-7e51-4901-b249-4e9964d59962,2025-12-24,msg_00062,Ub0341314a5534ea92b26fa8adc30543f,U9714e011680a5eef07445b6b71a5c9c2,video,delivered,2025-12-24 18:57:03,
ac708e2d-d799-4755-99d1-f54f668cf73e,2026-03-20,msg_00092,U743849e63f8101ac616f8fd0ba84a167,Ud9d698ff615b11d2844c7e8e33ab11f7,video,delivered,2026-03-20 14:17:25,
7a2b69b2-132a-4a41-bb44-4641da187733,2025-12-09,msg_00059,U3bae1603803a839c0cb52f511d9cb8f6,U2c96aa5fe3105a30c6cbb0d8d061c1dc,imagemap,clicked,2025-12-09 07:51:59,https://example-saas.jp/campaign/spring
833034a3-e75a-43af-a5a2-cec12bedf008,2025-12-09,msg_00059,U3bae1603803a839c0cb52f511d9cb8f6,Uca20dda2f6670268588d4992ad892662,imagemap,delivered,2025-12-09 16:51:06,
81f25f4e-591e-46c8-a26f-25d454de3384,2026-01-24,msg_00007,Ub0341314a5534ea92b26fa8adc30543f,d7c21622d681f165359669449ec5f148,imagemap,delivered,2026-01-24 22:19:53,
89d95ec9-28e0-4823-91f9-1b192d6c523b,2026-03-20,msg_00057,Ub0341314a5534ea92b26fa8adc30543f,Ue57c227f0e7d9b7cb5a056c58a66d0dd,video,delivered,2026-03-20 22:57:38,
2e92e1f8-558e-4563-81fb-e08bf3fe5f12,2026-01-30,msg_00050,U3e5dd3a641c58ad50e49f095c6f1e306,U2bddec73eb8c0271c3d7b2cdd2bfe6c2,image,opened,2026-01-30 00:34:07,
eb486346-c327-42a3-9d30-947f784654a3,2025-12-25,msg_00039,Ud4a92c8c8050eed40ef171cc2784d638,U44fda32d496dc4bda435b6de43ba494b,imagemap,CLICK,2025-12-25 20:52:10,https://example-saas.jp/lp/newmenu
85793043-c23c-4f23-90f5-bfe8d17ed62a,2025-11-30,msg_00025,Ub0341314a5534ea92b26fa8adc30543f,U7eb9a4f17c498415e5be4c558841ee42,imagemap,delivered,2025-11-30 16:13:07,
3719cdb6-f586-459b-9418-b1fb3321e23e,2025-12-09,msg_00094,U227d1cd1a801c367de206ec4bbca7330,1d04aa838769df28f64ef265d7da4052,flex,delivered,2025-12-09 11:00:56,
9dd63c69-5577-4c5d-8948-bdb0a4f59ba1,2025-12-07,msg_00003,U227d1cd1a801c367de206ec4bbca7330,Ue1abe202ddd3b7f4830e27baaccbde7c,image,delivered,2025-12-07 13:36:20,
5fb35fe1-79a4-48e7-93c0-e6fa463a9304,2026-02-15,msg_00089,U3bae1603803a839c0cb52f511d9cb8f6,Ue7490232b452dd2392887baa25990bad,text,delivered,2026-02-15 13:59:58,
3012abb5-db35-4bfd-9683-013be9a1500d,2026-04-04,msg_00049,U476acbdef8e9a16d24575e4f6d7b0f31,236faf6457a1f8e2eb849bdfef0051a5,text,delivered,2026-04-04 08:59:26,
e391e834-611c-44d8-ad96-776b0fd90745,2026-04-06,msg_00074,U3bae1603803a839c0cb52f511d9cb8f6,U131b09fd0e4a3e0e73589875be100284,text,delivered,2026-04-06 10:16:45,
4f56263b-cdb7-41c9-81e0-f8a895d233cf,2025-12-25,msg_00045,Ue7310890b01058478be93761a56d0aa0,U2713b6e654a7c8aa7d3e1a1002280fe2,video,opened,2025-12-25 12:28:38,
e3107344-551b-4de2-a678-2c0a151322ad,2025-12-19,msg_00118,U4784fc8a8e1e4eb2435ad84e0ad052f2,Ub92dd7285ee6e16c6eebe447e7accf8c,image,opened,2025-12-19 21:21:50,
7cadcc0b-d725-4882-9a2a-da3476d3e2ad,2025-12-09,msg_00059,U3bae1603803a839c0cb52f511d9cb8f6,U7a650fc5cb1b2b2fd641202f75898218,imagemap,delivered,2025-12-09 23:38:03,
8cdc68dc-2a96-448b-a8e1-946fe3698b85,2026-03-25,msg_00079,U743849e63f8101ac616f8fd0ba84a167,Ub8116447f85ee2e5173d32006ae76895,text,opened,2026-03-25 15:27:46,
53f89617-4914-44e4-b053-217b963b2e6b,2026-01-17,msg_00037,U7e808d11d6f9901a954a542a7ee09918,Ua1622e14e188bf83445bd7e6e13f3d14,text,opened,2026-01-17 08:50:54,
43aade7e-9cc2-4b80-9e40-ec2499ea035c,2026-01-26,msg_00063,Ub0341314a5534ea92b26fa8adc30543f,Uf4f2f1245ee5ede41541fe8862265726,imagemap,clicked,2026-01-26 07:36:41,https://example-saas.jp/survey
e165ef0b-46e0-4820-b14b-cb4000f7ed30,2026-03-13,msg_00001,U4784fc8a8e1e4eb2435ad84e0ad052f2,U4c8e812b447d1cc9594a47f3fc920592,image,delivered,2026-03-13 05:31:56,
304e1eab-1d01-4829-baa0-dd1c1e16d90b,2026-02-07,msg_00090,U4784fc8a8e1e4eb2435ad84e0ad052f2,U6d7d9bf9c81c022a6f4848c247768693,imagemap,opened,2026-02-07 13:10:26,
b77178b2-5d2a-4b4f-9eaa-fbd74b0cceb8,2026-03-06,msg_00055,U3bae1603803a839c0cb52f511d9cb8f6,U581e705a3ccef408cc8cddd3f1bff5c9,flex,delivered,2026-03-06 09:00:35,
bfce9a37-db3b-4cea-b78a-d6bf15134051,2025-12-12,msg_00004,Ub0341314a5534ea92b26fa8adc30543f,U314ade0617a876bfbd467b7b619ff5c1,video,clicked,2025-12-12 01:07:19,
e796383c-8d7b-443b-b3c1-bdc1ed04c2fe,2026-03-22,msg_00119,U3bae1603803a839c0cb52f511d9cb8f6,Ud81fc683e6c1cac5b9e3d9d0b070d27f,imagemap,delivered,2026-03-22 14:37:28,
10a7157e-6ba9-46ab-b866-9bbb7e68a3d3,2025-12-24,msg_00091,U3bae1603803a839c0cb52f511d9cb8f6,U35d48c31c71b3f8f747dae927f5c4953,imagemap,delivered,2025-12-24 15:15:02,
717f17e1-dd3a-49ed-87fc-a88245f8477f,2026-01-18,msg_00102,U227d1cd1a801c367de206ec4bbca7330,Ub3ffdd25adabef43b6225df817d989ab,video,delivered,2026-01-18 15:24:31,
a44f20a3-1e96-421a-8e7b-e1a83a7be2b8,2026-02-14,msg_00098,U743849e63f8101ac616f8fd0ba84a167,Uf1cb5b110480acc4e26a5a83294e87be,imagemap,blocked,2026-02-15 12:24:30,
81cc0202-16fd-4476-8fc4-9f4577642ec0,2026-03-03,msg_00093,U743849e63f8101ac616f8fd0ba84a167,6331ffe66678a0331211bfcb0c22f1fc,imagemap,opened,2026-03-04 00:56:54,
c7c5da7a-89f0-4d8a-84e7-6b250c02f48c,2026-01-24,msg_00066,U3bae1603803a839c0cb52f511d9cb8f6,U0e05935f0b6399047695b5c8147896d6,image,delivered,2026-01-24 00:29:07,
4ff2586a-2fa2-4eed-b873-d23680682251,2026-01-24,msg_00113,Ub0341314a5534ea92b26fa8adc30543f,U023c861090f68ab1bcf1d4ed7544e11f,text,delivered,2026-01-24 05:22:09,
e84bd838-1899-4857-962d-13646e042813,2026-02-01,msg_00075,Ub0341314a5534ea92b26fa8adc30543f,U9c1e24c186de9948b69a18c699676c90,imagemap,clicked,2026-02-01 18:08:09,
8793237f-880c-4939-a07d-403730b271a2,2025-12-23,msg_00061,Ub0341314a5534ea92b26fa8adc30543f,f4e0193d68d2577417a340635ae57377,imagemap,delivered,2025-12-23 02:07:28,
5e779f93-6707-4877-867e-f3f4f4d38cbd,2025-11-19,msg_00019,U743849e63f8101ac616f8fd0ba84a167,Ucd299ac4ccc5fbb67564f90afa8306c5,flex,delivered,2025-11-19 08:35:12,
e5e67808-aac7-41fc-ae8a-341ee492948c,2025-12-24,msg_00091,U3bae1603803a839c0cb52f511d9cb8f6,U8d922b8b96b0943611d46bb085e306f2,imagemap,opened,2025-12-24 05:46:22,
a501e545-0663-4c7f-b5c8-6e0408ade8ee,2026-03-06,msg_00068,Ub0341314a5534ea92b26fa8adc30543f,U74a99927a4ccfd1386e4125039672253,video,delivered,2026-03-06 14:07:09,
31a261a8-3eb6-4d9a-bbc7-76e2395b6fc8,2026-01-26,msg_00103,U3bae1603803a839c0cb52f511d9cb8f6,559a1032d6d1c5798200a73966bfcb55,flex,opened,2026-01-26 19:10:20,
3c4c1a6b-d225-4b4b-83f6-1333669517a1,2026-01-24,msg_00066,U3bae1603803a839c0cb52f511d9cb8f6,U9b353960729fc00486a56058203001ca,image,clicked,2026-01-24 12:15:47,https://example-saas.jp/coupon/500off
49d0304c-cac5-4c19-911f-1b36da7f2fe6,2025-11-30,msg_00025,Ub0341314a5534ea92b26fa8adc30543f,5eef652a555fb93ed0cf1d8af13d3ad9,imagemap,opened,2025-11-30 14:43:31,
1f5e068c-e6e2-44f6-97c0-c89e922e561a,2026-03-20,msg_00057,Ub0341314a5534ea92b26fa8adc30543f,U7a2014dd026875cd9f5f2eefa0e6e73b,video,delivered,2026-03-20 17:39:27,
2d665f74-52b7-4dca-b638-a85813633a73,2025-12-09,msg_00059,U3bae1603803a839c0cb52f511d9cb8f6,U2f5b53be9e40d0a7148e608f075622b9,imagemap,delivered,2025-12-09 10:21:21,
d088cec5-562e-47d1-bff7-4d5c1541042e,2026-03-18,msg_00080,U22a93bc29b1df104af6b1ba1cd91fc56,U2deb19534a1e76fcfc3762606e7bb688,flex,delivered,2026-03-18 05:49:50,
a12204c7-1f2d-4622-aa86-e4df3143d77a,2026-04-04,msg_00049,U476acbdef8e9a16d24575e4f6d7b0f31,U1a5d6ba8ce0362ea5f7987d3032a860e,text,delivered,2026-04-04 12:09:25,
4d1021c3-9bf8-4513-be10-8bd7a9fece21,2025-11-16,msg_00020,U3bae1603803a839c0cb52f511d9cb8f6,Uf2d04971d9f05a5cc8ea7b59bbff24cb,text,opened,2025-11-16 02:10:20,
09a0102b-14b8-473f-86b9-7255204e5713,2025-12-07,msg_00003,U227d1cd1a801c367de206ec4bbca7330,56f0dd9d5916e090dde02e896a62a924,image,delivered,2025-12-07 12:05:03,
a080625d-aa5b-4aa6-8bb8-fea225b1bc33,2025-12-19,msg_00064,Ub0341314a5534ea92b26fa8adc30543f,U173813a99f047e671616b439f08eb25d,image,delivered,2025-12-19 16:37:05,
363b57e2-9cb4-4de0-a1f5-f8fb8e58c4b5,2025-12-24,msg_00091,U3bae1603803a839c0cb52f511d9cb8f6,Ude0d81aadfe7ef7cf90ab346e44d811a,imagemap,delivered,2025-12-24 09:22:42,
ffb00f0e-9271-420a-a2d0-8739c9c7cc72,2026-01-26,msg_00086,U4784fc8a8e1e4eb2435ad84e0ad052f2,U77b3c81dfefe9325031504064d9f2c89,text,delivered,2026-01-26 04:04:20,
176dfc9c-077f-4b6c-a7a9-7672c6dbc000,2026-01-24,msg_00066,U3bae1603803a839c0cb52f511d9cb8f6,U8f94b18e2c0f83e00e32ac3a82f0ce86,image,opened,2026-01-24 16:28:09,
44b9a4d0-a8eb-419b-a5d2-7335f6a58e46,2025-12-19,msg_00064,Ub0341314a5534ea92b26fa8adc30543f,U6fcd2acd8f5ea1ef5bb34854f7b00df9,image,delivered,2025-12-19 01:18:40,
b4ec0455-edcf-4824-adee-a2398f3bb798,2026-03-22,msg_00119,U3bae1603803a839c0cb52f511d9cb8f6,U30d4e53ca18ea9c4445585a0678866dc,imagemap,failed,2026-03-22 21:49:02,
079569ee-222a-4073-9efe-c8879c4aebad,2025-12-12,msg_00029,U743849e63f8101ac616f8fd0ba84a167,U15627a9e29922116cd810e34a905ebdd,imagemap,opened,2025-12-12 07:31:43,
80fa7a34-c928-426c-945b-e74ea987cd4f,2025-12-14,msg_00085,U743849e63f8101ac616f8fd0ba84a167,Ue936a7c96c09a1bafd3f544c51d95e56,image,delivered,2025-12-14 02:57:46,
ba0cb1a2-3a3d-49f4-9c83-9df970d23d4b,2025-12-12,msg_00029,U743849e63f8101ac616f8fd0ba84a167,U94095e6ec7e04c1bc177b20267301ebd,imagemap,opened,2025-12-12 22:50:48,
f6df3ebe-fa81-4e29-889b-252a7fec4223,2026-03-03,msg_00093,U743849e63f8101ac616f8fd0ba84a167,U6fea2ba01156f34e502133731c716b3e,imagemap,delivered,2026-03-03 05:34:51,
0cf343a2-bb13-4a97-b29c-8e5b674ff7a4,2026-02-08,msg_00051,U3bae1603803a839c0cb52f511d9cb8f6,a7081da70aeb1aa2935f1cba9e43d691,image,delivered,2026-02-08 10:21:02,
a955d419-b278-40b9-b5cc-44ba44263f1c,2026-02-14,msg_00042,U3bae1603803a839c0cb52f511d9cb8f6,U570f4996c0b6db7f5578c13264ad17da,video,opened,2026-02-14 16:55:35,
e1be6a0d-f070-445f-afda-86ed85eb349d,2026-01-18,msg_00102,U227d1cd1a801c367de206ec4bbca7330,Ubd97226941eee374eef21d9f1464abe4,video,opened,2026-01-18 15:16:13,
93f6407d-4a47-4135-9e44-8f4b8ca88793,2025-12-09,msg_00059,U3bae1603803a839c0cb52f511d9cb8f6,U5d7478805afbb267bbfa51d68c71be7c,imagemap,opened,2025-12-09 21:27:20,
481ff038-eb7f-4d39-b267-302ffe4dd228,2025-12-18,msg_00114,Ub0341314a5534ea92b26fa8adc30543f,U3e902c3f417842d353f8fb52dd7a0ae6,flex,delivered,2025-12-18 19:12:10,
a5c76b9c-8dc7-47ed-a72a-fe965df9173b,2026-01-26,msg_00086,U4784fc8a8e1e4eb2435ad84e0ad052f2,U85f1d62284fd1f9dcbd3debb4082f018,text,delivered,2026-01-26 03:01:22,
e0855095-96da-47e2-bf24-0dfcfc5ce59c,2025-11-16,msg_00020,U3bae1603803a839c0cb52f511d9cb8f6,Uefbe9d30287379246daafd7ef38c8688,text,delivered,2025-11-16 08:58:54,
7294547c-e27f-40da-8e88-1c4ec184985b,2026-03-06,msg_00055,U3bae1603803a839c0cb52f511d9cb8f6,U472c4824a542d5a6ea54535ae0cc28c4,flex,delivered,2026-03-06 09:49:07,
9b525397-61b6-4ca0-97d0-228bd90f9d2c,2026-02-16,msg_00021,U743849e63f8101ac616f8fd0ba84a167,Uc2209637ef35466b382c026e7d1bac30,flex,delivered,2026-02-16 23:06:43,
89c33738-29e7-4f5e-8b2b-e11b5f97339a,2026-03-27,msg_00096,U476acbdef8e9a16d24575e4f6d7b0f31,Uf1565229b2e1b0d4f8da7047daf7729b,imagemap,delivered,2026-03-27 18:15:46,
c727a8f5-e936-43e0-970f-8e8aa8948d8b,2025-12-07,msg_00003,U227d1cd1a801c367de206ec4bbca7330,4e8ffbfde60607c6a28fac6af493dfae,image,delivered,2025-12-07 08:00:13,
6a8a11a8-2d34-4008-b818-5c4ba9ee81c5,2026-03-05,msg_00014,U3bae1603803a839c0cb52f511d9cb8f6,U8d49c2d16361c2ae426ad267a17cf000,flex,opened,2026-03-05 20:36:33,
18b5ff52-ac3e-4d53-b283-9a4d4d5a7756,2026-03-22,msg_00119,U3bae1603803a839c0cb52f511d9cb8f6,U150edc90669e123562f6dab2d8a7b8e3,imagemap,opened,2026-03-22 21:45:42,
d5414c4a-3950-46dd-829d-885ac06761de,2026-03-04,msg_00056,U1ca413826b7044d134c9c3132420c9de,U9ea241093ba3c42b83e35a42cca8b7d3,text,opened,2026-03-04 07:22:59,
c9412851-a8a0-41dc-842c-44d64ace62be,2026-03-08,msg_00112,U3bae1603803a839c0cb52f511d9cb8f6,Ue40f652b9cc3ee8b7fd037a67c0e172c,image,clicked,2026-03-08 05:21:41,https://example-saas.jp/lp/newmenu
192cadf8-18a1-4961-a324-9ea24944bafa,2026-04-05,msg_00054,U3bae1603803a839c0cb52f511d9cb8f6,U02f1f440a05cdab6b7f6e50fa3a7f3bc,image,delivered,2026-04-05 02:12:53,
588249de-73e5-48f4-9610-b44553824103,2026-02-09,msg_00083,U3bae1603803a839c0cb52f511d9cb8f6,34d7ac428a1c325be824270a8c87719b,flex,opened,2026-02-09 17:52:53,
f79d076b-b94b-47de-b2ac-010ffe9bf04a,2026-02-14,msg_00042,U3bae1603803a839c0cb52f511d9cb8f6,387003e57dd5cb5c10a2206844de67b0,video,opened,2026-02-14 18:34:37,
d188b0d6-26b0-42a6-8527-852da7dbb176,2025-12-17,msg_00032,U3bae1603803a839c0cb52f511d9cb8f6,Uaf9375f0414fff2c0142dfe676267935,video,clicked,2025-12-17 05:49:33,https://example-saas.jp/coupon/500off
f1060178-809f-4ae2-842e-48a43e2bd9a3,2026-01-18,msg_00102,U227d1cd1a801c367de206ec4bbca7330,U3a52e589dd23ed3d4b81e5cd21119024,video,delivered,2026-01-18 23:59:49,
46508d16-91c8-4e1d-bbcc-029549f9b6a9,2025-12-23,msg_00061,Ub0341314a5534ea92b26fa8adc30543f,Uae112d79828357a1b90a8301c74d78a1,imagemap,delivered,2025-12-23 03:42:20,
cae5913a-c92a-410c-bbc2-04b8b1196149,2026-03-04,msg_00056,U1ca413826b7044d134c9c3132420c9de,Ufc67cac7880537f9bd1055c0deb22b40,text,delivered,2026-03-04 04:28:51,
b8f3450e-d235-4e27-9477-de27dda4e721,2026-01-30,msg_00050,U3e5dd3a641c58ad50e49f095c6f1e306,U33ed088ffece59245b0a9c5ae7adeae3,image,delivered,2026-01-30 17:14:34,
2ac8402a-86f3-4bd6-9588-233df462029a,2026-01-24,msg_00066,U3bae1603803a839c0cb52f511d9cb8f6,Uf4d5dee4027f33fa23245ef52736e88b,image,delivered,2026-01-24 01:28:21,
c00add63-9573-4b00-afe2-504b9a28c385,2026-03-25,msg_00079,U743849e63f8101ac616f8fd0ba84a167,U1c36721eceb210a53069d7ba1877c69a,text,delivered,2026-03-25 16:54:14,
fafbff28-5dc2-4e04-b19e-aa0626d1be86,2026-02-14,msg_00065,U743849e63f8101ac616f8fd0ba84a167,U7b7f333083d79066a1f51792fac52f9a,image,delivered,2026-02-14 05:46:36,
9adc65c5-0c07-4e16-94be-094fbe22e741,2026-03-20,msg_00106,U3bae1603803a839c0cb52f511d9cb8f6,Ufac358da848c847a5cb16417a10e1bd2,video,delivered,2026-03-20 19:51:36,
2057412c-a8a1-45f9-8e64-8cd48910d685,2026-02-20,msg_00017,U22a93bc29b1df104af6b1ba1cd91fc56,Udac3d9d13a7d5d0c5807bceae848a463,video,opened,2026-02-20 04:41:49,
dad649ae-007f-405c-b7aa-649f6261cff4,2026-04-06,msg_00074,U3bae1603803a839c0cb52f511d9cb8f6,Ua6c41388b0b2ecacd0a7438c639c38a7,text,opened,2026-04-06 09:44:10,
c9a00a2f-1d61-402d-9b55-ccb6f19f6afa,2025-12-12,msg_00004,Ub0341314a5534ea92b26fa8adc30543f,c3690b85bfa6bf6667db4233d88b2ad1,video,delivered,2025-12-12 18:19:18,
7110f472-6b70-4789-8549-c2bc22b4818d,2025-11-27,msg_00018,U3e5dd3a641c58ad50e49f095c6f1e306,U72f93a360cffdaab54115f2c9315e906,imagemap,delivered,2025-11-27 12:35:20,
acb60ecc-0626-4051-9245-5704d4665ec8,2025-12-12,msg_00004,Ub0341314a5534ea92b26fa8adc30543f,2ed61b19519cb996bbfdefb3f60fa57e,video,delivered,2025-12-12 20:09:57,
9cd33a88-dc9f-4d08-bd11-d6b0f6772c57,2026-01-26,msg_00115,U3bae1603803a839c0cb52f511d9cb8f6,Ue2c69c330a68f5b9b4a1a8056e0f1e0d,imagemap,delivered,2026-01-26 09:44:54,
d5c1f1cd-f0aa-4a57-8b32-d82e0b68679e,2026-03-04,msg_00056,U1ca413826b7044d134c9c3132420c9de,Ub33ef701bbf8e4a3d9c1d33d744726d0,text,opened,2026-03-04 17:13:41,
dfc58743-cc0a-4757-91a7-7c55a4ce4b4c,2026-01-31,msg_00035,U7e808d11d6f9901a954a542a7ee09918,U564a873ab1ddec800df24f4f52a9033e,text,opened,2026-01-31 10:50:27,
0b3ffc4d-cdde-4b76-82d7-006784b0bab3,2026-03-04,msg_00056,U1ca413826b7044d134c9c3132420c9de,U2d79cdeec26ff22ec2ce0bbc24241331,text,delivered,2026-03-04 08:09:06,
897e9a3f-703a-472f-bb77-9be276589eeb,2026-03-29,msg_00097,Ub0341314a5534ea92b26fa8adc30543f,U440665ebf710e93b82217bbc44d7db8b,text,delivered,2026-03-29 11:20:41,
2f85ce3c-1a58-4b1f-8e7d-eadfa33f4a46,2026-03-28,msg_00108,U3e5dd3a641c58ad50e49f095c6f1e306,U2eab612428ee1d365a36a1334b989679,imagemap,delivered,2026-03-28 10:11:37,https://example-saas.jp/campaign/spring
760e14e7-72a1-4d1f-96a6-5b6523bc8344,2026-03-26,msg_00040,U3bae1603803a839c0cb52f511d9cb8f6,Uba560e767418b101a29d0ba615804f55,imagemap,delivered,2026-03-24 11:20:08,
3092e2b4-3ae5-4bb8-9c93-57b45beca679,2025-12-17,msg_00032,U3bae1603803a839c0cb52f511d9cb8f6,Ufbc8d574772d073ba463ad9ec15389b9,video,opened,2025-12-17 06:34:41,
73b0c308-1c99-41c7-9d72-c942242d9dfe,2025-12-18,msg_00114,Ub0341314a5534ea92b26fa8adc30543f,U91a749c45bdef65ce580217d337d3af7,flex,delivered,2025-12-18 04:17:30,
c7352627-bd3c-4cdf-9f04-3d4173195409,2025-12-25,msg_00045,Ue7310890b01058478be93761a56d0aa0,0a46ff0a6fc7e60df8e366f6eecaf936,video,opened,2025-12-25 08:42:42,
c48c67d3-1411-401f-ba4e-22f791ad6542,2025-12-03,msg_00012,U743849e63f8101ac616f8fd0ba84a167,U8b4e6fef2d9c623ec6d9b1af071faa89,imagemap,opened,2025-12-03 16:27:59,
b600989c-b3dd-41af-bd64-3236a458ceac,2026-03-05,msg_00014,U3bae1603803a839c0cb52f511d9cb8f6,Ud10b664a0c8af597e752e5168e50ceef,flex,opened,2026-03-05 06:14:10,
f427d136-8c62-4865-a533-d728792afe21,2026-03-08,msg_00112,U3bae1603803a839c0cb52f511d9cb8f6,U8c77f06263067f2534bdcad1d25beec3,image,delivered,2026-03-08 18:46:32,
d89257ae-3bcb-4624-bddc-1ef315bbebc8,2025-12-18,msg_00114,Ub0341314a5534ea92b26fa8adc30543f,U7926e671aececcec3593692a3c4db9ac,flex,delivered,2025-12-18 06:20:50,
f81aad62-31dc-4326-b623-519ca099c99e,2026-03-27,msg_00096,U476acbdef8e9a16d24575e4f6d7b0f31,U26652a95376a923bcd60fa9905660be6,imagemap,delivered,2026-03-25 21:15:45,
523248bd-8f0e-4eed-940d-fefd4450a1ea,2025-12-31,msg_00082,U227d1cd1a801c367de206ec4bbca7330,U5fa881091a74cf3071d1d441ce925745,imagemap,delivered,2025-12-31 09:02:57,
99684318-fd8d-4158-9dae-44a25a8f476e,2026-03-06,msg_00055,U3bae1603803a839c0cb52f511d9cb8f6,U10e91a461cc3e6b59811652729f54f4d,flex,opened,2026-03-06 19:33:26,
cc80c001-5daa-44ad-bb4a-bcd8bfc5fea8,2026-01-26,msg_00005,Ub0341314a5534ea92b26fa8adc30543f,39b22064a60a9fd1149d08cc17103eb2,image,delivered,2026-01-26 01:17:02,
acea1159-8571-4f55-9914-f31af3fcd0cb,2025-12-07,msg_00003,U227d1cd1a801c367de206ec4bbca7330,U19870c534cc507e28c832ad1bfca6da1,image,opened,2025-12-07 02:03:30,
177c6602-f75c-4354-848c-2c5f86907a77,2026-01-24,msg_00007,Ub0341314a5534ea92b26fa8adc30543f,U1f96c5c32557b45cd0a47a25fbf38c63,imagemap,delivered,2026-01-24 19:01:56,
50da78ec-ab86-4820-96c4-db8c3063e1f0,2025-12-07,msg_00003,U227d1cd1a801c367de206ec4bbca7330,Ua8f3f437785d04e13cbd90592f87f108,image,opened,2025-12-07 09:28:58,
b5743a2d-99b7-4f36-920b-a2f40a27d9c6,2026-02-01,msg_00075,Ub0341314a5534ea92b26fa8adc30543f,U899bdc473a9764303eaf087882baaff2,imagemap,opened,2026-02-01 16:19:44,
66a0b2ee-7aca-49e8-a59c-412dcc8cc7b6,2026-03-14,msg_00009,U743849e63f8101ac616f8fd0ba84a167,U7c137791dc88ef7cb89385655bf0fe9e,imagemap,delivered,2026-03-14 08:36:35,
d55de294-0652-4030-a3d5-110f94d04c26,2026-03-11,msg_00067,U7e808d11d6f9901a954a542a7ee09918,U3e12aa97e311e15229053c73f911178c,video,opened,2026-03-11 12:23:35,
3dc46c36-0daf-4fde-a851-07d738db7faa,2026-03-05,msg_00014,U3bae1603803a839c0cb52f511d9cb8f6,U96683e75efb3178fdb6b6bdbffe9c47a,flex,opened,2026-03-05 06:08:31,
aa2da1e3-d5c4-41c5-87a9-eca9b5fdc09c,2026-01-26,msg_00005,Ub0341314a5534ea92b26fa8adc30543f,Uf2541c3b36d67bff35e0c6b1be4d2427,image,delivered,2026-01-26 06:52:31,
0e4b00d2-775a-47ba-b477-142d76dc55ad,2026-02-05,msg_00107,U3bae1603803a839c0cb52f511d9cb8f6,Ucc286b68426a41cf6c55c0a5b3c2297d,text,opened,2026-02-05 17:10:05,
84af7e81-24c5-403e-bc62-7b7e8631137f,2026-01-29,msg_00031,U3bae1603803a839c0cb52f511d9cb8f6,Uc7c76e95da88478ee5c6dd686e9ea382,video,opened,2026-01-29 12:50:49,
0f64ba17-740c-4870-bb48-37534abeacf0,2026-03-11,msg_00067,U7e808d11d6f9901a954a542a7ee09918,Ua2212e2742960d6ee88fb1cc383feb4b,video,delivered,2026-03-11 22:37:06,
b9145855-79e6-42e0-b5ea-b9bcd27e27ed,2026-03-20,msg_00106,U3bae1603803a839c0cb52f511d9cb8f6,U78c461edbe1ed325c23b351928a55a77,video,clicked,2026-03-20 12:12:26,
9456a5e2-0eeb-44bd-b86a-0d8b877ea635,2025-11-30,msg_00025,Ub0341314a5534ea92b26fa8adc30543f,U4d8b50aafe7cf379980e4175ca3a82d6,imagemap,delivered,2025-11-30 07:54:23,
a8b07167-210a-48a2-9085-ae10078cbb4f,2026-03-23,msg_00071,U3bae1603803a839c0cb52f511d9cb8f6,U43773b9a4c83d342ed693715a5c5b15d,imagemap,delivered,2026-03-23 14:34:16,
61be88f8-1176-46bb-8b08-bd22fe65b40a,2025-12-21,msg_00022,U3bae1603803a839c0cb52f511d9cb8f6,U0c356c06c319fca16beb0afdb148e24e,video,opened,2025-12-21 12:13:17,
cc6a4741-e779-48ef-851f-4817ba49e9d6,2026-03-05,msg_00014,U3bae1603803a839c0cb52f511d9cb8f6,U41aed4e5d59327f690e2d81c7d45963f,flex,delivered,2026-03-05 16:06:01,
0a90cbca-9b8d-446c-9e34-5938e5ab2a79,2026-03-23,msg_00116,Ud4a92c8c8050eed40ef171cc2784d638,Ud226794ba728bd7d6de08db5d3fbaf70,text,opened,2026-03-23 13:33:22,
e42fbe69-d23d-4684-8377-fb2f7bb410a1,2026-03-25,msg_00079,U743849e63f8101ac616f8fd0ba84a167,Uac1ea3368e6138455fa3f1ab0f74a698,text,opened,2026-03-25 06:57:16,
82acc9c9-473b-42cc-a7ce-47a5e6c3f48c,2025-12-25,msg_00077,U743849e63f8101ac616f8fd0ba84a167,U1827a19d4454a89afbd10f3076f02430,text,delivered,2025-12-25 12:40:39,
bf11fb94-1427-4aaa-993c-a7bc19ba1f3f,2026-01-24,msg_00066,U3bae1603803a839c0cb52f511d9cb8f6,Uf39320b8091ff124f2be9b77c73761bf,image,opened,2026-01-24 02:00:09,
7ea163e4-7e33-4bd9-be42-749b5826d939,2025-12-14,msg_00085,U743849e63f8101ac616f8fd0ba84a167,Ucfd71b6d92b4d901bb79540bde395161,image,opened,2025-12-15 00:14:57,
ec8ef366-236f-4ad4-a1d6-b7f802f0cc85,2026-01-24,msg_00007,Ub0341314a5534ea92b26fa8adc30543f,Uf2e9a2506a9ab309d76c3c1437363b58,imagemap,delivered,2026-01-24 16:45:25,
73d94447-917a-40f9-8402-2cab125eafba,2025-12-08,msg_00015,Ub0341314a5534ea92b26fa8adc30543f,U7a1a7970af122a836fd383ba553ad0a6,text,opened,2025-12-08 04:24:30,
cf185921-c1f4-488b-922f-48d7acdc9fea,2026-02-09,msg_00083,U3bae1603803a839c0cb52f511d9cb8f6,U140357987aafad5b1554a3b22ba38bcd,flex,delivered,2026-02-09 04:30:23,
02699a9e-d2bc-4ac9-9813-2585631b69c7,2026-03-23,msg_00116,Ud4a92c8c8050eed40ef171cc2784d638,U8ce7cee0df856248b4b073fe0eb0faa1,text,opened,2026-03-23 10:42:16,
6b405c63-1dfa-46aa-a712-3db58c1037a7,2026-03-30,msg_00076,U743849e63f8101ac616f8fd0ba84a167,Ua5b8a01b81b8c547eea3d973b7ce1c7e,image,opened,2026-03-30 08:48:39,
b3eefa78-854c-4119-80f6-ecdc49e325be,2026-03-23,msg_00071,U3bae1603803a839c0cb52f511d9cb8f6,Ud86df9a4fcc7dfd4dcc7241fb5c6fee9,imagemap,delivered,2026-03-23 10:42:49,
2ace4b1d-e5b3-4ca3-a4d9-466a6db211c0,2025-11-27,msg_00018,U3e5dd3a641c58ad50e49f095c6f1e306,U347a759cac4764cff739d7f718bc8335,imagemap,delivered,2025-11-26 05:43:57,
5b54296b-2cd2-4728-9f70-77543996f42f,2026-03-23,msg_00071,U3bae1603803a839c0cb52f511d9cb8f6,Ud60f9d1bca7f20d47555af40c8ac389e,imagemap,delivered,2026-03-23 21:50:06,
9c417b76-1910-486d-9985-4039d2f0b541,2025-11-21,msg_00010,Ue7310890b01058478be93761a56d0aa0,U11b7443a46b1a4f3983209534ebe4395,imagemap,delivered,2025-11-21 08:10:33,
5bc85432-e208-4131-8680-5325a3d00684,2026-01-26,msg_00063,Ub0341314a5534ea92b26fa8adc30543f,U4af3918582991ce3b741af7607cff72f,imagemap,delivered,2026-01-26 03:25:11,
7ee364d5-d457-4972-8207-dd61b04f03ec,2025-11-25,msg_00043,U3e5dd3a641c58ad50e49f095c6f1e306,U078ccbca005cd89a346c799946c45ac1,flex,opened,2025-11-25 21:03:39,
1853522f-a834-4800-a7a3-32ecb20dc8bb,2025-11-17,msg_00034,U743849e63f8101ac616f8fd0ba84a167,U9cf87cb3a07b4e8fa512f258131e6696,text,delivered,2025-11-17 02:42:51,
6728d1ae-2af6-4330-bc5a-55718bcc2a3f,2025-12-25,msg_00077,U743849e63f8101ac616f8fd0ba84a167,U7e49dcde620e334c090ae1cc605698d1,text,delivered,2025-12-25 21:31:13,
92a5fd67-08c2-48b1-887c-8800d2cbe605,2026-02-20,msg_00048,Ue7310890b01058478be93761a56d0aa0,U7fa9c20bd2f0f9873afd3208fc46b2d1,flex,delivered,2026-02-20 21:20:26,
533577df-8a2f-4069-9bd8-df987fca0a74,2025-12-19,msg_00118,U4784fc8a8e1e4eb2435ad84e0ad052f2,U16937ef396b1c6ad9ce6492cb44181a2,image,delivered,2025-12-19 02:03:41,
a7d02433-e217-4c5f-80a0-bb577b81da37,2026-02-20,msg_00017,U22a93bc29b1df104af6b1ba1cd91fc56,Uee4fddeac3bf930992a3e36322f15ca6,video,opened,2026-02-20 22:10:20,
63c829d1-25d4-4c88-ba92-e285181a2eb9,2026-01-24,msg_00113,Ub0341314a5534ea92b26fa8adc30543f,U5a15f93172bac0b444d4366c68c3f4f0,text,opened,2026-01-24 17:56:52,
350b538a-78cb-457b-862e-e96d0b107aa9,2026-02-14,msg_00065,U743849e63f8101ac616f8fd0ba84a167,530b7d2a9154020f9571270c8f6b2db5,image,opened,2026-02-11 15:10:44,
a6e89f7c-d691-41a2-97d3-9815eaabdc07,2026-03-12,msg_00084,U68d2301028fb66b51d9111f1af067e34,Ud451ef74f2c31f69ec9d1c179e672833,video,delivered,2026-03-12 01:45:05,
84d76522-a18b-424f-86b0-2d9764e4a3f2,2026-04-08,msg_00078,Ud4a92c8c8050eed40ef171cc2784d638,Uaacaee2f60a7fee9e17bef4185b18959,image,opened,2026-04-08 11:19:39,
b3b726fb-5246-4af7-a8b5-5d7aded12470,2025-11-23,msg_00053,U743849e63f8101ac616f8fd0ba84a167,U4455791785b87e610b3f8b8078ed19f5,video,delivered,2025-11-23 00:34:21,
8fe4ee0b-e717-4ada-a7db-54721a503317,2025-11-30,msg_00025,Ub0341314a5534ea92b26fa8adc30543f,U7eb9a4f17c498415e5be4c558841ee42,imagemap,opened,2025-11-30 17:02:40,
e6ec09d8-27da-4146-99d1-93fe8cf83e54,2026-04-01,msg_00072,U4784fc8a8e1e4eb2435ad84e0ad052f2,U6dcbde5aaf60dcaec3fe2749830322e1,image,delivered,2026-04-01 01:22:07,
5f767a74-e29d-497d-93d0-b8d18219c41e,2025-12-07,msg_00003,U227d1cd1a801c367de206ec4bbca7330,Ufd720d0144a36dba4cbda816a431a698,image,delivered,2025-12-07 12:10:37,
47b14da8-ead6-4884-a5c5-099344f2a9f1,2025-11-21,msg_00010,Ue7310890b01058478be93761a56d0aa0,Uf4229b9ddab74c3757f5c6dd5aa4162e,imagemap,opened,2025-11-21 23:14:43,
01b69cd0-3e91-4a6a-be4d-f20f335f71bd,2026-03-16,msg_00002,U3bae1603803a839c0cb52f511d9cb8f6,Uef33bad55d9a05102b766ebad5164e5d,text,delivered,2026-03-16 23:39:12,
10410b76-649c-42e6-bb96-6a5c59654471,2026-01-29,msg_00031,U3bae1603803a839c0cb52f511d9cb8f6,53d07b0c7df8fae3aa0aed8366bd7fb8,video,opened,2026-01-29 13:27:27,
469ca968-9745-4831-a10b-768051b3ce87,2025-12-24,msg_00091,U3bae1603803a839c0cb52f511d9cb8f6,U1504f59168e54a9b40083dee432a5c0d,imagemap,delivered,2025-12-24 01:41:17,
0d1466ec-dd78-42da-87c2-9951fab9bf10,2026-02-20,msg_00036,U879eb903ad90cd9c2874f6df7651267a,U31a5c3d12e155884bcabe632901f129b,video,clicked,2026-02-20 18:34:18,https://example-saas.jp/campaign/spring
24aa250a-1356-44a2-91fb-1335bed0858a,2026-03-08,msg_00112,U3bae1603803a839c0cb52f511d9cb8f6,Ued5ccb56c70d7cbc4afe3b6d28ddd3a8,image,delivered,2026-03-08 23:08:41,
63426434-292d-4299-a8e8-6b0386146d9c,2026-04-04,msg_00100,U743849e63f8101ac616f8fd0ba84a167,Uf19ef47a9833a511b0d8b79fb14b183e,image,delivered,2026-04-04 17:46:58,
2a301ecf-ef2e-4c17-ba91-27d7b1552954,2026-02-07,msg_00090,U4784fc8a8e1e4eb2435ad84e0ad052f2,U04a6220defea81efad50dfaac263e2e2,imagemap,opened,2026-02-07 23:48:28,
ed8256c5-7c28-4c6f-abaa-bc236dcb45af,2026-01-10,msg_00044,U30ad60bba5da9837ca5dd0230ca8f531,Udd9048538efd9a1d39e921018f4597bd,video,delivered,2026-01-09 18:34:44,
8616ff28-5dab-4633-aa65-2791dda047d4,2026-03-16,msg_00002,U3bae1603803a839c0cb52f511d9cb8f6,Uf224a4898d7a0de5a8d57f0629617ebd,text,delivered,2026-03-16 06:38:45,
22cea190-7133-43e4-a6d2-7d131883eb94,2025-12-17,msg_00032,U3bae1603803a839c0cb52f511d9cb8f6,Uacf632ad6ecde21af5475be2fab4e63c,video,delivered,2025-12-17 04:09:48,
57cf0dfe-d3f4-45cb-b5d5-0f8c3dd50c76,2025-11-25,msg_00043,U3e5dd3a641c58ad50e49f095c6f1e306,Ub6ae876530fdd9f9f3cc85297eb62881,flex,opened,2025-11-25 22:30:36,
e715df27-830e-4e96-a683-d14b353fe40d,2026-03-04,msg_00056,U1ca413826b7044d134c9c3132420c9de,Ua56626a247c2886a9b246fe44ec6f2ab,text,delivered,2026-03-04 07:12:08,
06e4c8cf-8a05-4713-8ad2-6fb0685981c3,2025-12-09,msg_00094,U227d1cd1a801c367de206ec4bbca7330,U24eb2e7d5b01f8a28ca3e8b721377f24,flex,clicked,2025-12-09 06:43:41,https://example-saas.jp/lp/newmenu
2851889a-6c09-4e5a-9c6f-5aea48f84b8b,2026-03-20,msg_00092,U743849e63f8101ac616f8fd0ba84a167,Uc059b82c4b73ab87aa0a212f428f52ea,video,clicked,2026-03-20 06:25:49,https://example-saas.jp/survey
db155d97-b26e-4344-a306-d6f4d6b70008,2025-12-02,msg_00088,U3bae1603803a839c0cb52f511d9cb8f6,U2edd8b7d65752c1ba8860de883452e36,image,delivered,2025-12-02 08:35:12,
77e81882-a197-460a-8e92-5e0f2f5aed1a,2026-03-27,msg_00096,U476acbdef8e9a16d24575e4f6d7b0f31,U712ff0b20e46aab29224ba710249c6c3,imagemap,delivered,2026-03-27 06:30:28,
19afa31e-52bc-40be-a260-b1ebfa3b1e88,2026-02-24,msg_00039,U743849e63f8101ac616f8fd0ba84a167,Ucc54200501ad9fdea31020860b37a1e6,flex,opened,2026-02-25 01:44:00,
9b58fd60-ee87-4b93-bfc9-13b7bc18d261,2025-12-15,msg_00030,U3bae1603803a839c0cb52f511d9cb8f6,U1a57e99f66ee0dd813550c9b5767645a,video,opened,2025-12-15 22:19:28,
d66d5143-ab89-437d-ba7d-6de97092298b,2026-01-10,msg_00044,U30ad60bba5da9837ca5dd0230ca8f531,Ub5667a136328bbb91ee43c4c486ad2a6,video,delivered,2026-01-10 21:44:00,
76b1a2b0-1b8a-40c3-8783-6d8577e89a9d,2026-02-20,msg_00017,U22a93bc29b1df104af6b1ba1cd91fc56,U8f05b73fc5845525241658ebfbb9d903,video,delivered,2026-02-20 19:38:54,
29f0ae3c-50a0-4fae-a91c-d08cb5c26344,2026-04-12,msg_00120,U227d1cd1a801c367de206ec4bbca7330,Ud4c6d20a7e0c2e44f78b0aba8034fe89,text,delivered,2026-04-12 03:01:11,
e564e0d3-a002-4d27-99cb-da46445a7177,2025-12-07,msg_00003,U227d1cd1a801c367de206ec4bbca7330,Ucf68f43b86ba3b17e8450cabbd979d6f,image,delivered,2025-12-07 04:08:15,
55d17b9c-fb70-40ce-ba71-1fb94832c37f,2025-12-23,msg_00061,Ub0341314a5534ea92b26fa8adc30543f,Ud8ecab36c881f98d7829fd5c655c687f,imagemap,delivered,2025-12-23 06:34:48,
45f9a210-43a5-4a19-adeb-4a33ee0580a6,2025-11-16,msg_00020,U3bae1603803a839c0cb52f511d9cb8f6,Ua7f36f7defc464ad9c525ae34bda6099,text,delivered,2025-11-12 11:01:23,
2016d854-ca61-4e57-b3e5-c139e4766267,2025-11-23,msg_00024,Ue8d9224ecde331ce692edfce0b5ecdc4,U52ad18d50651a9e7a395a5ee00266280,text,delivered,2025-11-23 15:29:36,
60c0a6cc-d201-4fd0-94b9-af88d5f16157,2025-12-18,msg_00070,Ue9a1e8a5b83a6b296d43c957a8cfba4a,Uf082af6aa5c0892f63c6fb0fed9ae453,imagemap,delivered,2025-12-18 23:53:05,
89266557-11c8-4136-a665-da0a35029782,2026-01-17,msg_00037,U7e808d11d6f9901a954a542a7ee09918,U40dc40877ba119b76b42171491236dcb,text,opened,2026-01-17 23:00:45,
bdd84142-7119-4d52-8938-6094e74be1ef,2026-01-24,msg_00066,U3bae1603803a839c0cb52f511d9cb8f6,U04edf131a7aeb4f1b04164a6f7ff3e4e,image,delivered,2026-01-21 20:06:48,
9038882d-1e04-4a0d-b373-b79b864626b5,2026-03-14,msg_00009,U743849e63f8101ac616f8fd0ba84a167,Ua7cc56baa8c5b704cee2697e9569e7f9,imagemap,delivered,2026-03-14 13:41:05,
be859d36-96d3-471d-b385-eb14e5588273,2026-02-16,msg_00021,U743849e63f8101ac616f8fd0ba84a167,U005d5475afff836799526fd01e2cc31e,flex,opened,2026-02-16 06:46:40,
221b2f23-e40b-4d51-93fd-e57827272d17,2025-12-17,msg_00032,U3bae1603803a839c0cb52f511d9cb8f6,Uba168328eba3ae3945c023de5e0c5728,video,delivered,2025-12-17 12:06:42,
88743805-2a61-45d3-a421-047bbeec3b7f,2026-03-16,msg_00002,U3bae1603803a839c0cb52f511d9cb8f6,Ud28e1a1854ee912fdad85e202815d6a7,text,delivered,2026-03-16 14:33:55,
12fd0956-ba27-4b4c-9274-d1623c208152,2026-01-26,msg_00103,U3bae1603803a839c0cb52f511d9cb8f6,U7929b9d482f550705bc5a887c282ac25,flex,opened,2026-01-26 15:56:41,
15f5a2cd-f0c2-4272-a859-88246a57963b,2025-11-17,msg_00099,U3bae1603803a839c0cb52f511d9cb8f6,U2a4a723703fc4b1b0d6e488965de888a,text,clicked,2025-11-17 22:51:28,https://example-saas.jp/survey
c7c25a42-2ccc-49cb-a045-23e663a71087,2025-12-22,msg_00013,Ub0341314a5534ea92b26fa8adc30543f,U5969f0334ae8729e963ab74de115d2f2,image,failed,2025-12-22 11:36:10,
68470db7-3a8c-459e-953f-801cc708cc37,2026-02-20,msg_00048,Ue7310890b01058478be93761a56d0aa0,U1d51190a8906e34bab711ff6f9507ec4,flex,delivered,2026-02-20 10:39:23,
78c10d17-1de6-44d2-b6b2-53ba2aacf065,2026-02-08,msg_00051,U3bae1603803a839c0cb52f511d9cb8f6,U65a94ee1dd087a4103c557112392e686,image,delivered,2026-02-08 20:22:19,
d8d9ce0f-aa73-47dd-88b4-c2a4f9323e47,2026-03-30,msg_00076,U743849e63f8101ac616f8fd0ba84a167,Ub24bdc0f6f8d731586297112c0295bec,image,delivered,2026-03-30 04:20:31,
42899bf6-b996-45d0-9b5e-1662500ceda0,2025-12-12,msg_00029,U743849e63f8101ac616f8fd0ba84a167,Uf2ca2ef56c0475409d6e5d33cbbc0bef,imagemap,delivered,2025-12-12 16:33:14,
d915324f-f422-49da-8801-513b82f6cb69,2026-04-04,msg_00049,U476acbdef8e9a16d24575e4f6d7b0f31,U3379fc429ad69a8d7f1d8419b3d5d539,text,opened,2026-04-04 17:45:07,
b1e311df-ab39-48cc-aeeb-82b908464481,2025-12-07,msg_00003,U227d1cd1a801c367de206ec4bbca7330,Ude0ab3614784362fea868282a998879a,image,delivered,2025-12-07 16:15:00,
60469f37-5f79-4da0-976b-224548a4de76,2026-02-07,msg_00090,U4784fc8a8e1e4eb2435ad84e0ad052f2,U551711abdbe07a96244a9eeb10f670b3,imagemap,delivered,2026-02-07 05:51:12,
dbadd72f-b0aa-4bda-b511-dd5d6cefd5fd,2026-01-31,msg_00035,U7e808d11d6f9901a954a542a7ee09918,U450c943c6f36d6eb59f101543ee36988,text,opened,2026-01-31 14:59:23,
a8f6c65f-44e6-4f41-a22b-986ef2204fd6,2025-11-17,msg_00099,U3bae1603803a839c0cb52f511d9cb8f6,U58c99dae522d4f6a689789c4aa859477,text,delivered,2025-11-17 08:05:15,
80a59c8b-fd68-4927-b8e0-3072b53786fb,2025-12-18,msg_00070,Ue9a1e8a5b83a6b296d43c957a8cfba4a,U0401c68f3c0cd7d347647568f4021db8,imagemap,delivered,2025-12-18 14:37:21,
70d8aa78-e614-47c8-b3e2-08e1ddeaaa64,2026-01-24,msg_00007,Ub0341314a5534ea92b26fa8adc30543f,U696bc904fa1b58ee12405c167d887d29,imagemap,delivered,2026-01-24 18:59:45,
3eed6f69-c8b3-419a-9b08-b1e9c9d71ae2,2025-11-23,msg_00053,U743849e63f8101ac616f8fd0ba84a167,Uf9f014f12f1ba2ac8470b1e244d94d95,video,delivered,2025-11-23 06:31:14,
d0f0e13e-e69d-4493-acdb-234261e7956a,2026-03-11,msg_00067,U7e808d11d6f9901a954a542a7ee09918,U5b0f7f956f17c15c9ef3c37301369183,video,delivered,2026-03-11 06:35:09,
8883a6a1-aa3f-4ed6-b7c6-87e51113f64e,2026-03-22,msg_00119,U3bae1603803a839c0cb52f511d9cb8f6,U3909e0b5139aea710b96553db170b0c0,imagemap,delivered,2026-03-22 23:53:44,
9c648688-0ec8-4157-a07c-beb2bce8e753,2026-02-15,msg_00087,U3bae1603803a839c0cb52f511d9cb8f6,Ub3ebaedbe6f1aa5c733c054f2ee93ad6,imagemap,delivered,2026-02-15 23:33:01,
18cd249b-eaa0-4646-bd3f-ceb6a65970c1,2025-12-25,msg_00077,U743849e63f8101ac616f8fd0ba84a167,U306efd9b5a0377babfa43bcc8dcc1298,text,delivered,2025-12-25 18:07:15,
9521c177-cf8e-45b4-a41d-84a228de87c0,2026-03-21,msg_00023,U743849e63f8101ac616f8fd0ba84a167,U0004a83e8a49405a3ba0039124bda55a,imagemap,delivered,2026-03-21 12:28:33,
1152e8a8-e1bf-4baf-8bd4-fc0bb692d6c8,2026-01-24,msg_00007,Ub0341314a5534ea92b26fa8adc30543f,Ua758b771afec6294ee815b2c7faf81ca,imagemap,opened,2026-01-24 04:52:35,
f093d451-4fc4-4063-bc0a-eea931266b51,2026-01-30,msg_00050,U3e5dd3a641c58ad50e49f095c6f1e306,Uabac0a006aa1f095b667498df38a9b6c,image,delivered,2026-01-30 03:02:16,
99e2cb37-65d3-4480-8ae2-f2de89aedc2e,2025-11-27,msg_00018,U3e5dd3a641c58ad50e49f095c6f1e306,U8a0d5841b2b4ab643b5f2e2801c28a13,imagemap,opened,2025-11-28 00:10:12,
e1d97a13-1a57-482e-9aa0-41d6707649bd,2025-12-24,msg_00091,U3bae1603803a839c0cb52f511d9cb8f6,U1f8efdcc36a3ffe6782d809055201b23,imagemap,delivered,2025-12-22 15:39:40,
276c7196-1db5-4e56-a131-06774cd7f41e,2025-12-09,msg_00094,U227d1cd1a801c367de206ec4bbca7330,U601d1cf7e855852d8a2f74a31102f526,flex,opened,2025-12-09 13:46:47,
061fc675-4256-448d-b256-b77f5a1dc600,2026-03-23,msg_00116,Ud4a92c8c8050eed40ef171cc2784d638,Ucb14fd746b0a698ba1ca3393b2a014b7,text,opened,2026-03-23 11:29:28,
0e66f7aa-b54b-48b4-aaf8-4bd52f246f4d,2026-03-23,msg_00071,U3bae1603803a839c0cb52f511d9cb8f6,U3e93b95a9dac555d4d722ba4902438de,imagemap,delivered,2026-03-23 15:25:51,
96e464cb-2565-4ac7-98a5-d5d6475d702e,2026-01-20,msg_00026,Ud4a92c8c8050eed40ef171cc2784d638,Ua174807f496d207a6baa8e70f9c803fd,imagemap,opened,2026-01-20 09:20:37,
9033c5db-9e8f-4a5f-84f8-86f5b4fabfcf,2025-11-22,msg_00047,Ue7310890b01058478be93761a56d0aa0,U09b78c84145b4cbcbb2cdfd7ff3c5c4f,video,opened,2025-11-22 07:36:49,
ec5adb3a-7c31-434d-9047-56c2d2b029f0,2026-03-25,msg_00079,U743849e63f8101ac616f8fd0ba84a167,Ud094eae5e5ecb72c153b4c7bd41c238b,text,delivered,2026-03-25 05:17:19,
1c5c81b8-17f1-41f2-9f1d-2c29cc76ba69,2026-01-13,msg_00060,U3bae1603803a839c0cb52f511d9cb8f6,U2758f5052580d16bc1c5fd9fc6fd50e7,image,opened,2026-01-13 12:39:29,
4032d6e1-63cc-45e3-8cd6-8861df30230b,2026-02-07,msg_00090,U4784fc8a8e1e4eb2435ad84e0ad052f2,354982a8c44a79f929828359ef9f0b0d,imagemap,opened,2026-02-07 02:05:16,
e4c21b6b-b6f8-4e33-8bb8-8c56556de659,2025-12-19,msg_00118,U4784fc8a8e1e4eb2435ad84e0ad052f2,U42a3d790652d43f7b7d19de354bb0769,image,delivered,2025-12-19 06:55:10,
ad8b2620-f439-4004-96c5-3a971ad9dd6b,2025-12-07,msg_00003,U227d1cd1a801c367de206ec4bbca7330,324d216dfc40b2c155c67ab498ab1b14,image,clicked,2025-12-07 14:34:54,https://example-saas.jp/coupon/500off
65a762a1-687e-4260-99bb-5d3e6d7b058e,2026-02-24,msg_00039,U743849e63f8101ac616f8fd0ba84a167,U7ee3b4519336fd279040d2501cac6582,flex,delivered,2026-02-24 04:25:52,
df68f923-6d93-4215-9a08-512076341005,2026-01-24,msg_00113,Ub0341314a5534ea92b26fa8adc30543f,Ufce6999cbaef7c0c860004f69bcb16dd,text,delivered,2026-01-24 09:07:25,
9b365b96-04d2-4522-a8e8-5e31ee1d6ca1,2026-02-15,msg_00087,U3bae1603803a839c0cb52f511d9cb8f6,U48149235b49f6ad49180729fef2d7066,imagemap,delivered,2026-02-15 03:26:53,
cc597fc5-e35a-4f5a-b62a-5e1db3606136,2026-04-06,msg_00074,U3bae1603803a839c0cb52f511d9cb8f6,U2f4ea954b20af7f4ecabc98c0c015654,text,opened,2026-04-06 02:21:55,
0c4d714e-e1dc-46fa-b7e9-d823fc84a338,2026-02-20,msg_00036,U879eb903ad90cd9c2874f6df7651267a,U8f160cc1e82bd9f1783d3833ae1cf09c,video,clicked,2026-02-20 03:00:38,https://example-saas.jp/campaign/spring
c00ed929-10cc-4ed6-9e6c-0a84bfed8d6b,2026-02-15,msg_00087,U3bae1603803a839c0cb52f511d9cb8f6,Ufa843df6099dc8039582e9af48498f7b,imagemap,delivered,2026-02-15 00:59:56,
d1977eda-7ed8-4f1a-97cf-144c189b3235,2026-02-16,msg_00021,U743849e63f8101ac616f8fd0ba84a167,U551331c884f86d23521f47f585134b1b,flex,delivered,2026-02-16 19:21:37,
5ad49a6f-885f-4fae-a036-164012b223d7,2025-11-25,msg_00043,U3e5dd3a641c58ad50e49f095c6f1e306,U6ed799399df81a313752bfc667627e17,flex,delivered,2025-11-25 21:26:20,
8ccf294d-82c8-48df-96d1-8e0b16bce761,2025-11-16,msg_00020,U3bae1603803a839c0cb52f511d9cb8f6,U31c4a30c4fcdffcc15b954cffda253ed,text,opened,2025-11-16 20:46:28,
4226be77-8f5b-4d41-b176-7f848a483595,2025-11-17,msg_00099,U3bae1603803a839c0cb52f511d9cb8f6,U22bde4550af3041649b832e5c8971ca5,text,delivered,2025-11-17 15:15:18,
f2458fd0-e226-46a9-82bd-86de7172ce4a,2026-01-24,msg_00066,U3bae1603803a839c0cb52f511d9cb8f6,U0e05935f0b6399047695b5c8147896d6,image,opened,2026-01-24 00:25:51,
a853a4f3-8031-4554-be79-ee32789ecbb1,2025-11-30,msg_00025,Ub0341314a5534ea92b26fa8adc30543f,U5d78dbbee7eea415115d45b54a88561d,imagemap,delivered,2025-11-30 09:18:32,
967c9a18-6b59-4d53-a439-cd7b5f261d07,2026-01-01,msg_00027,U4784fc8a8e1e4eb2435ad84e0ad052f2,ebe81f9ba8c398306231b722309f15a0,image,delivered,2026-01-01 23:49:33,
a586a6dc-9bdb-42b8-b1aa-20b0ec18ca4e,2026-03-16,msg_00002,U3bae1603803a839c0cb52f511d9cb8f6,e99272444b103530118121597db9ecd3,text,delivered,2026-03-16 14:13:05,
7a8edcdd-7cc9-4f4f-9aa6-377b041b870f,2026-01-24,msg_00007,Ub0341314a5534ea92b26fa8adc30543f,U659b537f2692ec6a4313823b729df307,imagemap,delivered,2026-01-24 02:59:56,
a3b0526c-64f4-4de1-836e-8a25129a684d,2026-03-04,msg_00056,U1ca413826b7044d134c9c3132420c9de,U2224044a2cc1252df057c95c605451fb,text,delivered,2026-03-04 02:49:38,
00429305-1383-4121-aa87-3a4d93caa50d,2026-01-24,msg_00007,Ub0341314a5534ea92b26fa8adc30543f,U5a339b1bd27f5cb03c587380f7a5e6b2,imagemap,delivered,2026-01-24 00:02:49,
2c0d549a-ca34-4aed-83e4-9b1066e98a54,2026-04-04,msg_00100,U743849e63f8101ac616f8fd0ba84a167,Udb80c36139372c095d036741b3b190e7,image,opened,2026-04-04 09:31:25,
97fd4042-540d-473b-b0fb-40205f8af98a,2026-01-19,msg_00111,U743849e63f8101ac616f8fd0ba84a167,Uad7be4c88724bb4c636998ab05f258bd,flex,deliverd,2026-01-19 08:58:56,
aa4ff439-68d0-41ed-9930-9c50f995702b,2025-11-25,msg_00043,U3e5dd3a641c58ad50e49f095c6f1e306,Ufe58356df0bbd79eb29cb609452c4896,flex,delivered,2025-11-25 19:11:45,
686da2a3-d74e-4b3f-b06a-ceb1d8c4c179,2026-02-15,msg_00089,U3bae1603803a839c0cb52f511d9cb8f6,Ue3095fd2d6f036f1e5986c8fffb5251c,text,failed,2026-02-15 17:00:58,
ab3953f3-fd72-4470-a321-a84fc2cd6c60,2026-02-14,msg_00042,U3bae1603803a839c0cb52f511d9cb8f6,Uf5c6ac4b50cf1224ab08c555ea5c1b3b,video,opened,2026-02-14 15:59:06,
0197fe0e-480a-433d-ad10-6d94981c4bf1,2026-03-08,msg_00112,U3bae1603803a839c0cb52f511d9cb8f6,U264da469b7f0d4b43abfdcb83374c8d4,image,delivered,2026-03-08 19:39:18,
65412058-3002-40f1-92d0-0dad3b2875a8,2026-03-25,msg_00079,U743849e63f8101ac616f8fd0ba84a167,U362e7b3c351cbdfa7756ce17a617f541,text,delivered,2026-03-25 04:07:52,
4c808f94-c44d-42eb-aa12-f71c4d5c52b2,2026-03-23,msg_00116,Ud4a92c8c8050eed40ef171cc2784d638,Ub25979d4f765ab5de8921b32ab630de0,text,delivered,2026-03-23 07:37:52,
418ceb59-2efa-4f11-bb2b-29e3d873eb1c,2025-12-23,msg_00061,Ub0341314a5534ea92b26fa8adc30543f,76c5977019177c496912fd87a3bc7304,imagemap,blocked,2025-12-23 21:17:06,
48313133-d453-49cb-88b2-cea932c224a3,2026-01-14,msg_00081,Ue7310890b01058478be93761a56d0aa0,7c7fd4661d8130d09746f67cd185a63f,video,delivered,2026-01-14 22:19:14,
a00cbd44-d478-4b39-8845-f9cc0aeb878e,2026-03-22,msg_00119,U3bae1603803a839c0cb52f511d9cb8f6,Ud9bd1695a37133f4a906c4153f04454a,imagemap,delivered,2026-03-22 23:56:37,
66564ada-3646-4e65-ad2f-1360f72ce570,2025-12-25,msg_00045,Ue7310890b01058478be93761a56d0aa0,Ueb7b0e7fc7ce27979285922f98577331,video,opened,2025-12-26 00:55:01,
b96455fa-938a-4bf2-97bc-6dc97f538a1a,2026-02-20,msg_00036,U879eb903ad90cd9c2874f6df7651267a,U3235f72f645323b386d4db15244d5921,video,delivered,2026-02-20 09:37:49,
64e9b809-caa8-4798-99a8-c6bcd55eb976,2025-12-18,msg_00070,Ue9a1e8a5b83a6b296d43c957a8cfba4a,U11dacbe6466c9a635788131b265d1967,imagemap,delivered,2025-12-18 04:35:47,
d02062d5-b68f-40b1-9c6e-fe9ac3622c14,2025-11-16,msg_00011,U837b70463a585f85743b5bfb3b49c9fd,Udcbe692a83cb7c6f92ac5969706df136,flex,delivered,2025-11-16 15:17:09,
fa9cab65-b199-48e8-bea0-639a9b5e4187,2026-03-31,msg_00046,U4784fc8a8e1e4eb2435ad84e0ad052f2,U0e4f316d51847ffe4f6b0e7e6b2c4eae,flex,delivered,2026-03-31 19:02:57,
c25b2596-282f-4db4-a432-ce17eb468a11,2026-02-05,msg_00107,U3bae1603803a839c0cb52f511d9cb8f6,Ucd8c778e8b63e0283677c57434b9f62e,text,opened,2026-02-05 22:28:12,
5a5cf11f-2e2d-4d5e-8262-5684a41fbcf7,2026-01-26,msg_00005,Ub0341314a5534ea92b26fa8adc30543f,U130c0bc7994c4acdfd4b366905ad4dbf,image,delivered,2026-01-26 16:07:31,
529b2de2-cc36-48b4-bc18-a3d037fe7c24,2026-01-30,msg_00050,U3e5dd3a641c58ad50e49f095c6f1e306,U2c8baebe6b961ad50d12e19be229d47e,image,clicked,2026-01-30 18:14:23,https://example-saas.jp/survey
fd84ec90-0272-49e8-849b-39156d421d59,2026-02-15,msg_00089,U3bae1603803a839c0cb52f511d9cb8f6,U3e8b8f90221648cc28f49eff3d799e37,text,delivered,2026-02-15 21:26:39,
467583db-3f7a-455d-83e9-a5bedf06aaf1,2026-02-08,msg_00051,U3bae1603803a839c0cb52f511d9cb8f6,Uf1574c20b9e32acd87210b44d54b5c2c,image,delivered,2026-02-08 01:48:39,
b26b3a38-8289-41c4-83ed-3191df6a5278,2026-03-11,msg_00067,U7e808d11d6f9901a954a542a7ee09918,9e4701fad8699f7c9b19f311cd1dae58,video,opened,2026-03-11 21:52:50,
44bef8ce-4598-42ab-81e4-378f43e98c67,2026-01-26,msg_00005,Ub0341314a5534ea92b26fa8adc30543f,U659304d0312099e5da4bebcea6285801,image,delivered,2026-01-26 02:37:11,
b2e901e9-a8af-4b92-a4ab-dfd181ba030b,2026-03-26,msg_00040,U3bae1603803a839c0cb52f511d9cb8f6,U8137ee4e1081136dae56c9670daadc5c,imagemap,opened,2026-03-26 14:06:18,
ceb943c9-803c-4bee-b413-50faaf2c1241,2026-02-14,msg_00042,U3bae1603803a839c0cb52f511d9cb8f6,U207126f57df68a7d71964cf804e335b2,video,delivered,2026-02-14 00:31:57,
d227b8c8-271a-4846-91fc-8e9b4b40c57d,2026-03-25,msg_00079,U743849e63f8101ac616f8fd0ba84a167,Ud094eae5e5ecb72c153b4c7bd41c238b,text,opened,2026-03-25 05:39:04,
d4d432f5-535e-4c70-882f-93814b47feac,2026-03-16,msg_00002,U3bae1603803a839c0cb52f511d9cb8f6,U73c5912350cf4ee52ae690471bda65b2,text,delivered,2026-03-16 17:39:31,
3a50c629-2945-417a-a363-eb8be27824ad,2025-11-30,msg_00025,Ub0341314a5534ea92b26fa8adc30543f,Ub42727534b65cf39adebaa2e24720545,imagemap,opened,2025-11-30 14:50:00,
c49f8d86-a60e-4ba1-b7b3-18431d405fa7,2026-02-14,msg_00042,U3bae1603803a839c0cb52f511d9cb8f6,f10084a605ea5ce049957863524183cc,video,opened,2026-02-14 13:03:55,
40c4520a-1134-4a49-8cf4-17cd3f7b2a35,2026-01-24,msg_00066,U3bae1603803a839c0cb52f511d9cb8f6,U973a476efdc6ee71fa38330e5ef90257,image,blocked,2026-01-25 13:08:24,
0dbe90a6-68da-4699-99e9-d8f2d857798d,2026-02-10,msg_00058,Ue9a1e8a5b83a6b296d43c957a8cfba4a,U8c38112f13426f6d402610aa62710e09,video,delivered,2026-02-10 13:16:31,
30d30273-02c0-4d86-8940-9b3776c4daa2,2026-01-24,msg_00066,U3bae1603803a839c0cb52f511d9cb8f6,U55537db7a0cd445f27237ee9a4d72034,image,delivered,2026-01-24 03:55:33,
9c1a9d21-8ba6-44cd-ae13-8ba7a550e676,2025-12-22,msg_00038,Ub0341314a5534ea92b26fa8adc30543f,3c28adeb023fe87784fafb334274cca4,image,delivered,2025-12-22 02:25:16,
be58a570-8523-41b5-9f6a-1c6a3d43cdba,2026-01-24,msg_00007,Ub0341314a5534ea92b26fa8adc30543f,U5cbaa6e80a65fc545ba9e0cbce08d69f,imagemap,delivered,2026-01-24 21:24:08,
c95db42c-3c25-4db2-82ce-371155796fed,2025-11-16,msg_00011,U837b70463a585f85743b5bfb3b49c9fd,Uee62557e70b3639cdf5692a0695912d7,flex,failed,2025-11-16 21:46:45,
ecd759de-1a31-4af9-986c-d4956ac433bb,2026-02-08,msg_00051,U3bae1603803a839c0cb52f511d9cb8f6,Uc6dc96fb64297ad3efc21e6bcd012438,image,delivered,2026-02-08 01:39:16,
59ae13e1-2854-4b36-ae2c-7f74ff6936c2,2025-12-19,msg_00064,Ub0341314a5534ea92b26fa8adc30543f,Uc821f2ce8046e383e9a138f505551b4b,image,opened,2025-12-19 09:37:24,
4c503bf9-5900-41fe-9e90-bad243575db3,2026-01-26,msg_00063,Ub0341314a5534ea92b26fa8adc30543f,U7759a36329a954ff7ac300f9f6689f68,imagemap,clicked,2026-01-26 18:40:29,https://example-saas.jp/campaign/spring
36d0c1c4-cf45-448b-b22d-1a6973d391aa,2025-12-18,msg_00070,Ue9a1e8a5b83a6b296d43c957a8cfba4a,Uf4cc65dbbcb96edfcf4fd8b8dd4d9519,imagemap,opened,2025-12-18 15:50:57,
b8aee858-71db-4e9e-b290-03fff201cdc5,2026-03-25,msg_00079,U743849e63f8101ac616f8fd0ba84a167,U2e963f4c07099ea537b57e7b112b9268,text,delivered,2026-03-25 08:29:57,
55d562ac-334f-45df-b7f5-63f35a1ab75a,2025-11-21,msg_00010,Ue7310890b01058478be93761a56d0aa0,Uaea8997e030ca480e723f8d622d075f8,imagemap,blocked,2025-11-22 00:37:37,
1cb86e2a-402b-42b0-9609-99ec10e8e4a3,2025-12-22,msg_00013,Ub0341314a5534ea92b26fa8adc30543f,U0b058b25382a770ecdc62084b86e4420,image,delivered,2025-12-22 16:04:21,
9b97ac8c-6784-4813-8544-2ec956f5c558,2025-11-17,msg_00099,U3bae1603803a839c0cb52f511d9cb8f6,Uafe3fb573e132ab8b1f57e9d4b9821a9,text,delivered,2025-11-17 00:31:39,
d9e3245e-d91b-468c-859c-e6e486fbee0a,2026-02-20,msg_00036,U879eb903ad90cd9c2874f6df7651267a,Ucee8b8886b8c9e0da5c2ae7caf43d344,video,opened,2026-02-20 07:53:22,
94ec6d03-95a8-4dac-85a7-16f6e7d9ae87,2026-02-09,msg_00083,U3bae1603803a839c0cb52f511d9cb8f6,U2c11af3d1cf1b43d055be9d84bce1378,flex,delivered,2026-02-09 17:15:20,
00f8f943-ff13-4711-8b5f-b47ae4867c0d,2026-01-26,msg_00115,U3bae1603803a839c0cb52f511d9cb8f6,Ud5ac5f6ceef41c05634b91f58d60db0b,imagemap,delivered,2026-01-26 13:39:18,
21a56454-466a-47a3-92a1-ec94cf87bce5,2026-01-01,msg_00027,U4784fc8a8e1e4eb2435ad84e0ad052f2,Ud2078a53fea156e9e1a335722eac81fa,image,delivered,2026-01-01 10:00:17,
969e325c-e7ae-43e3-b91c-ca72da190db9,2025-11-21,msg_00010,Ue7310890b01058478be93761a56d0aa0,U139c227f4fb3a23a8d081ccae173b074,imagemap,opened,2025-11-21 18:29:50,
468a42dc-12ac-4b75-b9b5-73a48bd821ef,2025-12-19,msg_00064,Ub0341314a5534ea92b26fa8adc30543f,Uac084a2ae6dfda250d7a3bff8a077de8,image,opened,2025-12-19 22:49:34,
16ca4d44-08e7-443b-b63a-796cd4f3302a,2026-02-05,msg_00107,U3bae1603803a839c0cb52f511d9cb8f6,Uc181cbe8bc45c8d5a6142f813c04f05c,text,delivered,2026-02-05 04:35:12,
f71be775-e6cc-435c-9ce0-178f14f2db58,2026-03-11,msg_00104,Ub0341314a5534ea92b26fa8adc30543f,U5f130d4a8a7caa0da62bd1d7e20d2b31,image,delivered,2026-03-11 01:23:18,
adffaa08-0b60-43e9-9585-a7649a328206,2026-04-04,msg_00049,U476acbdef8e9a16d24575e4f6d7b0f31,U9a944e40707ebc2a3c37d15cc128edb1,text,opened,2026-04-04 02:30:43,
6e472b8a-f51e-4cbf-b744-8b47bc2c9b4b,2026-01-24,msg_00066,U3bae1603803a839c0cb52f511d9cb8f6,U700805e05443e024993e923f730550b1,image,delivered,2026-01-24 05:30:45,
4f1a7dd1-232d-4057-8948-9d435ee491de,2025-12-14,msg_00085,U743849e63f8101ac616f8fd0ba84a167,U8b0b40446403d06b4df779edf0384f67,image,opened,2025-12-14 05:25:38,
7907847f-f36e-4565-aa83-c91099ee9c41,2026-02-07,msg_00090,U4784fc8a8e1e4eb2435ad84e0ad052f2,Ub6ab44ea5feb776f37308bbf168c1df8,imagemap,delivered,2026-02-07 21:32:06,
07544072-ddfc-476c-9222-6192b4b99dc4,2026-03-05,msg_00014,U3bae1603803a839c0cb52f511d9cb8f6,Uf5ca7566f77e4622208aa5352d01818d,flex,delivered,2026-03-05 15:21:34,
47b09879-d9d2-4879-b964-bcefdde80735,2025-11-23,msg_00053,U743849e63f8101ac616f8fd0ba84a167,06851e91c7a99fb9b8f025d34918d145,video,delivered,2025-11-23 14:49:55,
4bb1af6f-f9ea-4f09-aefc-bdc37bc0b7bc,2026-01-10,msg_00044,U30ad60bba5da9837ca5dd0230ca8f531,U5cabd16198a5937d3fe623628aca68b7,video,delivered,2026-01-10 22:57:02,
9ac3e5ba-8883-4eec-b1b9-26becc4bb3b8,2025-12-08,msg_00015,Ub0341314a5534ea92b26fa8adc30543f,Ub789c00d5f2f49c9855ef73ca9645ff8,text,opened,2025-12-08 17:50:10,
4f975f5b-b722-4207-891e-571ae868097d,2025-11-30,msg_00025,Ub0341314a5534ea92b26fa8adc30543f,0b306e5af439ff24f012f484289ea0c0,imagemap,failed,2025-11-30 09:53:48,
1106d023-4eec-4df5-855e-aa29c274f120,2026-03-11,msg_00067,U7e808d11d6f9901a954a542a7ee09918,U9708243cac9f41d48c38d5c710a4a172,video,delivered,2026-03-11 18:03:42,
30bd9e3b-da15-45df-b634-0d583eceb63c,2026-03-11,msg_00067,U7e808d11d6f9901a954a542a7ee09918,U83faeb5bd947fe3c669f23c86f4ea88c,video,delivered,2026-03-11 14:59:14,
feaf2832-3da1-4673-a308-694a6ee62e60,2026-02-24,msg_00025,U3bae1603803a839c0cb52f511d9cb8f6,U950e9db97b51e0b3572ca9cfcc7a363b,video,delivered,2026-02-24 22:41:21,https://example-saas.jp/survey
65356000-e2fe-4c09-97b4-bada7da630fb,2025-12-03,msg_00012,U743849e63f8101ac616f8fd0ba84a167,U57805dea66574b56d3768f84d51c10e6,imagemap,opened,2025-12-03 06:30:35,
5b40d60a-2ad9-4cea-8fe5-f5917621e5ab,2026-04-05,msg_00054,U3bae1603803a839c0cb52f511d9cb8f6,Ueae3a453e509afdc789b26d490ac41d9,image,opened,2026-04-05 22:56:33,
90f2ce9f-7da1-4c3e-b06c-8ab7bc768828,2026-01-10,msg_00044,U30ad60bba5da9837ca5dd0230ca8f531,Uac10baa3e8080a0aa178d0866b78a79a,video,delivered,2026-01-10 07:49:16,
f7cf4ad7-a84a-4bef-bbe1-43d6b24c85b8,2026-02-24,msg_00039,U743849e63f8101ac616f8fd0ba84a167,Ucc54200501ad9fdea31020860b37a1e6,flex,delivered,2026-02-24 23:58:12,
0b08c634-b180-4ccf-a1fc-348593754a3a,2025-12-25,msg_00045,Ue7310890b01058478be93761a56d0aa0,Uc548c46eda8181fada82d7b61ce37f9e,video,delivered,2025-12-25 21:44:36,
cc24766d-76e8-44b5-83b9-14f944e69dcc,2026-01-26,msg_00086,U4784fc8a8e1e4eb2435ad84e0ad052f2,Uf6700496d3f38ac998d59486a5fb2688,text,delivered,2026-01-26 01:44:48,
dd00cd1e-290c-4d48-8e1b-373a984b8993,2026-03-26,msg_00040,U3bae1603803a839c0cb52f511d9cb8f6,U59aa4c0da331bf59ec1c07953465d23d,imagemap,opened,2026-03-26 12:15:56,
f4269d2e-f5e9-4c0e-841c-be3b2f1ee4ba,2026-01-24,msg_00066,U3bae1603803a839c0cb52f511d9cb8f6,Ubef58cb476653d7d49e0188ffc4fd5f4,image,delivered,2026-01-24 21:32:11,
b9a9c426-9be2-46af-867e-e15058db2f83,2026-01-30,msg_00050,U3e5dd3a641c58ad50e49f095c6f1e306,U5190370cc87824c6a2c6f14fe162f10e,image,delivered,2026-01-30 19:42:15,
16bc53b2-9094-45c9-8274-c49259e303bf,2026-02-20,msg_00048,Ue7310890b01058478be93761a56d0aa0,Udde1eacd04b634ccdad5eb4c21fb8669,flex,opened,2026-02-20 12:21:34,
bbfc7b32-0e26-41f3-82fa-2a6315ecf82f,2026-03-05,msg_00014,U3bae1603803a839c0cb52f511d9cb8f6,U0c4da4ff5c23819e1e120db05d1cfb50,flex,delivered,2026-03-05 10:42:23,
dd6d1e53-617c-4836-9967-ac10e5812d97,2026-01-20,msg_00026,Ud4a92c8c8050eed40ef171cc2784d638,Ua0f0428b02570638c6b38a97068779c9,imagemap,delivered,2026-01-20 08:43:36,
eb70eb2f-e8e3-4bed-96cc-66234b9638ad,2026-04-05,msg_00054,U3bae1603803a839c0cb52f511d9cb8f6,e0ea6ab17638ce4c0c5cf8bef0d4cbac,image,delivered,2026-04-05 07:19:48,
36e1fc6a-ac30-4983-9bf0-e53cdc3c9bc1,2026-02-10,msg_00058,Ue9a1e8a5b83a6b296d43c957a8cfba4a,U665a820f2ffa5586b954d3701268e724,video,opened,2026-02-10 10:59:37,
6d9c18cd-bd83-4e8c-81cc-26602cae933d,2025-11-23,msg_00024,Ue8d9224ecde331ce692edfce0b5ecdc4,U9888b2da8761d215e3998de3313d2bce,text,clicked,2025-11-23 09:45:59,https://example-saas.jp/survey
9b204c83-7d8f-4297-a81d-8a1ca433db31,2026-03-31,msg_00046,U4784fc8a8e1e4eb2435ad84e0ad052f2,Ucf9ea35de4f43008d2a79ff0d7f0f0b9,flex,delivered,2026-03-31 02:25:02,
1bdec348-1b90-4d76-aed9-5c80433c87ca,2026-04-06,msg_00029,U743849e63f8101ac616f8fd0ba84a167,U25f44d75ae8d0d137dbdf1e98102886b,flex,delivered,2026-04-06 07:07:29,https://example-saas.jp/coupon/500off
5ad98b2b-6eb0-46fe-a62a-1800f41a6f3c,2026-03-25,msg_00079,U743849e63f8101ac616f8fd0ba84a167,Uddb531657d970713854326b6858becd4,text,delivered,2026-03-25 03:09:48,
8b8cb03c-60a7-461f-bfd0-a25ef4f2bb08,2026-04-08,msg_00078,Ud4a92c8c8050eed40ef171cc2784d638,U7f6518b0ee3fe8224572b3d85fea1d4f,image,delivered,2026-04-08 05:20:20,
f812e870-e3f0-4f26-acb7-be1e38b00a3b,2026-03-20,msg_00106,U3bae1603803a839c0cb52f511d9cb8f6,U0f5e5a199bf8ddef73cd0dfa44a292eb,video,delivered,2026-03-20 13:18:43,
ffb9258d-7c14-428e-883d-daddd5c855b9,2026-01-01,msg_00027,U4784fc8a8e1e4eb2435ad84e0ad052f2,c08273e26707ddc7fec88933c14bc076,image,opened,2026-01-01 08:28:05,
480e928c-0b52-4eca-b2f9-6eedad097296,2026-02-08,msg_00051,U3bae1603803a839c0cb52f511d9cb8f6,Ue4e01f7c6096445ea857b146c984a89c,image,delivered,2026-02-08 15:40:49,
bbf8e910-bfb8-44a1-afea-2eca69be05cf,2025-12-23,msg_00061,Ub0341314a5534ea92b26fa8adc30543f,Ubf8923d522f4cf3e2efac07cf8b98426,imagemap,opened,2025-12-23 05:00:19,
d329f91e-3242-4dc1-81f2-ff2ac81848b1,2026-03-06,msg_00055,U3bae1603803a839c0cb52f511d9cb8f6,U0295ab47e19e2be7cc9c0df3b3e98906,flex,delivered,2026-03-06 11:35:26,
6c59e6af-3598-4972-b678-fa12d8ca4d4e,2025-12-21,msg_00022,U3bae1603803a839c0cb52f511d9cb8f6,Uc3810f9536236a6d3f7adeb58c6f0f4d,video,opened,2025-12-21 05:15:16,
acc94181-3d10-435f-be3a-3f39c948b5c8,2025-11-25,msg_00043,U3e5dd3a641c58ad50e49f095c6f1e306,U34b88dc1e7dd1e2740ec91984aad9c10,flex,delivered,2025-11-25 17:54:25,
2a251d49-caf9-4819-8985-d0069838f159,2026-04-12,msg_00120,U227d1cd1a801c367de206ec4bbca7330,Ud1b55cab9d7d486ddc9709d059173937,text,delivered,2026-04-12 18:16:41,
91784754-0130-4b97-84ba-42ba555da6c0,2025-12-21,msg_00022,U3bae1603803a839c0cb52f511d9cb8f6,U0b438ac0532a37c523269037f8937a1a,video,delivered,2025-12-21 06:59:17,
e417fead-d615-4269-b5cf-692be0babb45,2026-02-15,msg_00006,U743849e63f8101ac616f8fd0ba84a167,U3d2d7c8608381cdb32a78fef01d49cbe,flex,failed,2026-02-15 01:21:03,
e2293456-43be-4707-9a45-8693975fd2aa,2026-02-15,msg_00087,U3bae1603803a839c0cb52f511d9cb8f6,Ubc0895ad8e9a6219747e4f5f3f98de08,imagemap,delivered,2026-02-15 02:14:10,
a963f221-03c4-40a9-87c6-8217f800d236,2026-03-03,msg_00093,U743849e63f8101ac616f8fd0ba84a167,U3be8e97483ee6082b20bf6e6a5f9ce98,imagemap,opened,2026-03-03 15:24:02,
2e50cf11-33ce-4ff4-9aa3-16a3f6b32c90,2026-02-08,msg_00051,U3bae1603803a839c0cb52f511d9cb8f6,U3f9698857302b93134a04ecbc62c56c9,image,opened,2026-02-08 12:52:06,
bb388bb1-e9f7-434b-805c-ef529e8a2ada,2026-03-27,msg_00096,U476acbdef8e9a16d24575e4f6d7b0f31,Ufdca50bfb8d49bb77c184cb2ec90f09a,imagemap,opened,2026-03-27 08:14:17,
592de196-058c-4bd3-aa25-ebee0f5eb8fb,2026-03-23,msg_00116,Ud4a92c8c8050eed40ef171cc2784d638,29ea3b44e6cbb28453bf6e24f359c59a,text,delivered,2026-03-23 10:35:07,
df5ad205-560a-4303-8f55-5a08e5414869,2025-11-30,msg_00025,Ub0341314a5534ea92b26fa8adc30543f,e0b4cd220ab8e4d5957cab8ce8cdbeb6,imagemap,delivered,2025-11-30 18:09:31,
308bc348-0424-4098-807a-fb1a94a61006,2025-12-25,msg_00045,Ue7310890b01058478be93761a56d0aa0,U7b7606ecfac5334b325667da99124a3a,video,delivered,2025-12-25 02:14:02,
d4f3868f-a812-4d94-a4e3-18ae8cec72ff,2025-11-22,msg_00047,Ue7310890b01058478be93761a56d0aa0,U4ef7064399272081158c906ea33555e2,video,delivered,2025-11-22 00:43:09,
28eba0ab-6096-45eb-9e78-96c0673c46fd,2026-03-27,msg_00096,U476acbdef8e9a16d24575e4f6d7b0f31,U2177694b0d8ad0eb9178ccf4d429af0b,imagemap,delivered,2026-03-27 20:47:19,
b82b494c-37fd-4ce2-b26e-04f61769c1a0,2026-03-03,msg_00093,U743849e63f8101ac616f8fd0ba84a167,Uabac656ab4d06bb78f508d1b847d2e95,imagemap,delivered,2026-03-03 04:13:59,
1ea74fa5-f959-41ff-9409-ef30b164f7e7,2026-03-20,msg_00092,U743849e63f8101ac616f8fd0ba84a167,Uce1c541f481b9a395aea39acd05828aa,video,clicked,2026-03-20 17:59:23,
5e2b2ac9-7a67-464a-aa5c-c7ffa1652605,2026-04-06,msg_00074,U3bae1603803a839c0cb52f511d9cb8f6,Uc621311675f4e078e46791c05cda772c,text,delivered,2026-04-06 09:20:43,
0f0a5016-ce6c-4037-9287-49b618297ab7,2026-04-12,msg_00120,U227d1cd1a801c367de206ec4bbca7330,Udb2f332973358123e2a63c8cc4686d50,text,opened,2026-04-12 12:10:13,
45683627-96a8-42ca-bab7-309da73de594,2025-11-30,msg_00025,Ub0341314a5534ea92b26fa8adc30543f,U70bee5388b51aff7a78c16680d6bfcf9,imagemap,delivered,2025-11-30 13:06:12,
a1204181-f201-439e-a176-8946dfd35534,2026-03-08,msg_00112,U3bae1603803a839c0cb52f511d9cb8f6,Uc36e426f03f7def0bfe18e79d8bdb08d,image,delivered,2026-03-08 10:49:02,
fe0573bd-4adf-4255-8100-77205d8c2461,2026-02-20,msg_00036,U879eb903ad90cd9c2874f6df7651267a,U818ac6f4b8978b865997ec273363708e,video,delivered,2026-02-20 04:20:00,
4f694282-efee-43a5-ab84-22bf71220799,2026-02-20,msg_00048,Ue7310890b01058478be93761a56d0aa0,Udde1eacd04b634ccdad5eb4c21fb8669,flex,delivered,2026-02-20 11:50:10,
7f59f181-77f6-4da9-bdfa-fd884b774f27,2025-12-12,msg_00029,U743849e63f8101ac616f8fd0ba84a167,U0c4fbf76d2355a679fa7b241d7462d2c,imagemap,delivered,2025-12-12 09:13:29,
136fb474-d248-4e22-9cf8-83343f6ece91,2025-12-12,msg_00029,U743849e63f8101ac616f8fd0ba84a167,U85c8c59f5f6c108a4cbba8ad19eb85ed,imagemap,delivered,2025-12-12 12:20:56,
1a1f8725-527c-4fdc-a6a6-22c108aee7e8,2026-02-28,msg_00117,U743849e63f8101ac616f8fd0ba84a167,U3f4b248fdae5c20bd2cdb6490c067ed9,video,delivered,2026-02-28 16:04:46,
36117dbe-0d8e-4d72-94ba-34c493f7bb53,2026-03-04,msg_00056,U1ca413826b7044d134c9c3132420c9de,Ubda5ea56a269b87f3f57e4df03b74d27,text,delivered,2026-03-04 07:44:30,
93c697ab-1a36-4a6b-b070-bc2f575406bc,2026-03-06,msg_00055,U3bae1603803a839c0cb52f511d9cb8f6,U71e39afa990b333310a2df0f23868ece,flex,delivered,2026-03-06 15:30:52,
b2d318eb-46c9-43c0-af78-7e900e187d46,2025-12-24,msg_00091,U3bae1603803a839c0cb52f511d9cb8f6,Ub72ac2e4985686521083d94da1f176e2,imagemap,delivered,2025-12-24 10:11:53,
5b9b4d0f-ca49-43cc-a630-471f1dfbd981,2025-11-24,msg_00033,U3bae1603803a839c0cb52f511d9cb8f6,U71723c980d924f7364c56b7600404da2,text,delivered,2025-11-24 08:50:56,
c956bf95-7979-4b72-958c-491de97fd06d,2026-01-07,msg_00110,Ub0341314a5534ea92b26fa8adc30543f,U338f063f664a3e21a2e5ca5bcad81d6d,video,opened,2026-01-07 12:53:59,
a06fcd9c-c286-4c56-a3c2-fd40f91f6883,2026-01-20,msg_00108,Ub0341314a5534ea92b26fa8adc30543f,8cb742eb4557a61fa44898cd3d760a91,flex,delivered,2026-01-20 03:07:10,
70807057-b5d2-435f-bed7-0fdcc82adbac,2025-12-12,msg_00004,Ub0341314a5534ea92b26fa8adc30543f,Ueeb66c84e40776fd60aec6dbaa539ee0,video,delivered,2025-12-12 22:21:35,
d0f76be9-6e34-4696-a286-73bbca2c2615,2026-03-06,msg_00068,Ub0341314a5534ea92b26fa8adc30543f,Ucc87609c936fc3d1bfb6eaf35a48e5fc,video,opened,2026-03-06 07:46:24,
63044bc4-5d44-4c6d-addf-b32d28817e7e,2026-01-26,msg_00086,U4784fc8a8e1e4eb2435ad84e0ad052f2,U37da7469c945955fc7a2b88d3bd60493,text,delivered,2026-01-26 21:29:11,
61615d86-d53b-48ae-bf3c-0b7216cf0654,2026-03-21,msg_00023,U743849e63f8101ac616f8fd0ba84a167,U64a5db1b4632e71a8dea26ff71c6fc65,imagemap,delivered,2026-03-21 20:23:55,
5a29db5f-6198-4d6d-bce2-b82b70713aca,2026-02-15,msg_00087,U3bae1603803a839c0cb52f511d9cb8f6,a25a5354d2e235de4b0443cf4edbfb46,imagemap,opened,2026-02-15 11:07:13,
114402af-496a-4037-957e-6ae24f99cd38,2025-12-25,msg_00045,Ue7310890b01058478be93761a56d0aa0,U9aa1656fa117cf32ec6b07b297cad1b4,video,opened,2025-12-25 03:59:31,
a600a16d-0406-45ed-9951-8f37fb9266e4,2026-02-15,msg_00089,U3bae1603803a839c0cb52f511d9cb8f6,U4476d7b6ad644f4e08949d8489ad7191,text,delivered,2026-02-15 11:56:48,
b3b6681f-e2bb-41aa-8da2-2be348a9b111,2025-12-25,msg_00045,Ue7310890b01058478be93761a56d0aa0,Ub994f724b0792c0bbc8e561b8d87e2c5,video,opened,2025-12-25 12:48:28,
2089a864-be95-4c61-a0a2-d22c759bd430,2025-12-09,msg_00059,U3bae1603803a839c0cb52f511d9cb8f6,Ue1962e52b4faac0a8a2bf92398382eb1,imagemap,opened,2025-12-09 09:28:57,
c3a25e54-e62e-4e54-b135-d7699133550a,2026-03-29,msg_00097,Ub0341314a5534ea92b26fa8adc30543f,Ufc72b0580ef228bd2c69560856097166,text,delivered,2026-03-29 09:19:03,
27ec6c46-76ba-40dd-ad94-beb3ef015850,2026-03-11,msg_00104,Ub0341314a5534ea92b26fa8adc30543f,U0095ae269de18f027d96200bc78d3a98,image,opened,2026-03-11 03:42:09,
b82754c5-110a-4765-add6-4db94f91bf3d,2026-02-07,msg_00090,U4784fc8a8e1e4eb2435ad84e0ad052f2,U73d9a475e6f046ca85c2f4e7be6e3ed7,imagemap,delivered,2026-02-07 23:25:43,
231abac5-2544-4ae7-9620-8205c28aee88,2026-04-05,msg_00054,U3bae1603803a839c0cb52f511d9cb8f6,U0e09d659a27e112f4a3294f1f7cbb789,image,delivered,2026-04-05 12:20:41,
5be2074a-83e1-4a13-af86-df99b8d73766,2026-01-26,msg_00086,U4784fc8a8e1e4eb2435ad84e0ad052f2,U714ebfc6b18d82aa13e370cd13b26719,text,opened,2026-01-26 06:26:12,
27d70735-91da-44fa-a013-bb798f422a17,2026-01-26,msg_00086,U4784fc8a8e1e4eb2435ad84e0ad052f2,Ucaa8ee67881a457eac4df721ed111297,text,delivered,2026-01-26 18:47:02,
4fa59ba9-e4de-43ff-9544-1f30eafb16a1,2026-02-20,msg_00095,Ub0341314a5534ea92b26fa8adc30543f,U1529e3a8052f20731dd0e9eafb1a0cd4,text,opened,2026-02-20 22:42:21,
2705d47c-4d25-458f-882c-6061abe33c5c,2025-11-23,msg_00024,Ue8d9224ecde331ce692edfce0b5ecdc4,U846e0419039500ec686322c2328b5f75,text,delivered,2025-11-23 19:41:13,
19977c9d-5541-4ea2-a778-d7c30059cd30,2025-12-19,msg_00118,U4784fc8a8e1e4eb2435ad84e0ad052f2,U113835133be8113ed6b1a67ba6cea5e2,image,delivered,2025-12-19 21:28:20,
b5e9ef9f-3c80-48e0-801e-ca7942854d42,2025-11-23,msg_00053,U743849e63f8101ac616f8fd0ba84a167,U4455791785b87e610b3f8b8078ed19f5,video,opened,2025-11-23 02:23:39,
a8da7bdf-2557-4e02-8605-755d242315fa,2025-12-02,msg_00088,U3bae1603803a839c0cb52f511d9cb8f6,U9d91028e04798a156ec7272cd1fbaec7,image,opened,2025-12-02 04:34:00,
0dce09e5-8fd0-4bf0-be17-a9ba3ddafc8b,2026-01-10,msg_00044,U30ad60bba5da9837ca5dd0230ca8f531,Uf4c3519a99bd0fdfb2b7249b23072dd6,video,clicked,2026-01-10 07:58:56,https://example-saas.jp/campaign/spring
02e71980-7381-4e26-9581-857784f2138c,2026-01-24,msg_00066,U3bae1603803a839c0cb52f511d9cb8f6,Uc4a9354fe164092e540e411d92b7f555,image,delivered,2026-01-24 14:21:24,
71ab83a9-e090-449a-a267-39b9085191b4,2026-02-14,msg_00098,U743849e63f8101ac616f8fd0ba84a167,U72465bbd5b3e2738eb417b7f62da1007,imagemap,opened,2026-02-14 07:00:21,
8cb353ca-d91f-4b57-92a5-0be285806cd9,2025-12-23,msg_00109,Ue7310890b01058478be93761a56d0aa0,Ufb49db52ad2b179f5063214a67dece14,text,delivered,2025-12-23 19:12:18,
96836ae1-42f9-45e3-a20d-fbdccf7b4005,2026-03-23,msg_00073,Ud4a92c8c8050eed40ef171cc2784d638,U63a4a20bdff23cc13a79f72a6054a825,imagemap,delivered,2026-03-23 12:33:30,
db783223-789c-46d9-b5eb-ce7fff5dfdb7,2025-11-19,msg_00019,U743849e63f8101ac616f8fd0ba84a167,U28554cb94e2cfaf1fa6a1e2564d1685b,flex,delivered,2025-11-19 18:20:36,
dba596ec-e8bc-4791-8519-c238748eedd6,2026-03-22,msg_00119,U3bae1603803a839c0cb52f511d9cb8f6,U3867cd693e7ea9dbbb54b8657bf96212,imagemap,delivered,2026-03-22 10:30:09,
4164a88a-6344-4a46-9014-47be1e475d7f,2026-04-12,msg_00105,Ud4a92c8c8050eed40ef171cc2784d638,U57c8653c6218154cf89a9c5ef4a167d2,flex,delivered,2026-04-12 09:44:32,
511728e8-b475-42c5-a969-a887d31762e4,2025-12-07,msg_00003,U227d1cd1a801c367de206ec4bbca7330,U54ad89b61a558fad6c16e98ea8c1dbe9,image,delivered,2025-12-07 17:12:25,
ac7225af-6c97-4287-bd34-2e7c988ac945,2025-12-09,msg_00059,U3bae1603803a839c0cb52f511d9cb8f6,U7ab232071ee88ba6c4c03e43428ab656,imagemap,delivered,2025-12-09 20:48:24,
5c2def7d-1af6-4e9d-b458-f881215c7459,2025-12-15,msg_00030,U3bae1603803a839c0cb52f511d9cb8f6,Uab8cc4e8e2044c02b9bb23e0dd918c66,video,clicked,2025-12-15 03:50:29,https://example-saas.jp/lp/newmenu
e64a5c7f-1237-4e79-8213-06f1f8726480,2026-03-14,msg_00009,U743849e63f8101ac616f8fd0ba84a167,U59ad5ee4ef060bfc8d7f12c8764edced,imagemap,delivered,2026-03-14 11:22:45,
1e73e06a-4d61-4178-9b6d-f724436a8d74,2025-12-18,msg_00070,Ue9a1e8a5b83a6b296d43c957a8cfba4a,U5a3ae59ea234f533975102cbe85227dc,imagemap,delivered,2025-12-18 18:16:57,
3c6fb3a5-0fac-4eeb-b1f9-bb445704d23c,2025-12-24,msg_00091,U3bae1603803a839c0cb52f511d9cb8f6,U00cbb475367033474a6a71fdc72d4426,imagemap,opened,2025-12-24 20:55:06,
c0521c36-ec0d-4d4c-9315-aba590bc8f5f,2025-12-23,msg_00061,Ub0341314a5534ea92b26fa8adc30543f,U31a1e9d3f7807c0f7b0147f9b4ee825b,imagemap,clicked,2025-12-22 11:09:59,https://example-saas.jp/coupon/500off
e7b26609-8f4e-4358-8620-41adcdbf475f,2025-12-24,msg_00091,U3bae1603803a839c0cb52f511d9cb8f6,U3b889df7645ed63b70fea00b7943d263,imagemap,delivered,2025-12-24 04:17:00,
7353e48d-b8ec-4a80-bdbc-04834a753d09,2025-11-17,msg_00034,U743849e63f8101ac616f8fd0ba84a167,U0314595299cf94828e49eeeb7cec0109,text,opened,2025-11-17 14:45:08,
214fa477-f015-482a-80ee-a7afad70a9b6,2025-11-22,msg_00047,Ue7310890b01058478be93761a56d0aa0,6fedbe29213be8ac5084141339d3edac,video,delivered,2025-11-22 12:34:38,
4b561240-90d2-4084-a034-5ac6dc096e48,2026-02-20,msg_00017,U22a93bc29b1df104af6b1ba1cd91fc56,Uee4fddeac3bf930992a3e36322f15ca6,video,delivered,2026-02-20 22:06:02,
a20832cd-d5c9-4b18-947d-b6d0ca1b566a,2025-12-25,msg_00045,Ue7310890b01058478be93761a56d0aa0,U267e1f5bf011cbacd5cb9b50cd0df856,video,opened,2025-12-25 08:56:19,
45e38f76-8732-44bd-987e-bb0054daf10c,2026-02-14,msg_00065,U743849e63f8101ac616f8fd0ba84a167,U55b515ed3cd4bf1cefa2ff22e80462e9,image,delivered,2026-02-14 20:30:43,
3d3652b7-aeb2-4a05-aabd-9d243483de34,2026-03-11,msg_00104,Ub0341314a5534ea92b26fa8adc30543f,Ude0a6c619b9f35016979a4a91ee198c9,image,delivered,2026-03-11 02:33:03,
4a3e4ac4-84a9-4dfc-a847-df043659701e,2026-04-08,msg_00041,Ue7310890b01058478be93761a56d0aa0,Uaea03e33a5fd8464c44635f7468838ae,text,opened,2026-04-08 23:32:47,
f799cdb2-59d2-4906-853f-4804cba55953,2025-12-23,msg_00109,Ue7310890b01058478be93761a56d0aa0,U8474f91ed4d318c499a60205642cb740,text,delivered,2025-12-23 23:20:34,
c1b10208-8f48-4d2b-abe8-071a6aed04c7,2026-01-18,msg_00102,U227d1cd1a801c367de206ec4bbca7330,U857b888b6d1303c45e43655191709fb7,video,opened,2026-01-18 20:31:07,
e5fc9fe3-9fbd-4002-b6b0-96b126b277c0,2026-03-31,msg_00046,U4784fc8a8e1e4eb2435ad84e0ad052f2,U35309d02cfacdc4753fea5461e1f5b8b,flex,opened,2026-03-31 11:45:53,
87ee56e0-4859-47df-a733-76287d65eb9c,2026-02-16,msg_00021,U743849e63f8101ac616f8fd0ba84a167,Uac0cec49af7da8fce205c6720d6e24c1,flex,clicked,2026-02-16 11:10:01,https://example-saas.jp/lp/newmenu
87b7114f-f3d1-4500-a316-eb4d81a520e4,2026-03-26,msg_00040,U3bae1603803a839c0cb52f511d9cb8f6,Uab177198c1d6c9af00f0ddc3082ea099,imagemap,delivered,2026-03-26 19:21:20,
3a8f5026-7b3e-4b9a-a013-dac51c42821a,2026-03-11,msg_00104,Ub0341314a5534ea92b26fa8adc30543f,U9b4220c558cd850f2904df4c7df1fae3,image,blocked,2026-03-11 07:46:38,
648842da-c86c-4748-9e34-d836e09e34d0,2026-03-11,msg_00067,U7e808d11d6f9901a954a542a7ee09918,U9cf2a6ef55c746c3d86070f3ea5c4484,video,opened,2026-03-11 16:56:43,
690b8f05-77a8-4bbe-b4c5-8183b2d8f758,2026-01-26,msg_00005,Ub0341314a5534ea92b26fa8adc30543f,U41e1f65aab6bf67e293a60277b3c9c5b,image,opened,2026-01-26 18:54:27,
840f7a3a-4e57-4a55-a4e5-b02b539c7749,2025-12-12,msg_00004,Ub0341314a5534ea92b26fa8adc30543f,U314ade0617a876bfbd467b7b619ff5c1,video,opened,2025-12-12 00:09:57,
a15f086e-4b1d-4e2c-baab-d4f48bc1c693,2025-12-23,msg_00109,Ue7310890b01058478be93761a56d0aa0,U01cf84d2d96c70fd18a93d99d0ada03a,text,delivered,2025-12-23 07:54:10,
5444c8f7-07a0-4912-84f1-eb2e01458c00,2026-03-13,msg_00001,U4784fc8a8e1e4eb2435ad84e0ad052f2,b93528e6520e9dd9c7b6a0938bfcca03,image,delivered,2026-03-13 11:07:16,
f6b80c70-f1af-4a26-89da-d66fd25de649,2026-01-01,msg_00027,U4784fc8a8e1e4eb2435ad84e0ad052f2,U5b3bed95779d78f84029aba1076c9a9b,image,opened,2026-01-01 23:37:42,
7fc1ac1e-e6c4-4aa1-97d9-c0e30165c377,2026-03-29,msg_00097,Ub0341314a5534ea92b26fa8adc30543f,U2d68104f137e231beb8ccfab607a02fe,text,delivered,2026-03-29 18:13:11,
534115a5-fdfe-4ad9-9432-e73ed247896a,2026-01-24,msg_00066,U3bae1603803a839c0cb52f511d9cb8f6,U134d9c19f227254f29e3f8d4c2806e15,image,delivered,2026-01-24 01:54:25,
19b82bb4-bd93-4758-8380-16c20cfa7fdc,2026-02-14,msg_00065,U743849e63f8101ac616f8fd0ba84a167,U29e7c76d0696bda81b947fe43babb2fd,image,delivered,2026-02-14 07:32:27,
fbc9c12a-87a8-4466-8c6d-834f8b0fc9de,2026-03-29,msg_00097,Ub0341314a5534ea92b26fa8adc30543f,U76e8120e084b53b2b723a769ad2d17b9,text,delivered,2026-03-29 00:48:29,
11621f21-3036-49eb-8b41-0c54d975f382,2025-12-24,msg_00091,U3bae1603803a839c0cb52f511d9cb8f6,U69c997a83483fa94742435b0aaf5accf,imagemap,opened,2025-12-24 08:13:38,
ed2d8921-3227-4d0f-b43e-399eaf3ce4eb,2026-01-07,msg_00110,Ub0341314a5534ea92b26fa8adc30543f,U316cd691afce8733416a97fe0387968b,video,opened,2026-01-07 17:48:03,
231c26e6-6d8a-4efc-b359-e313cef1c8f0,2025-12-23,msg_00109,Ue7310890b01058478be93761a56d0aa0,Ud8cf7e6047f6555d600de9e988d3b40b,text,opened,2025-12-23 22:14:29,
dddb44de-70e4-4799-9ab1-b875427ac525,2026-02-28,msg_00117,U743849e63f8101ac616f8fd0ba84a167,U2e4833f07865378a19dfcf408cc745ac,video,delivered,2026-02-28 20:17:32,
e8bf0615-b0fe-487b-8d1e-a03983a45d5b,2026-04-10,msg_00101,U743849e63f8101ac616f8fd0ba84a167,f55d5db282e017e82e5129b423462f06,imagemap,opened,2026-04-10 18:18:12,
925713b1-5b8c-43a0-b7a4-791e6f05c8be,2025-12-17,msg_00032,U3bae1603803a839c0cb52f511d9cb8f6,Udd15aed55169d9d62efe7ddfb10a0e5a,video,delivered,2025-12-17 15:53:30,
dbd80315-a188-440a-8f05-843e445b75b7,2026-02-10,msg_00058,Ue9a1e8a5b83a6b296d43c957a8cfba4a,U4a4925d0896a7468e1b45a4ecc1547ba,video,delivered,2026-02-10 00:56:58,
d7347cc8-ed08-45d1-9475-a870b76181b7,2026-04-04,msg_00100,U743849e63f8101ac616f8fd0ba84a167,U93b9fa794b456a9b79379dec81aee694,image,delivered,2026-04-04 03:21:47,
1b05844e-cca9-4b45-aa44-cd74f80e7211,2026-02-15,msg_00006,U743849e63f8101ac616f8fd0ba84a167,U7d4ab9c638170d9c3d284641cca87474,flex,delivered,2026-02-15 12:27:59,
b531d505-f008-4a08-a883-e83cb803369e,2025-12-03,msg_00012,U743849e63f8101ac616f8fd0ba84a167,Ub6352d076cd5cb61d4112137dac2cc92,imagemap,delivered,2025-12-03 04:02:44,
9b8ed2cb-7073-4b1a-8877-17372f17c38f,2026-02-10,msg_00058,Ue9a1e8a5b83a6b296d43c957a8cfba4a,Udeeaa30397f18ed0a44fa3082d8725d1,video,delivered,2026-02-10 16:24:17,
e8b319a4-9c65-46c5-a2dc-0a636e90a423,2026-03-05,msg_00014,U3bae1603803a839c0cb52f511d9cb8f6,U1931af18a32bf696f51d0559cca23bd5,flex,delivered,2026-03-05 03:43:42,
3d673244-3d55-43da-849f-33131f221a55,2025-12-15,msg_00030,U3bae1603803a839c0cb52f511d9cb8f6,U561477f841beba27972ac2decfaf099f,video,delivered,2025-12-15 09:54:55,
27603e83-c174-4b37-8314-f43e2fdfcefe,2026-03-26,msg_00040,U3bae1603803a839c0cb52f511d9cb8f6,U01996328729e650c77747c9e5a0676d6,imagemap,opened,2026-03-26 22:34:11,
7316e1fa-79a3-44e3-9563-70bcd665bedc,2025-12-08,msg_00015,Ub0341314a5534ea92b26fa8adc30543f,U1788c37a77bc15373f4a5219ef81e59a,text,blocked,2025-12-08 18:41:08,
399c2053-59bf-419d-8f54-cd157377a78a,2026-01-20,msg_00026,Ud4a92c8c8050eed40ef171cc2784d638,U0c640244524a94faffc6b1b9bcf7558c,imagemap,opened,2026-01-20 05:05:25,
86c43633-5507-45e4-b635-fcb7d8acd587,2026-02-20,msg_00048,Ue7310890b01058478be93761a56d0aa0,U0405bc6ec27c6a0e2315a83ded039479,flex,opened,2026-02-20 03:34:47,
1c2b3738-97e6-4bc9-8efb-d76ed94bb838,2026-02-16,msg_00021,U743849e63f8101ac616f8fd0ba84a167,U3783f3593490df21b406b17fcb26f58d,flex,delivered,2026-02-16 19:27:50,
a1a84f77-fe88-4201-9c75-2567bdaed01d,2025-12-22,msg_00013,Ub0341314a5534ea92b26fa8adc30543f,U1e8651e9e847daf780c773a025860b80,image,clicked,2025-12-22 15:16:35,https://example-saas.jp/coupon/500off
2717058c-4cd7-4bb2-b81c-6ee2923f08a3,2026-01-20,msg_00108,Ub0341314a5534ea92b26fa8adc30543f,Uaba9bdfc94ebc019019837034312368a,flex,delivered,2026-01-20 14:06:07,
8c484ef8-8606-4234-813d-c49e58d80cca,2026-03-27,msg_00096,U476acbdef8e9a16d24575e4f6d7b0f31,U1943a9f7cfe25232a2aee6b08ba529df,imagemap,delivered,2026-03-27 00:38:22,
32df41f3-68d8-4554-855f-c544ede5be70,2026-02-20,msg_00036,U879eb903ad90cd9c2874f6df7651267a,Ua70d49dbd29ad60138d8d4d4ef67d67a,video,delivered,2026-02-20 13:01:48,
a06ae5cb-e848-4d93-a22f-dcc439d76ca7,2026-02-20,msg_00048,Ue7310890b01058478be93761a56d0aa0,U41725415c1f3b7dd217a85968baa6ed3,flex,opened,2026-02-18 20:39:10,
e6fb11a8-921d-4b43-8860-d50732300c06,2025-12-15,msg_00030,U3bae1603803a839c0cb52f511d9cb8f6,U7f78b69dfd98c7a5bf4a67a5ed191fe2,video,delivered,2025-12-15 08:45:58,
815fe4d1-2ad1-425e-931d-08abcd3c62c9,2025-12-19,msg_00064,Ub0341314a5534ea92b26fa8adc30543f,U0c8b73249d45bc5940b0bb37290323ff,image,opened,2025-12-19 13:04:36,
0c019ec8-ecf2-4b41-9564-4af1de47465e,2026-02-20,msg_00036,U879eb903ad90cd9c2874f6df7651267a,418d250f1401b09a3b64b5444d030784,video,delivered,2026-02-20 00:47:52,
1b677232-20c4-4068-b2a2-bcd9a23e22fb,2026-01-17,msg_00037,U7e808d11d6f9901a954a542a7ee09918,U8621d3e3cbd6b89512bb797d8efbec28,text,clicked,2026-01-17 05:24:53,
deb13154-f1fb-4d04-8fa7-ba0417b269cf,2025-12-31,msg_00082,U227d1cd1a801c367de206ec4bbca7330,Uc7095d3ad09b6eff0c809e2f3dd3cc2b,imagemap,delivered,2025-12-31 18:04:58,
31bf3ce4-c5aa-42d3-bc4d-4ca1554dfd1b,2025-12-03,msg_00012,U743849e63f8101ac616f8fd0ba84a167,Ua8505a2b08107f8788fa3e8d277d846d,imagemap,delivered,2025-12-03 08:05:07,
c9f3c9af-e552-447a-8362-84126ca14a80,2026-03-20,msg_00092,U743849e63f8101ac616f8fd0ba84a167,Ud86f9e80f30fbcb043fc7cc1eb293dfe,video,opened,2026-03-20 03:34:55,
9c4f3666-f053-4ea6-b6fa-1cbc6089ca26,2026-03-26,msg_00040,U3bae1603803a839c0cb52f511d9cb8f6,U89cf0078febfdb892ff526f3d670076b,imagemap,opened,2026-03-26 17:40:17,
f7250793-0141-4dd6-bee6-9c2eaac90423,2026-01-24,msg_00113,Ub0341314a5534ea92b26fa8adc30543f,Uef58a69a3ee39c6f17c90ac4159f034d,text,delivered,2026-01-24 03:34:21,
cad933dc-70d4-4998-b6ee-8f2209bdcf45,2026-04-06,msg_00074,U3bae1603803a839c0cb52f511d9cb8f6,Ua6c41388b0b2ecacd0a7438c639c38a7,text,delivered,2026-04-06 08:14:27,
3bac6e15-fb7e-40c9-8786-85cdf8f48d3a,2026-03-23,msg_00071,U3bae1603803a839c0cb52f511d9cb8f6,U2b84f93d4e730b0b75ff06dc1a6c821c,imagemap,delivered,2026-03-23 15:13:53,
2046aceb-7e26-4474-b454-207f39bd55d1,2025-11-17,msg_00034,U743849e63f8101ac616f8fd0ba84a167,U449917b2f0f9c5bd9e12ac5d5877edf7,text,clicked,2025-11-17 14:58:26,
e9afa1ed-6e77-459e-9e80-ca62514322d7,2026-02-20,msg_00036,U879eb903ad90cd9c2874f6df7651267a,4ae3764ec5d59fe3ac51399ef6376258,video,delivered,2026-02-20 20:29:38,
e3a4910a-6b16-4b33-8cbd-70f57fabc733,2026-03-23,msg_00073,Ud4a92c8c8050eed40ef171cc2784d638,U20d66727ff946923ff5623571b1cf68e,imagemap,delivered,2026-03-23 16:48:05,
13cf0bf3-e151-4097-b58a-44091d3162e1,2026-02-14,msg_00042,U3bae1603803a839c0cb52f511d9cb8f6,U54668de28a6436ddb99dbde6e9dba1d3,video,delivered,2026-02-14 06:54:47,
bea5df2c-a60a-4efe-93c9-3f03044f23ca,2026-02-20,msg_00048,Ue7310890b01058478be93761a56d0aa0,U7d5956e9faa445f6729b429afaf67e90,flex,delivered,2026-02-20 21:44:24,
036b3f7c-b63f-44f2-97aa-43b24e7f0384,2026-03-14,msg_00009,U743849e63f8101ac616f8fd0ba84a167,56e2a7ecf026eabcec35251527b3f094,imagemap,opened,2026-03-14 16:00:52,
52badf26-6fac-4c6d-9c53-5f05128dce78,2026-04-06,msg_00074,U3bae1603803a839c0cb52f511d9cb8f6,Ua6c41388b0b2ecacd0a7438c639c38a7,text,delivered,2026-04-06 08:14:27,
880b71e5-8599-477e-ad46-8287eb23b632,2026-03-27,msg_00096,U476acbdef8e9a16d24575e4f6d7b0f31,a3d82700cdb2cfd63c83412deb63f8be,imagemap,clicked,2026-03-28 01:09:37,https://example-saas.jp/campaign/spring
28f53add-1723-4f40-b20e-7f54fb8b2b5a,2025-12-25,msg_00045,Ue7310890b01058478be93761a56d0aa0,Uc8ac50c93940e71593aed425bb7eefbe,video,delivered,2025-12-25 17:00:23,
7b0f0584-debc-4f88-aeea-fab01cb17ddc,2026-02-20,msg_00048,Ue7310890b01058478be93761a56d0aa0,U95359c50a40bde070344067bdaaef27b,flex,opened,2026-02-20 22:30:36,
b9d76dda-2d4f-4949-976f-790e360bd10d,2025-12-08,msg_00015,Ub0341314a5534ea92b26fa8adc30543f,U3c72f1be5fda723fb19ccb9da4f373b1,text,delivered,2025-12-08 04:33:43,
d25917e7-b021-41ab-b74d-3a2eb4c4091a,2026-03-23,msg_00071,U3bae1603803a839c0cb52f511d9cb8f6,Ue7599f70251057a226e654447ca882a8,imagemap,delivered,2026-03-23 02:25:53,
37b2f644-6960-430e-9ea5-de82f4bb40e1,2026-01-27,msg_00058,U1fadb6bf4c876b4dd1e37960d23c5eb4,U84e4668fd5fb88c962bebcdc3968f073,text,delivered,2026-01-27 19:01:00,https://example-saas.jp/survey
98857363-eb20-4e75-affd-0216baf192b3,2026-01-07,msg_00110,Ub0341314a5534ea92b26fa8adc30543f,U14a9c9e379f8c887980368564d834bfe,video,delivered,2026-01-07 02:32:32,
b93f7a7e-1f24-4a9f-a852-85d47f5075e1,2025-12-07,msg_00003,U227d1cd1a801c367de206ec4bbca7330,0510d01551f496c091870f619125a7cb,image,opened,2025-12-07 15:45:19,
55a3f82e-1711-4239-8889-270d9f6e4f0b,2026-03-11,msg_00067,U7e808d11d6f9901a954a542a7ee09918,U7f6dac1c2c09db8781c580a043543b6d,video,opened,2026-03-11 21:06:45,
d323e50b-b862-448f-837f-c2f1b9553437,2026-03-13,msg_00075,U743849e63f8101ac616f8fd0ba84a167,U9515bd302fdf70a842497e94580c910e,imagemap,,2026-03-13 13:14:47,
86ad9ad6-c918-4067-9f1a-7ca3fc152e0a,2026-03-21,msg_00023,U743849e63f8101ac616f8fd0ba84a167,U350bc3a33a37efcc8d37293dcc253b64,imagemap,delivered,2026-03-21 19:51:09,
f4334da3-51e1-4dae-a908-fe81f63e960e,2026-03-11,msg_00104,Ub0341314a5534ea92b26fa8adc30543f,U88c37118d4388184c2ef81f857bd423d,image,delivered,2026-03-11 10:54:16,
f51d935d-3c08-46a0-a418-5e0bd34c5da6,2026-01-24,msg_00007,Ub0341314a5534ea92b26fa8adc30543f,U7d36f1a634cddba30b556aef7896f3b7,imagemap,opened,2026-01-24 03:44:31,
6dd33e91-77cd-4b8f-a0c9-0699745ce572,2026-03-16,msg_00002,U3bae1603803a839c0cb52f511d9cb8f6,U7ef0c899d428a0a242bf0ce2a64902de,text,opened,2026-03-16 20:07:32,
3eef206b-9306-4126-bd77-1c8d4a99507d,2025-12-23,msg_00109,Ue7310890b01058478be93761a56d0aa0,Uc6e6399876fbaa46cad9537f1bc2f216,text,opened,2025-12-23 20:35:53,
cdda09b4-770f-4585-a07c-8103906888d8,2025-12-18,msg_00114,Ub0341314a5534ea92b26fa8adc30543f,U8c0cad7add4de2a3d843173932db064f,flex,delivered,2025-12-18 06:31:41,
cc2e63eb-08ef-4f13-8277-907c6865f31f,2025-12-19,msg_00064,Ub0341314a5534ea92b26fa8adc30543f,U6d1eb5a9e1a32aa7bf1f860e9e6bab95,image,opened,2025-12-19 11:47:43,
e8a7c902-ab42-48a1-8ff1-a2822b9eff1d,2026-03-27,msg_00096,U476acbdef8e9a16d24575e4f6d7b0f31,U86db302bbd716e0b18d1703ed01871b4,imagemap,delivered,2026-03-27 03:31:22,
c4c5588e-2289-422b-928d-383acd50fa1d,2026-02-15,msg_00087,U3bae1603803a839c0cb52f511d9cb8f6,Ubf8a699dc04f664f9d6eb9c5813c51ef,imagemap,delivered,2026-02-15 01:38:55,
6ded590a-9a76-46c8-bd3b-0d96a4a727dd,2025-11-23,msg_00024,Ue8d9224ecde331ce692edfce0b5ecdc4,U9fd741356a8bf84c03b81d279fd8ff4a,text,delivered,2025-11-23 00:35:13,
e90d7cd7-deb7-49c6-aac2-3d6ee3804b43,2026-03-22,msg_00119,U3bae1603803a839c0cb52f511d9cb8f6,U34eca817f68fecb3fa2f1283c7961e21,imagemap,delivered,2026-03-22 23:35:24,
941ddc54-7c65-4923-ac3a-b23f384c0751,2026-03-11,msg_00067,U7e808d11d6f9901a954a542a7ee09918,U34b23d53bb0a31e1b66b6ad5427121ea,video,delivered,2026-03-11 13:42:34,
aac56a1e-2a97-45cf-bbce-ce9541ef29e0,2026-04-04,msg_00049,U476acbdef8e9a16d24575e4f6d7b0f31,U646549fb5868852e0306043aea494098,text,opened,2026-04-05 00:16:13,
9aec2355-6320-4e4d-a2fd-ea92c402de0e,2025-12-12,msg_00004,Ub0341314a5534ea92b26fa8adc30543f,Ufde732febca5482c35b0416ca8bbb440,video,opened,2025-12-12 13:00:29,
f5ccdd81-8340-4a6f-8d32-9d32d039acdc,2026-03-20,msg_00057,Ub0341314a5534ea92b26fa8adc30543f,U2074515e045589af7114c64f3280684c,video,opened,2026-03-20 10:19:20,
888f1968-1685-453c-8f58-ed9853f72499,2026-01-24,msg_00007,Ub0341314a5534ea92b26fa8adc30543f,Ua758b771afec6294ee815b2c7faf81ca,imagemap,delivered,2026-01-24 04:41:19,
dddce6c0-d61b-4a94-a711-37783466272a,2026-03-11,msg_00067,U7e808d11d6f9901a954a542a7ee09918,Ud8c3e6eaaa144f94bb51a4b394344ccc,video,delivered,2026-03-11 04:07:26,
7e6cbbdc-9b56-4b19-97e9-f0b443cdabf6,2026-03-04,msg_00056,U1ca413826b7044d134c9c3132420c9de,cc39452baaadbd1c7cd91d5dad1e7ac9,text,delivered,2026-03-04 00:13:32,
6aba20cd-225d-4e69-a1dc-31e6bdca75de,2026-02-28,msg_00117,U743849e63f8101ac616f8fd0ba84a167,U75265ccd196a79d4060df531d2e122b4,video,delivered,2026-02-28 10:19:55,
f31ba255-95e7-47b4-b69a-7ced977eb4bf,2026-02-20,msg_00048,Ue7310890b01058478be93761a56d0aa0,U6f321798568725c19bd4c06a798c7948,flex,delivered,2026-02-20 20:25:31,
d371987a-0243-4bf7-aa73-1c851dc685c0,2026-02-20,msg_00027,Ud7cd4c737b35e126236570d6cf0e97f4,Ub7262d8d49fe7d6538710835a7ce4373,video,deliverd,2026-02-20 18:24:46,https://example-saas.jp/survey
a227e271-789a-4bdf-a6bd-a70554b3b2ce,2026-03-12,msg_00084,U68d2301028fb66b51d9111f1af067e34,Uad3d6ca6e10a3aea8b6c270c6b235fb9,video,clicked,2026-03-12 16:32:12,https://example-saas.jp/survey
e7a8f93d-211e-43b0-9bf9-e8a812c06975,2026-02-20,msg_00036,U879eb903ad90cd9c2874f6df7651267a,U0c165dd3d7ab7c14e30e938e2b60eb64,video,opened,2026-02-20 12:17:11,
deb2e7fb-02cc-4315-aff0-b04c9d8451ee,2025-11-23,msg_00053,U743849e63f8101ac616f8fd0ba84a167,Uc39adf8882750106a65f0f3ff7e66ec9,video,delivered,2025-11-23 15:31:53,
1a389b95-fc49-49a0-adc2-52122439e29b,2026-02-20,msg_00048,Ue7310890b01058478be93761a56d0aa0,Ufb78afee0e8bd9ca44065436fb7b3cb8,flex,clicked,2026-02-20 07:45:53,https://example-saas.jp/coupon/500off
9db397d7-ad36-4874-ab78-af831e1c76a0,2026-01-18,msg_00102,U227d1cd1a801c367de206ec4bbca7330,U414573ff53e9c06a915ae61511d66358,video,delivered,2026-01-18 00:30:46,
3912efdf-deba-45ed-b09e-0003c19283f5,2025-12-15,msg_00030,U3bae1603803a839c0cb52f511d9cb8f6,U3bc353d32862a5c6c44e10b34d72711b,video,delivered,2025-12-15 21:57:25,
ff84568b-7b08-4327-85d1-4739375cbb42,2025-11-24,msg_00033,U3bae1603803a839c0cb52f511d9cb8f6,U58bf040f1542b684636067989417e226,text,opened,2025-11-24 09:11:12,
26c82f9d-7833-463b-8eda-ee25c5d25f10,2026-01-13,msg_00060,U3bae1603803a839c0cb52f511d9cb8f6,e0bf399f22b5b229b3309ef057816a31,image,delivered,2026-01-13 06:51:06,
bc4b9100-d23e-4d41-851a-66c588e7b362,2026-03-11,msg_00067,U7e808d11d6f9901a954a542a7ee09918,U9df71b2ad1950e63a46229fb76a62ee7,video,opened,2026-03-11 04:18:24,
e909f134-e4aa-4f96-8d46-90edd443243d,2026-03-20,msg_00106,U3bae1603803a839c0cb52f511d9cb8f6,U5dd9797296fa11b4cddcda696fb9cef0,video,delivered,2026-03-20 22:06:13,
1d05efd7-50a5-4b9c-999d-24932d6c086e,2026-02-15,msg_00087,U3bae1603803a839c0cb52f511d9cb8f6,Uacc3697eecc609f28fb4055cfc72813f,imagemap,delivered,2026-02-11 07:12:56,
1a58029c-96b8-4be0-b795-9f7c1f56eeb3,2026-04-04,msg_00100,U743849e63f8101ac616f8fd0ba84a167,U057973a9d55e6a7666928b8f327b1b27,image,delivered,2026-04-04 21:22:17,
40c614c7-e0e9-4e4a-a479-dbe83689e606,2025-12-03,msg_00012,U743849e63f8101ac616f8fd0ba84a167,a380c1a04e75bc857e41f9d23ca9ea76,imagemap,clicked,2025-12-03 07:01:56,https://example-saas.jp/survey
7d49e947-c599-46f7-9e03-47f088c9d221,2025-12-19,msg_00118,U4784fc8a8e1e4eb2435ad84e0ad052f2,U66ce53309b1b7468a2970397cda6dcab,image,opened,2025-12-19 08:24:49,
111b36c5-a10e-448f-80a5-9d72a5f7219b,2025-12-25,msg_00045,Ue7310890b01058478be93761a56d0aa0,U9aa1656fa117cf32ec6b07b297cad1b4,video,clicked,2025-12-25 04:53:16,https://example-saas.jp/survey
e8f21de3-a4ec-4456-b83c-bb534c952482,2025-12-02,msg_00088,U3bae1603803a839c0cb52f511d9cb8f6,U2e34243a620ebf2489d4062a49f895da,image,delivered,2025-12-02 12:57:50,
4665cc9b-79e9-444e-ac3d-d167ff8e8e5e,2025-12-09,msg_00059,U3bae1603803a839c0cb52f511d9cb8f6,Uc7d974b82928373e3770c0e7890ec7c1,imagemap,delivered,2025-12-09 17:05:10,
7f87d063-e209-4a43-bea4-6257c3df3809,2025-11-17,msg_00099,U3bae1603803a839c0cb52f511d9cb8f6,U1c85136700b4cc882e5dcbbb13d481c3,text,opened,2025-11-17 05:36:06,
606a2869-b325-4ceb-8b51-670a3b35b316,2026-01-09,msg_00052,U743849e63f8101ac616f8fd0ba84a167,U0f330dce5bf5e70a34cb74d46d66536b,video,delivered,2026-01-09 22:34:06,
93436f5b-0992-4133-b6c2-34c7529905ce,2025-12-25,msg_00045,Ue7310890b01058478be93761a56d0aa0,U7310a94e85d6a80faadf466a5c10e550,video,delivered,2025-12-25 22:16:26,
622e02aa-7b24-4744-82db-9abd94e39c65,2026-01-24,msg_00007,Ub0341314a5534ea92b26fa8adc30543f,Ub77816012f2e45cc1fe1aa5acaa3f623,imagemap,opened,2026-01-24 10:38:16,
e5ef8e38-9205-4581-917d-b73e9375fc3f,2026-02-24,msg_00039,U743849e63f8101ac616f8fd0ba84a167,U25c9c409c7600db010c25930b831db09,flex,opened,2026-02-24 05:01:04,
7ce1020b-63d1-4e68-8ca6-b6f6dbe9af27,2026-02-10,msg_00058,Ue9a1e8a5b83a6b296d43c957a8cfba4a,Ubc437ba7f73a57bf1e8598c9c6a1625b,video,delivered,2026-02-10 16:08:20,
58371916-0244-419b-a4e0-a6933ed4c312,2025-12-19,msg_00064,Ub0341314a5534ea92b26fa8adc30543f,U60b349d07139b1b0a5ee753941b27134,image,delivered,2025-12-19 07:02:29,
a155a322-9277-4ae2-881c-b508c233bf53,2026-04-10,msg_00101,U743849e63f8101ac616f8fd0ba84a167,U9790c9346ee1030fe62f54597c20e726,imagemap,delivered,2026-04-10 22:59:23,
8768647d-6972-4c37-bd3a-fbe2cd45b08d,2026-02-15,msg_00087,U3bae1603803a839c0cb52f511d9cb8f6,Ub3ebaedbe6f1aa5c733c054f2ee93ad6,imagemap,blocked,2026-02-16 17:45:52,
951a757f-5ab1-4b6d-841c-b5aba00db6e2,2026-03-06,msg_00068,Ub0341314a5534ea92b26fa8adc30543f,U0ce18d2a842c12f7d91141014dd8a58f,video,delivered,2026-03-06 04:14:25,
c95e245c-c4de-4ec3-ab32-c71188470242,2026-01-24,msg_00007,Ub0341314a5534ea92b26fa8adc30543f,U8e649dec9e9ec35afca65072ab338e50,imagemap,delivered,2026-01-24 09:33:54,
5fa442b2-32c3-4b40-b66d-edce6e5653f1,2025-12-23,msg_00061,Ub0341314a5534ea92b26fa8adc30543f,U4ef9a9b47d91ca13d693051c8e76bfbb,imagemap,delivered,2025-12-23 22:16:09,
3b2c877b-591a-4ec0-b95e-39a8f3668f13,2026-02-15,msg_00006,U743849e63f8101ac616f8fd0ba84a167,U9ee5e0b30b880bf14e2516f1e5c2a914,flex,opened,2026-02-15 08:07:10,
0cb866d7-339c-4a84-b2c3-fd4fac7ab3b2,2026-01-26,msg_00086,U4784fc8a8e1e4eb2435ad84e0ad052f2,290f09ab1b6abbb690301f7d921cb3cd,text,delivered,2026-01-26 08:28:37,
1aa055ca-f9e0-4af5-b538-b6043104ec54,2026-02-16,msg_00021,U743849e63f8101ac616f8fd0ba84a167,Ub5cc09aa759f333cbfef48dd3ed106db,flex,delivered,2026-02-16 01:10:14,
22f7c477-29a3-4de1-a43f-330505f4175a,2026-01-17,msg_00037,U7e808d11d6f9901a954a542a7ee09918,U986aeadafb42f61a106d53f8e3416fab,text,delivered,2026-01-17 06:18:47,
161a247a-e8a7-4f50-bb84-eb3f2971de01,2026-02-15,msg_00087,U3bae1603803a839c0cb52f511d9cb8f6,U3ea8e6698bda7525c1f7e6cba14c186a,imagemap,delivered,2026-02-15 21:13:27,
357109d2-4353-405e-a4b2-5217b9209d0a,2026-01-29,msg_00031,U3bae1603803a839c0cb52f511d9cb8f6,U645f0f0d70c6bcc76564f9dd7c6a01c7,video,delivered,2026-01-29 09:01:14,
a1f87f75-a93a-431c-8098-866244fb80bb,2025-11-16,msg_00020,U3bae1603803a839c0cb52f511d9cb8f6,U485b07b8d83ae0f82ab766d86828d5c4,text,delivered,2025-11-16 17:14:22,
0a597e56-bf69-42c8-b5b5-082f4a8f3b5f,2026-03-22,msg_00119,U3bae1603803a839c0cb52f511d9cb8f6,U1259db3ec250ae97885707b7edd7fa4a,imagemap,clicked,2026-03-22 15:17:13,https://example-saas.jp/campaign/spring
f340c94d-08b2-4b73-9633-8d3fa05c5425,2026-01-20,msg_00026,Ud4a92c8c8050eed40ef171cc2784d638,U3fd2ef1fb3a76d7e2927bc04a8f351fe,imagemap,delivered,2026-01-20 20:58:36,
5f77893b-7fbb-49ac-a56b-8c5c0519857f,2025-11-23,msg_00053,U743849e63f8101ac616f8fd0ba84a167,U9bbe17bf3feb9306ff501035c3e4e5fc,video,delivered,2025-11-23 07:46:56,
9d5d81c9-5b00-440d-af5d-7a604cc2bc9c,2025-12-31,msg_00082,U227d1cd1a801c367de206ec4bbca7330,U78098cf981a5906077d2d190f60022d3,imagemap,delivered,2025-12-31 17:44:35,
5efbc8ed-9122-40e6-84df-7eda3f532371,2026-04-06,msg_00074,U3bae1603803a839c0cb52f511d9cb8f6,Ufa67d5ef7df306a8b6ed9b09087fb8fa,text,delivered,2026-04-06 01:34:57,
193b77b8-778d-4c33-b9c6-e5c86fc9c335,2026-02-16,msg_00021,U743849e63f8101ac616f8fd0ba84a167,a27ed79ae5822d22d1647fb6b136e262,flex,delivered,2026-02-16 00:26:05,
bd862c20-ee8d-4463-97c5-e66399a1785e,2025-12-23,msg_00109,Ue7310890b01058478be93761a56d0aa0,U28d133a8edbd7db50b1a3c287a343cab,text,opened,2025-12-23 07:25:14,
804b340a-6062-45ab-9107-a8b75e7eba2b,2026-01-14,msg_00081,Ue7310890b01058478be93761a56d0aa0,Ucfe8a9aad05612b0d18b6a65bdbf8b22,video,opened,2026-01-14 18:39:03,
f223d985-975d-4afc-aa01-2a14bbe16eab,2026-01-24,msg_00113,Ub0341314a5534ea92b26fa8adc30543f,Ua8e2a2eb8919a62c4e76071bf16f0734,text,delivered,2026-01-24 01:40:50,
ae32aaaf-b6d8-49e9-b071-fe484aed44d7,2026-03-14,msg_00009,U743849e63f8101ac616f8fd0ba84a167,56e2a7ecf026eabcec35251527b3f094,imagemap,delivered,2026-03-14 15:21:20,
0d90c605-98de-426b-91d1-47597cc5faa5,2026-02-16,msg_00021,U743849e63f8101ac616f8fd0ba84a167,U5e43c94dd40504897900598826d2f5d9,flex,opened,2026-02-16 16:25:31,
7c8a4af1-c89c-4b53-902d-025f2e036922,2026-03-04,msg_00056,U1ca413826b7044d134c9c3132420c9de,U6b7fdd75c7206b563d1f71dc98ce696b,text,opened,2026-03-04 09:32:56,
359cb54f-ad4b-454c-9bdb-da19500ed192,2026-03-20,msg_00092,U743849e63f8101ac616f8fd0ba84a167,Uc059b82c4b73ab87aa0a212f428f52ea,video,opened,2026-03-20 05:54:34,
a48b096b-96fd-406d-b7ea-b7e17964a6a9,2026-02-16,msg_00021,U743849e63f8101ac616f8fd0ba84a167,U005d5475afff836799526fd01e2cc31e,flex,delivered,2026-02-16 05:28:56,
0e712054-3697-46be-b501-5cbc9bbc18a1,2026-03-05,msg_00014,U3bae1603803a839c0cb52f511d9cb8f6,U932a05c1bbf2445a31662f64fdedf7d4,flex,delivered,2026-03-05 20:02:20,
a718dd8d-5cab-428a-9678-324bd9a7d42e,2025-11-23,msg_00053,U743849e63f8101ac616f8fd0ba84a167,U32bd28ed47007f30cebb238c71f0ed22,video,delivered,2025-11-23 05:49:51,
63aaa5e1-5883-474b-a293-fd8b2a06c940,2026-01-26,msg_00103,U3bae1603803a839c0cb52f511d9cb8f6,U97e78668a6f1181484494bdb9e3d28e6,flex,delivered,2026-01-24 17:52:00,
2b8ebbe5-700d-4080-a01f-044d06c27077,2026-01-31,msg_00035,U7e808d11d6f9901a954a542a7ee09918,a9e659f293d77a80bb49b7a677b895db,text,delivered,2026-01-31 18:33:00,
812c6d99-d079-437e-b1ed-015c3249d76f,2025-12-14,msg_00085,U743849e63f8101ac616f8fd0ba84a167,U34abd9b244d9d554702a453abada30bc,image,delivered,2025-12-14 22:18:05,
24b2b334-4386-4175-b5cd-64a7b65cd435,2025-11-24,msg_00033,U3bae1603803a839c0cb52f511d9cb8f6,U8d49eb3f3e7fd5860d48a4f3d39dad23,text,opened,2025-11-24 14:38:27,
2f39fa90-a358-42a2-a63c-20645b13a62e,2025-12-22,msg_00013,Ub0341314a5534ea92b26fa8adc30543f,Ua25b15ea6647664a829c129dec4a5b01,image,delivered,2025-12-22 03:40:40,
45cb44a2-dbfa-48e3-8c1e-b0445a915302,2026-02-15,msg_00087,U3bae1603803a839c0cb52f511d9cb8f6,Udf7919e5d8c8f20dfd6c91f8fa979562,imagemap,delivered,2026-02-15 18:57:13,
10e7f34e-ff85-4862-abc9-6f58ad14bcca,2026-03-04,msg_00056,U1ca413826b7044d134c9c3132420c9de,U13c2a3e3e830503604299c76fac169ba,text,clicked,2026-03-04 16:49:40,https://example-saas.jp/campaign/spring
ae2a715b-b0e0-4ed9-abdc-b7f75b3c5626,2025-12-18,msg_00114,Ub0341314a5534ea92b26fa8adc30543f,Ua68c8b831be5582b2f9877680f6f70ad,flex,delivered,2025-12-18 21:24:36,
0b0b0ddb-d8d5-4899-b737-18b81ae58457,2025-12-25,msg_00077,U743849e63f8101ac616f8fd0ba84a167,86fe79b003929fc8b52f7da2c089e9f4,text,delivered,2025-12-25 01:05:02,
d198cc0e-386d-46b1-b5ca-1d08609f3ffe,2026-04-08,msg_00041,Ue7310890b01058478be93761a56d0aa0,U3ee204505459129dde9328eeb2948e85,text,delivered,2026-04-08 05:55:00,
48f2d8b9-7652-47c7-933c-c132dbcbf745,2025-12-25,msg_00045,Ue7310890b01058478be93761a56d0aa0,U0a0dd01d7a64e96a9b7596dc72ffb1cc,video,failed,2025-12-25 14:18:45,
63913674-3e7d-4fda-b807-84d5eb3a8acf,2026-03-06,msg_00055,U3bae1603803a839c0cb52f511d9cb8f6,U76a7d128782d08f9200eb56ab001bc40,flex,delivered,2026-03-06 11:12:29,
02c472ae-9830-4f07-bc91-da1b04aabdce,2026-01-01,msg_00027,U4784fc8a8e1e4eb2435ad84e0ad052f2,Uf3d960b9fb89cc9b681a541eea69e88b,image,delivered,2026-01-01 17:05:07,
73160a87-ae00-4012-b557-de651f8910be,2026-02-15,msg_00006,U743849e63f8101ac616f8fd0ba84a167,Uc47b753cfa7350a5b927bb27d69b4063,flex,delivered,2026-02-15 12:05:28,
75823b35-48ad-46b1-837b-80e2d246166e,2026-03-23,msg_00073,Ud4a92c8c8050eed40ef171cc2784d638,U8bda5ab0f0482ba24a39f15d8dd4fec7,imagemap,delivered,2026-03-23 16:04:53,
1f4dc7c9-77e2-4a47-abec-9366f52f725b,2025-12-19,msg_00064,Ub0341314a5534ea92b26fa8adc30543f,Ua2c21a4569b82bbc19380396f01cb792,image,delivered,2025-12-19 03:06:41,
a7594452-883e-451e-8216-96b673b38c31,2025-12-24,msg_00091,U3bae1603803a839c0cb52f511d9cb8f6,U4531a7c46ab6e519c58b7e02385f83f3,imagemap,opened,2025-12-24 07:56:29,
79d7ef43-7140-419b-bc89-f95a0c9f808a,2025-12-09,msg_00069,Uc20f9c7e9b662bedec3cb78e127885c7,Ub613954425c4ca2354c3bab176e6022c,imagemap,delivered,2025-12-09 01:31:40,
43eb9f22-5199-4f76-ba4b-a85a37f1e180,2026-02-20,msg_00017,U22a93bc29b1df104af6b1ba1cd91fc56,U205b730132c442897adb4dc10c4c3701,video,opened,2026-02-20 18:26:41,
c3333a8f-2f7a-4baf-885b-4d706919d176,2025-12-19,msg_00064,Ub0341314a5534ea92b26fa8adc30543f,U404f882f98b726981e0555cfb45c3802,image,delivered,2025-12-19 20:56:34,
ac523c48-46e7-451b-ae6a-4fd26cad2829,2025-12-23,msg_00109,Ue7310890b01058478be93761a56d0aa0,Uf055ac9dc6e082cd4cf3c9a2183ca5b0,text,delivered,2025-12-23 18:19:58,
14feb9ca-6ee9-45d4-9f14-c4aa8915f675,2026-04-04,msg_00049,U476acbdef8e9a16d24575e4f6d7b0f31,Ud2a4f02ee0d118b5103132a3773dc1dc,text,delivered,2026-04-04 03:11:08,
bfa1037e-163e-4d9a-9672-b85e83be14ec,2026-01-26,msg_00086,U4784fc8a8e1e4eb2435ad84e0ad052f2,U1e8c915d3c148b358ce969fb28c45806,text,blocked,2026-01-27 11:17:30,
a34dece1-4e62-49dc-b537-17d59c9fea82,2026-02-14,msg_00042,U3bae1603803a839c0cb52f511d9cb8f6,U41f6e55aadc39227448a980b7a95938a,video,opened,2026-02-14 12:52:11,
97903214-65ce-4210-bbc7-d44735625952,2026-04-12,msg_00120,U227d1cd1a801c367de206ec4bbca7330,U9ad420b8e167bae97da786ebb0eaf862,text,delivered,2026-04-12 14:16:17,
717ac718-f7a8-46a3-aaad-e4b3bff7bbfa,2026-03-06,msg_00055,U3bae1603803a839c0cb52f511d9cb8f6,Uc9054d9638b3dbc525659dccf4fa6725,flex,delivered,2026-03-06 11:01:27,
8fdf9aa3-2a12-41b8-a3ca-9b2c00e98640,2026-02-14,msg_00098,U743849e63f8101ac616f8fd0ba84a167,U11be920262d4b9c67c2f312f1bfd8f7f,imagemap,delivered,2026-02-14 18:23:09,
b46b46f2-9096-4c9b-94e6-38262e46e4d1,2026-03-21,msg_00023,U743849e63f8101ac616f8fd0ba84a167,U13e1e32e328df6ed8288179580205b94,imagemap,delivered,2026-03-21 13:11:53,
510da20d-7968-482a-9985-985604905c0b,2026-01-31,msg_00035,U7e808d11d6f9901a954a542a7ee09918,U3047d9bd95c45b9a398efca83271d8cb,text,opened,2026-01-31 22:26:01,
b3be9a6c-2704-4e5d-bf52-2f4b047be9a8,2026-01-24,msg_00007,Ub0341314a5534ea92b26fa8adc30543f,U8edb3bc31b18fb7ccfedbf70a016af04,imagemap,delivered,2026-01-24 19:01:28,
bce26a6e-3b21-4af1-9953-afa59636e9c2,2025-12-07,msg_00003,U227d1cd1a801c367de206ec4bbca7330,U556e774c1ea39c9609e1958426cb6548,image,delivered,2025-12-07 07:16:46,
b625b26a-0d35-4b42-8058-44d47e0af04a,2026-02-20,msg_00048,Ue7310890b01058478be93761a56d0aa0,Ufb78afee0e8bd9ca44065436fb7b3cb8,flex,opened,2026-02-20 07:12:19,
6567f67d-63b3-4c78-b854-a621ad7519c6,2025-12-25,msg_00045,Ue7310890b01058478be93761a56d0aa0,Uee02d3c8d2f0fc65d1b857e167283ecd,video,delivered,2025-12-25 10:08:02,
a484ada5-d58b-450d-887c-b61217ffe2da,2025-11-16,msg_00020,U3bae1603803a839c0cb52f511d9cb8f6,Ueb9e3bcd07742308717dd149275f86de,text,clicked,2025-11-16 21:32:09,https://example-saas.jp/survey
2df86b44-248a-4c93-b827-9f7bbcd5cf10,2025-12-23,msg_00109,Ue7310890b01058478be93761a56d0aa0,Ue6da65eaf3f312db40275cf5eebc7534,text,delivered,2025-12-23 23:21:03,
37be63e5-9dfe-409a-996b-d350df85bbe4,2026-03-31,msg_00046,U4784fc8a8e1e4eb2435ad84e0ad052f2,U874d2cc325ef66d77dbacd7f2465040f,flex,opened,2026-04-01 01:05:54,
c12537e9-864d-4970-830e-eb8a9abb1128,2026-02-20,msg_00048,Ue7310890b01058478be93761a56d0aa0,U22c4a0befaacd552d632ac7941725171,flex,delivered,2026-02-20 04:26:56,
0d9de38e-240e-4a98-9c3b-e5037fc9a354,2026-01-24,msg_00007,Ub0341314a5534ea92b26fa8adc30543f,U3bf948fb05091d9fcc023af7001a5e98,imagemap,blocked,2026-01-24 19:32:45,
ad958fff-26df-4ef6-93d3-70110858d7ca,2026-02-14,msg_00042,U3bae1603803a839c0cb52f511d9cb8f6,b6da94449f07e02a7f9c0ce00076aab8,video,delivered,2026-02-14 09:46:41,
4028a6e6-eeb2-4df4-9835-2e7d3faf3b04,2026-03-16,msg_00002,U3bae1603803a839c0cb52f511d9cb8f6,U3dd4957110da21a8970ba2302f124022,text,opened,2026-03-16 06:04:59,
6820c40e-0541-4862-b71b-260bf639f63c,2026-02-20,msg_00095,Ub0341314a5534ea92b26fa8adc30543f,Uaf56d2c49ac27ff2078b08b3efaec21d,text,delivered,2026-02-17 08:43:26,
5b58cfb8-e586-4d4a-a9d9-256e99a25e87,2026-02-15,msg_00087,U3bae1603803a839c0cb52f511d9cb8f6,e68af1f1812650d126ac6ba38b7f55aa,imagemap,opened,2026-02-15 09:13:19,
cdf03d04-bba3-422c-afe4-b4c4aa190fe8,2026-03-06,msg_00068,Ub0341314a5534ea92b26fa8adc30543f,U27ec737567cf47c779bec877507c320a,video,delivered,2026-03-06 14:41:58,
918e840e-b229-454a-b0ce-7f599cebfa6a,2026-03-05,msg_00014,U3bae1603803a839c0cb52f511d9cb8f6,Uead7cd02e6b1a650b30792dc10799d4f,flex,delivered,2026-03-05 00:20:10,
eb4acf11-958b-46da-a401-897d1fb273cb,2025-11-24,msg_00033,U3bae1603803a839c0cb52f511d9cb8f6,U2c885de8807aeeb8d1334e0c114b958e,text,delivered,2025-11-24 00:56:53,
1d0a5e0c-d706-413b-b3ea-9d5cd93855ec,2025-12-18,msg_00070,Ue9a1e8a5b83a6b296d43c957a8cfba4a,U9877a2dba16e8cc93b8ef91a3ac7d0da,imagemap,delivered,2025-12-18 04:22:19,
90944deb-5da8-435b-ada0-98303b50fa63,2026-03-26,msg_00040,U3bae1603803a839c0cb52f511d9cb8f6,U6284ad3925b6a7df8b634100cade0ca0,imagemap,delivered,2026-03-26 20:23:22,
4b142c79-ca5a-4151-8a35-9e4796eb5ab5,2026-02-14,msg_00065,U743849e63f8101ac616f8fd0ba84a167,U09b57b3f1f94bbac6dcda8dfa75a9fa3,image,clicked,2026-02-14 13:45:43,https://example-saas.jp/survey
1df87ce9-0472-4796-a0f1-816cc6858a80,2025-11-24,msg_00033,U3bae1603803a839c0cb52f511d9cb8f6,U86a7a2e8e76e2cfbf05be8281ef92b25,text,opened,2025-11-21 15:38:10,
b7c2e8ba-64d5-49ca-8dde-4aece948a122,2025-12-25,msg_00077,U743849e63f8101ac616f8fd0ba84a167,U75963c14fbcd613d7a1fd1be51cf8066,text,clicked,2025-12-25 11:00:55,https://example-saas.jp/coupon/500off
1fbd5e46-7dd1-438f-a2b3-ac56afc4ebd3,2025-11-23,msg_00053,U743849e63f8101ac616f8fd0ba84a167,U82c2bb3872e8ce0f54ff0e3b692f5f80,video,delivered,2025-11-23 17:28:33,
a06d684a-eca1-4c57-9382-d77999d155d5,2025-11-26,msg_00028,U3bae1603803a839c0cb52f511d9cb8f6,Udb57440ab5ee72effa19714e8e7e78b6,image,delivered,2025-11-26 21:19:57,
57ea79d5-980d-4abc-931f-eea7946dd2b0,2026-04-08,msg_00041,Ue7310890b01058478be93761a56d0aa0,Ua595b1cce2d7d18c5a1af9add2665c88,text,delivered,2026-04-08 19:27:00,
a9d84f35-703e-4b00-983a-eba94dc0d120,2026-03-06,msg_00055,U3bae1603803a839c0cb52f511d9cb8f6,U58891b199ac1b78cfbc111241aecf480,flex,delivered,2026-03-06 02:04:34,
be4d6cca-444b-4e2a-a701-f56481274f3d,2026-01-14,msg_00081,Ue7310890b01058478be93761a56d0aa0,Ubc85d5207093ff10d358df3dd0a79757,video,delivered,2026-01-14 13:40:17,
35b7b84c-aecc-4141-b92b-6031e8a7a141,2026-02-20,msg_00048,Ue7310890b01058478be93761a56d0aa0,U1a58799de18696038f81e544d7782685,flex,opened,2026-02-20 15:37:06,
281ef4a5-0e18-4c94-b783-3b9d709aa0c5,2025-11-25,msg_00043,U3e5dd3a641c58ad50e49f095c6f1e306,Ub6ae876530fdd9f9f3cc85297eb62881,flex,clicked,2025-11-25 23:02:18,https://example-saas.jp/lp/newmenu
fcbd264d-89eb-421b-8e37-e05c7c3bc507,2026-01-18,msg_00102,U227d1cd1a801c367de206ec4bbca7330,U9db1857ff4e78e53dcce292302c34a6b,video,delivered,2026-01-18 04:54:42,
49fc30e5-c9c5-4f91-a973-ffd05fc8ac76,2026-03-21,msg_00023,U743849e63f8101ac616f8fd0ba84a167,bd71d29031adc24961965fc9641852fc,imagemap,delivered,2026-03-21 14:58:16,
e3835679-c36d-4a97-82ff-d552cfa60501,2026-01-31,msg_00035,U7e808d11d6f9901a954a542a7ee09918,U93c2659b208d661f39ccf6a2a414b58d,text,delivered,2026-01-31 21:50:34,
870789f8-c910-4e6b-a225-e1c1d68ea300,2026-03-21,msg_00023,U743849e63f8101ac616f8fd0ba84a167,U2bcfad63fd23aef86edf58aacdd6e9d2,imagemap,delivered,2026-03-21 18:49:34,
b8d30105-a36f-491f-8325-d3ddfe4d06f6,2025-11-23,msg_00024,Ue8d9224ecde331ce692edfce0b5ecdc4,U5f089fc67a64c55ab6a6f438786d544b,text,delivered,2025-11-23 00:23:06,
8acfe642-515b-4f89-84d2-af8e99ee9d51,2025-12-21,msg_00022,U3bae1603803a839c0cb52f511d9cb8f6,Ua125f1dd2d798ec2218be5fed29c79a9,video,clicked,2025-12-21 13:22:34,https://example-saas.jp/lp/newmenu
58c7f9a2-bed5-4f32-b81d-8bb76412b7e7,2026-02-07,msg_00090,U4784fc8a8e1e4eb2435ad84e0ad052f2,U8d574c06874476a1358335c0ca3ce9d6,imagemap,delivered,2026-02-07 06:41:14,
e2125780-f7f6-4cab-a16d-2b418dbc8321,2025-11-30,msg_00025,Ub0341314a5534ea92b26fa8adc30543f,U463b901f7436770744dd50e69498359f,imagemap,delivered,2025-11-30 05:29:01,
5cef6027-24a3-44f8-9f57-9c3656ff806d,2026-03-29,msg_00097,Ub0341314a5534ea92b26fa8adc30543f,U102116b851432546e30b913a4ca80ab9,text,delivered,2026-03-29 20:44:15,
21e17ecc-0219-4f68-bf56-8b71288a733f,2026-03-20,msg_00106,U3bae1603803a839c0cb52f511d9cb8f6,U1fbb8067a4efb7909e18207a1a458de8,video,delivered,2026-03-20 13:54:03,
a230561f-5993-421b-bf37-d0ce214120db,2025-12-22,msg_00013,Ub0341314a5534ea92b26fa8adc30543f,Uea35ecfad96f2a2e422f737a60e60a54,image,delivered,2025-12-22 07:32:08,
f4db1f30-6ec5-45aa-b1b2-423997c47eff,2025-11-21,msg_00010,Ue7310890b01058478be93761a56d0aa0,U6da5ad95f57e520ad08b933f22edbc32,imagemap,delivered,2025-11-21 06:25:52,
f8c449e4-9000-4e8f-a0f3-0b38cd98081b,2026-03-21,msg_00023,U743849e63f8101ac616f8fd0ba84a167,Ub735b4050d8815d8acb360e429c7f230,imagemap,delivered,2026-03-21 09:02:58,
1a476289-89d9-456c-a09c-2b4ed899616e,2025-11-22,msg_00047,Ue7310890b01058478be93761a56d0aa0,Ub481a836539a29c79cc1d0aa058f6b6d,video,opened,2025-11-22 22:40:34,
cc96764b-06de-4619-bb51-6d074368cf98,2026-02-15,msg_00087,U3bae1603803a839c0cb52f511d9cb8f6,32a65bd613b411ad4d49ad2ede1f9938,imagemap,delivered,2026-02-15 20:45:39,
59c1db04-d6cf-4bfa-b7f3-7e672735dad6,2026-01-14,msg_00081,Ue7310890b01058478be93761a56d0aa0,U4488e399b9cdd6278d1bfa36842a4f08,video,clicked,2026-01-14 07:38:18,https://example-saas.jp/lp/newmenu
e87df556-2988-4eaa-bdc8-85a129cb17a9,2025-12-19,msg_00064,Ub0341314a5534ea92b26fa8adc30543f,Ud90ebec6630e86e047be7a3fae1cfa94,image,delivered,2025-12-19 13:26:37,
b2aee2cc-e324-43a4-a58b-e1c2ea0cca05,2026-01-30,msg_00050,U3e5dd3a641c58ad50e49f095c6f1e306,U83cbaa0acef4e4932a9aed4f5db43e66,image,opened,2026-01-30 10:24:25,
6e86bd32-d7c1-43f2-904a-8eeae9cb397e,2025-12-07,msg_00003,U227d1cd1a801c367de206ec4bbca7330,c555ba1adb1ffe11905f1587db9e306a,image,delivered,2025-12-07 07:55:10,
04da22ae-c42c-40ef-9ec0-bfa106e8aa9e,2026-01-24,msg_00113,Ub0341314a5534ea92b26fa8adc30543f,U3bf3402d9e582da38df8954940bfc085,text,delivered,2026-01-24 21:58:21,
236369f1-00ab-428d-a6e6-c8602dd98a16,2026-02-20,msg_00095,Ub0341314a5534ea92b26fa8adc30543f,U38629254b14b7389b0643807b16a8785,text,delivered,2026-02-20 19:34:25,
50cb94e5-2693-4a55-9d56-ffa2f93c3908,2026-01-26,msg_00086,U4784fc8a8e1e4eb2435ad84e0ad052f2,U16ac0ea483003e3a2f9a285c822d198a,text,opened,2026-01-26 23:26:23,
af9f468f-113e-4126-98cc-dc8fca3ec464,2026-03-18,msg_00080,U22a93bc29b1df104af6b1ba1cd91fc56,65cf7c66df90ae2e4073d1a00af5c4fd,flex,delivered,2026-03-18 19:53:08,
ca615912-8e8f-4ec2-82fc-83778a2db7bb,2025-12-03,msg_00012,U743849e63f8101ac616f8fd0ba84a167,U3d4a3d9e1f14fc8164ed27d781c135d0,imagemap,delivered,2025-12-03 11:49:34,
4e03b6a3-b2a1-48f3-93e8-5c9deba3f940,2026-02-24,msg_00039,U743849e63f8101ac616f8fd0ba84a167,74fb3da5bae5d4ef1792300ac54f219f,flex,delivered,2026-02-24 13:38:11,
41cb80c4-4c4d-4a1e-8c82-00bdea7588e1,2026-01-20,msg_00108,Ub0341314a5534ea92b26fa8adc30543f,U94f4fe7976f169228759cb66706453c2,flex,opened,2026-01-20 02:05:43,
0a2f0276-5df7-421f-aedd-dd33d05de999,2025-11-26,msg_00028,U3bae1603803a839c0cb52f511d9cb8f6,Ubb859849d744c1cb6d016ddb98dab11f,image,delivered,2025-11-26 04:32:51,
8426ff29-811c-4c67-9938-affc82693282,2026-01-29,msg_00031,U3bae1603803a839c0cb52f511d9cb8f6,U93cd4f8224ad82dfe61bdbc4e3cd60fc,video,opened,2026-01-29 20:29:58,
ba903f25-43a0-4e4c-be1c-cd0e2674688f,2026-03-23,msg_00071,U3bae1603803a839c0cb52f511d9cb8f6,Ub45b00f07c252200b60866ed34ee2e3d,imagemap,delivered,2026-03-23 22:50:11,
96040791-c861-4b18-a737-03f504bedb3a,2026-03-25,msg_00079,U743849e63f8101ac616f8fd0ba84a167,U20a1e28910d8f6ba33c037f551900ee6,text,delivered,2026-03-25 11:27:55,
c54d0903-fd9b-4969-a25a-3000826cb56d,2026-04-04,msg_00100,U743849e63f8101ac616f8fd0ba84a167,U01e5b69e4ba8cd12f2c7c2f1c23cc208,image,delivered,2026-04-04 06:58:00,
5eca6fba-e72e-4dfb-9927-7e95a4ecfa41,2025-11-26,msg_00028,U3bae1603803a839c0cb52f511d9cb8f6,U0cc0fb23f3044a90b856d8d8130c39b2,image,delivered,2025-11-26 23:54:08,
19e4d058-5fd0-4129-bdf7-9852e3e633bd,2026-04-12,msg_00120,U227d1cd1a801c367de206ec4bbca7330,Uabce99a28f54f8091cc0b5c539db0f00,text,opened,2026-04-12 20:40:06,
d6ca0905-f47d-45a5-ad4e-149bd128ebdb,2026-03-16,msg_00002,U3bae1603803a839c0cb52f511d9cb8f6,U0437af55b15dd5c01f0bb93fe589c1e0,text,opened,2026-03-16 08:46:30,
55b657e9-4dd7-4a8f-8f5e-94aa39e74df3,2025-12-15,msg_00030,U3bae1603803a839c0cb52f511d9cb8f6,U41fb406b51b1eeaf502cc10a55343b9f,video,opened,2025-12-15 03:20:12,
8dad07c5-673b-4568-b80c-ac92a48688da,2026-01-09,msg_00052,U743849e63f8101ac616f8fd0ba84a167,U338bb6d96b20381038f06228a2411993,video,delivered,2026-01-09 14:35:28,
773e6730-e860-4a00-83f6-39e2dd3927c2,2025-11-16,msg_00020,U3bae1603803a839c0cb52f511d9cb8f6,3be454d9d96f8ae2af71e32d25721899,text,delivered,2025-11-16 08:06:27,
afae10de-5aa6-4ed9-a077-343ed75de582,2026-01-30,msg_00050,U3e5dd3a641c58ad50e49f095c6f1e306,U59f405cc99e8b0f1fe298d17a8051af0,image,delivered,2026-01-30 08:09:58,
7da14f3b-3fba-4d88-aca1-e4cd0499c14e,2025-11-27,msg_00018,U3e5dd3a641c58ad50e49f095c6f1e306,Ue9433ba87191ac6b5f008db5dc3a672e,imagemap,delivered,2025-11-27 14:03:30,
3dbe6bac-56b0-4d03-84b6-9365b8b43ad9,2026-01-26,msg_00063,Ub0341314a5534ea92b26fa8adc30543f,U563ad1b55873c649d4252868cd92a648,imagemap,failed,2026-01-26 01:30:37,
ce96ffa4-6a14-4487-af6f-cb71949628f2,2026-02-14,msg_00042,U3bae1603803a839c0cb52f511d9cb8f6,U396e8c2139dbd5e1a6fa90e26321a19c,video,opened,2026-02-14 03:28:45,
10c82152-f157-4f8c-9a95-b9ce0868a946,2026-01-24,msg_00113,Ub0341314a5534ea92b26fa8adc30543f,Uede7a9ead05e889173bb923ceb950234,text,delivered,2026-01-24 22:48:38,
9322f2cd-22b0-421e-80db-d40cc96a869a,2026-02-15,msg_00087,U3bae1603803a839c0cb52f511d9cb8f6,Ubb5eecf446cc71105a959fd9ae98eb4e,imagemap,delivered,2026-02-15 00:10:14,
41188caa-e46c-46b2-b332-15fe8694cad7,2025-12-02,msg_00088,U3bae1603803a839c0cb52f511d9cb8f6,U566c167736f71c69ff5d01efbe72a4a4,image,clicked,2025-12-02 18:06:19,https://example-saas.jp/campaign/spring
41f8f022-3ba4-469d-a8b7-b63da08210fc,2026-03-04,msg_00056,U1ca413826b7044d134c9c3132420c9de,U4f822213c738b75d8c2d95c3ce4fe3c6,text,opened,2026-03-04 13:02:44,
9048806d-c82d-4528-9d42-0fce00c889be,2026-01-24,msg_00113,Ub0341314a5534ea92b26fa8adc30543f,U2366a12cc03d4912d632b10278b4a24a,text,delivered,2026-01-24 08:44:41,
6c245986-7516-4017-84b7-9fe03d64418d,2026-03-20,msg_00057,Ub0341314a5534ea92b26fa8adc30543f,Ubfbb0d923c2eefdd34474057faf0b9ba,video,opened,2026-03-20 16:58:05,
fb8c301e-e996-4d84-9ab9-4bb80d98b1c3,2026-02-09,msg_00083,U3bae1603803a839c0cb52f511d9cb8f6,U39482d291fea1b7905817b8eaffea366,flex,delivered,2026-02-09 11:25:56,
a847af42-d7fc-462a-a495-bd4394d2cfe2,2026-03-20,msg_00092,U743849e63f8101ac616f8fd0ba84a167,d75d1b684e0335acb19351b3cb6ec384,video,opened,2026-03-20 07:59:44,
7093d80d-80ff-4f2f-9768-d61a0affbfd1,2026-01-26,msg_00063,Ub0341314a5534ea92b26fa8adc30543f,U7b4792eff54af3a80586fd9f567ba79a,imagemap,delivered,2026-01-26 16:36:07,
d329773b-2ae6-4a84-98d2-789931c0e1a9,2026-03-29,msg_00097,Ub0341314a5534ea92b26fa8adc30543f,U10040a3bdc11d151672807368a9e665d,text,delivered,2026-03-29 07:40:06,
db90f468-ca88-4868-ba1e-c2d3044d9d59,2025-12-12,msg_00004,Ub0341314a5534ea92b26fa8adc30543f,U3290645577a2c9bc38df0b26b80e9fa8,video,delivered,2025-12-12 00:51:30,
45e325ae-9f10-4c8b-ac37-0ce8c1196bde,2025-11-23,msg_00024,Ue8d9224ecde331ce692edfce0b5ecdc4,U7ea22f4ed775084b0595c238f7406bbe,text,opened,2025-11-23 06:07:10,
b92f9685-2cae-4142-a9d4-01f872a924bb,2026-02-15,msg_00089,U3bae1603803a839c0cb52f511d9cb8f6,U9588ad1a45f1dab7b4bad6d6e7db1d16,text,opened,2026-02-15 03:17:49,
c12a2a9d-2bbf-4679-89b6-a526b9665066,2026-01-01,msg_00027,U4784fc8a8e1e4eb2435ad84e0ad052f2,b6525442d4febab47664fb671dd6b245,image,opened,2026-01-01 00:30:11,
0a07b3f7-6557-449a-b2e4-daa107ef7876,2026-01-18,msg_00102,U227d1cd1a801c367de206ec4bbca7330,Ub55d1092af1380f33bf82c8bf8b7b66a,video,clicked,2026-01-18 15:10:07,https://example-saas.jp/campaign/spring
6df7006f-15fe-4f2a-b8df-1dbd18fdcbff,2026-01-13,msg_00060,U3bae1603803a839c0cb52f511d9cb8f6,U306c6a061316b064ad5b3e3bf16f03d7,image,delivered,2026-01-13 03:46:51,
ce578cb9-f1d2-40df-886c-d4741fea8e9e,2025-12-22,msg_00013,Ub0341314a5534ea92b26fa8adc30543f,Ua297ffd8727f1b1f3b865faa184ee4df,image,delivered,2025-12-22 03:22:00,
f1bd9b31-1681-4558-80e2-f0deb2129299,2026-02-10,msg_00058,Ue9a1e8a5b83a6b296d43c957a8cfba4a,Ub824ea79fdb12b54073b32a4fa5db997,video,delivered,2026-02-10 05:27:41,
aa608b03-f293-447e-acd4-3c17e43fef50,2026-02-15,msg_00089,U3bae1603803a839c0cb52f511d9cb8f6,Ufdc73fa72cd20a4c88ab7860f7305baa,text,opened,2026-02-15 22:20:02,
9b251065-195a-49c0-9169-cc5a5dcc417b,2026-04-01,msg_00072,U4784fc8a8e1e4eb2435ad84e0ad052f2,c694c3c5458f6751e086e064c4256b15,image,opened,2026-04-02 00:04:39,
bbabbcb1-4438-4229-86db-17da337e8e3a,2025-11-17,msg_00099,U3bae1603803a839c0cb52f511d9cb8f6,U3d1f469c24ca6a4217a69cf916e8b125,text,opened,2025-11-17 15:26:50,
47ea719b-61dc-4f25-9478-6c33dcd29e0f,2025-12-24,msg_00062,Ub0341314a5534ea92b26fa8adc30543f,U35505a259e1253be5467fc59394a283e,video,opened,2025-12-24 17:06:29,
163dced3-22fe-45b4-8f91-a82b4d9090ab,2025-12-09,msg_00094,U227d1cd1a801c367de206ec4bbca7330,U24eb2e7d5b01f8a28ca3e8b721377f24,flex,opened,2025-12-09 06:05:35,
643a90d8-b0e7-4d1a-a51f-b60a02462fce,2026-01-07,msg_00110,Ub0341314a5534ea92b26fa8adc30543f,Uc903c52a175107daf9ff99368b4dd85c,video,delivered,2026-01-07 20:31:30,
6811aff5-841d-418b-9af7-f02fa4db679f,2025-12-21,msg_00022,U3bae1603803a839c0cb52f511d9cb8f6,U8d0f73098f02baeb57a32e3c1ff6ffe2,video,opened,2025-12-21 08:50:13,
7916e974-b8cb-4c5d-8a1e-b0d4b8e6a45b,2026-01-10,msg_00044,U30ad60bba5da9837ca5dd0230ca8f531,Uc364c99d708256adc47743d7e20ec439,video,delivered,2026-01-10 10:55:32,
4482b011-7eef-4dbf-89fa-8b486001351d,2026-02-08,msg_00051,U3bae1603803a839c0cb52f511d9cb8f6,ff9587234bd126ae4d6c5e68e4544824,image,delivered,2026-02-08 08:28:42,
a29d80a8-109d-4b0d-873b-ec351ea806e0,2025-12-09,msg_00094,U227d1cd1a801c367de206ec4bbca7330,U07b92225a9fd6effdc579276922aafd8,flex,delivered,2025-12-09 03:56:02,
bcdc6b08-2550-4888-a228-3751b76126ec,2026-02-07,msg_00090,U4784fc8a8e1e4eb2435ad84e0ad052f2,U17c695633a29aeb96aa1fd37c0441ff3,imagemap,delivered,2026-02-07 04:58:08,
d6a4fbde-ce3e-427b-9bab-458b2c073bd9,2025-12-07,msg_00003,U227d1cd1a801c367de206ec4bbca7330,U630f90186e9556b42ba58e1f93a44293,image,opened,2025-12-07 11:12:49,
923406b6-3980-45b0-b049-6b67f78b5683,2026-02-20,msg_00036,U879eb903ad90cd9c2874f6df7651267a,U43ff2e020b1541c5da428ee95a238213,video,delivered,2026-02-20 03:36:27,
bcf93662-90c6-40d4-bda3-367ef3feddb9,2026-03-03,msg_00093,U743849e63f8101ac616f8fd0ba84a167,df59a2d05cb925839f18bcf175a1e025,imagemap,delivered,2026-03-03 11:15:36,
50850ef9-033f-4185-b183-1756b8bcb791,2026-01-18,msg_00102,U227d1cd1a801c367de206ec4bbca7330,Uf0382bdc8bee6ec8ed065272c69713aa,video,opened,2026-01-18 18:50:50,
cd9786ef-4d97-4356-a327-9755486d4d7a,2025-11-22,msg_00047,Ue7310890b01058478be93761a56d0aa0,U517ce51a9053d4f56fb2b1ff44739988,video,opened,2025-11-22 07:54:04,
7654ff30-0125-4a4e-99d7-679e5fc14ea1,2025-12-19,msg_00118,U4784fc8a8e1e4eb2435ad84e0ad052f2,U7dee14e45e8f1c00f2ed8ea7c89c2e3e,image,clicked,2025-12-19 04:28:59,https://example-saas.jp/coupon/500off
690f0290-dd96-43a5-9b0a-288c741143fb,2026-02-20,msg_00048,Ue7310890b01058478be93761a56d0aa0,U92858a4d864721c42c891f3ddee350e9,flex,delivered,2026-02-20 20:05:41,
76c5b012-d602-4116-99aa-69d8fe9e3f93,2026-03-05,msg_00014,U3bae1603803a839c0cb52f511d9cb8f6,Udc2bafbe6070618cfb3bc6bd7c76b674,flex,delivered,2026-03-05 17:58:23,
c19be12d-a37c-4ec2-87b6-38292bde41e6,2025-12-02,msg_00088,U3bae1603803a839c0cb52f511d9cb8f6,U1c8a197e9e047cd36ccdac0c96728054,image,opened,2025-12-02 15:06:00,
8cc8936d-07e6-46b2-9578-4fe3cd85ab08,2025-12-02,msg_00088,U3bae1603803a839c0cb52f511d9cb8f6,Uce2103c5580dfdc2037016eaa987d6b1,image,opened,2025-12-02 12:44:37,
acb3d275-35ee-42d3-a372-06695f3fb76c,2026-04-08,msg_00078,Ud4a92c8c8050eed40ef171cc2784d638,Ud8d4af204d884d03ba085537132a278e,image,clicked,2026-04-08 20:53:27,https://example-saas.jp/lp/newmenu
2f098e32-b5e8-4a01-b6f8-9608be180d99,2025-12-17,msg_00032,U3bae1603803a839c0cb52f511d9cb8f6,U7cddc6111e90c72056e98c18e930933d,video,delivered,2025-12-17 13:05:15,
3c62442f-2a34-41f5-953d-dd7eee2105f7,2025-12-12,msg_00004,Ub0341314a5534ea92b26fa8adc30543f,Ueeb66c84e40776fd60aec6dbaa539ee0,video,opened,2025-12-12 23:03:26,
21c473b4-1b31-45e2-bd86-1de2520bb79d,2025-12-25,msg_00045,Ue7310890b01058478be93761a56d0aa0,Ue410395faf8dca35e04aa443e7f18c33,video,delivered,2025-12-25 05:42:45,
0d11366f-ac8d-450d-9aad-1212cc624528,2025-12-31,msg_00082,U227d1cd1a801c367de206ec4bbca7330,Ue456a8c054aebcecaa1777f603023bdc,imagemap,delivered,2025-12-31 15:09:21,
2efa31cf-8524-4365-98eb-9efe097aeb77,2025-11-19,msg_00019,U743849e63f8101ac616f8fd0ba84a167,U289367c2866cd64d371524a0c8d2729e,flex,delivered,2025-11-19 01:59:57,
8fd1ddbe-14fb-4e46-9e88-1dad36111c07,2026-03-23,msg_00071,U3bae1603803a839c0cb52f511d9cb8f6,Uc3cda0e63a6313aca9dd0b6d9d418b55,imagemap,delivered,2026-03-23 23:56:28,
8065faca-86e4-4ff0-81f8-bae4460427bf,2026-04-06,msg_00041,Ud4a92c8c8050eed40ef171cc2784d638,U2dcfb41a8fdbb21af4f368490b529aff,flex,open,2026-04-06 11:54:03,
73494471-6626-4ab4-be04-4a4cb152cbc8,2026-01-20,msg_00026,Ud4a92c8c8050eed40ef171cc2784d638,Ub09d07d238d0f0607670081d27cfdee1,imagemap,opened,2026-01-20 05:39:41,
70842405-fce6-4487-aa6f-a4447ff85d52,2026-03-11,msg_00067,U7e808d11d6f9901a954a542a7ee09918,Uff3d7894a9982861c57c24e75db9961d,video,delivered,2026-03-11 11:30:05,
eeaf89d5-96e8-4b65-828f-baad39ade17a,2025-12-19,msg_00118,U4784fc8a8e1e4eb2435ad84e0ad052f2,U53f68b13989b9fdd06ea9c453e2d5fb5,image,delivered,2025-12-19 06:22:12,
89c60006-ea27-4b17-8fd2-1e62b385962e,2026-04-04,msg_00049,U476acbdef8e9a16d24575e4f6d7b0f31,U17c72f6d42827460bf86d704ea916a52,text,delivered,2026-04-04 10:47:17,
3a01ff23-779a-4d64-9833-36a977ec3236,2025-12-07,msg_00003,U227d1cd1a801c367de206ec4bbca7330,U53de3b83bc07a08962646922f2e0910e,image,delivered,2025-12-07 04:30:26,
5df00234-dcd9-4634-9a11-253f53dbe793,2026-02-25,msg_00008,Ub0341314a5534ea92b26fa8adc30543f,61c981083bae7057c41e897a03894f83,image,delivered,2026-02-25 08:18:27,
9e4b1bae-61b6-4158-9042-43392bca4fca,2025-12-12,msg_00029,U743849e63f8101ac616f8fd0ba84a167,U524652d0430131f72a75296f43dadb66,imagemap,delivered,2025-12-12 22:01:42,
88a23319-7ea1-4946-906e-ce1c5b6e80ba,2026-01-26,msg_00103,U3bae1603803a839c0cb52f511d9cb8f6,U894510db7aa59b4a778e2e7f6e45edd8,flex,delivered,2026-01-26 02:08:42,
17d9a164-002b-41fa-9baa-e294e7cba470,2026-03-13,msg_00001,U4784fc8a8e1e4eb2435ad84e0ad052f2,U1dd507f580ddc45e0de1deed4045b817,image,blocked,2026-03-14 00:25:16,
40949a73-7770-4ef6-b667-202b9581178d,2026-02-20,msg_00048,Ue7310890b01058478be93761a56d0aa0,Ucf56a0ec84b7cb26e850f8f4d70ef60e,flex,clicked,2026-02-20 03:37:17,https://example-saas.jp/campaign/spring
e71f945b-9080-43bc-bea0-38afd36a1dab,2026-03-06,msg_00055,U3bae1603803a839c0cb52f511d9cb8f6,Ud1e0987e2eccc3bcbe73a73d95940d19,flex,delivered,2026-03-06 22:10:45,
e163d47b-56f7-4940-b9f4-eef10ccaa168,2026-02-20,msg_00048,Ue7310890b01058478be93761a56d0aa0,Ua7d03f413d6b99412e5b3d6c3ebc19a8,flex,clicked,2026-02-20 05:02:29,https://example-saas.jp/survey
6ea149b3-ee47-4501-806d-33a767286352,2025-12-12,msg_00004,Ub0341314a5534ea92b26fa8adc30543f,Udbc576f68a234fb4491bb84c1d708f48,video,delivered,2025-12-12 13:25:24,
11813f54-92a5-4f14-8065-a70179db4b52,2026-03-20,msg_00057,Ub0341314a5534ea92b26fa8adc30543f,U2074515e045589af7114c64f3280684c,video,delivered,2026-03-20 09:32:40,
b180b402-1d6c-46bb-b723-20624bd5e6a9,2026-02-15,msg_00006,U743849e63f8101ac616f8fd0ba84a167,U3d2d7c8608381cdb32a78fef01d49cbe,flex,opened,2026-02-15 01:26:34,
862e20f9-d3c6-426c-89b5-7541b000a326,2026-01-09,msg_00052,U743849e63f8101ac616f8fd0ba84a167,Uaa6049accafc3013dd5ba39f79a36efb,video,delivered,2026-01-09 19:04:24,
0feebb35-6b96-4395-881d-3b394f236fad,2026-02-14,msg_00098,U743849e63f8101ac616f8fd0ba84a167,Ua15bf215275c146d947f7155ecb92aff,imagemap,delivered,2026-02-14 19:59:05,
4dfd89ec-bbd2-421d-bfa4-c9a3ae034ca2,2025-12-19,msg_00118,U4784fc8a8e1e4eb2435ad84e0ad052f2,Uf04155a69c3eba0b246cda1f47783cca,image,delivered,2025-12-19 19:06:57,
016926f0-6326-448d-8223-01be17d2b3d6,2026-02-15,msg_00087,U3bae1603803a839c0cb52f511d9cb8f6,Ua360deaa4821e9314d086ef030950a05,imagemap,delivered,2026-02-15 09:43:22,
76494d5c-df4e-42a7-8d5c-753c4c7ca703,2025-12-23,msg_00061,Ub0341314a5534ea92b26fa8adc30543f,U26ed9e845bf833d9160049f2ee3648e8,imagemap,delivered,2025-12-23 14:47:14,
6f63fe48-45c8-4a81-b144-6a26125cf71e,2025-12-24,msg_00062,Ub0341314a5534ea92b26fa8adc30543f,4c6c8f2fc9eae07ec1257185dd780401,video,delivered,2025-12-24 06:06:31,
f88389df-9421-4d4f-9753-9fb68761d987,2025-11-30,msg_00025,Ub0341314a5534ea92b26fa8adc30543f,U4aad8556bac9852f686e85d85e55ad9d,imagemap,delivered,2025-11-30 07:51:37,
efe0da64-ed4d-4501-8703-d13b9e11e670,2026-01-13,msg_00060,U3bae1603803a839c0cb52f511d9cb8f6,a5f1fb352f2128af04d40cad5e4583d3,image,opened,2026-01-13 12:16:07,
a463be2e-4565-412b-82ed-b7340dbc6517,2026-03-11,msg_00104,Ub0341314a5534ea92b26fa8adc30543f,U4454045fca8a206ce02ec17cdfbc7b7e,image,failed,2026-03-11 13:05:22,
719d585d-f0d3-4015-86df-63d15b9dbe1a,2026-03-14,msg_00009,U743849e63f8101ac616f8fd0ba84a167,52121c9e72ba143ebc706be619796dc4,imagemap,delivered,2026-03-14 01:21:21,
1839a53f-b66b-43a4-87c0-6848507bec5c,2026-03-20,msg_00057,Ub0341314a5534ea92b26fa8adc30543f,Uff1fa148314aa763a03f1f8897184b2f,video,opened,2026-03-20 15:45:04,
bed69909-4469-49c2-a263-da8ae045d143,2026-01-10,msg_00044,U30ad60bba5da9837ca5dd0230ca8f531,b285f6acae4e28216452d184b2322267,video,delivered,2026-01-10 01:38:40,
a8d22a6f-6d1a-4b03-b806-ffaf198c17af,2026-02-10,msg_00058,Ue9a1e8a5b83a6b296d43c957a8cfba4a,U665a820f2ffa5586b954d3701268e724,video,delivered,2026-02-10 10:22:36,
9668e4c7-1f1f-4b5e-bb7d-ddd44c6fe3e5,2026-03-20,msg_00092,U743849e63f8101ac616f8fd0ba84a167,U0b3ab0abbf53942da062c3991c35b8e9,video,delivered,2026-03-20 07:16:02,
a706aafb-bf5e-449e-b254-57388f2d716b,2025-12-09,msg_00094,U227d1cd1a801c367de206ec4bbca7330,U9420e7b18f8cd50b68298a0f6ddfe3c5,flex,delivered,2025-12-09 04:26:36,
640097c8-9551-442c-a7e3-19fae309264f,2025-12-19,msg_00118,U4784fc8a8e1e4eb2435ad84e0ad052f2,U57351bb246c109cfb0764689e1c7462b,image,opened,2025-12-19 02:15:59,
63f53adc-2a19-456f-8617-113a187e1bfc,2025-11-21,msg_00010,Ue7310890b01058478be93761a56d0aa0,U537a455406a82c5037d81fb9125af6d0,imagemap,opened,2025-11-21 05:53:31,
30419b72-9a7b-4f17-84d2-d02c8d67d2c5,2026-03-06,msg_00055,U3bae1603803a839c0cb52f511d9cb8f6,U009e285116b578da6f3d46d9fa1d6391,flex,opened,2026-03-06 18:29:06,
b3a55440-41f6-4c1f-8977-d31d943e07e0,2026-03-22,msg_00119,U3bae1603803a839c0cb52f511d9cb8f6,U45dd53306a009b8b9d5a997406f37bae,imagemap,delivered,2026-03-22 01:21:15,
7c2c01a3-9da5-4a9a-b6e2-c8a35f046cb8,2026-03-22,msg_00119,U3bae1603803a839c0cb52f511d9cb8f6,U1ca54741ce863c47b0ca9e6adf3997aa,imagemap,opened,2026-03-22 15:52:58,
13359123-d35d-408c-9fce-8e9437b81125,2026-02-19,msg_00016,U837b70463a585f85743b5bfb3b49c9fd,U7e048db8f9ffdeb8f8fbb5cd0aae3989,flex,delivered,2026-02-19 16:36:30,
2051553c-f9de-49f4-85fe-87ff647f0e26,2026-03-05,msg_00014,U3bae1603803a839c0cb52f511d9cb8f6,Uc8f1fbbf6a33dfd4dd11d9f97a7bad74,flex,delivered,2026-03-05 10:06:32,
9168eba3-81cc-4a23-9e92-e19f99c77ffa,2026-01-24,msg_00113,Ub0341314a5534ea92b26fa8adc30543f,U64c7acac41ecd4f04f3b53b72d451e05,text,delivered,2026-01-24 14:17:44,
81a5e397-753e-4563-8ea9-4a498959a7aa,2026-01-10,msg_00044,U30ad60bba5da9837ca5dd0230ca8f531,U958ef72e012f082033e6d46e9c84816b,video,opened,2026-01-10 20:57:52,
a25d1bde-5e38-4b7c-be07-56e891488b4d,2025-12-09,msg_00069,Uc20f9c7e9b662bedec3cb78e127885c7,U93233feb96e27daca417534a239d3b4e,imagemap,delivered,2025-12-09 18:01:05,
51e114c3-2ffc-427c-9b0f-07c6216c9ce2,2026-03-20,msg_00057,Ub0341314a5534ea92b26fa8adc30543f,f674b69646feaa548ee7f18e28b17a5a,video,delivered,2026-03-20 19:03:21,
74a04703-d770-40e2-a55a-6e0be531bb3c,2026-02-14,msg_00065,U743849e63f8101ac616f8fd0ba84a167,U3fc83938703002809cb6daa61eb2c568,image,delivered,2026-02-14 23:09:23,
e6dd7f01-f71c-49f9-b86c-0e3261d74fb6,2026-04-12,msg_00120,U227d1cd1a801c367de206ec4bbca7330,Ub9f7b5bbf3dc93ba03a26185d1ad305f,text,delivered,2026-04-12 03:00:42,
0119aa79-6a25-40e4-a296-cebb15a0ab4a,2025-11-17,msg_00099,U3bae1603803a839c0cb52f511d9cb8f6,Ud2a360839913477ea3542d50ccbe36ff,text,clicked,2025-11-17 01:52:26,https://example-saas.jp/coupon/500off
591c72ab-5aab-44cd-8184-64e449dfc1eb,2026-04-05,msg_00054,U3bae1603803a839c0cb52f511d9cb8f6,U00142131dc332f2ca5163ffe385f8eeb,image,clicked,2026-04-05 18:10:49,https://example-saas.jp/survey
8b7a8099-c8c3-4097-8e9b-9d91fa07548d,2026-03-06,msg_00055,U3bae1603803a839c0cb52f511d9cb8f6,Ua9e033f3b240eb478c7c32b060426e7d,flex,failed,2026-03-06 08:50:48,
ef8d9dbe-99d0-4706-95bf-42f63e15e952,2026-02-05,msg_00107,U3bae1603803a839c0cb52f511d9cb8f6,U50218247103db4a186701af747c86533,text,opened,2026-02-05 11:43:59,
4d8e84e9-60f2-4255-b07b-2a92740df4a8,2026-02-15,msg_00087,U3bae1603803a839c0cb52f511d9cb8f6,9fdbf07bf99761794206fbb02a9a5d58,imagemap,opened,2026-02-15 11:57:03,
0ca48554-bceb-4c9c-9b45-939dfd111407,2025-12-15,msg_00030,U3bae1603803a839c0cb52f511d9cb8f6,U700e300ed52b8dd3899ec08cefa74f83,video,clicked,2025-12-15 14:43:48,https://example-saas.jp/coupon/500off
898a4878-1aaa-42ea-b399-f5cc3add0d6d,2025-12-24,msg_00091,U3bae1603803a839c0cb52f511d9cb8f6,U0f6548c1dafa634f846491763aca457f,imagemap,delivered,2025-12-24 21:15:13,
f84b8129-bcfc-451f-9167-74c979d1de27,2026-03-06,msg_00068,Ub0341314a5534ea92b26fa8adc30543f,Ud19d786e07ff4d8b90d09728cd8a2460,video,delivered,2026-03-06 16:55:54,
a04e1f4c-5bad-4f16-ab6d-af9f7864a5e3,2026-03-04,msg_00056,U1ca413826b7044d134c9c3132420c9de,U818fd918c1dec99dbdc796f77608354d,text,delivered,2026-03-04 11:31:48,
672ad883-8e32-4a41-8954-90eea0dfb4ce,2025-12-09,msg_00069,Uc20f9c7e9b662bedec3cb78e127885c7,U683b68a2e093fd84243d0377f7612f39,imagemap,delivered,2025-12-09 13:09:44,
d64e3449-30e2-4361-9be6-5a3d18072d03,2026-03-14,msg_00009,U743849e63f8101ac616f8fd0ba84a167,Udcd7556c3d976750b06a17e8e32b0501,imagemap,delivered,2026-03-14 15:20:03,
57c7c029-d363-4d10-a43b-31e572d51589,2026-01-26,msg_00103,U3bae1603803a839c0cb52f511d9cb8f6,U3fda5d2e277de3c7f5468c89a07947e6,flex,delivered,2026-01-26 12:24:39,
f49c4b69-71f5-47d0-879b-27fa685b2182,2026-03-31,msg_00046,U4784fc8a8e1e4eb2435ad84e0ad052f2,U8b081bcdc9025bbea47565c3ab5eaf72,flex,opened,2026-03-31 18:45:23,
a92a5a4c-3efd-41b3-af73-a50c7de9645f,2026-02-10,msg_00058,Ue9a1e8a5b83a6b296d43c957a8cfba4a,Ueb07f67d5e2eebaeac5db51de7b176c6,video,delivered,2026-02-10 19:21:52,
f648a716-af27-4f66-9f3b-dff3387ab891,2025-11-16,msg_00020,U3bae1603803a839c0cb52f511d9cb8f6,U369dde7db51bcb0fd3cf45a16a92c42e,text,clicked,2025-11-16 21:13:56,https://example-saas.jp/survey
0e2e794c-ae90-4e85-ac2a-e817625cfa85,2026-03-12,msg_00084,U68d2301028fb66b51d9111f1af067e34,Uc2c408e1bfb10294cd1844cacd9e80e2,video,delivered,2026-03-12 21:48:24,
d48f679d-8378-4c87-a071-ce5db20124f7,2026-02-15,msg_00089,U3bae1603803a839c0cb52f511d9cb8f6,U8e054034a584552e1ca55214bb7a5137,text,opened,2026-02-15 02:25:54,
05744ec8-3b7c-47ce-a571-287acf11aae2,2026-02-15,msg_00089,U3bae1603803a839c0cb52f511d9cb8f6,U1b34c7ded314411e0925ab3227c6cffa,text,delivered,2026-02-15 01:33:27,
d3bfb511-830a-4343-ba7a-15ac6ef31356,2026-03-20,msg_00057,Ub0341314a5534ea92b26fa8adc30543f,Ufb79a2f64b945d9075a5624e62da149c,video,delivered,2026-03-20 15:37:27,
3946416d-98e9-4a20-980f-fd70629c4232,2026-01-30,msg_00050,U3e5dd3a641c58ad50e49f095c6f1e306,aa5a95d47b3dc59f9fdf83713152f15d,image,clicked,2026-01-30 21:14:57,https://example-saas.jp/campaign/spring
589f3096-f624-41c2-a858-48608003e916,2026-03-05,msg_00014,U3bae1603803a839c0cb52f511d9cb8f6,Ufa832526558e35b87df8bc39b6341cf5,flex,delivered,2026-03-05 06:29:02,
52647bcd-4e41-44f3-aea8-4ff8f7dd7a88,2025-11-21,msg_00010,Ue7310890b01058478be93761a56d0aa0,Ua5a8d2ca0e4d11f3c47d74bd832aa9e5,imagemap,failed,2025-11-21 04:06:19,
9d534372-9ac8-4172-b8c4-5391fcc02cfd,2026-03-11,msg_00104,Ub0341314a5534ea92b26fa8adc30543f,Ub7158f2a110a87cd4046c94ecac291f1,image,delivered,2026-03-11 15:28:53,
54d6da0a-6f71-4be5-a40b-b88b70653072,2026-02-24,msg_00111,Ub0341314a5534ea92b26fa8adc30543f,U9067c20863b64ec94f36e68604750c8a,flex,opened,2026-02-24 05:07:03,
e50865f3-8b0b-440f-8cbf-5d5d9e8b165a,2026-01-14,msg_00081,Ue7310890b01058478be93761a56d0aa0,Ub0fdb22154ce34cefe5ce5c1cb6d5531,video,delivered,2026-01-14 06:18:56,
377eca7f-fb14-49c4-9f02-34f01c548d44,2026-03-06,msg_00068,Ub0341314a5534ea92b26fa8adc30543f,U8f7ccb506d3f288f446e65f93a6d2a63,video,opened,2026-03-06 14:18:13,
55ca9f15-0cf1-4899-b328-063dc4e6bec1,2026-03-14,msg_00009,U743849e63f8101ac616f8fd0ba84a167,Ue047a52347220f2c51f0f512709935d7,imagemap,delivered,2026-03-14 18:23:18,
743bb486-f20f-4cc4-bf45-7a4c727c2d15,2026-02-14,msg_00098,U743849e63f8101ac616f8fd0ba84a167,45d3dde752f67b8e01a6502756628ad6,imagemap,delivered,2026-02-14 11:29:43,
005a37a3-4f95-4445-befa-7afadbfca14e,2026-02-14,msg_00042,U3bae1603803a839c0cb52f511d9cb8f6,Uca11def3654da358095406befeaaa455,video,opened,2026-02-14 01:12:45,
b356645d-6603-4dde-8b4e-2f95921bebf1,2026-01-26,msg_00005,Ub0341314a5534ea92b26fa8adc30543f,c049d27b0c26c957e895d702f28cab05,image,opened,2026-01-26 01:44:51,
57933fcd-4240-4801-ab55-876416df41b4,2026-03-11,msg_00067,U7e808d11d6f9901a954a542a7ee09918,Udc1dd570b422d29d9a6a6af82196eca9,video,delivered,2026-03-11 22:15:59,
79ec1631-3921-43b5-a7ed-e111e2415b95,2026-03-06,msg_00068,Ub0341314a5534ea92b26fa8adc30543f,d19bfc8851e6a60977d2d9ee94a6f5f4,video,delivered,2026-03-06 02:24:47,
4a54fed1-2e9f-48f6-bcaa-19783f586e31,2025-11-23,msg_00053,U743849e63f8101ac616f8fd0ba84a167,U5633196d1f7c9c060795e8991834f9ce,video,opened,2025-11-23 05:53:55,
df9a2594-4f25-4fe6-ba85-8fcbaea6fd6f,2026-02-10,msg_00058,Ue9a1e8a5b83a6b296d43c957a8cfba4a,U2c77478fb0a8684d04e1312be064871c,video,delivered,2026-02-10 02:08:03,
a5c6bd34-3082-49db-8b5a-caf3b9df3da2,2025-11-23,msg_00053,U743849e63f8101ac616f8fd0ba84a167,Ub1021edb3dbd8b0429426f513f683a59,video,opened,2025-11-23 12:25:06,
cdc07bf5-f0fb-4bec-9d91-139dc32204ff,2026-03-20,msg_00057,Ub0341314a5534ea92b26fa8adc30543f,Ue210f564a3793bccab68a0f4b900cbb0,video,delivered,2026-03-20 11:03:02,
7a4860e7-bbfc-4a6d-b92b-5147c4cd8437,2026-01-17,msg_00037,U7e808d11d6f9901a954a542a7ee09918,U25aa2f427e4286b3296c65c713871922,text,opened,2026-01-17 00:29:20,
38a12076-6b1a-4ea5-8265-15cd4fe10185,2026-02-20,msg_00036,U879eb903ad90cd9c2874f6df7651267a,c60345f374197e9c63929860f19f4d20,video,delivered,2026-02-20 00:17:15,
80000508-222c-4b1e-a0c6-6897518822c5,2026-03-21,msg_00023,U743849e63f8101ac616f8fd0ba84a167,U93695d71bc04e826aa530ad3bd71d263,imagemap,clicked,2026-03-21 11:13:22,https://example-saas.jp/lp/newmenu
394a9a1b-be16-4e2e-8054-c9c4983d0f46,2026-03-27,msg_00096,U476acbdef8e9a16d24575e4f6d7b0f31,Uc760b1d8d532ea5320df56550ec379b1,imagemap,delivered,2026-03-27 16:45:58,
2b3e5b98-20c4-49b3-8f83-7189de33bcf2,2026-03-06,msg_00055,U3bae1603803a839c0cb52f511d9cb8f6,U2f5ffe1926d20023510ecf5200b10466,flex,delivered,2026-03-06 22:19:51,
d9bb2cfc-01e9-4f1b-8e00-b586b3ba92ac,2025-12-23,msg_00109,Ue7310890b01058478be93761a56d0aa0,1b3501148a1be4a676ad5e38736a6c83,text,opened,2025-12-23 21:16:30,
f55ad23a-d445-43df-bc9a-6f322ff1d856,2026-01-24,msg_00007,Ub0341314a5534ea92b26fa8adc30543f,U069afc6355f721b6464722a1f5438593,imagemap,opened,2026-01-24 13:24:49,
a750f9d2-718e-4e51-9b96-9c3ff36f41dd,2026-02-05,msg_00107,U3bae1603803a839c0cb52f511d9cb8f6,Ue37b448c20962ef6a02ddf3e25e596eb,text,delivered,2026-02-05 12:38:13,
d99223fb-7548-457e-94ae-250bec0918d0,2025-12-19,msg_00064,Ub0341314a5534ea92b26fa8adc30543f,2ecde464518ff5e992ab11190732699c,image,delivered,2025-12-19 21:03:39,
41385e0c-bf96-48f6-8a4c-aef0ea891fad,2025-12-19,msg_00118,U4784fc8a8e1e4eb2435ad84e0ad052f2,U6c666a86a23cb7f2065ffe9bda711536,image,failed,2025-12-19 22:20:25,
d61ab2a2-d868-4cbe-b006-8c64d5c801db,2026-03-27,msg_00096,U476acbdef8e9a16d24575e4f6d7b0f31,U001e12f24fba855e3ab6a8afe3f8b618,imagemap,delivered,2026-03-27 01:36:27,
6052eeaa-a6ec-4b60-bc46-8bed3bfc223c,2025-12-12,msg_00004,Ub0341314a5534ea92b26fa8adc30543f,023d4d35e1ad930b24f0324d92cbefe9,video,delivered,2025-12-12 02:55:30,
fd93ff2b-9fa4-4170-b951-123f54878118,2026-02-16,msg_00021,U743849e63f8101ac616f8fd0ba84a167,U298fd04ceb79dbf2c42854683bf08a36,flex,delivered,2026-02-16 09:16:07,
96d74ffb-7d5f-4908-bf84-4e11c2e31a71,2026-01-07,msg_00110,Ub0341314a5534ea92b26fa8adc30543f,Ua71f8abbec11d202d60cebbc5ef61c42,video,opened,2026-01-07 12:05:02,
0d9e916e-135b-419b-8586-04a5bbd5bff6,2025-12-19,msg_00064,Ub0341314a5534ea92b26fa8adc30543f,Uacf57f58364214c84af76e0d1dd127b7,image,opened,2025-12-19 08:59:14,
66aac641-2b04-43df-a85b-0520221d7923,2025-11-30,msg_00025,Ub0341314a5534ea92b26fa8adc30543f,4440d06357a7c39823f111ff0dd97dde,imagemap,delivered,2025-11-30 20:29:02,
c665a228-a130-4971-8aad-c27c4ac6af9e,2026-03-06,msg_00055,U3bae1603803a839c0cb52f511d9cb8f6,U28fcf2ac141e89397124786e5e8cf77d,flex,delivered,2026-03-06 10:37:30,
f76eaef1-3495-41e6-911c-7f8184cd0c99,2026-02-14,msg_00065,U743849e63f8101ac616f8fd0ba84a167,U0728606b77580b760c4184ee3845b811,image,delivered,2026-02-14 11:26:47,
1641ba19-2a9c-4a2d-a307-a5c87aa210cc,2025-11-16,msg_00020,U3bae1603803a839c0cb52f511d9cb8f6,U2d8b34ae9b8b255c54995ee6b545c5f3,text,clicked,2025-11-16 13:21:31,https://example-saas.jp/coupon/500off
5e534e7b-5eff-48b9-80f1-f6be4a41f32a,2026-03-23,msg_00071,U3bae1603803a839c0cb52f511d9cb8f6,U0a9820c2168d34cee8aeb721d1278c1e,imagemap,delivered,2026-03-23 15:35:29,
d1881371-7ee1-425f-9727-3f38786fc932,2026-02-14,msg_00065,U743849e63f8101ac616f8fd0ba84a167,U415ecedd0bd1d23d58f6d129f92afc8f,image,delivered,2026-02-14 06:16:53,
be0e75b6-8485-4cd1-9449-ccd543858d9b,2025-12-24,msg_00062,Ub0341314a5534ea92b26fa8adc30543f,U10d7c3e0f863bb19c7b5e8a07fbfe4e1,video,delivered,2025-12-24 14:02:05,
693f4e9f-293c-4ee8-a7f3-cca2a7489f08,2026-02-15,msg_00087,U3bae1603803a839c0cb52f511d9cb8f6,U5aa65705f38072b8b97716d4738f7f96,imagemap,delivered,2026-02-15 04:24:09,
50e8d44d-74a1-47ea-8ca9-7a9deafaa0a1,2026-02-25,msg_00008,Ub0341314a5534ea92b26fa8adc30543f,Ue13ee1e0d88e3d3d32c9c3afbcbf3465,image,opened,2026-02-25 12:13:08,
f1b400ae-91b6-4eb9-9964-68e98b69f73c,2025-12-12,msg_00029,U743849e63f8101ac616f8fd0ba84a167,Udcc8e0dbc9855ed0fa2e4c86533c8afa,imagemap,opened,2025-12-12 17:00:05,
038e1271-78d3-4e88-8351-11b9969e9654,2025-11-24,msg_00033,U3bae1603803a839c0cb52f511d9cb8f6,Ud0e541a982235b6156c85dcfe175957c,text,delivered,2025-11-24 03:08:55,
097d29c4-3317-4a4a-9038-f61e36ef1a06,2026-02-14,msg_00065,U743849e63f8101ac616f8fd0ba84a167,3bb19f9379b0170030e8f9e5eb1c7968,image,delivered,2026-02-14 00:54:40,
dd6cc38d-3415-4ca7-a5bd-b62fb7fdcca6,2025-12-24,msg_00091,U3bae1603803a839c0cb52f511d9cb8f6,U57a611304740a19be3fcc4c1b53e8a19,imagemap,delivered,2025-12-24 11:43:49,
7d3883bc-8ffa-4317-bb21-49b1bab1cfcb,2026-02-28,msg_00117,U743849e63f8101ac616f8fd0ba84a167,f3ce24a688f03286fb3a20a538ba2bda,video,blocked,2026-03-01 14:57:30,
ed92d51e-952b-4268-a265-f6c8249a7c1d,2025-12-25,msg_00045,Ue7310890b01058478be93761a56d0aa0,U68e5f1870ed365bd3abe1fddf5d3db1a,video,failed,2025-12-25 03:27:29,
1dd966f0-d03b-4736-a56c-dba74c14f245,2026-01-24,msg_00007,Ub0341314a5534ea92b26fa8adc30543f,Ud7e965554dba567cafea9997703bab9a,imagemap,delivered,2026-01-24 07:02:38,
ff362f0b-cff6-438d-ad8d-db6a8c18008f,2025-12-24,msg_00062,Ub0341314a5534ea92b26fa8adc30543f,Uafd2f599bf3422eec333d4bcf616c2f3,video,delivered,2025-12-24 18:59:11,
7d8b0450-6ad6-4f9c-aa64-90ca02497cf6,2026-03-29,msg_00097,Ub0341314a5534ea92b26fa8adc30543f,U5c06ce8036b25e33ada728fcd7808f7f,text,delivered,2026-03-29 00:05:57,
cdc4014e-54ee-494c-9e51-ddd301d1dcbf,2025-12-02,msg_00088,U3bae1603803a839c0cb52f511d9cb8f6,U470407a03bc1db5c2ce2ee326a127394,image,opened,2025-12-02 11:52:18,
5d188058-6ebb-4ef6-939d-638f6eeb1b88,2026-04-01,msg_00072,U4784fc8a8e1e4eb2435ad84e0ad052f2,e952b87f7591e364cdc3a220ab68bd0e,image,delivered,2026-04-01 11:47:48,
3e1ecfbb-79b9-488b-ba4c-beb5c9ba9066,2025-12-22,msg_00013,Ub0341314a5534ea92b26fa8adc30543f,U35b290929fd2c68d508dd2c8ad60fae6,image,delivered,2025-12-22 05:32:03,
80de4a46-34d4-48e5-bfd5-2f127e40646d,2025-12-22,msg_00013,Ub0341314a5534ea92b26fa8adc30543f,Ua84fe3eef253f2ead2f34f5da5282f59,image,opened,2025-12-22 07:48:39,
4cd0321a-398c-43d5-9c46-66e9366401da,2026-04-12,msg_00120,U227d1cd1a801c367de206ec4bbca7330,U91272fe6223c95b64aaef53ccda67733,text,delivered,2026-04-12 10:08:17,
f44269d7-334c-4987-b6ba-495c6e81aed0,2026-03-27,msg_00096,U476acbdef8e9a16d24575e4f6d7b0f31,U86db302bbd716e0b18d1703ed01871b4,imagemap,opened,2026-03-27 04:42:18,
bea5dbda-79c8-40f3-a592-97d19f1a3357,2026-01-18,msg_00102,U227d1cd1a801c367de206ec4bbca7330,U6eee68ef8ff610f0a05d490b42d596cb,video,failed,2026-01-18 10:50:44,
26ca49ad-64a6-4645-b460-15a96e997002,2025-12-03,msg_00012,U743849e63f8101ac616f8fd0ba84a167,a380c1a04e75bc857e41f9d23ca9ea76,imagemap,opened,2025-12-03 06:24:14,
e11b3cd3-c85e-456c-8845-5d06a5b86a8f,2025-11-23,msg_00024,Ue8d9224ecde331ce692edfce0b5ecdc4,U0f9714b6a5e785702e60358e90d28685,text,delivered,2025-11-23 16:33:00,
8715a156-cd95-41b8-aa95-af6623986fc2,2026-01-07,msg_00110,Ub0341314a5534ea92b26fa8adc30543f,Uf6e558caf4a317ea6bf2a472ebd16d83,video,delivered,2026-01-07 11:23:57,
b5b07b26-d539-433a-973f-ea893694cb68,2026-03-20,msg_00057,Ub0341314a5534ea92b26fa8adc30543f,U30e667d741918f56ac0a9a5aba48abcf,video,failed,2026-03-20 09:20:08,
9540e8a9-5990-4f1f-8429-5f4a60a36687,2026-01-26,msg_00086,U4784fc8a8e1e4eb2435ad84e0ad052f2,U9d7f6900f6d1b0f98aaa306b12515449,text,delivered,2026-01-26 22:47:19,
39f6ddc3-b1c5-4842-a1ca-9fc7805c3baa,2026-01-26,msg_00005,Ub0341314a5534ea92b26fa8adc30543f,U7bd1bd0853c40ba6b3080d416e7d552f,image,delivered,2026-01-26 10:03:07,
24db8c9b-2ae2-472c-acdf-fee55b3d2ba0,2026-01-31,msg_00035,U7e808d11d6f9901a954a542a7ee09918,U7e21bd1a6267595c95c47371b183816c,text,delivered,2026-01-31 13:26:24,
b1e5c444-40f8-4c33-97cc-fa421c8711ee,2026-01-13,msg_00060,U3bae1603803a839c0cb52f511d9cb8f6,U7dcc3f74c02224f88106f561d098722e,image,opened,2026-01-13 18:35:09,
696254b6-086a-4bde-a4a6-470b51bf1d5e,2025-12-09,msg_00069,Uc20f9c7e9b662bedec3cb78e127885c7,Ue7656ef52d704fd93b11373529b4d9e1,imagemap,opened,2025-12-09 17:28:25,
c277285f-cde5-4b7e-b29f-197011e2e19c,2025-11-16,msg_00011,U837b70463a585f85743b5bfb3b49c9fd,Uabbba37a7cd52e72737fed3a4d80fcbf,flex,delivered,2025-11-16 04:51:19,
1b6ea916-aa2c-4396-b03f-b15f9e4fe9bf,2026-03-16,msg_00002,U3bae1603803a839c0cb52f511d9cb8f6,U1488a23b6b9788763c4089a6bb1c0ac0,text,delivered,2026-03-16 16:42:43,
8b2f844e-c9e2-40c2-80a3-894e0a65d657,2025-12-31,msg_00082,U227d1cd1a801c367de206ec4bbca7330,U8b1144d6bae31da5bf85152300ab722a,imagemap,opened,2025-12-31 16:05:08,
127d054f-dc6c-43f5-8a98-26043710daec,2025-12-19,msg_00064,Ub0341314a5534ea92b26fa8adc30543f,U1f7341a20e30d008c495f138e56cadd0,image,opened,2025-12-19 09:08:23,
c0e6a31b-28fa-4e84-b727-770391c88b05,2026-03-08,msg_00112,U3bae1603803a839c0cb52f511d9cb8f6,a425b5cc26d6e4dbc994da8e13aaabae,image,opened,2026-03-08 02:00:14,
bc80c26e-0641-4bb5-b3f2-28420390225a,2025-12-25,msg_00077,U743849e63f8101ac616f8fd0ba84a167,U850ab629d0f473f78acfc0aeb03c8619,text,opened,2025-12-25 12:46:29,
038ce087-8585-4ab0-a72d-c8ac69b38423,2026-02-07,msg_00090,U4784fc8a8e1e4eb2435ad84e0ad052f2,Ud8bf651543ca966c7d9ddf9057b3fe41,imagemap,opened,2026-02-07 23:59:04,
fa14574c-5686-423f-9ff2-b23f3f3d2cc2,2025-12-18,msg_00070,Ue9a1e8a5b83a6b296d43c957a8cfba4a,U8e479da0be9a262f1cd4f11dc05f36b8,imagemap,delivered,2025-12-18 04:38:46,
cf9f2308-3f16-4063-b270-42fed92aa6d1,2025-12-14,msg_00085,U743849e63f8101ac616f8fd0ba84a167,Ucfd71b6d92b4d901bb79540bde395161,image,clicked,2025-12-15 00:44:15,https://example-saas.jp/campaign/spring
cd5546d2-e605-4011-abc9-7d0ba1b008ac,2025-12-18,msg_00114,Ub0341314a5534ea92b26fa8adc30543f,U813c8f85a10a5305ca368ba305d04c3a,flex,clicked,2025-12-18 15:17:37,https://example-saas.jp/campaign/spring
85fda456-eade-4bab-917c-fe62d17a46ea,2026-01-26,msg_00063,Ub0341314a5534ea92b26fa8adc30543f,U344ae86edc1c1091e5483b500ba79dee,imagemap,delivered,2026-01-26 19:15:17,
a9eed561-a22e-4455-811d-08c032d941bb,2026-01-14,msg_00081,Ue7310890b01058478be93761a56d0aa0,U10c96544d064b6b127d8238f07af8d04,video,clicked,2026-01-14 03:22:06,https://example-saas.jp/survey
b47e3ca2-50fa-4b43-afdb-cced5756fece,2026-03-08,msg_00112,U3bae1603803a839c0cb52f511d9cb8f6,U36f2ccbfb1f4cba739f52aeead1fb4b2,image,opened,2026-03-08 09:48:46,
acee99ec-78f2-4cac-a6f7-7a99fca02fbc,2026-03-26,msg_00040,U3bae1603803a839c0cb52f511d9cb8f6,U60e3652ba808a7cce01bf18b0fdaa740,imagemap,delivered,2026-03-26 19:21:14,
d0f7e220-5d9a-4a64-98d0-95f94a760bd8,2026-01-31,msg_00035,U7e808d11d6f9901a954a542a7ee09918,Uca5b531d6659b632b274f85d71e2bec5,text,opened,2026-01-31 03:17:45,
de76072c-9190-4f3d-9f2d-49f33cbc76af,2025-12-12,msg_00004,Ub0341314a5534ea92b26fa8adc30543f,U555484790f29d044f371847ff1b18d6a,video,delivered,2025-12-12 04:30:02,
02daead1-387b-472c-a29c-9da8dc492293,2026-02-10,msg_00058,Ue9a1e8a5b83a6b296d43c957a8cfba4a,Ub54608ea36adce30b102f3b0c4c44857,video,opened,2026-02-10 05:28:28,
d41ca0b6-19e8-4055-bf9b-2d3e53944225,2025-11-24,msg_00033,U3bae1603803a839c0cb52f511d9cb8f6,Ud43c74cf266dfba54741ff726d4e3eff,text,opened,2025-11-24 06:18:13,
f4665f27-22a6-4324-a9a5-4b430c6935bd,2026-04-05,msg_00054,U3bae1603803a839c0cb52f511d9cb8f6,U766f12cea33c516c00c095c89d2ce8d0,image,delivered,2026-04-05 07:40:12,
5f613cd6-b3dd-4b17-b321-116326cbb435,2026-02-15,msg_00087,U3bae1603803a839c0cb52f511d9cb8f6,6e5a23d9381b00888581f373515971cd,imagemap,delivered,2026-02-15 17:33:47,
146f91cf-1523-4507-a250-68132aed0728,2026-02-16,msg_00021,U743849e63f8101ac616f8fd0ba84a167,Ubff2ccdb1b6db97a24d08000097a0b93,flex,opened,2026-02-16 20:46:03,
3bd5fb59-710c-4866-b1d7-237f568286ab,2026-02-15,msg_00087,U3bae1603803a839c0cb52f511d9cb8f6,U6dc11b7106aa6d3e65518068f7575300,imagemap,opened,2026-02-15 06:09:35,
3ca7678e-00de-4853-8041-a607fa881c73,2026-02-15,msg_00006,U743849e63f8101ac616f8fd0ba84a167,5ad0a28713a30cff37928d486751f8a7,flex,delivered,2026-02-15 11:56:58,
e0ad40f4-ccfb-40bd-ba79-f1031d57d4d2,2026-03-04,msg_00056,U1ca413826b7044d134c9c3132420c9de,U13c2a3e3e830503604299c76fac169ba,text,opened,2026-03-04 16:21:44,
76b31a1b-7842-4e26-8f93-e68169399d7a,2026-01-31,msg_00035,U7e808d11d6f9901a954a542a7ee09918,Ud1e03ba29dc286dd7dda07560ca870e9,text,clicked,2026-01-31 22:18:30,https://example-saas.jp/campaign/spring
87045539-ebcc-418f-ab97-714549a311c8,2025-12-22,msg_00013,Ub0341314a5534ea92b26fa8adc30543f,Ucc4b2bf592a9207fb4fd189a4800a853,image,delivered,2025-12-22 06:08:08,
d447c9dd-a8dd-4e49-976f-01b66018d953,2025-11-30,msg_00025,Ub0341314a5534ea92b26fa8adc30543f,Ub92ba0e28978046105508d4116b95f25,imagemap,clicked,2025-11-30 14:42:06,
87c21b66-58e0-44d4-ba01-db901e97c7a5,2026-03-25,msg_00079,U743849e63f8101ac616f8fd0ba84a167,c739f6dbbcdc3a301425fe9cc72b1979,text,opened,2026-03-25 11:53:48,
ce79c3b9-d24a-457b-b775-646e0248165d,2026-01-01,msg_00027,U4784fc8a8e1e4eb2435ad84e0ad052f2,U89bf464b098dbfb29495694b58b6b608,image,opened,2026-01-01 12:15:40,
1244dd13-4f66-4c6f-aa41-61616b011b0c,2026-01-14,msg_00081,Ue7310890b01058478be93761a56d0aa0,Ue11e84e12804beab815a53f105553171,video,delivered,2026-01-14 23:56:10,
6c8ed877-9e25-4fd6-a5ff-2e79fe73c94f,2026-03-31,msg_00046,U4784fc8a8e1e4eb2435ad84e0ad052f2,Ucf688e091f4a31f877b075b7da240989,flex,opened,2026-03-31 20:35:08,
93b5817a-f4fa-45a4-82a2-c2edc8576d3d,2026-03-05,msg_00014,U3bae1603803a839c0cb52f511d9cb8f6,U92ef1cf8cbbadd2c4de6f1fbc2fe8c03,flex,delivered,2026-03-05 03:02:01,
2bf9c4c1-e2c3-43d8-bd40-90b3dcf18e50,2025-12-09,msg_00059,U3bae1603803a839c0cb52f511d9cb8f6,U2c96aa5fe3105a30c6cbb0d8d061c1dc,imagemap,delivered,2025-12-09 06:18:58,
28be79e3-868a-4022-b15b-44e10d8f9447,2025-12-09,msg_00069,Uc20f9c7e9b662bedec3cb78e127885c7,Ud145f3a0feafb57b21391896b075d6cd,imagemap,delivered,2025-12-07 14:56:31,
20300182-8a1b-4a40-9aba-a8bd39422574,2025-12-17,msg_00032,U3bae1603803a839c0cb52f511d9cb8f6,Uf11bc1c457881c24623a4df13226cd19,video,delivered,2025-12-17 21:03:18,
f81e453d-64ff-4ea2-81fe-cbe709ed07b5,2025-11-24,msg_00033,U3bae1603803a839c0cb52f511d9cb8f6,U3ced0c3908e5d024089350725c4ff2d3,text,delivered,2025-11-24 00:10:46,
b29816b0-0e3d-4f03-bdb3-e6c50d73243b,2025-12-19,msg_00118,U4784fc8a8e1e4eb2435ad84e0ad052f2,U5903b19dbd8cca6baa923509f772f091,image,delivered,2025-12-19 23:55:55,
71ad0776-a9d7-492c-be16-0616ff4b0a2a,2025-12-25,msg_00077,U743849e63f8101ac616f8fd0ba84a167,U376d1e2449e6ca3d2bf7e02b0fc35c91,text,delivered,2025-12-25 02:32:19,
728f7096-4a83-44ff-bf9a-7a2e99c2f3d8,2025-12-18,msg_00070,Ue9a1e8a5b83a6b296d43c957a8cfba4a,Ua0e9c8c1c15826f7bb3a945bbe2a22bc,imagemap,opened,2025-12-18 02:22:59,
65b01079-cd48-4634-9124-5ab0374d4b62,2025-11-30,msg_00025,Ub0341314a5534ea92b26fa8adc30543f,Ub85f16e3620c49545d334bd91044320c,imagemap,delivered,2025-11-30 11:02:40,
e6c7756c-49cd-41a8-9ba1-fd042f2935f1,2025-11-30,msg_00025,Ub0341314a5534ea92b26fa8adc30543f,U6b693d592955ae5764c7ce1ad5fefbc1,imagemap,delivered,2025-11-30 03:18:40,
2710d552-abd0-4965-8274-daa490787233,2025-12-24,msg_00091,U3bae1603803a839c0cb52f511d9cb8f6,U279a0e6b2ff396d8d77e71fe136cfaf2,imagemap,failed,2025-12-24 13:30:11,
78a70f4c-387a-4f48-aed1-8ec6b86718bd,2025-12-25,msg_00045,Ue7310890b01058478be93761a56d0aa0,U30ba972bc5849f9a586e99982e7c1d1e,video,clicked,2025-12-25 21:50:07,https://example-saas.jp/lp/newmenu
595f550f-a38f-40f6-8e5d-9257295ca190,2025-11-27,msg_00018,U3e5dd3a641c58ad50e49f095c6f1e306,Uacb85becb969a747447795301c87680b,imagemap,delivered,2025-11-27 20:10:32,
738852bd-c9ac-4d9f-aace-ff4baaa16987,2026-03-21,msg_00023,U743849e63f8101ac616f8fd0ba84a167,Uf482f9ad522d34daf0453031734c4da4,imagemap,delivered,2026-03-21 10:15:15,
8ddff549-290e-42dd-ba8a-2d2fa9e435cb,2026-01-18,msg_00102,U227d1cd1a801c367de206ec4bbca7330,U6d2d4b0887cdf86f05fc0828864eafa7,video,delivered,2026-01-18 06:39:58,
01a3b9ef-baee-4a1d-bada-da449c581b7f,2026-03-16,msg_00002,U3bae1603803a839c0cb52f511d9cb8f6,Ua4cee62c30ad6da48d4eb1b3e3f13bbb,text,delivered,2026-03-16 04:51:30,
380034e6-3f67-455b-a94c-a74a664a2ea2,2026-02-24,msg_00039,U743849e63f8101ac616f8fd0ba84a167,d50ef3a51c5eebffc49f62bcc7cbebba,flex,opened,2026-02-24 08:23:27,
daac758e-10ad-433b-b9bb-535cdb9e4178,2025-12-12,msg_00029,U743849e63f8101ac616f8fd0ba84a167,Uc565f8eba4cc6331a7d5a64806610388,imagemap,opened,2025-12-12 04:08:10,
cd9a72f8-d72a-47f1-acf9-aad40abe9feb,2026-04-12,msg_00120,U227d1cd1a801c367de206ec4bbca7330,Uf574c399e710032d420465d6f4b45b33,text,clicked,2026-04-12 08:33:56,https://example-saas.jp/survey
24092ddd-87ca-4d31-a707-af72da3100e0,2026-01-24,msg_00113,Ub0341314a5534ea92b26fa8adc30543f,Ud3b6dbfda275ea2f594ebcfb95c69958,text,delivered,2026-01-24 20:10:33,
679d53d4-a554-47bc-be97-ecf265287ad7,2026-02-15,msg_00087,U3bae1603803a839c0cb52f511d9cb8f6,64b5ab8c005b9a7dc6729f13f3b3c7f5,imagemap,opened,2026-02-15 04:45:23,
50f5abd4-da68-4415-8b33-cfa746e466ee,2025-12-19,msg_00064,Ub0341314a5534ea92b26fa8adc30543f,Ua2c21a4569b82bbc19380396f01cb792,image,clicked,2025-12-19 04:53:13,https://example-saas.jp/lp/newmenu
000f298e-e0dd-4e83-ad82-726efb12c986,2026-02-14,msg_00098,U743849e63f8101ac616f8fd0ba84a167,Uaf369b604364a27574f4570034836856,imagemap,delivered,2026-02-14 20:48:18,
9a16bdcf-2532-4769-a5c6-777abcf9392e,2026-01-14,msg_00081,Ue7310890b01058478be93761a56d0aa0,Udb19d8a196601272a339d6b4a3f6758e,video,opened,2026-01-15 00:14:19,
11193491-7b2d-4b8f-b5ab-0581fcf090a3,2025-11-17,msg_00099,U3bae1603803a839c0cb52f511d9cb8f6,U9efcbdd4a57b0e126397038773327088,text,opened,2025-11-17 21:44:22,
9f793e75-1900-4027-88b7-022f82b87c36,2025-12-22,msg_00038,Ub0341314a5534ea92b26fa8adc30543f,Uf6898d71708992440cbfe2db0159a916,image,delivered,2025-12-22 11:58:02,
5a00a585-8879-4c3a-b094-a7815aacebd3,2026-01-10,msg_00044,U30ad60bba5da9837ca5dd0230ca8f531,Uacb64649262c973e1ba26fbedda65bf6,video,delivered,2026-01-10 19:10:42,
9389076f-96e5-4b4b-a46c-a68ea3f21fc0,2026-03-04,msg_00056,U1ca413826b7044d134c9c3132420c9de,U4f822213c738b75d8c2d95c3ce4fe3c6,text,delivered,2026-03-04 11:42:03,
dcfe5ba4-4cb0-4a35-a970-679bc129d75c,2026-01-18,msg_00102,U227d1cd1a801c367de206ec4bbca7330,Uedca7c0bc573367ff25cc4203ba8f75b,video,opened,2026-01-18 13:07:49,
3a17603e-661c-41d3-a6a2-206766ad6f54,2026-02-08,msg_00051,U3bae1603803a839c0cb52f511d9cb8f6,Ub8c0bd4b25f4ffaf8312e6d0f24775b5,image,delivered,2026-02-08 01:13:14,
6c2e8682-5f79-4fa1-9ccf-179f50f951f1,2026-03-20,msg_00057,Ub0341314a5534ea92b26fa8adc30543f,U978ffd828f89af95e763bdcf003ab98d,video,delivered,2026-03-20 03:33:39,
12993646-86fa-457d-a0dd-48cf4fbd13ed,2026-03-08,msg_00112,U3bae1603803a839c0cb52f511d9cb8f6,Uebe51a5e50bbb402a74da36ce1362f9c,image,delivered,2026-03-08 06:38:51,
9101ec11-889c-4131-99c0-e14fb27f5b8f,2026-03-25,msg_00079,U743849e63f8101ac616f8fd0ba84a167,U537ffa50b4179566ceb0803042caa757,text,delivered,2026-03-25 06:28:39,
ee28f86b-b230-4d6c-a48a-b7e2aa76a65f,2026-03-03,msg_00093,U743849e63f8101ac616f8fd0ba84a167,U4ff24b29f2bd007c784182269a71abc2,imagemap,opened,2026-03-03 03:33:48,
e4e325ed-7503-4353-83ef-15b694fa0ee1,2026-01-10,msg_00044,U30ad60bba5da9837ca5dd0230ca8f531,U52cf86db40b0ccf5a95bdc24fef89a3d,video,blocked,2026-01-10 14:53:15,
084683d3-b51f-4e23-ba3c-41141854f787,2025-12-23,msg_00061,Ub0341314a5534ea92b26fa8adc30543f,U26d3c5822e9b2b275a2522b59d99ccb4,imagemap,delivered,2025-12-23 02:47:12,
35803bcb-7685-4fce-95d5-f387038f2bfa,2025-12-21,msg_00022,U3bae1603803a839c0cb52f511d9cb8f6,U3547a4f59dde130bccfab14a69672516,video,delivered,2025-12-21 08:59:40,
0907ff73-a735-41c5-914a-b941cdb686b8,2026-03-21,msg_00023,U743849e63f8101ac616f8fd0ba84a167,Uf9da98d9542a969a39cdac5af2dbb30b,imagemap,opened,2026-03-21 21:39:41,
5f7786e8-9ff5-4ef2-a2c5-86384009ea59,2026-03-26,msg_00040,U3bae1603803a839c0cb52f511d9cb8f6,9b4409b35f0707a22ee2f513418876e9,imagemap,opened,2026-03-26 16:44:18,
4be44637-2d76-4091-9696-6c0e72da3f99,2025-11-23,msg_00053,U743849e63f8101ac616f8fd0ba84a167,U774741ad9fa5cc513e6a5c7b4f678a82,video,delivered,2025-11-23 17:25:44,
3871b5e7-38ad-4483-a3d9-ef2aa2d86c16,2026-02-14,msg_00042,U3bae1603803a839c0cb52f511d9cb8f6,2beb79dba59a9c5edded3842ad76f8a8,video,opened,2026-02-14 20:39:49,
6a7d44da-e322-4789-a60e-6ddc9bb18dfa,2025-12-15,msg_00030,U3bae1603803a839c0cb52f511d9cb8f6,U235368247c0b414bbe307c9bccdf15fd,video,delivered,2025-12-15 03:03:11,
2b825809-743d-49c1-ba35-54e5fac15a91,2026-04-01,msg_00072,U4784fc8a8e1e4eb2435ad84e0ad052f2,U5ceb62b252dedd91c5d0a7690b77e079,image,delivered,2026-04-01 22:35:28,
df70c36e-7e87-48bb-b411-2a9fd009b427,2026-03-26,msg_00040,U3bae1603803a839c0cb52f511d9cb8f6,U0af4535592da199f0046f9788a77edbf,imagemap,delivered,2026-03-26 02:52:12,
80d0dcc4-53e4-4e81-9656-7f45be7218da,2026-01-17,msg_00037,U7e808d11d6f9901a954a542a7ee09918,U50c47df33fec4261ed0489e553d5fd75,text,opened,2026-01-17 14:06:08,
ee6f8c1f-699d-4dea-a8f5-7a5c47cd19dc,2026-01-26,msg_00086,U4784fc8a8e1e4eb2435ad84e0ad052f2,U4980c3f76e32b4ce243d1ca8c7b27037,text,delivered,2026-01-26 05:12:29,
343e3daa-cb08-4c9f-acbf-7fcd0f932f0a,2026-02-05,msg_00107,U3bae1603803a839c0cb52f511d9cb8f6,Uf0de3ecedac6b5421c978c50aac0f597,text,delivered,2026-02-05 23:42:50,
8bd63dbb-2c61-4c67-a57a-3940237f91d6,2026-01-07,msg_00110,Ub0341314a5534ea92b26fa8adc30543f,U866092dab9db819ba5e361c678366cc7,video,opened,2026-01-07 19:38:17,
e32ad5a3-bff2-48d8-982d-15fb9c668945,2026-02-16,msg_00021,U743849e63f8101ac616f8fd0ba84a167,U940aec1fd29b0150550261ec5fa15f86,flex,opened,2026-02-16 06:27:25,
4e553650-2e21-49f4-b939-91f8a01532b9,2026-02-20,msg_00017,U22a93bc29b1df104af6b1ba1cd91fc56,Ua8e90b1a0907b3d1da8dcfed16e257d3,video,delivered,2026-02-20 04:54:35,
feeef429-05ce-499b-ade0-4734e68843ce,2025-11-21,msg_00010,Ue7310890b01058478be93761a56d0aa0,Ua20cb1eddfead8a9f008a580332e689a,imagemap,delivered,2025-11-21 09:48:55,
13e5ffd2-f7f0-4509-80b1-a37157636a98,2025-12-19,msg_00064,Ub0341314a5534ea92b26fa8adc30543f,U66a34bd1b2830d21077317f7185e7a5c,image,delivered,2025-12-19 23:46:44,
1c5b0bc5-39ca-4c8f-996b-8e4ca3c4b7bc,2026-01-20,msg_00108,Ub0341314a5534ea92b26fa8adc30543f,U94f4fe7976f169228759cb66706453c2,flex,delivered,2026-01-20 02:13:01,
8de7622b-852b-4acb-a0b4-79fc4c2aae55,2026-03-03,msg_00093,U743849e63f8101ac616f8fd0ba84a167,U9ee7876c1f6b21b01e6eb5942f873544,imagemap,delivered,2026-03-03 06:36:10,
cc9d030f-d977-497a-a422-880c0c1a635d,2026-01-07,msg_00110,Ub0341314a5534ea92b26fa8adc30543f,Ud80ca074f12209f387303a1d62da8383,video,blocked,2026-01-07 10:51:02,
e991d4fc-3505-4311-b039-97e546eeb071,2026-03-03,msg_00093,U743849e63f8101ac616f8fd0ba84a167,U772048734b5cdcd4fd8b7b65e3ce7eff,imagemap,opened,2026-03-03 23:48:35,
a0ba8406-676d-48de-ac49-f7836370411a,2025-11-24,msg_00033,U3bae1603803a839c0cb52f511d9cb8f6,U797232f41133e78e7b138789e2a3faf0,text,failed,2025-11-24 10:32:56,
5762037f-6ab7-4b84-a66e-38e4eeb16dc5,2026-03-20,msg_00106,U3bae1603803a839c0cb52f511d9cb8f6,Uc08a2ae3cf1f65821266981c95733b9c,video,blocked,2026-03-20 14:51:09,
652e7733-bf12-47b0-9c55-7fb0005b56e8,2025-12-19,msg_00118,U4784fc8a8e1e4eb2435ad84e0ad052f2,U0d999ac8cb6ffe1e4870cce04c87a9b9,image,opened,2025-12-19 21:20:03,
d1589a26-3c2f-4618-8df8-76db85306a56,2026-02-14,msg_00042,U3bae1603803a839c0cb52f511d9cb8f6,63d0d1d0d56ab494095a4b9ace8fa77d,video,delivered,2026-02-14 17:27:12,
f1cddc67-caf3-4c06-b9f3-7968a160c133,2026-02-08,msg_00051,U3bae1603803a839c0cb52f511d9cb8f6,U32dd5e3b10dfc8557addd0c8c4647af6,image,delivered,2026-02-08 15:24:15,
c6214905-1743-49b5-967e-1aff22960d51,2026-01-30,msg_00050,U3e5dd3a641c58ad50e49f095c6f1e306,U09f6514f08aa1e364c9bf1ee4d430508,image,clicked,2026-01-30 13:32:16,
b678026a-a553-45df-bd73-284c78dd4408,2025-12-22,msg_00038,Ub0341314a5534ea92b26fa8adc30543f,U7d9ca4e056299d2d97f4be7a943d58e8,image,delivered,2025-12-20 19:09:13,
b363c24d-265f-4809-8154-6a110146bebc,2026-03-16,msg_00002,U3bae1603803a839c0cb52f511d9cb8f6,Uab05c3fd056f251fbdb634ec7d302ac7,text,delivered,2026-03-16 07:57:14,
0a1a6d73-796e-4d95-b704-b6ebf171c431,2026-01-26,msg_00086,U4784fc8a8e1e4eb2435ad84e0ad052f2,Uedfbb13df74e0d989827ad3a64292b0a,text,delivered,2026-01-26 14:58:48,
d6ebe40f-0e84-4a39-99da-f59d6d5f84f9,2025-12-25,msg_00077,U743849e63f8101ac616f8fd0ba84a167,Ud4743ec969bea6bde8ee41762a152bb1,text,delivered,2025-12-25 04:20:47,
4934d7ea-56e6-47dc-8a0f-42b081cb9d28,2025-12-18,msg_00114,Ub0341314a5534ea92b26fa8adc30543f,Ue423a802292c06d2dd88d92cbe498e84,flex,delivered,2025-12-18 03:05:18,
79929d7d-2bca-4dad-9363-96791e64ae89,2026-03-20,msg_00092,U743849e63f8101ac616f8fd0ba84a167,Uf0f3bffed9b222c3ac42dbdc2a26ec8f,video,delivered,2026-03-20 05:22:55,
6a642636-a40b-41c0-bf74-0204d6abbc6c,2026-03-11,msg_00067,U7e808d11d6f9901a954a542a7ee09918,U4e8aedcb8539133b4aa985eaf9cc5335,video,delivered,2026-03-11 05:03:46,
2cdaa565-bf60-416a-a23e-89630c7fc601,2025-12-25,msg_00045,Ue7310890b01058478be93761a56d0aa0,Ub1a72fc58f412c3745f7b5a5d871ac06,video,delivered,2025-12-25 18:44:41,
c55ba515-1c6b-4540-98b3-4004cbbada8d,2025-11-17,msg_00099,U3bae1603803a839c0cb52f511d9cb8f6,U9045a97d76f772db98f4ef9eea3fb919,text,delivered,2025-11-17 19:06:34,
ff2d7da6-1ed1-4fc4-9df9-1bae2984d648,2026-02-09,msg_00083,U3bae1603803a839c0cb52f511d9cb8f6,Ua6dfe584d65cfdb612e20ea38cdf103b,flex,opened,2026-02-09 22:39:09,
cbf9eb1d-b64e-451d-af4e-035b281f11bd,2025-12-17,msg_00032,U3bae1603803a839c0cb52f511d9cb8f6,Ufb0058fcab3a6534ea2c5d9af16ea206,video,delivered,2025-12-17 11:32:23,
4199174f-6df1-48dc-af91-93de6baaba8f,2026-04-06,msg_00074,U3bae1603803a839c0cb52f511d9cb8f6,U5de94a96529f24444e37e933db79b527,text,delivered,2026-04-06 06:49:56,
6d95b6f5-23c9-4cfe-9df3-4975d790d988,2026-02-10,msg_00058,Ue9a1e8a5b83a6b296d43c957a8cfba4a,U6d2d0f514fb85da7331d251c699cab8b,video,opened,2026-02-10 02:57:18,
aefde2a0-15d6-4235-a56c-2663f13a2d82,2026-03-27,msg_00096,U476acbdef8e9a16d24575e4f6d7b0f31,Ucb53271da782aaddfe4df8d23cdc3150,imagemap,delivered,2026-03-27 23:59:49,
0e48af80-d8f4-4d94-872f-fadf6d65c880,2026-01-07,msg_00110,Ub0341314a5534ea92b26fa8adc30543f,U338f063f664a3e21a2e5ca5bcad81d6d,video,delivered,2026-01-07 12:53:53,
93fd2cb4-bcaf-469c-a346-dd1967a261a7,2026-02-15,msg_00089,U3bae1603803a839c0cb52f511d9cb8f6,U14b3aa7dcf384d749660fffb19120adb,text,delivered,2026-02-15 04:54:46,
6a3b95e0-ccc0-4565-91d8-4662d0128cff,2026-01-18,msg_00102,U227d1cd1a801c367de206ec4bbca7330,Ub55d1092af1380f33bf82c8bf8b7b66a,video,delivered,2026-01-18 13:02:11,
d1359983-0fb3-4d34-93f0-4d04180007f1,2026-01-26,msg_00063,Ub0341314a5534ea92b26fa8adc30543f,U7cba7add4c2f1a435cbca3ba5ab258ce,imagemap,opened,2026-01-26 15:11:19,
eb2ff3d8-c1e0-44e3-bbc6-cba1961fc634,2026-02-20,msg_00036,U879eb903ad90cd9c2874f6df7651267a,a3b27b149cca1d94679570f9fb635d5e,video,delivered,2026-02-20 04:45:21,
ef4f4fc5-4d16-49db-bc70-ecf0e8d14403,2025-12-12,msg_00029,U743849e63f8101ac616f8fd0ba84a167,Uc565f8eba4cc6331a7d5a64806610388,imagemap,delivered,2025-12-12 03:08:51,
16a67591-9af4-484d-b38c-e675ee3badb1,2026-01-20,msg_00108,Ub0341314a5534ea92b26fa8adc30543f,U05fb4630734329699cd75134e1f6f0ba,flex,delivered,2026-01-20 06:15:50,
31342eba-200f-42f0-b206-24cc3d0e8909,2026-03-20,msg_00092,U743849e63f8101ac616f8fd0ba84a167,U5bc8a8171821502884462b617a01d932,video,opened,2026-03-20 09:00:23,
da31749e-320d-4cc4-ad5b-4893a9600636,2025-12-14,msg_00085,U743849e63f8101ac616f8fd0ba84a167,Uc847d3b3a94ba25859cabf0387b3ed58,image,delivered,2025-12-14 10:12:02,
4c0d337b-ee94-4349-a5d0-0d2fbe7f7e65,2025-12-23,msg_00109,Ue7310890b01058478be93761a56d0aa0,U59f221ac563d867b50ca3ecde913f04c,text,delivered,2025-12-23 21:38:13,
7fa6c59f-b8f4-4b3a-9a7a-cf53dd40f9e8,2026-03-20,msg_00057,Ub0341314a5534ea92b26fa8adc30543f,U0dca479c4493e3cdac827d05caab98eb,video,delivered,2026-03-20 21:58:25,
883608a6-09e4-434b-b272-3ace0318f1b6,2025-12-08,msg_00015,Ub0341314a5534ea92b26fa8adc30543f,U1b13a6f2e06dcfb1c20a6827e960e17b,text,opened,2025-12-08 05:03:07,
5cfe5dbf-ccd4-4275-a005-8fd611e24b5f,2026-03-26,msg_00040,U3bae1603803a839c0cb52f511d9cb8f6,Uc9fcb8e55b92ce6bfb103a4c3b5d7499,imagemap,delivered,2026-03-26 00:10:03,
59d74fb0-130f-46c9-955a-9c722882c1ab,2026-03-14,msg_00009,U743849e63f8101ac616f8fd0ba84a167,Ue16675bf23f2c5ff8773a84b5f75699f,imagemap,delivered,2026-03-14 04:26:30,
df83e257-ac31-40a6-b56a-7aa5de81ee3d,2026-03-08,msg_00112,U3bae1603803a839c0cb52f511d9cb8f6,U8393055c5e52ea977fa1a49e449465d2,image,opened,2026-03-08 09:36:42,
2cee1d79-65c5-41c6-890e-b8dcebf0c5ff,2026-02-10,msg_00058,Ue9a1e8a5b83a6b296d43c957a8cfba4a,Udc9a3748ade7a44bdd80110241af6690,video,delivered,2026-02-10 20:09:44,
68d20beb-d91c-4804-843a-232aef42a660,2025-12-09,msg_00094,U227d1cd1a801c367de206ec4bbca7330,U71567a5f4417f00f4ccf8f284ff7e6b5,flex,delivered,2025-12-09 15:01:33,
ec42acba-4600-470a-a4e4-56151e2894ce,2025-11-25,msg_00043,U3e5dd3a641c58ad50e49f095c6f1e306,U40b47e3c845ec3bcd55b64ba498aa1ce,flex,opened,2025-11-25 21:27:14,
94b64b21-3241-48cf-ac83-6502dcaad011,2026-02-25,msg_00008,Ub0341314a5534ea92b26fa8adc30543f,U13caa959323bd2bd8cc30355a092a693,image,delivered,2026-02-25 10:57:29,
14dd514e-69ce-4d4c-82c8-0521a41993bb,2026-03-03,msg_00093,U743849e63f8101ac616f8fd0ba84a167,Ufe83c5f5fce2c72055d057cfd4a7f355,imagemap,opened,2026-03-03 01:30:16,
3244961a-06f2-443e-b97e-409db8a7ec59,2026-04-12,msg_00105,Ud4a92c8c8050eed40ef171cc2784d638,Uffa8b77c6f08fbd9a7a619e59c3f0f47,flex,opened,2026-04-12 03:38:04,
88961198-ae74-4d2c-a558-fc50d4f9af6f,2026-03-30,msg_00076,U743849e63f8101ac616f8fd0ba84a167,U3f5696b1f04b8a38c87e51c1e9271f41,image,opened,2026-03-30 22:31:39,
6f1deb5a-1d95-46d3-97ab-4be0547fbda7,2025-12-09,msg_00094,U227d1cd1a801c367de206ec4bbca7330,Uf069dc2ddc6a555349b2b657db6d0c71,flex,delivered,2025-12-09 12:52:51,
68d3689e-d1e0-4fd4-bcae-7c767014c8f9,2026-03-21,msg_00023,U743849e63f8101ac616f8fd0ba84a167,U6c5aee3693f286910c4c1aa9a8d3eb72,imagemap,clicked,2026-03-21 23:36:30,https://example-saas.jp/coupon/500off
b41d1c17-3f1c-458c-a9b8-9de7592c3e30,2026-02-24,msg_00111,Ub0341314a5534ea92b26fa8adc30543f,U6362958c9afe3d6550338185cec86189,flex,opened,2026-02-24 18:30:21,
71ecb794-3391-48b4-8284-9026a9543bcf,2025-11-21,msg_00010,Ue7310890b01058478be93761a56d0aa0,8497e5bb110ecb9a117ba5b8b13be129,imagemap,delivered,2025-11-21 16:27:18,
30f0ab33-7c30-44c0-98c2-b3100244f742,2025-11-26,msg_00028,U3bae1603803a839c0cb52f511d9cb8f6,Udb57440ab5ee72effa19714e8e7e78b6,image,opened,2025-11-26 22:10:28,
488151ed-ce93-47d2-8e48-d42b06069ada,2025-12-23,msg_00061,Ub0341314a5534ea92b26fa8adc30543f,U39e3a15e876616ff798bd2dabbcd86b2,imagemap,delivered,2025-12-23 02:53:30,
3d1e30f4-22d2-4666-99b5-c7832c51233a,2025-12-15,msg_00030,U3bae1603803a839c0cb52f511d9cb8f6,Ud9182b8fb2edd81474636fc1a00ea7a3,video,delivered,2025-12-15 11:10:09,
3fd92cdd-2bd1-4f87-8fb8-dbc1f90e177c,2026-01-17,msg_00037,U7e808d11d6f9901a954a542a7ee09918,a51473966a025fb57dea44356c56d6bc,text,clicked,2026-01-17 13:34:28,https://example-saas.jp/survey
e4007eb8-3238-434a-a9f9-43a054cb673b,2026-01-13,msg_00060,U3bae1603803a839c0cb52f511d9cb8f6,U87b5dfd7e72784b321666407b45be94c,image,opened,2026-01-13 10:04:43,
8c3a5ccf-6c26-49c3-ba9a-4084401db2cd,2026-01-26,msg_00103,U3bae1603803a839c0cb52f511d9cb8f6,Uc9d1f4dfbf45ad625fe725df69ed711c,flex,delivered,2026-01-26 18:48:54,
982ee94d-b304-4a2d-a2a4-3000da302f0b,2026-03-08,msg_00112,U3bae1603803a839c0cb52f511d9cb8f6,U2a50e394fa89257e479cdda04936c6c3,image,delivered,2026-03-08 16:41:24,
953df4db-844c-453c-b843-3f6abfcd622d,2025-12-12,msg_00029,U743849e63f8101ac616f8fd0ba84a167,Ueb218d89a66014703823b149f7221621,imagemap,delivered,2025-12-12 17:10:00,
50879e11-b58e-410a-930c-34f21245283a,2026-03-20,msg_00057,Ub0341314a5534ea92b26fa8adc30543f,U8c66f17de66e2fd37052ae16392c395d,video,opened,2026-03-20 11:05:54,
d634a39d-5644-41aa-8c25-1b8b976c15d4,2026-01-18,msg_00102,U227d1cd1a801c367de206ec4bbca7330,Uaedd23e2eaf4d0e708384c18c0a4f86c,video,delivered,2026-01-18 19:46:12,
9ece31d9-cd44-4195-896d-c07d6b3276ed,2026-01-24,msg_00066,U3bae1603803a839c0cb52f511d9cb8f6,Uee47ae3b45a1467ac19debe53aac2aa1,image,clicked,2026-01-24 12:26:48,https://example-saas.jp/lp/newmenu
217d81a2-05e9-4a3e-9c11-ac9b07248731,2026-02-15,msg_00087,U3bae1603803a839c0cb52f511d9cb8f6,U7fba1788fca38c00077b34cf516e73a0,imagemap,opened,2026-02-15 19:36:50,
6b1d7ed5-edbf-4a33-a209-5cfa95e1be3f,2026-03-08,msg_00112,U3bae1603803a839c0cb52f511d9cb8f6,U0b23557e39998773e6aacfcb4f28ee86,image,delivered,2026-03-08 02:39:52,
8eb9e134-56e8-4267-8ad2-c301b4b90a4f,2026-01-26,msg_00063,Ub0341314a5534ea92b26fa8adc30543f,Ud6f81510ce8617d21c45a13c80b14555,imagemap,opened,2026-01-26 09:02:43,
2392d135-a06a-4cf1-b646-42294571a87d,2025-12-23,msg_00109,Ue7310890b01058478be93761a56d0aa0,Uc1739064a542de544c4ec12f1692b5b7,text,opened,2025-12-23 17:03:19,
33a25130-c44d-4f97-ab02-2fe01df7836a,2025-12-17,msg_00032,U3bae1603803a839c0cb52f511d9cb8f6,Ud63d5aa4542be9ef3976fa5b1de3ba01,video,opened,2025-12-17 10:39:18,
7a0ca564-8f6b-4f76-b1d6-29d9138ebddb,2025-12-12,msg_00029,U743849e63f8101ac616f8fd0ba84a167,U937c37bd5f8f892d20cdcf7e9b91b569,imagemap,opened,2025-12-13 00:04:44,
48762ca5-142b-4552-adb8-417818f34571,2026-02-20,msg_00036,U879eb903ad90cd9c2874f6df7651267a,U4b8d3527a9c73f7c8edf871b602a64d2,video,delivered,2026-02-20 03:26:17,
db40b0e9-2270-4551-8d38-e8b46fc80a76,2026-02-08,msg_00051,U3bae1603803a839c0cb52f511d9cb8f6,Uf0e2de024f78be39ba8851f9f085d585,image,delivered,2026-02-08 01:57:40,
99fcded6-3f20-4671-b389-3ecd0a5ad30c,2026-04-01,msg_00072,U4784fc8a8e1e4eb2435ad84e0ad052f2,Uac5a441ab9d2975cb15779606beca509,image,opened,2026-04-01 10:57:41,
b3e263c7-e63c-4a16-983a-1f62a26a8ae9,2026-02-20,msg_00095,Ub0341314a5534ea92b26fa8adc30543f,U49177f454c1d0c84a88511dc4a64d45f,text,clicked,2026-02-20 11:08:27,https://example-saas.jp/campaign/spring
c171542d-6622-4ef8-8c45-6732f2b9192c,2025-12-09,msg_00059,U3bae1603803a839c0cb52f511d9cb8f6,Uffe6b40cc201fca28c8ecf39f4e3efcf,imagemap,delivered,2025-12-09 06:14:39,
008beeca-9cee-4039-b3dc-8ede7acf8e74,2025-11-30,msg_00025,Ub0341314a5534ea92b26fa8adc30543f,U7009a23339fdabb7013fd7e6385e33d1,imagemap,delivered,2025-11-30 13:15:34,
281fd89a-ce19-4b4d-8be8-599906145fc0,2026-01-01,msg_00027,U4784fc8a8e1e4eb2435ad84e0ad052f2,U6ab8b8ec7607900f54be2f08cc73eac2,image,opened,2026-01-01 14:28:27,
d230132c-c9af-4e07-8e64-ef14cc4ce9aa,2026-03-06,msg_00055,U3bae1603803a839c0cb52f511d9cb8f6,Ub8ab4fb5d3c42ea2865918590ead7e96,flex,delivered,2026-03-06 16:01:59,
9ba21fd0-3e01-4317-a96e-88c8ad34d0bb,2026-01-01,msg_00027,U4784fc8a8e1e4eb2435ad84e0ad052f2,Ua5513185bf6c275a765412a4881d29c4,image,opened,2026-01-01 21:14:25,
5634bdc8-0957-433e-9250-cf0b5a0fc160,2025-12-23,msg_00061,Ub0341314a5534ea92b26fa8adc30543f,Ud9fd654e05abf3e8319045afc436a1a6,imagemap,opened,2025-12-23 02:15:21,
b8a3ced6-35e6-4728-a526-8c81fd1161df,2025-12-18,msg_00114,Ub0341314a5534ea92b26fa8adc30543f,U27302a241de0036cdfb0b6651c20a767,flex,delivered,2025-12-18 04:33:19,
bf230f27-6129-4883-8f8b-aa6245b20bbc,2026-04-08,msg_00078,Ud4a92c8c8050eed40ef171cc2784d638,U5eb30f6f80648cf2c1bd1868ca103a98,image,delivered,2026-04-08 01:41:36,
9b6deb4b-2e83-4166-bd23-5604085799fb,2026-01-29,msg_00031,U3bae1603803a839c0cb52f511d9cb8f6,U75744d2127388522cad45aef99e8d629,video,delivered,2026-01-29 06:22:46,
8865efbd-a53e-4a45-9989-f8ac5369b8bf,2026-03-25,msg_00079,U743849e63f8101ac616f8fd0ba84a167,Uac1ea3368e6138455fa3f1ab0f74a698,text,delivered,2026-03-25 06:19:14,
56f1eac2-ad15-4510-a2d5-4cb8f0e6c554,2026-02-20,msg_00036,U879eb903ad90cd9c2874f6df7651267a,5a3babdd0278d789ab44a71b4f32ff37,video,delivered,2026-02-20 16:00:28,
0c571a92-59ed-43b8-8ce6-cd41a4ed55eb,2026-01-30,msg_00050,U3e5dd3a641c58ad50e49f095c6f1e306,Ua8c080dc5d1d47baad4883b1a3c47c47,image,opened,2026-01-30 01:17:22,
76807561-f354-4305-a8df-901e930dd0d9,2026-04-12,msg_00105,Ud4a92c8c8050eed40ef171cc2784d638,U019b33bb19d242815a4307a3f5cfa4c6,flex,delivered,2026-04-12 21:05:38,
463f741d-86b4-4afa-880b-7f39ab7c534d,2026-03-26,msg_00040,U3bae1603803a839c0cb52f511d9cb8f6,Ua3088213d3744dac20df4f46c3eead41,imagemap,delivered,2026-03-26 14:25:19,
fd2bd072-1870-4be7-b8c2-f8e4cda87bdd,2025-12-15,msg_00030,U3bae1603803a839c0cb52f511d9cb8f6,U7d77485255d9b42a0d43db453c2b8002,video,delivered,2025-12-15 16:35:59,
949495c3-543f-41ba-9687-fcc6630a7b2b,2026-02-01,msg_00075,Ub0341314a5534ea92b26fa8adc30543f,U2f4fc7ba896df07c1ce15c3955ea82dc,imagemap,delivered,2026-02-01 12:30:39,
c78893c4-0bd4-4fe4-ba74-610f2dc09039,2026-01-29,msg_00031,U3bae1603803a839c0cb52f511d9cb8f6,U353e2508f8b0fd3c4ea1f5491f3bfe7b,video,delivered,2026-01-29 04:02:21,
6e0e61d4-fe40-450a-b3f6-8b4e243781df,2026-02-15,msg_00087,U3bae1603803a839c0cb52f511d9cb8f6,U8381073347fcafa80c3e80e1018d3aa9,imagemap,clicked,2026-02-15 21:49:01,https://example-saas.jp/campaign/spring
e5424c98-a770-4570-9108-1c6e9759e324,2026-03-18,msg_00080,U22a93bc29b1df104af6b1ba1cd91fc56,U83f2e73db77e21df3d4a15ba902d2339,flex,opened,2026-03-18 22:25:16,
090fb391-81e4-48b2-9961-f354d65d4b65,2026-03-30,msg_00076,U743849e63f8101ac616f8fd0ba84a167,U5a675a0aaa430f1baf569f88a65b6fcc,image,delivered,2026-03-30 17:23:34,
5174be5b-83cf-4b1b-b5b4-c74fc37e57ee,2026-03-22,msg_00119,U3bae1603803a839c0cb52f511d9cb8f6,U92e3bb61338cb87d368a1095daac61b0,imagemap,delivered,2026-03-22 10:22:47,
498d5ba3-5697-44c6-aa71-d7390a96b9be,2026-01-14,msg_00081,Ue7310890b01058478be93761a56d0aa0,U38afdb7d11b37cd14342f2cfb6d0dcd8,video,delivered,2026-01-14 19:41:56,
044a0a9e-f098-431f-ad22-288f4608fd6d,2025-12-23,msg_00061,Ub0341314a5534ea92b26fa8adc30543f,76c5977019177c496912fd87a3bc7304,imagemap,delivered,2025-12-23 03:40:54,
393e91ab-89ce-4cd5-b78d-27f6c4b01c38,2026-04-06,msg_00074,U3bae1603803a839c0cb52f511d9cb8f6,Ucd7b8407838c66e8966c975e105a1499,text,delivered,2026-04-06 06:00:16,
8f88d470-e324-47e0-b40a-8270c1eaa19c,2026-03-06,msg_00055,U3bae1603803a839c0cb52f511d9cb8f6,f507314d6fd15d0c8c63cfe59031333d,flex,delivered,2026-03-06 07:59:15,
bbafa25d-558a-4bf2-891b-dadd2c2a1e8f,2026-04-01,msg_00072,U4784fc8a8e1e4eb2435ad84e0ad052f2,U2153112e1261968ee7d26eafc8c337ed,image,delivered,2026-04-01 06:22:56,
6f9e4740-c1f8-4906-898f-973f7c24e7e4,2026-01-26,msg_00086,U4784fc8a8e1e4eb2435ad84e0ad052f2,U5db1d6dc6c3962fbbf1f6e4958f47270,text,delivered,2026-01-26 04:51:56,
acf5bfe8-dc3c-441e-bf36-9b49c3032f5c,2026-01-31,msg_00035,U7e808d11d6f9901a954a542a7ee09918,U81cb8ad83112ed7b32a7938769ba829f,text,opened,2026-01-31 10:39:35,
a7fdf1d1-ce5a-409f-9e88-92f26abf092b,2026-04-12,msg_00120,U227d1cd1a801c367de206ec4bbca7330,U588df76898903fd4092db066239a4395,text,delivered,2026-04-12 09:20:00,
ec214c66-880d-4ef3-8ed3-273b2171e60f,2026-03-23,msg_00116,Ud4a92c8c8050eed40ef171cc2784d638,U883e6d30bf5320def5b2e2b910abfeda,text,delivered,2026-03-23 04:59:44,
2245acc9-b14c-48d8-ada4-93f1ae29aae3,2025-12-22,msg_00013,Ub0341314a5534ea92b26fa8adc30543f,fdb9833913bdf9660dfbcf12d6d2eaa6,image,opened,2025-12-22 05:03:56,
9d565275-4fac-45ca-b02c-32f2dc11e0f6,2026-03-06,msg_00055,U3bae1603803a839c0cb52f511d9cb8f6,Ua09c06b21fea22b502c0a0b00932df11,flex,opened,2026-03-06 02:04:43,
bfa28f84-3a3d-4a48-92cb-d55ebc43de0d,2026-03-05,msg_00014,U3bae1603803a839c0cb52f511d9cb8f6,Ue590e7125cc2622f51c74e5256904e76,flex,delivered,2026-03-05 10:03:50,
a93413e8-a049-4b4d-846d-02fabf9a2d29,2026-03-16,msg_00002,U3bae1603803a839c0cb52f511d9cb8f6,Ue2326685e618427243ccb29fc4bb04cf,text,delivered,2026-03-16 17:45:36,
4c753e84-f405-44c2-901b-c0b217fe1cc2,2025-12-14,msg_00085,U743849e63f8101ac616f8fd0ba84a167,U5d4736c51b4da00845fff3b5d613c643,image,delivered,2025-12-14 11:30:06,
6701347c-9456-43f6-a285-5358a88732ac,2026-02-20,msg_00036,U879eb903ad90cd9c2874f6df7651267a,5a3babdd0278d789ab44a71b4f32ff37,video,delivered,2026-02-20 16:00:28,
8b6f8674-cdff-4365-a8ea-33203b713148,2026-03-08,msg_00112,U3bae1603803a839c0cb52f511d9cb8f6,U7d320f2818a1844e1546c375e1e8a074,image,delivered,2026-03-08 05:54:47,
190d49ad-b9e9-4e9a-afb7-448340f38da8,2025-12-18,msg_00114,Ub0341314a5534ea92b26fa8adc30543f,Uc5b7ed2c76188387fcbc2bce3c858c78,flex,opened,2025-12-18 03:25:58,
4c3ef168-19c6-46dc-afe4-2a4d50a2803d,2026-03-03,msg_00093,U743849e63f8101ac616f8fd0ba84a167,U2e6f6fc5b2cf778bb3adca7fc8072bee,imagemap,delivered,2026-03-03 11:10:18,
2a2acd15-5a17-46a2-b56a-1e96b3e40a42,2025-11-21,msg_00010,Ue7310890b01058478be93761a56d0aa0,U1d7c59b1c82177ccbf3f323b1336dafb,imagemap,opened,2025-11-21 17:10:48,
a06a39ec-9c9d-4dbf-be1e-c554fb17221c,2026-02-08,msg_00051,U3bae1603803a839c0cb52f511d9cb8f6,U76d2bf6b5d756334d1340a6f9922b8b6,image,delivered,2026-02-08 20:44:27,
72210524-95a9-42b0-bfe3-8e84f83237c2,2026-01-29,msg_00031,U3bae1603803a839c0cb52f511d9cb8f6,U39915ae3909c88c26e2e79c059cda580,video,delivered,2026-01-29 14:33:47,
162b09e4-4ee6-47f3-a761-af5d6d2cf383,2026-02-24,msg_00111,Ub0341314a5534ea92b26fa8adc30543f,U2b4cf54cb7155d7d301893007181cb8a,flex,opened,2026-02-24 17:42:51,
9ba3f94f-e8dd-4a7d-8a1a-55f3106592d0,2026-03-29,msg_00097,Ub0341314a5534ea92b26fa8adc30543f,U69fa0b2d0b9cfc7a18cdcae182167092,text,delivered,2026-03-29 19:56:32,
ff8ec0aa-b6ef-4117-9a07-7d8d2a28f898,2025-11-26,msg_00028,U3bae1603803a839c0cb52f511d9cb8f6,d221bdf089b3ea85241dfdc05e5e6482,image,opened,2025-11-26 09:57:13,
d3641292-d989-4ce1-9449-6cde4a3e19de,2026-03-20,msg_00057,Ub0341314a5534ea92b26fa8adc30543f,Ue99d287c0289e27fdc8bf1fcac37df55,video,clicked,2026-03-21 01:49:26,https://example-saas.jp/survey
5528f58d-5815-477c-9299-be445f1bb9d7,2026-01-14,msg_00081,Ue7310890b01058478be93761a56d0aa0,Ub9de599a754a822c463617da54da23fc,video,delivered,2026-01-14 01:42:59,
29488c21-e73b-4fca-b6ea-c3d377a97861,2026-04-05,msg_00054,U3bae1603803a839c0cb52f511d9cb8f6,U84e581f9e14870a5dc15e43e648b44a4,image,delivered,2026-04-05 14:06:51,
6b97856f-1f49-4555-bac1-412ac1b5fb20,2026-01-14,msg_00081,Ue7310890b01058478be93761a56d0aa0,U6740d7742b1b375643a21fc95d8ce870,video,delivered,2026-01-14 17:40:10,
5d527be4-51dc-4008-a8e6-6cde85310e02,2026-03-13,msg_00001,U4784fc8a8e1e4eb2435ad84e0ad052f2,Uae897d096a3447540c898bd7e057f4e7,image,delivered,2026-03-13 10:28:43,
c10d5462-2cff-423f-b2c0-00c2b046bd48,2026-03-27,msg_00096,U476acbdef8e9a16d24575e4f6d7b0f31,1b8ab752dc11f637e4865f79ff5af638,imagemap,delivered,2026-03-27 20:38:45,
bc662839-d520-47ac-827c-00b8a83c74be,2026-03-22,msg_00119,U3bae1603803a839c0cb52f511d9cb8f6,Uf585dae03c175761b1accbb55a2059e8,imagemap,delivered,2026-03-22 04:37:04,
12fc40e0-ea09-48d0-ad24-d88cf0c41cfd,2026-02-07,msg_00090,U4784fc8a8e1e4eb2435ad84e0ad052f2,Ubc891c3c1e253c352ccec2f185f866e9,imagemap,delivered,2026-02-07 21:05:04,
234e129a-0d80-43e4-ad7f-e5ff1209a863,2026-03-05,msg_00014,U3bae1603803a839c0cb52f511d9cb8f6,Ub8bd50a3ef83a22e611821ff8e7ae921,flex,opened,2026-03-05 08:37:57,
8769e41b-4106-442c-9f3a-243333f3b210,2026-03-05,msg_00014,U3bae1603803a839c0cb52f511d9cb8f6,U1308c3c844202c75ed15ba64e394c770,flex,delivered,2026-03-05 15:53:04,
9e08c809-b220-407b-af48-0e7dd6391887,2025-11-22,msg_00047,Ue7310890b01058478be93761a56d0aa0,69485e27d5701898b1fc386146005a91,video,delivered,2025-11-22 14:18:42,
86aea954-e8b6-401b-a354-84c2b73d898e,2026-03-06,msg_00055,U3bae1603803a839c0cb52f511d9cb8f6,U4838a403bbee49fb6b3305eb401af4a4,flex,delivered,2026-03-06 07:13:34,
31a951c6-3907-4ac7-8333-25a3e5aff9ff,2026-01-30,msg_00050,U3e5dd3a641c58ad50e49f095c6f1e306,aa5a95d47b3dc59f9fdf83713152f15d,image,delivered,2026-01-30 20:02:07,
df2647a1-4f19-420c-a9ea-fe7b1267c156,2025-12-25,msg_00045,Ue7310890b01058478be93761a56d0aa0,U86f5eea2a04935e38a8b7a4e779c9eba,video,delivered,2025-12-25 03:33:02,
a5ee3f9c-681e-415d-b703-6e87715e691f,2026-04-01,msg_00072,U4784fc8a8e1e4eb2435ad84e0ad052f2,U98f02f4614c6b73f2f5828daff5e81b4,image,delivered,2026-04-01 17:36:31,
65e84aaf-f5d9-42fc-9eef-b1e63d6eec5d,2026-02-20,msg_00048,Ue7310890b01058478be93761a56d0aa0,U6b8c60138f8b01fab0a1130558a4fe55,flex,delivered,2026-02-20 23:11:18,
de36cf57-a161-4426-ac2b-29564b4ea47d,2025-12-25,msg_00045,Ue7310890b01058478be93761a56d0aa0,U3cc65c01e7ec8247e6b36be131c39fad,video,delivered,2025-12-25 02:09:57,
ca8c2a51-f208-46e1-a9cc-7a2932993f9c,2025-11-30,msg_00025,Ub0341314a5534ea92b26fa8adc30543f,U79fd867bb1c734541db62d24b170eff5,imagemap,opened,2025-11-30 22:11:24,
39f8a303-211f-48b4-a7df-ab18cd7cab5f,2026-01-17,msg_00037,U7e808d11d6f9901a954a542a7ee09918,Ub9269706ae5d9f064b41b7c42f7295d0,text,opened,2026-01-17 08:02:02,
b29088e7-e5fb-48c6-9be9-ba74c300391e,2026-03-26,msg_00040,U3bae1603803a839c0cb52f511d9cb8f6,Ufbd72a67fd86823e5643de794053d177,imagemap,delivered,2026-03-24 20:08:41,
3e2f109e-709c-46ec-ac47-661a5a3916ed,2026-01-26,msg_00005,Ub0341314a5534ea92b26fa8adc30543f,U3d3f75d3313b35eef6422910da1fba79,image,opened,2026-01-26 04:27:41,
c4fb16bc-bf3b-429d-8cd7-f0cd018a7242,2026-02-05,msg_00107,U3bae1603803a839c0cb52f511d9cb8f6,U052ec88116df026f91fcd720a9e394c9,text,delivered,2026-02-05 01:08:02,
c2420079-c4ee-4446-b7c9-0c1c2c2294f7,2026-01-26,msg_00005,Ub0341314a5534ea92b26fa8adc30543f,U380e94fe3d9701c5fbecfea95f2fbb93,image,delivered,2026-01-26 20:38:08,
ba663a6f-2255-44f9-9916-cd6e79c576ec,2026-01-26,msg_00115,U3bae1603803a839c0cb52f511d9cb8f6,Uda07f9fffde95f1d7c62ac1b33b6b017,imagemap,clicked,2026-01-26 00:49:49,https://example-saas.jp/lp/newmenu
c0732986-427d-4e6d-b02c-6b0422676251,2026-02-15,msg_00006,U743849e63f8101ac616f8fd0ba84a167,Ua40262548009c81350040a75e630acf6,flex,delivered,2026-02-15 11:15:28,
7d18a708-adb7-470f-978f-400aaeddeb79,2026-03-29,msg_00097,Ub0341314a5534ea92b26fa8adc30543f,U199cbf03cdbf6cf57ae0bfcae65c837c,text,delivered,2026-03-29 22:45:04,
e3028805-ece0-43fb-b4c8-69b27d11ca37,2025-12-12,msg_00004,Ub0341314a5534ea92b26fa8adc30543f,Udb22fb861aa0c8bd00591cebcd411106,video,clicked,2025-12-12 06:21:04,
3a09f109-f00a-46ba-bca6-a3163a3b4d3c,2025-11-23,msg_00053,U743849e63f8101ac616f8fd0ba84a167,Ue226cb8d5a6fc46d0ffb9a07abcfe826,video,failed,2025-11-23 12:10:43,
d9faa8ae-57f8-4fc6-8c6a-e6fb3bade476,2026-03-03,msg_00093,U743849e63f8101ac616f8fd0ba84a167,4a661d9794d52002976798042a4bf9ce,imagemap,delivered,2026-03-03 13:48:39,
96f8cd55-c164-46dc-80ae-885f49105608,2026-03-08,msg_00112,U3bae1603803a839c0cb52f511d9cb8f6,140431d386f229d71f40338a13f48d73,image,delivered,2026-03-08 15:10:49,
391ecff7-28d0-4e21-b4d6-948a8bdf0f9b,2026-03-26,msg_00040,U3bae1603803a839c0cb52f511d9cb8f6,Ub31cd225cc71bd5629a65b30614bfed6,imagemap,opened,2026-03-26 06:36:49,
8a18ac7b-f93e-4ba3-a965-8156aa26fbe0,2026-01-24,msg_00066,U3bae1603803a839c0cb52f511d9cb8f6,U8f403f867d086b06dfedb04648a4579f,image,delivered,2026-01-24 00:43:00,
fd114952-2e1c-4b1a-ab39-488d69f1a6ef,2026-03-20,msg_00106,U3bae1603803a839c0cb52f511d9cb8f6,U9cf865e5afeb6f5259466edbb9dcb032,video,delivered,2026-03-20 11:21:22,
30e5ea5c-7167-47b6-8b42-b9a82f0809e0,2026-02-19,msg_00016,U837b70463a585f85743b5bfb3b49c9fd,U2542b4b51128c48c2d3a55f70d2ad142,flex,opened,2026-02-19 13:39:03,
f1bc4807-85a8-4c53-9749-ff9f8a72d374,2026-02-19,msg_00016,U837b70463a585f85743b5bfb3b49c9fd,U71d441b6dea6839923e77a65be3d4320,flex,delivered,2026-02-19 11:26:13,
c745fec2-2f2b-4c46-91d1-5f99fd89d9ee,2026-02-20,msg_00017,U22a93bc29b1df104af6b1ba1cd91fc56,U6a3d7543843548dc5ca18d35aeec3ed0,video,opened,2026-02-20 03:22:05,
80eeeeaf-40bb-4ecc-a122-5333c384528c,2026-03-27,msg_00096,U476acbdef8e9a16d24575e4f6d7b0f31,U09fe94aad433e949d582ab0e5d7064fe,imagemap,delivered,2026-03-27 20:01:00,
54ce1d6d-c04e-43ec-a100-bf433a0e95ec,2025-11-27,msg_00018,U3e5dd3a641c58ad50e49f095c6f1e306,U72908fd45e328ebf7c3cefde571d33c4,imagemap,opened,2025-11-27 16:41:27,
38e08c9e-0398-44cf-adc2-dd39898659a2,2025-12-12,msg_00004,Ub0341314a5534ea92b26fa8adc30543f,Ud99caff80cd7b0caf7bdd66dc59adb6c,video,delivered,2025-12-12 07:15:03,
b2dc2934-3844-42c9-9c4d-d2798717f756,2026-03-11,msg_00067,U7e808d11d6f9901a954a542a7ee09918,Uc628909427124c0fb11a93f5b95470fc,video,delivered,2026-03-11 14:01:55,
33f223fa-7574-4b21-a14a-658ceb6fea2f,2026-03-03,msg_00093,U743849e63f8101ac616f8fd0ba84a167,U59acea8c64de654c0e1cec10934716e8,imagemap,clicked,2026-03-03 08:21:58,
a69f8ac2-2441-4684-a11c-a3a01d534165,2025-12-15,msg_00030,U3bae1603803a839c0cb52f511d9cb8f6,U1a57e99f66ee0dd813550c9b5767645a,video,delivered,2025-12-15 20:45:31,
00a780dd-c3c8-405f-a7a3-29a002f96f1d,2026-02-14,msg_00098,U743849e63f8101ac616f8fd0ba84a167,U7d8d6e0d8d09983f7ec7b6bc73703a59,imagemap,opened,2026-02-14 06:54:49,
d0636281-079b-4b9a-aecb-32a3b66fabf0,2026-03-21,msg_00023,U743849e63f8101ac616f8fd0ba84a167,U9cc7abd5f648555243598e2576db70b0,imagemap,clicked,2026-03-21 12:26:11,https://example-saas.jp/lp/newmenu
3d6ab8d7-358b-481d-acab-9cc383656981,2026-02-20,msg_00017,U22a93bc29b1df104af6b1ba1cd91fc56,320406bc0c8ff93ee1c069953da4629b,video,clicked,2026-02-20 21:49:14,https://example-saas.jp/lp/newmenu
27670be6-ff0f-4023-8181-7c27f2d382d0,2026-03-23,msg_00116,Ud4a92c8c8050eed40ef171cc2784d638,Uc4b58b6283162ab3b99350daac0cd294,text,delivered,2026-03-23 15:32:49,
5efd7472-5004-41a8-9c31-adfe37dac3e3,2026-01-31,msg_00035,U7e808d11d6f9901a954a542a7ee09918,e3f740bec9ed680a42842502f450473a,text,delivered,2026-01-31 14:41:18,
bda6ef2e-f275-4776-9ef6-b9790c9173ce,2026-01-30,msg_00050,U3e5dd3a641c58ad50e49f095c6f1e306,U0ef20cce1ede8a9766a583b201d2a14a,image,failed,2026-01-30 16:15:00,
a886e536-5dbf-42c3-a24b-1b0aa8fd72ab,2026-01-02,msg_00070,Ud7cd4c737b35e126236570d6cf0e97f4,U47d8605f457ec6485b1a33f977145880,flex,delivered,2026-01-02 00:41:35,https://example-saas.jp/coupon/500off
ef90fea0-b383-4dba-99a8-8e513124ea99,2025-11-21,msg_00010,Ue7310890b01058478be93761a56d0aa0,U4e5636ecd1382557dc9453acac6ddb94,imagemap,delivered,2025-11-21 11:58:09,
96c67e3d-7709-4027-bbec-5b54319ac3e4,2025-12-23,msg_00109,Ue7310890b01058478be93761a56d0aa0,U2dbce7a30b3c109cedda5dbc92b999c0,text,delivered,2025-12-23 09:05:57,
386e6c38-d0bc-4b82-876d-a4bd97ac0456,2025-12-18,msg_00070,Ue9a1e8a5b83a6b296d43c957a8cfba4a,Ua533101f643b50fcd618c83d671ef6ea,imagemap,delivered,2025-12-18 22:47:59,
acade24d-5244-455a-9c22-4b34270ef1ef,2026-03-06,msg_00068,Ub0341314a5534ea92b26fa8adc30543f,U72f75b6e5cf4cdb68580f28283921c40,video,delivered,2026-03-06 06:47:47,
939e3ff2-ad1c-461a-bff8-7f73bb914f63,2026-02-20,msg_00036,U879eb903ad90cd9c2874f6df7651267a,U053b1fac1a1a49859a8f3f5a1d6005f3,video,delivered,2026-02-20 06:13:06,
8a0a4fd0-523c-439a-b5a2-a47728204b97,2026-01-07,msg_00110,Ub0341314a5534ea92b26fa8adc30543f,U1ed031d31cdc9408575f17b356916b26,video,delivered,2026-01-07 10:11:06,
46c93a6c-3b41-4a8a-9490-f45606afaf25,2026-01-26,msg_00005,Ub0341314a5534ea92b26fa8adc30543f,U3feddbca131e860ea245421f99c904d4,image,delivered,2026-01-26 14:20:55,
90b3fb49-c1e2-4cf7-abd0-7e0e018c91d5,2025-12-12,msg_00004,Ub0341314a5534ea92b26fa8adc30543f,Uebd671d4ea5b7081773aed898b032752,video,opened,2025-12-13 01:01:25,
00f9290a-9123-4fc6-85fe-ca010e423acf,2025-11-21,msg_00010,Ue7310890b01058478be93761a56d0aa0,U84b6f4804d30f89e4ee0eb8d7fbf43eb,imagemap,delivered,2025-11-21 09:48:02,
1f9f44b8-89eb-4f88-9197-3a534ff04778,2025-12-12,msg_00004,Ub0341314a5534ea92b26fa8adc30543f,Uadbc00110e96fba13344f7144d7bfa01,video,opened,2025-12-12 20:36:46,
3dd60be2-499d-440f-9567-2b38b42ab3a4,2025-12-25,msg_00077,U743849e63f8101ac616f8fd0ba84a167,U84d612a23630cd623a7fedb52f149435,text,delivered,2025-12-25 22:55:01,
f43aafcf-f53d-449c-b5d9-42ee996ed4ad,2026-02-08,msg_00051,U3bae1603803a839c0cb52f511d9cb8f6,Ufb15c97dc763bd85d20d9e16f54f2fda,image,delivered,2026-02-08 04:04:03,
b22ea123-f472-44f7-803b-ecd4fd21d15b,2026-03-31,msg_00046,U4784fc8a8e1e4eb2435ad84e0ad052f2,U874d2cc325ef66d77dbacd7f2465040f,flex,delivered,2026-03-31 23:52:55,
5c2276ae-f78c-4928-958c-30c5ebb55d0f,2026-04-01,msg_00072,U4784fc8a8e1e4eb2435ad84e0ad052f2,U79b0c2d1255e42c294aa76cc573b92a2,image,delivered,2026-04-01 08:37:31,
e6b0d407-390e-4eef-90ce-abebee3490ec,2025-12-21,msg_00022,U3bae1603803a839c0cb52f511d9cb8f6,U10b6dd097be2db1ff96e03531a206c50,video,opened,2025-12-21 14:15:56,
21bb5bec-092a-4fae-a5ef-5b2e3666b099,2025-11-23,msg_00024,Ue8d9224ecde331ce692edfce0b5ecdc4,U5ba8a39b159c1e0ec08c4627e93fd104,text,delivered,2025-11-23 13:30:43,
6b1a0484-0380-4886-8e22-fdc73289a1fa,2026-03-22,msg_00119,U3bae1603803a839c0cb52f511d9cb8f6,U28fd031493d10109838aed282ceb4466,imagemap,clicked,2026-03-22 00:41:45,https://example-saas.jp/lp/newmenu
f6697e85-fbc2-4fe4-9ade-7db2a832afc8,2026-02-20,msg_00048,Ue7310890b01058478be93761a56d0aa0,U4fa210d1e5f6a8bdc06d8863fa769d1e,flex,blocked,2026-02-20 19:39:04,
8331108d-9f3e-407b-80d7-e33a18a79344,2026-03-08,msg_00112,U3bae1603803a839c0cb52f511d9cb8f6,U36f2ccbfb1f4cba739f52aeead1fb4b2,image,delivered,2026-03-08 08:33:44,
674dc43a-2456-4c57-bd2d-6a9b6f7e51fa,2025-12-21,msg_00022,U3bae1603803a839c0cb52f511d9cb8f6,U0508ed17db13a57c40e99e43ac174a93,video,opened,2025-12-21 11:01:40,
994e8a42-418a-456a-9734-f103bf954b61,2026-03-27,msg_00096,U476acbdef8e9a16d24575e4f6d7b0f31,U653cf18faca60b1655c8658e9ff5c82f,imagemap,opened,2026-03-27 04:13:09,
95dc634c-bea9-4b38-9209-36a8aeaf92a4,2026-01-24,msg_00113,Ub0341314a5534ea92b26fa8adc30543f,U86a020158ab44f35659da2fbaad46e0b,text,opened,2026-01-24 02:23:32,
765c3a07-14c1-448e-9e9e-bb74e49f4a89,2026-04-04,msg_00049,U476acbdef8e9a16d24575e4f6d7b0f31,U75f102f08975ef74f1b7dc0096a4c6d5,text,delivered,2026-04-04 21:05:01,
383e8b1d-1f92-4488-ae9d-230965064776,2026-03-20,msg_00057,Ub0341314a5534ea92b26fa8adc30543f,U55cde757f5c14e81c73c86fe4135f6db,video,delivered,2026-03-20 18:17:45,
1f3b4907-af96-48af-ad62-8811694c9df2,2026-03-06,msg_00068,Ub0341314a5534ea92b26fa8adc30543f,U90ba0653cf7042313774b717ab033617,video,opened,2026-03-06 02:41:10,
45c178ec-d230-4bb0-864f-341ae30542cc,2026-02-20,msg_00017,U22a93bc29b1df104af6b1ba1cd91fc56,dd0ce2fe2522186cc7f5f6aec35c09c5,video,delivered,2026-02-20 10:08:56,
1822683c-4e96-41ff-a9a3-633d2f9631d3,2026-03-16,msg_00002,U3bae1603803a839c0cb52f511d9cb8f6,U3dd4957110da21a8970ba2302f124022,text,delivered,2026-03-16 04:14:37,
62d6491c-9931-4511-af1e-cf6a53311938,2026-01-24,msg_00113,Ub0341314a5534ea92b26fa8adc30543f,Uf8430bda68637492a6d85b220e503797,text,delivered,2026-01-24 07:46:11,
fb0e489c-aded-4fa6-b59a-f598a39a6b16,2026-03-20,msg_00092,U743849e63f8101ac616f8fd0ba84a167,Ucac3982987c56db55a47518c38831d4d,video,delivered,2026-03-20 12:57:53,
414e486d-b7e6-45c8-a2f4-0a8d2d9b4a4e,2026-02-07,msg_00090,U4784fc8a8e1e4eb2435ad84e0ad052f2,Ua303f3f6ab24d90a47a99f6ba9053fcc,imagemap,opened,2026-02-08 01:05:34,
9b942bd9-0402-463f-8c61-8c93af6d97b7,2025-12-23,msg_00109,Ue7310890b01058478be93761a56d0aa0,U98cf12aba810b4f3457f250df433e3bc,text,delivered,2025-12-23 19:47:49,
66e6f285-a28a-4dea-9a4e-84acc4f929b5,2026-01-14,msg_00081,Ue7310890b01058478be93761a56d0aa0,U7ad84aa432f5f0ac0cc858bc377135fc,video,opened,2026-01-14 07:55:46,
a9133407-1032-45a2-9a37-5c100c18379a,2025-11-27,msg_00018,U3e5dd3a641c58ad50e49f095c6f1e306,U4c1dab064c897d85a0662700bad90bb8,imagemap,delivered,2025-11-27 16:24:50,
467ce1b3-0eb2-4a4b-b0dc-d0d10cd20de8,2025-11-16,msg_00020,U3bae1603803a839c0cb52f511d9cb8f6,Ua6361ac6c30491ebfd0d0d4d028f7e48,text,opened,2025-11-16 19:45:56,
bae6bb6e-ab36-44ee-a350-fcfdd8ec4dd6,2026-03-22,msg_00119,U3bae1603803a839c0cb52f511d9cb8f6,abce37d94f2522fe4ba6b664d5c8c060,imagemap,delivered,2026-03-22 13:05:35,
2e1bafe1-f62a-420d-a85f-b769ad27ba79,2026-03-11,msg_00067,U7e808d11d6f9901a954a542a7ee09918,U4b8b56961212d9c72a97ae28f53d15d6,video,delivered,2026-03-11 02:15:40,
b245d672-705f-4313-ab50-01980f146b7f,2026-03-06,msg_00055,U3bae1603803a839c0cb52f511d9cb8f6,c21d194c004bf83b31380b55c5907f63,flex,delivered,2026-03-06 12:50:15,
21362d28-7425-44c7-9424-6c633c249eb2,2025-12-09,msg_00059,U3bae1603803a839c0cb52f511d9cb8f6,U6e203bddcdfda271b881375233f24216,imagemap,opened,2025-12-09 15:31:00,
66002919-06ea-427f-addf-f2426d58ce8b,2026-01-26,msg_00086,U4784fc8a8e1e4eb2435ad84e0ad052f2,U98477c5363df4f943e72776afd1e434d,text,opened,2026-01-26 14:49:38,
0dd69438-4235-4065-9e03-a417f443c715,2025-11-22,msg_00047,Ue7310890b01058478be93761a56d0aa0,3c0c7510aa3d08fea72d0bf87962f68f,video,delivered,2025-11-22 09:51:28,
b94d1b62-3507-4c05-bae3-aa723bdec57e,2026-04-08,msg_00078,Ud4a92c8c8050eed40ef171cc2784d638,Ufb888c4009d5f112bfe642840f4d83ed,image,delivered,2026-04-08 01:25:23,
b275fc65-c589-4274-97eb-e064521bd2fc,2026-03-21,msg_00023,U743849e63f8101ac616f8fd0ba84a167,U0e675c01e83935132c0cccd7259d3556,imagemap,opened,2026-03-21 04:34:29,
c0009ffb-e5a3-450d-92ac-7223762e9d85,2026-03-27,msg_00096,U476acbdef8e9a16d24575e4f6d7b0f31,Ua48aa7a441cfddbda3c65875ee002d6d,imagemap,delivered,2026-03-27 05:55:47,
dafb1a18-3e2e-43fa-8128-f5eaa12c38cc,2026-03-23,msg_00116,Ud4a92c8c8050eed40ef171cc2784d638,Ub25979d4f765ab5de8921b32ab630de0,text,opened,2026-03-23 09:28:34,
a75a2bc8-5089-4c62-8b2c-2e4578f217ab,2026-01-24,msg_00007,Ub0341314a5534ea92b26fa8adc30543f,Udd5a7daeb7ee1529f5c8b7aabeac7bd0,imagemap,opened,2026-01-24 07:35:58,
1d276a6e-28e4-48b0-aa3a-408e8b32c3bb,2025-11-22,msg_00047,Ue7310890b01058478be93761a56d0aa0,U08e683a6408d29e4a63c762ecedd4f09,video,opened,2025-11-22 01:07:56,
80b21d2a-7ed1-4890-8738-25b67adf73a4,2025-11-23,msg_00053,U743849e63f8101ac616f8fd0ba84a167,U8c9578588e581c75f27e8bbdc20f6568,video,clicked,2025-11-23 05:28:44,https://example-saas.jp/lp/newmenu
b2a7499f-eb4a-48df-820b-185f214a3e35,2026-01-26,msg_00103,U3bae1603803a839c0cb52f511d9cb8f6,U01eca704a0871f1c9b719657f6400845,flex,opened,2026-01-26 13:30:52,
9024c838-7f3b-4cba-9868-5fcd19d734de,2026-02-08,msg_00051,U3bae1603803a839c0cb52f511d9cb8f6,U7ab7be13967035d45f9140738ecb03e6,image,opened,2026-02-08 04:55:48,
a668a449-1a31-42c6-93bb-55b0aef9f167,2026-03-23,msg_00116,Ud4a92c8c8050eed40ef171cc2784d638,Ue4b8c8764b403e55c2d49da12f37e63b,text,delivered,2026-03-23 13:09:06,
dfea786d-f71f-40ae-b6c5-b987f775be02,2025-11-21,msg_00010,Ue7310890b01058478be93761a56d0aa0,Ua2564edc7a06c8962efbb4e79c90285f,imagemap,opened,2025-11-21 02:00:24,
9f2e9d08-d440-4830-9e9d-d7c0829750d1,2025-11-30,msg_00025,Ub0341314a5534ea92b26fa8adc30543f,U6944954019531b09f449c038b5ee3a3f,imagemap,delivered,2025-11-30 21:26:29,
3e173223-99d1-4c50-aa0b-b7cff09ff5e0,2026-01-26,msg_00063,Ub0341314a5534ea92b26fa8adc30543f,U0930276273bee4160d91d22673044e59,imagemap,opened,2026-01-26 20:25:06,
2839ef2a-bd5e-4f34-8ca1-4e1600c8f708,2026-02-08,msg_00051,U3bae1603803a839c0cb52f511d9cb8f6,Uee0b8ebdffe5157f02d7d9a9ddf45ff0,image,delivered,2026-02-08 10:21:14,
544b39cb-cfd5-4057-9063-4b4a1606aa8d,2025-12-31,msg_00082,U227d1cd1a801c367de206ec4bbca7330,U9d353858b38c2b2da4006899602568ec,imagemap,delivered,2025-12-31 13:40:27,
12d94f8e-3572-4e60-baff-b27ff6190702,2026-04-10,msg_00101,U743849e63f8101ac616f8fd0ba84a167,Uf3ff0345ba0313cf092558d78af29577,imagemap,opened,2026-04-10 23:55:20,
cbc7c7e7-fecf-4714-82e5-6e3b72dd3bd6,2025-12-19,msg_00118,U4784fc8a8e1e4eb2435ad84e0ad052f2,Ua1cf48164284d936106589d8cd593fd2,image,opened,2025-12-19 08:36:07,
398a2dcc-412e-4791-8cb8-ec6d130f1a73,2025-11-21,msg_00010,Ue7310890b01058478be93761a56d0aa0,Ub0583843fd77c25ea0600c5963f3d87e,imagemap,delivered,2025-11-21 00:44:35,
658a9a00-a824-4d91-9529-1bd96624a7ad,2025-11-27,msg_00018,U3e5dd3a641c58ad50e49f095c6f1e306,Ubcee51c3339693a27a3150e4bfa85a7d,imagemap,delivered,2025-11-27 06:22:26,
7441e366-a4fe-48b9-88b5-5bd130382ec0,2026-03-14,msg_00009,U743849e63f8101ac616f8fd0ba84a167,U130587a104481ad3c67a88436e2d8883,imagemap,delivered,2026-03-14 11:36:39,
10a3df4f-61f4-47b2-8244-d4bcb3891214,2026-03-14,msg_00009,U743849e63f8101ac616f8fd0ba84a167,Uda87d0d7959d1a7c4b2627659e7b8de5,imagemap,opened,2026-03-14 16:57:50,
a965be3d-8ccc-43ee-9503-390ee06c388a,2026-03-08,msg_00112,U3bae1603803a839c0cb52f511d9cb8f6,Ua6c602fc20e3995d4adbfdee37f1cf1e,image,delivered,2026-03-08 07:44:41,
39522ed9-a066-48e4-b2c1-8ea3c3d6ccf2,2026-03-15,msg_00081,U3bae1603803a839c0cb52f511d9cb8f6,U5d3408735f26332d968307b00a89e88a,flex,CLICK,2026-03-15 15:38:08,
fe540142-3b02-4d76-a92f-1c1402e4e7a5,2026-02-24,msg_00039,U743849e63f8101ac616f8fd0ba84a167,U7c090f5edde2a4010d35a111105b9ab1,flex,opened,2026-02-24 10:29:20,
d50077fa-7bbb-4d60-a075-ca6ca00dff18,2026-02-20,msg_00048,Ue7310890b01058478be93761a56d0aa0,Udb79393cfdac3f344ee561d567a14d1a,flex,delivered,2026-02-20 02:33:54,
957ab30a-2b22-42c7-a771-a216d51e7fa4,2026-01-24,msg_00113,Ub0341314a5534ea92b26fa8adc30543f,Ud3b6dbfda275ea2f594ebcfb95c69958,text,opened,2026-01-24 21:26:55,
05b9b7bd-5596-44e2-a68a-09d3edfe9b17,2026-04-12,msg_00105,Ud4a92c8c8050eed40ef171cc2784d638,U25a55a4e121beedd8f2973ea54b59211,flex,delivered,2026-04-12 22:19:44,
9e39e7b6-50d3-47f9-bf43-7cbe3f482bcd,2026-03-26,msg_00040,U3bae1603803a839c0cb52f511d9cb8f6,U01996328729e650c77747c9e5a0676d6,imagemap,delivered,2026-03-25 22:41:00,
b81ccb16-2892-47ea-b3c2-ced8ea3dbac7,2025-12-14,msg_00085,U743849e63f8101ac616f8fd0ba84a167,U7a08b43e7659c22ede88f1edd7205491,image,opened,2025-12-14 09:39:38,
9cb8fb27-0557-4459-9014-82751e494ae4,2026-01-13,msg_00060,U3bae1603803a839c0cb52f511d9cb8f6,Ub9067389442d22a2e2566a9d2361e195,image,delivered,2026-01-13 08:44:19,
2e4afb6c-6a99-47cc-9042-935804a503d5,2026-02-28,msg_00117,U743849e63f8101ac616f8fd0ba84a167,U36a7a3d99cc8dccc3a335cc1e180b25c,video,delivered,2026-02-28 16:42:17,
064883b4-37da-49be-b837-ace7bcc2dbfb,2025-12-25,msg_00077,U743849e63f8101ac616f8fd0ba84a167,U74717dca9a33901cba6e10dde0433f38,text,delivered,2025-12-25 09:47:47,
12c6cb33-be19-4a89-963c-933d360ababb,2025-11-23,msg_00053,U743849e63f8101ac616f8fd0ba84a167,Ubf38c1ce607af331659e89e62d1ff254,video,opened,2025-11-23 17:30:12,
eb298494-b770-439d-ad02-0bf533024d8c,2026-03-04,msg_00056,U1ca413826b7044d134c9c3132420c9de,Udbeef15a60fbf19c8f433de6c311f902,text,delivered,2026-03-04 01:02:09,
07a2de96-6bc3-42dd-bc99-11bddc7d779a,2026-02-15,msg_00006,U743849e63f8101ac616f8fd0ba84a167,Uc47b753cfa7350a5b927bb27d69b4063,flex,opened,2026-02-15 12:43:49,
8d5199d6-2e34-4ea3-a5f2-706932ed854c,2025-11-17,msg_00099,U3bae1603803a839c0cb52f511d9cb8f6,U66bc2925b9131cbaeac8de858f6ad4fc,text,delivered,2025-11-17 19:15:50,
fb8e7a6f-4898-4de1-8aed-569f54f3ae74,2025-12-24,msg_00091,U3bae1603803a839c0cb52f511d9cb8f6,Uad9066b71b630c8aa256b35938cb1ec0,imagemap,delivered,2025-12-24 23:17:04,
6669db7b-a7c7-4d2d-b355-44963615e315,2026-01-24,msg_00007,Ub0341314a5534ea92b26fa8adc30543f,U9592c928e4e533bad8e643de7108695a,imagemap,opened,2026-01-24 22:43:49,
9763e410-49d2-4382-9ce8-471c6a8802f2,2025-12-23,msg_00109,Ue7310890b01058478be93761a56d0aa0,Ub7ea096af729ff057e402d8c2d59de7d,text,opened,2025-12-23 13:50:30,
df6fad81-d971-4f31-85d9-5fcfb211cd4f,2025-11-21,msg_00010,Ue7310890b01058478be93761a56d0aa0,U0260cb9a0bb676c8a055ca5328ed876f,imagemap,delivered,2025-11-21 19:37:58,
a6d4b5fd-7aa1-4df4-a51c-f5453881ba53,2025-11-23,msg_00053,U743849e63f8101ac616f8fd0ba84a167,Ue83f51bd1423cf88a0771c6e1fa99823,video,opened,2025-11-23 20:10:51,
96918c19-a1e0-4b40-94cc-5c2752adf4ac,2026-04-08,msg_00078,Ud4a92c8c8050eed40ef171cc2784d638,U00a65752863702ef3aa34fb79895ec76,image,delivered,2026-04-08 21:10:37,
f3796485-6d92-44bd-905f-5da4d6b1402e,2026-01-24,msg_00066,U3bae1603803a839c0cb52f511d9cb8f6,e0711e0a3dc371bf4fb238676e546679,image,clicked,2026-01-24 08:29:08,https://example-saas.jp/survey
da7cd429-19c7-4660-afb0-e471f0567f55,2025-12-21,msg_00022,U3bae1603803a839c0cb52f511d9cb8f6,U886166cd7c421efcec14916d13372009,video,delivered,2025-12-21 14:42:21,
a64a8767-7d8a-4d7e-97f8-5fe9c24705ab,2026-01-18,msg_00102,U227d1cd1a801c367de206ec4bbca7330,U69678f6e473017d46348613019a27e13,video,delivered,2026-01-18 06:21:21,
47f53793-af4e-4be7-b600-0f0c83497bce,2026-03-06,msg_00068,Ub0341314a5534ea92b26fa8adc30543f,Ue8c44633c58558331d1cf13eeaaa206f,video,delivered,2026-03-06 16:41:40,
6522d626-df3e-46c9-bbb9-f62d83f72946,2025-11-23,msg_00053,U743849e63f8101ac616f8fd0ba84a167,U02f8282152637abf1608e05c5a8c6fab,video,opened,2025-11-23 16:44:31,
030f8605-4e73-48f9-bc06-50f652366527,2026-03-08,msg_00112,U3bae1603803a839c0cb52f511d9cb8f6,U11859ab68716179162fc4bd4e1486637,image,delivered,2026-03-08 10:29:05,
9057fc80-5ad7-4891-9f15-9a6fcf8f9efc,2026-02-14,msg_00065,U743849e63f8101ac616f8fd0ba84a167,U759c5ecc01afbe1971753f498c12b34d,image,delivered,2026-02-14 16:45:04,
24727aa3-05f7-4ec2-9abe-f51f7709aaa8,2026-02-15,msg_00089,U3bae1603803a839c0cb52f511d9cb8f6,U7d06f79824aef01488c6b892a6697948,text,delivered,2026-02-15 21:22:09,
aff69792-25aa-4acd-9914-16981471b878,2026-03-11,msg_00104,Ub0341314a5534ea92b26fa8adc30543f,U858cf64134fdc073f46e9c3bb351d154,image,delivered,2026-03-11 03:22:16,
45bbe340-2419-44f4-a92a-63daf5482c64,2026-01-09,msg_00052,U743849e63f8101ac616f8fd0ba84a167,U63f5d01b3d0fac5c95cf2e7efcb0cfa1,video,clicked,2026-01-09 17:09:05,https://example-saas.jp/lp/newmenu
32f3757e-7803-4b8c-8852-e0f619762e79,2026-01-24,msg_00007,Ub0341314a5534ea92b26fa8adc30543f,Udd5a7daeb7ee1529f5c8b7aabeac7bd0,imagemap,delivered,2026-01-24 07:37:56,
11613a46-f7a8-40b9-b3ba-e57acc32c7ea,2026-03-03,msg_00093,U743849e63f8101ac616f8fd0ba84a167,U409475e131a1a62df6efb1d308c44213,imagemap,opened,2026-03-03 15:13:02,
660a10a0-e03a-4588-98a4-738efd93db27,2026-04-01,msg_00072,U4784fc8a8e1e4eb2435ad84e0ad052f2,Ua738b207eed5ae58790ca2fd3a5fd777,image,delivered,2026-04-01 01:19:26,
e872fef5-a548-4c3b-8637-c6bd0fee402e,2025-12-31,msg_00082,U227d1cd1a801c367de206ec4bbca7330,Ua990d8cd4332aa7188bcf284df092ea8,imagemap,delivered,2025-12-31 11:40:10,
d5ee4fef-30ff-41db-8d37-510fe3b5faa5,2026-02-14,msg_00098,U743849e63f8101ac616f8fd0ba84a167,Uc8aad4cfc2e3586a2dd61fe7f3fe5df7,imagemap,delivered,2026-02-14 11:12:19,
139136f9-7af0-4f61-ba68-5e9c7796b4f4,2026-03-23,msg_00073,Ud4a92c8c8050eed40ef171cc2784d638,Uceb87c834056706ca30158a2544d5661,imagemap,clicked,2026-03-23 10:53:25,https://example-saas.jp/coupon/500off
c6dd1325-8c0e-4d2f-8b44-dfa4ba356036,2026-01-09,msg_00052,U743849e63f8101ac616f8fd0ba84a167,U2fd8940ae9e5560f7573446c10dcf078,video,delivered,2026-01-09 15:18:08,
77876c88-b655-400e-b2b9-7428a0fd7404,2026-01-18,msg_00102,U227d1cd1a801c367de206ec4bbca7330,Uf3a3f2ed66fa378d646d2f39d0ca0be3,video,delivered,2026-01-18 09:05:51,
eaf16867-3489-45b4-8ec6-025126455db4,2026-01-07,msg_00110,Ub0341314a5534ea92b26fa8adc30543f,Ud251a95edd06ad93214d33fb49f7f399,video,clicked,2026-01-07 03:17:07,https://example-saas.jp/coupon/500off
ed7444da-d284-4eb7-bd68-35650ba50cbf,2026-02-07,msg_00090,U4784fc8a8e1e4eb2435ad84e0ad052f2,U065faee98fe54f09398b1d14fdf94359,imagemap,delivered,2026-02-07 17:30:38,
70e568c8-cddc-4210-a46d-429a94545258,2025-12-23,msg_00109,Ue7310890b01058478be93761a56d0aa0,U975c3dd78d8bed00fc0faf445d10c58d,text,delivered,2025-12-23 02:19:38,
7b27fd83-8d52-4e94-8878-76c38d640f14,2026-02-08,msg_00051,U3bae1603803a839c0cb52f511d9cb8f6,U7a1f1bc66fee6be42ce41354cfbdb3e2,image,opened,2026-02-08 18:00:45,
59a779f8-2cc9-4b78-80d4-5167b4b66375,2025-11-16,msg_00020,U3bae1603803a839c0cb52f511d9cb8f6,b1620df863f4405f367874e382f6b318,text,clicked,2025-11-16 23:36:53,https://example-saas.jp/coupon/500off
82f7155b-7882-4224-af57-0f2c1e64a9e8,2026-01-01,msg_00027,U4784fc8a8e1e4eb2435ad84e0ad052f2,Ub2e0f96125a03b16169e794c68ed4071,image,delivered,2026-01-01 04:15:45,
666dab2d-13ac-49d3-9ad3-b0297f3529ea,2026-03-27,msg_00096,U476acbdef8e9a16d24575e4f6d7b0f31,U653cf18faca60b1655c8658e9ff5c82f,imagemap,delivered,2026-03-27 03:55:41,
fe6d8730-327f-42af-9818-0fdbdc7cb217,2026-03-27,msg_00096,U476acbdef8e9a16d24575e4f6d7b0f31,Ubfc924e6ed02fe1185f07acc28ef760a,imagemap,opened,2026-03-27 03:52:18,
ee1e4c2c-df28-438b-b742-0cf99ff3a7d5,2025-12-24,msg_00062,Ub0341314a5534ea92b26fa8adc30543f,6fd1dc8da53b8524cd65b5a52f22ab55,video,delivered,2025-12-24 21:13:34,
22dd4d68-fb71-4c54-9ea5-9a650f44e2cd,2025-12-24,msg_00091,U3bae1603803a839c0cb52f511d9cb8f6,Ua520fc3a4ee96199cc1c963458b92198,imagemap,delivered,2025-12-24 21:12:59,
7f273de0-9f02-4962-98f2-b6f3f20b0c56,2025-12-21,msg_00022,U3bae1603803a839c0cb52f511d9cb8f6,Uf92e2e647f666352856f77d0634a7fdd,video,opened,2025-12-21 11:54:55,
a47dcebc-36d0-4198-b5f3-e8d4306a8d02,2025-12-14,msg_00085,U743849e63f8101ac616f8fd0ba84a167,U815669093ac5c1adbe3ccb8842d1dd1c,image,delivered,2025-12-14 05:28:41,
5b4eea31-a056-4201-9653-5cf29c5ab14e,2026-04-06,msg_00074,U3bae1603803a839c0cb52f511d9cb8f6,U07039f5f6c70f1f4b80c59d257998c11,text,delivered,2026-04-06 07:04:02,
56b282bb-9c93-48c9-98e2-38e6eb0a6dfd,2025-12-31,msg_00082,U227d1cd1a801c367de206ec4bbca7330,U8c527d11e7b0d687a58411ea5094ca38,imagemap,delivered,2025-12-31 10:38:10,
ef9269b2-f14b-44a2-8914-8ee23d2907ab,2026-03-14,msg_00009,U743849e63f8101ac616f8fd0ba84a167,52121c9e72ba143ebc706be619796dc4,imagemap,opened,2026-03-14 02:02:43,
b38560d9-88e7-4c20-bb96-79725198dd60,2025-11-16,msg_00020,U3bae1603803a839c0cb52f511d9cb8f6,Udb097bb74abbee12fe868bac3b4a2fe7,text,delivered,2025-11-16 02:11:13,
9d7b40c7-7248-4d89-a599-16a8092237b2,2026-02-14,msg_00042,U3bae1603803a839c0cb52f511d9cb8f6,U2c2e711eb5b2fc0636091bf1fe27db6a,video,opened,2026-02-14 18:36:39,
477f3f7a-f22e-4006-ac34-b9cc035b4f15,2026-01-26,msg_00103,U3bae1603803a839c0cb52f511d9cb8f6,Udf0c204cbdff0f4fcccb199ab1cd21dd,flex,delivered,2026-01-26 07:38:49,
7cecf9fd-e2b4-48df-823e-80db76e84fe7,2025-12-09,msg_00094,U227d1cd1a801c367de206ec4bbca7330,e1debdb30b37ab008aff9edcb9d0d273,flex,blocked,2025-12-09 04:46:10,
54635e6d-b7bc-4420-8832-599b1fa80739,2026-01-14,msg_00081,Ue7310890b01058478be93761a56d0aa0,U5cb03512b0f8224629937be2abb004c8,video,opened,2026-01-14 04:38:09,
31dd7bca-96e0-4e9a-add5-0eb2183a8050,2025-12-07,msg_00003,U227d1cd1a801c367de206ec4bbca7330,U0f9fee1a98a80c74683bf1514ed70626,image,delivered,2025-12-07 17:35:23,
12099f7c-7a70-4a10-ae42-d2a6f6e9e3a3,2026-04-04,msg_00100,U743849e63f8101ac616f8fd0ba84a167,Uab011409ca1a52d4ad8c54bc1a0e42cc,image,delivered,2026-04-04 15:56:49,
87bb6999-f1de-494a-add5-9c01fe2be7ae,2025-12-22,msg_00013,Ub0341314a5534ea92b26fa8adc30543f,0d922ca6218e881bb43f7b04d755b4bc,image,opened,2025-12-22 16:44:18,
47e7afb1-1b1d-4ea3-80b1-03a76d88136b,2025-12-17,msg_00032,U3bae1603803a839c0cb52f511d9cb8f6,U9824ff7da054bb2de16b2469fb356aed,video,delivered,2025-12-17 07:42:06,
988a49df-745a-493f-81b9-fd3fecd7e4c8,2025-11-16,msg_00020,U3bae1603803a839c0cb52f511d9cb8f6,Ua0cbf0f3246d94e5b568347dee4cbb8c,text,delivered,2025-11-16 17:58:16,
23f6c8ec-b620-4afa-baa3-8a8b0b413189,2026-04-04,msg_00100,U743849e63f8101ac616f8fd0ba84a167,Udb80c36139372c095d036741b3b190e7,image,failed,2026-04-04 09:01:46,
9954e73e-6676-41da-9a7f-1f0ece7db8cb,2025-12-22,msg_00013,Ub0341314a5534ea92b26fa8adc30543f,Uf8b3c9d373b4455daff705c35946ac23,image,delivered,2025-12-22 18:42:27,
735ae734-8528-4e2e-9bab-2d26b6c36516,2025-11-23,msg_00053,U743849e63f8101ac616f8fd0ba84a167,Uff012ca5670326cb36945fa642b9e53b,video,delivered,2025-11-23 18:27:47,
e754a560-1606-492e-8f29-5c5468bd8a1f,2025-11-16,msg_00020,U3bae1603803a839c0cb52f511d9cb8f6,Ue9f88ad1b9c4baa3b650410f59a6a2fc,text,clicked,2025-11-16 02:50:11,https://example-saas.jp/lp/newmenu
e993a6dd-2f4f-4c1b-805e-3ec7e2dd4023,2025-12-19,msg_00064,Ub0341314a5534ea92b26fa8adc30543f,U1f56d2a8fce752998b9395e0fdff25ba,image,opened,2025-12-19 12:35:04,
b748ca6f-8251-48b7-a105-2aadf59dc7d0,2026-01-31,msg_00035,U7e808d11d6f9901a954a542a7ee09918,Uf6ef475565631835e2631f8f27f3652c,text,delivered,2026-01-31 10:08:05,
7fedaf75-8aee-4d62-be89-0ec67ce7b5ee,2026-01-26,msg_00086,U4784fc8a8e1e4eb2435ad84e0ad052f2,U443ee0fc243d3523ba23c330214b35fc,text,opened,2026-01-26 19:43:56,
e1a79d9e-58bc-4c48-9735-763191649000,2025-12-25,msg_00045,Ue7310890b01058478be93761a56d0aa0,U267e1f5bf011cbacd5cb9b50cd0df856,video,delivered,2025-12-25 07:05:38,
5af0fd94-54dd-4f3f-865a-b045f6f4d8cc,2026-01-14,msg_00081,Ue7310890b01058478be93761a56d0aa0,Ue11e84e12804beab815a53f105553171,video,clicked,2026-01-15 00:59:32,https://example-saas.jp/lp/newmenu
e8f029d6-182e-49db-8f24-79d0a40b996c,2026-01-10,msg_00044,U30ad60bba5da9837ca5dd0230ca8f531,Ubb182a0051ee7bd15ebd7bde846a11f4,video,clicked,2026-01-10 06:09:20,https://example-saas.jp/campaign/spring
ac397e4e-6782-4022-a2ed-9029f8c2b5e3,2026-03-14,msg_00009,U743849e63f8101ac616f8fd0ba84a167,U5f4da4c8fddc1467b93cac55ed84754c,imagemap,clicked,2026-03-14 16:50:04,
406d2cf8-4e41-423a-a7a1-2c1c99e33e1c,2025-11-26,msg_00028,U3bae1603803a839c0cb52f511d9cb8f6,Ue7c985476d23212c5c5851613b749a10,image,delivered,2025-11-26 14:03:04,
924f1ffa-19f0-4b31-a3d6-7c48b77cf922,2025-12-21,msg_00022,U3bae1603803a839c0cb52f511d9cb8f6,Ua125f1dd2d798ec2218be5fed29c79a9,video,opened,2025-12-21 13:01:31,
295fd469-1c63-4db0-ba8b-09e85dbdf9a4,2026-01-31,msg_00035,U7e808d11d6f9901a954a542a7ee09918,06d33e18478a94e2c74df3061ef05df0,text,delivered,2026-01-31 13:05:45,
91045e5d-5a39-41d5-a7b5-db82965cf6b3,2025-11-16,msg_00020,U3bae1603803a839c0cb52f511d9cb8f6,Uf947091260138f7f496698a018a73581,text,delivered,2025-11-16 18:10:45,
7ebdddb9-298b-4a6e-b605-f5c0cafabb37,2026-02-10,msg_00058,Ue9a1e8a5b83a6b296d43c957a8cfba4a,U25f498c73ce58c5993afabe42a2e37a9,video,failed,2026-02-10 08:53:05,
9cdc554d-5905-4276-8641-7e31aff6166f,2026-03-11,msg_00067,U7e808d11d6f9901a954a542a7ee09918,U88213dae6bce2add1456d07da4eda1f4,video,opened,2026-03-11 16:36:45,
9f091a63-ec39-4fe1-87c5-5d43dd901915,2026-03-11,msg_00067,U7e808d11d6f9901a954a542a7ee09918,U8329c279257f4751ed55125072cf2ef6,video,opened,2026-03-11 03:21:37,
232efa4c-3744-4866-b3f9-530adc4122cb,2025-12-12,msg_00004,Ub0341314a5534ea92b26fa8adc30543f,4d1da6dbd0628a74789acaa1c170578c,video,opened,2025-12-12 03:32:20,
b3488a9c-1c6c-4549-bc5b-e85efcc25baa,2025-12-14,msg_00085,U743849e63f8101ac616f8fd0ba84a167,U5499a42cf5b7a2d01d68d1e8d057605b,image,delivered,2025-12-14 17:33:28,
17a110b0-841b-4a35-950c-09b04b30851d,2026-03-25,msg_00079,U743849e63f8101ac616f8fd0ba84a167,Uc270545500c5fe1951aa8536577125f8,text,delivered,2026-03-25 04:30:45,
7690dde4-6fcd-497c-aab5-004336a3e385,2025-12-15,msg_00030,U3bae1603803a839c0cb52f511d9cb8f6,Uab8cc4e8e2044c02b9bb23e0dd918c66,video,delivered,2025-12-15 02:41:33,
7b8e3e8a-e6a1-4f75-86bb-60216e69b550,2026-03-31,msg_00046,U4784fc8a8e1e4eb2435ad84e0ad052f2,U6776a46927f73eaa0c7192b15ba972cb,flex,opened,2026-03-31 23:08:16,
420e546b-514b-459a-97ba-370663b54ebc,2026-03-18,msg_00080,U22a93bc29b1df104af6b1ba1cd91fc56,U8d5735f58495ba2ae0e5c39dba3d5dc5,flex,delivered,2026-03-18 00:52:45,
df3fb7f1-4e9e-4bd2-8b47-844f2bc2b04b,2026-04-12,msg_00105,Ud4a92c8c8050eed40ef171cc2784d638,U0281819dd123032d896b496577a3922f,flex,delivered,2026-04-09 13:43:00,
86dc7ff3-64dd-4742-88ce-5a3d3ce90d3e,2026-03-25,msg_00079,U743849e63f8101ac616f8fd0ba84a167,Uc096e7ea9f7e626e9900036824e0e4f0,text,opened,2026-03-25 15:57:51,
6039cee1-7980-4466-be68-34e9cd333880,2026-03-30,msg_00076,U743849e63f8101ac616f8fd0ba84a167,Ued07ad44a73f93b73bf688077997d2e8,image,opened,2026-03-30 07:51:20,
5adcd616-e7b7-4840-b841-b15bd1f52a53,2025-12-18,msg_00114,Ub0341314a5534ea92b26fa8adc30543f,Uff251dc58f40f4826eebce8f97625955,flex,delivered,2025-12-18 20:51:55,
49e62f7f-9e74-40cf-859b-83316ba93f3f,2026-02-10,msg_00058,Ue9a1e8a5b83a6b296d43c957a8cfba4a,U2c77478fb0a8684d04e1312be064871c,video,opened,2026-02-10 03:10:33,
1a682ee9-3327-4a1c-abd1-c6b9b41d4aba,2026-01-09,msg_00052,U743849e63f8101ac616f8fd0ba84a167,Ub2aa5b6c3d4a25dee42046072f2bc7f3,video,delivered,2026-01-09 02:43:11,
4437f939-5658-4ef6-99de-5066c5fcab01,2026-02-15,msg_00089,U3bae1603803a839c0cb52f511d9cb8f6,U9588ad1a45f1dab7b4bad6d6e7db1d16,text,delivered,2026-02-15 01:41:25,
94609a70-64cb-43f0-aaf8-e6dcc790bbce,2025-11-27,msg_00018,U3e5dd3a641c58ad50e49f095c6f1e306,d4ea2cf697ce9f45fa5910c9ca02f3e4,imagemap,opened,2025-11-28 00:51:54,
8aa74a4a-11d9-4086-886c-37bec21879cb,2025-12-24,msg_00062,Ub0341314a5534ea92b26fa8adc30543f,Uafc193453b2d4638fc7291859ea9dd3e,video,delivered,2025-12-24 08:10:50,
b6bb33ba-748f-4bf7-b427-73ab27563ee9,2026-03-08,msg_00112,U3bae1603803a839c0cb52f511d9cb8f6,U40b7e8f670abc330112bf2d6062a8311,image,delivered,2026-03-08 12:43:00,
a85a87a3-a324-4a5f-9caf-17faa8349eeb,2026-02-07,msg_00090,U4784fc8a8e1e4eb2435ad84e0ad052f2,U90ce49712b1de4f22920aa89b9012438,imagemap,opened,2026-02-07 20:24:45,
00201d4e-f4a5-4a15-a9e8-f8b024dabc5f,2025-12-07,msg_00003,U227d1cd1a801c367de206ec4bbca7330,Ue8e9952206dd9abdfc28d77e6e915d86,image,delivered,2025-12-07 13:08:36,
2425c7dc-0a90-4029-b0ef-6482299d706d,2026-01-10,msg_00044,U30ad60bba5da9837ca5dd0230ca8f531,Uc95dbae78e787cb4ac4e65a333bd92d1,video,delivered,2026-01-10 12:45:10,
223cf290-1d7d-4116-aa6a-2c6378beb6c1,2026-04-04,msg_00049,U476acbdef8e9a16d24575e4f6d7b0f31,U03ac1538dc2f75ab3a1363993c40d3ce,text,delivered,2026-04-04 03:19:03,
58d8507c-87b3-42ee-befb-dff64e0eaf05,2025-11-22,msg_00047,Ue7310890b01058478be93761a56d0aa0,Ufc7f074d05433ce656b930c03549bd6c,video,delivered,2025-11-22 00:33:44,
e07d470d-fe1c-47f1-b2db-b926fbcd0dfb,2026-04-08,msg_00078,Ud4a92c8c8050eed40ef171cc2784d638,U5f9fb2412bb70a51ade4b9a635c528a5,image,opened,2026-04-08 03:38:00,
5670b887-1994-4ef1-9586-5e101cd6e7d9,2026-03-20,msg_00106,U3bae1603803a839c0cb52f511d9cb8f6,U764ecf4a33b8f3383ce0d51effb11f77,video,opened,2026-03-20 17:05:48,
521fcec6-0d7d-4afb-89b6-fbd5bd042821,2025-12-09,msg_00094,U227d1cd1a801c367de206ec4bbca7330,U1e74060d8b7acc1388c4bef3b361d486,flex,opened,2025-12-07 07:12:02,
d73968a5-3232-498b-bd3a-10552246a591,2025-11-22,msg_00047,Ue7310890b01058478be93761a56d0aa0,U2d15ce962dfa308035742baebd70b10a,video,delivered,2025-11-22 08:22:24,
e93c72e9-a318-48fc-b2a0-80d5741f0d8e,2026-03-14,msg_00009,U743849e63f8101ac616f8fd0ba84a167,Uda87d0d7959d1a7c4b2627659e7b8de5,imagemap,delivered,2026-03-14 16:20:25,
482809f9-b124-4e1e-abf9-c224c6245ca5,2025-12-18,msg_00070,Ue9a1e8a5b83a6b296d43c957a8cfba4a,U5a688c1e8260ac94549d34d4e974ceb8,imagemap,delivered,2025-12-18 11:13:45,
8fba9177-8e63-42c5-8e71-5e2d81d91d9f,2025-11-19,msg_00019,U743849e63f8101ac616f8fd0ba84a167,6cd47e0ca4ab3cbb4017a2e32add8987,flex,opened,2025-11-19 09:42:25,
53c79f1d-d274-4bde-ad6e-4c138e857155,2026-01-24,msg_00071,U743849e63f8101ac616f8fd0ba84a167,Uf2890131066f3cdc01e15d59db22d113,image,,2026-01-24 18:48:13,
6e2cba77-e2b0-4b80-84b2-f5a694e25f00,2026-03-25,msg_00079,U743849e63f8101ac616f8fd0ba84a167,9200e656b53ab88cd9dad8f64d04d0df,text,delivered,2026-03-25 10:18:43,
d4f80201-8ce7-4e3a-8276-a36e064c3dad,2025-11-16,msg_00020,U3bae1603803a839c0cb52f511d9cb8f6,Uf2d04971d9f05a5cc8ea7b59bbff24cb,text,delivered,2025-11-16 00:39:10,
150c7a73-c075-4825-9318-cc2aae669dc9,2026-02-05,msg_00107,U3bae1603803a839c0cb52f511d9cb8f6,U53e5bb5decf047423061f36a822115c5,text,opened,2026-02-05 20:53:09,
542814bd-89d6-42e8-98b0-db7e1b14570b,2026-01-13,msg_00060,U3bae1603803a839c0cb52f511d9cb8f6,U3135549f183645214bb8e598ac597d09,image,delivered,2026-01-13 07:44:17,
2199fc03-9dbd-425c-b309-374e5fa897ef,2026-01-30,msg_00050,U3e5dd3a641c58ad50e49f095c6f1e306,U83cbaa0acef4e4932a9aed4f5db43e66,image,delivered,2026-01-30 10:11:52,
b35ea268-c723-4fa7-8d7a-e88b59dc4fb2,2025-12-18,msg_00070,Ue9a1e8a5b83a6b296d43c957a8cfba4a,U5a3ae59ea234f533975102cbe85227dc,imagemap,opened,2025-12-18 18:17:37,
35107949-5faf-482e-a0f9-5d72714ac4cf,2026-02-15,msg_00087,U3bae1603803a839c0cb52f511d9cb8f6,U2d18e80d69834b9d06b9ecf7d80ed8bc,imagemap,delivered,2026-02-15 07:01:44,
960636d9-99a6-4e3a-9742-c35d250064d7,2025-12-09,msg_00069,Uc20f9c7e9b662bedec3cb78e127885c7,U6078bd1c2f294f37e47d7ec43649fac9,imagemap,delivered,2025-12-09 20:09:01,
b1c5bb4b-845b-420c-8d3a-c84dc44b0f35,2026-03-20,msg_00106,U3bae1603803a839c0cb52f511d9cb8f6,U7a7f2b1381a2f1b61f9b1b0d6a1d655a,video,delivered,2026-03-20 05:35:52,
756da9b0-5222-48e6-8169-47cfc19172e9,2026-02-20,msg_00048,Ue7310890b01058478be93761a56d0aa0,U03e42226e0c095c13a51aa81e479f690,flex,opened,2026-02-20 02:48:27,
d7f8206c-9b75-456e-8979-401938f5663f,2025-12-25,msg_00077,U743849e63f8101ac616f8fd0ba84a167,U91ebc1dc369a6526fdd32f33eacd5c45,text,delivered,2025-12-25 21:08:48,
ff953fb8-6876-4503-b8f1-3f6b37250ab8,2025-12-18,msg_00070,Ue9a1e8a5b83a6b296d43c957a8cfba4a,Ue582221c6dd837ae741e23175d9b9228,imagemap,delivered,2025-12-18 05:15:36,
755fa885-5d8b-48bc-a417-6cf26c6b3f32,2026-01-29,msg_00031,U3bae1603803a839c0cb52f511d9cb8f6,U731e285cd129075312cf07d98054bb46,video,delivered,2026-01-29 06:12:01,
dae2d214-4555-4fd5-a69b-a28ced45d49a,2025-12-18,msg_00114,Ub0341314a5534ea92b26fa8adc30543f,U8dcbba8084f8e5f29624c7875f391e40,flex,delivered,2025-12-18 19:12:21,
d50b4bd1-34f2-4053-8ecd-a7f204a70992,2026-01-20,msg_00108,Ub0341314a5534ea92b26fa8adc30543f,U1256ad45b0ec22dbe19b6a747b49f475,flex,delivered,2026-01-20 08:08:53,
a11628ba-2bae-4076-9b0f-a22b6bc2b7c5,2026-02-14,msg_00098,U743849e63f8101ac616f8fd0ba84a167,Uc66d51ba0beff49d2cae9daa57b5777f,imagemap,delivered,2026-02-14 13:34:54,
0a8b6c1e-4159-499b-8f4b-68c7a8483cd0,2026-02-20,msg_00036,U879eb903ad90cd9c2874f6df7651267a,632185293336d552b40d0280740da858,video,failed,2026-02-20 23:18:41,
7c97c1fb-df75-46af-8a96-484b7ceb836c,2025-12-12,msg_00004,Ub0341314a5534ea92b26fa8adc30543f,U2df7b9f78e6f6963ac5c5ea803beb685,video,delivered,2025-12-12 09:30:10,
9dbe147f-bdbf-4ee3-a895-bd942a5d824d,2026-03-12,msg_00084,U68d2301028fb66b51d9111f1af067e34,Ua3d20bf8212f65222772d96c1357f2ad,video,clicked,2026-03-12 08:40:51,https://example-saas.jp/coupon/500off
34393782-1db2-43ec-bc27-96de533b6d51,2026-01-10,msg_00044,U30ad60bba5da9837ca5dd0230ca8f531,Ub3bcedcb3aaa8516405f5f04bb2aa54e,video,delivered,2026-01-10 19:08:21,
dc5dd39c-e675-40a9-bcf1-3544f690330f,2026-02-07,msg_00090,U4784fc8a8e1e4eb2435ad84e0ad052f2,U79afa4ff5c2291ad548ba275b258608d,imagemap,delivered,2026-02-07 13:16:33,
9d92d561-47b9-42dc-8028-11b45df25c96,2025-12-19,msg_00064,Ub0341314a5534ea92b26fa8adc30543f,U0c8b73249d45bc5940b0bb37290323ff,image,delivered,2025-12-19 12:25:32,
40dc675d-b4e3-4e5a-8d18-94870d7f01a9,2026-04-04,msg_00049,U476acbdef8e9a16d24575e4f6d7b0f31,U72d6cca9fbc15a103701684e9c977301,text,delivered,2026-04-04 10:37:16,
23610e65-a3d9-4a0c-acf2-b36f5ab9596d,2026-04-08,msg_00041,Ue7310890b01058478be93761a56d0aa0,U7d0ff42988cc83150d106673f345348f,text,delivered,2026-04-08 00:56:41,
d0ef4573-70a0-42e7-9a2a-3d135a270988,2026-03-29,msg_00097,Ub0341314a5534ea92b26fa8adc30543f,Ucc2108447d714594f6b11ebe5f0627b5,text,delivered,2026-03-29 14:17:45,
dd31f8e6-93f4-4026-a05b-cdad097fc6bc,2026-01-13,msg_00060,U3bae1603803a839c0cb52f511d9cb8f6,U3135549f183645214bb8e598ac597d09,image,delivered,2026-01-13 07:44:17,
981cad60-a999-4823-87ed-39eebe923e5a,2026-03-31,msg_00046,U4784fc8a8e1e4eb2435ad84e0ad052f2,59ce8ec4a53766c8655d4812661ae77a,flex,delivered,2026-03-31 13:50:37,
cc9e3b8b-39b2-4a14-beed-a0597d951711,2026-03-26,msg_00040,U3bae1603803a839c0cb52f511d9cb8f6,U6284ad3925b6a7df8b634100cade0ca0,imagemap,opened,2026-03-26 21:23:57,
740fd38d-6644-46e0-9a95-c24ef72b843b,2025-12-07,msg_00003,U227d1cd1a801c367de206ec4bbca7330,Ufdfc74eff52e39f5ec80ceffab6683f3,image,opened,2025-12-07 13:03:36,
782719e8-08dd-47e2-8607-95d466de93d1,2026-03-27,msg_00096,U476acbdef8e9a16d24575e4f6d7b0f31,U30896c136fad533df9e99d7db6d5289b,imagemap,delivered,2026-03-27 08:35:40,
c8bcb1fc-a139-4f18-aec9-f405edfa2c6c,2025-12-02,msg_00088,U3bae1603803a839c0cb52f511d9cb8f6,U1c8a197e9e047cd36ccdac0c96728054,image,delivered,2025-12-02 14:18:34,
4de3f2da-6f0d-4261-8e28-ec8c22132ed3,2026-01-13,msg_00060,U3bae1603803a839c0cb52f511d9cb8f6,U54d473902fe4f4e9bb50e5643d2e1ad7,image,delivered,2026-01-13 17:54:13,
86eb30f8-ad3c-499f-95c3-159d4b4fd29c,2026-03-08,msg_00112,U3bae1603803a839c0cb52f511d9cb8f6,U2afc0cdfc8bafa583abf4d52e4a5673f,image,delivered,2026-03-08 07:23:01,
c952415d-e5e9-4597-817f-a3ccd7792d6f,2026-03-21,msg_00023,U743849e63f8101ac616f8fd0ba84a167,U69e3bb40fc70ba239e557053bc0b582d,imagemap,opened,2026-03-21 02:18:17,
56a2c6d2-aa5b-42ef-a039-507864c4a939,2025-12-25,msg_00045,Ue7310890b01058478be93761a56d0aa0,U5fbc9576634a85c98c6e3021ae744eb8,video,delivered,2025-12-25 15:00:00,
577e4440-9070-4088-a385-09f42515375b,2026-02-05,msg_00107,U3bae1603803a839c0cb52f511d9cb8f6,U517c1e9beb5afa85a9acbbf493b85a8e,text,delivered,2026-02-05 16:03:24,
c4fc0aa1-3c19-4c6a-a422-64482af50494,2025-12-23,msg_00109,Ue7310890b01058478be93761a56d0aa0,U6354e8586e8ee29b19f0c55e40973dbd,text,opened,2025-12-23 14:04:28,
684301e9-38da-46c9-baab-ab97fc7bda22,2025-12-25,msg_00045,Ue7310890b01058478be93761a56d0aa0,U3cc69420753a0c0a8ecf0b5c90bf360e,video,delivered,2025-12-25 11:58:58,
13f1d969-42b8-48a3-aff5-25e663ab3073,2025-11-30,msg_00025,Ub0341314a5534ea92b26fa8adc30543f,U48a6578c75837e79d09a74af23b94bc0,imagemap,delivered,2025-11-30 14:12:37,
0875398f-c70e-4a4c-9882-86f817a52645,2026-04-01,msg_00072,U4784fc8a8e1e4eb2435ad84e0ad052f2,U27616cc28b837e01e5189df78381d852,image,opened,2026-04-01 14:51:14,
2085facf-9855-4814-a43d-b47f04672d33,2025-11-23,msg_00024,Ue8d9224ecde331ce692edfce0b5ecdc4,U4e5b2443c009863538ecf33798c39c60,text,delivered,2025-11-23 14:36:47,
3880bf85-fd1d-490a-a9b9-d905f1bfa560,2026-02-28,msg_00117,U743849e63f8101ac616f8fd0ba84a167,Uef774cde719aca1a81e4103af6db7605,video,delivered,2026-02-28 03:41:08,
b14f4edc-867c-436a-8f6c-48cb5d0724dc,2026-03-31,msg_00046,U4784fc8a8e1e4eb2435ad84e0ad052f2,U5c694aafea6626487e5238440f3b5be4,flex,delivered,2026-03-31 21:30:35,
bed27bc1-a619-4aaf-8c84-c6ca628f1475,2025-12-09,msg_00094,U227d1cd1a801c367de206ec4bbca7330,U164ac81a752ef11ec5c6481f59bbf0d7,flex,delivered,2025-12-09 07:34:07,
0a6c37b8-e19e-4ff5-ab65-f2f890212989,2026-02-15,msg_00006,U743849e63f8101ac616f8fd0ba84a167,U01cd31ac9f4930286bce32da4101e670,flex,clicked,2026-02-15 09:33:33,https://example-saas.jp/lp/newmenu
400cd5f7-60a3-447a-aa20-236069a4315f,2026-02-09,msg_00083,U3bae1603803a839c0cb52f511d9cb8f6,U9ab09bde7b95d9e14ee4cd74a3b3569d,flex,delivered,2026-02-09 11:41:44,
9ed113eb-f9fd-464b-a6d0-ac516022491e,2026-03-16,msg_00002,U3bae1603803a839c0cb52f511d9cb8f6,e99272444b103530118121597db9ecd3,text,opened,2026-03-16 15:26:06,
ba5cee7c-48a8-4367-9215-bd58c183cc0a,2025-12-22,msg_00013,Ub0341314a5534ea92b26fa8adc30543f,Uce894e6049e9883f74350b63a7d0ad10,image,delivered,2025-12-22 19:02:55,
4cf0080b-6d76-4c10-bfe2-df40cb4e8564,2026-03-27,msg_00096,U476acbdef8e9a16d24575e4f6d7b0f31,Uf1565229b2e1b0d4f8da7047daf7729b,imagemap,opened,2026-03-27 18:56:56,
6b14127b-d302-4f4d-98b1-482f041bb92f,2025-12-15,msg_00030,U3bae1603803a839c0cb52f511d9cb8f6,d8b0ffb99b9d86a52c95d1bb1de6aa08,video,delivered,2025-12-15 04:50:49,
cdc6221c-04a4-40e6-9db4-4709fddafc71,2026-03-23,msg_00116,Ud4a92c8c8050eed40ef171cc2784d638,U72074a21c98f77d14ea298a5713f6bee,text,opened,2026-03-23 21:36:04,
b52f0384-e844-4bbf-9e3e-23cd0a0a28a1,2025-11-27,msg_00018,U3e5dd3a641c58ad50e49f095c6f1e306,U0bbbfd283b6f759a0f8b9b449ba9b6c1,imagemap,delivered,2025-11-27 20:22:56,
35f70ec6-f835-4519-9a5f-397daf4f8db9,2025-11-30,msg_00025,Ub0341314a5534ea92b26fa8adc30543f,3f571c50a46ac88b1583039a2d8252e3,imagemap,delivered,2025-11-30 06:10:59,
2f15efe1-13d4-4824-9934-c6355657c84e,2026-03-26,msg_00040,U3bae1603803a839c0cb52f511d9cb8f6,U11f72d5c4496dcc67cc8080ee21ab7de,imagemap,opened,2026-03-26 22:52:56,
ad3d8a82-d73d-4ba8-b591-21104ffc6949,2025-11-27,msg_00018,U3e5dd3a641c58ad50e49f095c6f1e306,Ueae601e914b424722ad92e03fb19d598,imagemap,delivered,2025-11-27 14:20:35,
35cdf175-3536-4dfc-9ef0-ec83eb0e6fe1,2026-01-24,msg_00066,U3bae1603803a839c0cb52f511d9cb8f6,Ud2e32103a00594e139508e933007fb14,image,delivered,2026-01-24 03:06:58,
48d8aba9-748b-491c-a475-12d5fc299b64,2026-03-25,msg_00079,U743849e63f8101ac616f8fd0ba84a167,Uc7266060e0bf11bd342d21bb3f77df11,text,clicked,2026-03-25 08:24:08,https://example-saas.jp/survey
e2b36269-ab1d-4777-a682-4b6d17664d76,2025-12-23,msg_00061,Ub0341314a5534ea92b26fa8adc30543f,U5f97397bd812d7c22dd3eba306b13fa5,imagemap,delivered,2025-12-23 03:26:54,
ab750171-e05c-4ee7-b6cb-416946b9f301,2025-12-03,msg_00012,U743849e63f8101ac616f8fd0ba84a167,U4c0f3ae876f81033179280bbb3dbd996,imagemap,delivered,2025-12-03 21:00:03,
88abf7dc-0b3a-4b10-b68b-613afc83588f,2026-02-24,msg_00039,U743849e63f8101ac616f8fd0ba84a167,Ud0fd4af0f378f9e824eabb815b62e2f7,flex,delivered,2026-02-24 13:57:48,
5528d0f8-411f-4f67-bf7f-e6966d12a089,2026-03-16,msg_00002,U3bae1603803a839c0cb52f511d9cb8f6,U4a32a0677bababcc86e56b6727574531,text,opened,2026-03-16 05:17:55,
4f572964-da83-4ed6-9ce6-975e07cb7d89,2026-02-28,msg_00117,U743849e63f8101ac616f8fd0ba84a167,U61b0b062f5c5c6f9dc2c66d5eda25bc7,video,delivered,2026-02-28 00:23:35,
478a0b92-ac94-4c3b-afdd-27bdfe25d08b,2026-04-01,msg_00072,U4784fc8a8e1e4eb2435ad84e0ad052f2,U259579a2ebc9fb1c4a05f70ee17c5c9b,image,opened,2026-04-01 09:21:59,
569be80e-f6e1-4f42-a330-24379b6b43c8,2026-03-20,msg_00057,Ub0341314a5534ea92b26fa8adc30543f,f674b69646feaa548ee7f18e28b17a5a,video,opened,2026-03-20 18:55:19,
51adec66-3949-41c8-b899-c1a4e9e30bda,2026-04-08,msg_00078,Ud4a92c8c8050eed40ef171cc2784d638,U64b29cb3cceea008631361ee98c71670,image,delivered,2026-04-08 16:51:06,
45c1323a-87d9-4e2f-981f-2512f3d84971,2026-02-20,msg_00048,Ue7310890b01058478be93761a56d0aa0,Uf7f3d418c3f69b34bb03f87e8ef50de2,flex,delivered,2026-02-20 19:46:18,
b80d37f2-ed47-41e3-9273-74b04a2dcadd,2026-02-14,msg_00098,U743849e63f8101ac616f8fd0ba84a167,U8dd9d545fb5d77c1740cdda57dbe29d6,imagemap,opened,2026-02-15 01:45:08,
ce43ae20-bf2a-4cbd-89f7-f09c80c85664,2026-04-12,msg_00105,Ud4a92c8c8050eed40ef171cc2784d638,Uc76843e76e6f761ad69a1b03f03b6b5c,flex,delivered,2026-04-12 02:54:54,
d54762ee-647b-459d-bf05-65abaece15fb,2026-04-05,msg_00054,U3bae1603803a839c0cb52f511d9cb8f6,Ua7d28354bdf87f99859f8d8865bb9bf4,image,delivered,2026-04-05 07:05:31,
44837ab1-f89c-4a5f-a514-9b0b2b27f14a,2025-12-24,msg_00091,U3bae1603803a839c0cb52f511d9cb8f6,U00cbb475367033474a6a71fdc72d4426,imagemap,clicked,2025-12-24 21:50:02,https://example-saas.jp/campaign/spring
40b8675b-ac8b-43f0-a312-896420728376,2026-04-08,msg_00078,Ud4a92c8c8050eed40ef171cc2784d638,U5d7aa0737b23d49008cdf3030af82b5b,image,delivered,2026-04-08 17:46:46,
6677b3b9-e657-4b5b-a632-9f731b974abd,2026-01-14,msg_00081,Ue7310890b01058478be93761a56d0aa0,U91a43ec47f24ac12427d62060e31b0de,video,delivered,2026-01-14 01:41:21,
b9c3288d-68ab-4b3b-8440-c61d0ae9cc80,2025-12-24,msg_00091,U3bae1603803a839c0cb52f511d9cb8f6,U8d922b8b96b0943611d46bb085e306f2,imagemap,delivered,2025-12-24 05:26:50,
9e4d9fff-cf2d-49d6-8c96-935635e09c12,2026-03-16,msg_00002,U3bae1603803a839c0cb52f511d9cb8f6,Ub0b7005bfb046b781a866c5da0435e86,text,delivered,2026-03-16 02:34:33,
66f1b592-452b-4934-9871-4099439d3024,2026-03-14,msg_00009,U743849e63f8101ac616f8fd0ba84a167,U2019c9ec74dcc10ce0b5c431c96d5dc3,imagemap,clicked,2026-03-14 07:51:31,https://example-saas.jp/coupon/500off
05564d85-be66-4962-a6c3-d78e31a1c23d,2026-02-09,msg_00083,U3bae1603803a839c0cb52f511d9cb8f6,U01994274dc004f9d79db6b6851582cae,flex,opened,2026-02-09 10:56:48,
738263fb-1661-4fc4-adf2-7a7db26e325c,2026-01-26,msg_00103,U3bae1603803a839c0cb52f511d9cb8f6,U072de02b96ca56ee5b315c2d40e5d660,flex,delivered,2026-01-26 23:48:30,
8e637ca0-82a2-4649-8686-9ba663b2963a,2026-03-22,msg_00119,U3bae1603803a839c0cb52f511d9cb8f6,U21a26a2a94cb0a3c3c8f713bdfeda23e,imagemap,delivered,2026-03-22 13:13:22,
6ed01587-2e92-48a5-bd74-3bf7a42e5f0c,2026-04-01,msg_00072,U4784fc8a8e1e4eb2435ad84e0ad052f2,U10434f73bfb71a9dff16791b896d27d1,image,opened,2026-04-01 06:58:10,
cb63ac50-2b30-46cb-91e3-b50e2e61508e,2026-02-20,msg_00048,Ue7310890b01058478be93761a56d0aa0,U97eff54c61689a1b33b6ed4af7ac3211,flex,delivered,2026-02-20 05:48:41,
28ecfdaa-296f-4575-9824-e6f96430366e,2026-03-31,msg_00046,U4784fc8a8e1e4eb2435ad84e0ad052f2,Ub12083d38768246edb0731c8448f857e,flex,delivered,2026-03-31 08:45:03,
9d0521f6-ea6e-4d45-ba2e-0c93bd3e2693,2026-02-20,msg_00095,Ub0341314a5534ea92b26fa8adc30543f,U047d6016ce06ea18b7fd4a0e76596b39,text,delivered,2026-02-20 16:51:00,
fcdb79c1-09bf-4164-9501-cc5e150e213f,2025-12-25,msg_00077,U743849e63f8101ac616f8fd0ba84a167,U209bbf298dbd5b197dc3deea5263349e,text,delivered,2025-12-25 16:45:46,
0714d8ab-26e4-4fff-a5d3-3b0dd57592e0,2026-02-01,msg_00075,Ub0341314a5534ea92b26fa8adc30543f,U6848f8d5d25c3f88bef22bd59f9440f2,imagemap,delivered,2026-02-01 15:37:58,
d07c22f6-dd1d-47ae-af2d-1ed5b358140b,2026-03-06,msg_00055,U3bae1603803a839c0cb52f511d9cb8f6,U6fb59ba6b311745b104e2183fa7f5cd5,flex,opened,2026-03-06 06:46:54,
74c35ee8-e61d-495c-96ad-0e14593e1d0a,2026-02-14,msg_00098,U743849e63f8101ac616f8fd0ba84a167,Ueb1069e03c3959ad9be1e1fc70fc3fac,imagemap,delivered,2026-02-14 00:57:12,
960df1f3-47ca-4b46-9209-d2ba050f0b77,2026-03-26,msg_00040,U3bae1603803a839c0cb52f511d9cb8f6,U65dc5e83f6f6086c3f34d65cc93995ab,imagemap,clicked,2026-03-26 23:46:41,https://example-saas.jp/survey
2eaa9358-7970-405c-85d0-e2530c7df374,2026-01-26,msg_00103,U3bae1603803a839c0cb52f511d9cb8f6,U6fc8b780189c460c2d9148f30cb50d42,flex,delivered,2026-01-26 10:51:45,
0c3e9ad7-78b2-460e-ba76-d1f720ed8630,2026-01-20,msg_00026,Ud4a92c8c8050eed40ef171cc2784d638,Ub0ed2e15c068bdc546e2947ccf2d4f80,imagemap,opened,2026-01-20 23:50:43,
0f7ea645-934d-47b3-9666-5f9d3c4a390b,2025-11-17,msg_00034,U743849e63f8101ac616f8fd0ba84a167,U63fdf99fa6935ab8b44c3555a26e0d91,text,clicked,2025-11-17 22:13:02,https://example-saas.jp/campaign/spring
41573569-a538-4fb6-afac-9d944412810d,2025-11-24,msg_00033,U3bae1603803a839c0cb52f511d9cb8f6,Ued2a1e7f4c6a859f463ea770a67c34ea,text,delivered,2025-11-24 17:51:45,
6e3233c9-7572-44ed-97e4-afeb1dadfb1d,2026-04-10,msg_00101,U743849e63f8101ac616f8fd0ba84a167,Ue306706d98ca8b36309c74e5ab5391e7,imagemap,opened,2026-04-10 07:12:48,
8f8be3f7-7c27-4656-9424-7716909a5455,2026-03-20,msg_00092,U743849e63f8101ac616f8fd0ba84a167,U0504255a3439d6316010c5fb6878e994,video,clicked,2026-03-20 12:43:13,
c729d3d4-4b3b-4f94-b8c2-a43d67fac8f0,2026-01-26,msg_00103,U3bae1603803a839c0cb52f511d9cb8f6,Uebe6cd82d1628875c6e5290e83f5accf,flex,delivered,2026-01-26 21:50:59,
d8771589-5c83-4d20-bf5a-6f2cd66c7e1c,2026-02-10,msg_00058,Ue9a1e8a5b83a6b296d43c957a8cfba4a,Udf1e913680f65e044a2b4e81ceab87ae,video,opened,2026-02-10 06:18:22,
c75a170a-3606-4c4f-a85a-926dab7ef1f6,2026-02-05,msg_00107,U3bae1603803a839c0cb52f511d9cb8f6,U53e5bb5decf047423061f36a822115c5,text,delivered,2026-02-05 20:05:29,
b9ff584b-ff7b-4059-8571-2e5a981f3061,2026-03-04,msg_00056,U1ca413826b7044d134c9c3132420c9de,Uaf7f562784faccd9462259cf162b0d21,text,delivered,2026-03-04 20:35:17,
8dabe0d2-e8a2-4700-a0c4-4fa10ef57d13,2026-02-24,msg_00039,U743849e63f8101ac616f8fd0ba84a167,U5e39da1814fcd3027024b2d48d25d60e,flex,delivered,2026-02-24 17:52:48,
9d73a9e7-1f6d-473f-a967-a43d5cbc5376,2026-02-15,msg_00006,U743849e63f8101ac616f8fd0ba84a167,Uc1962e2941b6f9b21e79c93e5636c09b,flex,opened,2026-02-15 20:51:18,
de2e4ffa-1863-4639-94ed-0b5436f5c689,2025-12-24,msg_00091,U3bae1603803a839c0cb52f511d9cb8f6,Ua4abbbbc1e3ce43c0abf131226da3c74,imagemap,opened,2025-12-24 03:12:48,
66449c98-5bfb-4803-9005-6d8ea0621684,2025-12-25,msg_00077,U743849e63f8101ac616f8fd0ba84a167,Uc1a5f406833cbbe4fd5d0e6315a8a828,text,delivered,2025-12-25 05:41:13,
7450d32f-c1c6-4a73-a281-fb14cfee8a84,2025-12-18,msg_00114,Ub0341314a5534ea92b26fa8adc30543f,U50ea0987023d69342b2a0041cd6b7494,flex,delivered,2025-12-18 05:54:05,
5fe242b1-8f1a-4602-be5e-57aa441d5cc8,2025-11-16,msg_00020,U3bae1603803a839c0cb52f511d9cb8f6,Uff2af6594dfd03b11409cc432e385e0a,text,opened,2025-11-16 08:00:31,
dca81fdd-f498-44af-95f6-de6f5f9d0628,2026-04-08,msg_00078,Ud4a92c8c8050eed40ef171cc2784d638,U95162a4eb62aae1fdaa0ffe3fa964528,image,delivered,2026-04-08 13:36:40,
a30abb33-0d8e-4d08-9544-a9e7df6f1fb4,2025-12-21,msg_00007,Ub0341314a5534ea92b26fa8adc30543f,U2777a6ca73fa116e0e076121896140f6,image,unsubscribe,2025-12-21 23:57:48,https://example-saas.jp/lp/newmenu
40f63ceb-cde3-4c2c-ac8d-e107aba4ab8c,2026-03-21,msg_00023,U743849e63f8101ac616f8fd0ba84a167,U10f4533823d440a5a76c94c048b2e91a,imagemap,failed,2026-03-21 02:46:34,
09b26b37-67f9-4feb-ba3b-e3e6db67ee1e,2025-12-07,msg_00003,U227d1cd1a801c367de206ec4bbca7330,U8bc2cb5d3ae66e4d137e6bbc9fb7fc84,image,delivered,2025-12-07 17:02:45,
3caad073-3004-4f62-bc5a-16f36c550a26,2025-12-18,msg_00114,Ub0341314a5534ea92b26fa8adc30543f,78bb8c37acb4dd8199807cfe22e18f57,flex,opened,2025-12-18 02:51:17,
459516f0-623c-4f92-bf4d-7bde8b7b044a,2026-02-20,msg_00048,Ue7310890b01058478be93761a56d0aa0,Ue824cd49cdad3b1f882fcfe7f6fa4871,flex,delivered,2026-02-20 14:17:05,
82eec331-2696-4886-8683-0eccacb5d822,2026-03-04,msg_00056,U1ca413826b7044d134c9c3132420c9de,560ea01520aed3a4cef87cec645926fc,text,opened,2026-03-04 20:49:42,
27e924dc-1862-449b-8fe8-624f4079164b,2026-03-08,msg_00112,U3bae1603803a839c0cb52f511d9cb8f6,U0972fc9225ccf278de9746decc068830,image,opened,2026-03-08 04:08:31,
6372a942-c4d2-4d67-bf72-885fc3b02f91,2026-02-10,msg_00058,Ue9a1e8a5b83a6b296d43c957a8cfba4a,Ub6a3eab91b3e57961f837db18b69c767,video,delivered,2026-02-10 15:05:30,
0adfc8a8-e792-40e4-81f8-7dea01014742,2026-04-10,msg_00101,U743849e63f8101ac616f8fd0ba84a167,Uacd92f10002d52bd461d348fa6d201bc,imagemap,opened,2026-04-10 10:04:08,
87c96a22-a027-4293-ab7c-0576b64c0fda,2025-12-17,msg_00032,U3bae1603803a839c0cb52f511d9cb8f6,U8a88cf286700b2a7287ce413d2c9f6d1,video,opened,2025-12-17 11:29:21,
814279aa-be13-4163-818d-407dbc610f3d,2026-03-30,msg_00076,U743849e63f8101ac616f8fd0ba84a167,f2db4139e284ad13515eb7335240c1a7,image,delivered,2026-03-30 22:46:17,
6861f3d3-5d17-4835-97ad-d8fbe16072e8,2026-03-14,msg_00009,U743849e63f8101ac616f8fd0ba84a167,Uca4f25a999a0463b720b40a4e98c7a07,imagemap,delivered,2026-03-14 19:58:42,
86dc8b64-015d-465e-8c63-598124dd7a75,2025-11-22,msg_00047,Ue7310890b01058478be93761a56d0aa0,U2c82cd48e04efef7f21846ae3ca0eca9,video,delivered,2025-11-22 05:00:51,
3ddaafde-ca34-46b5-be3e-50d4e0a80bf8,2025-11-19,msg_00019,U743849e63f8101ac616f8fd0ba84a167,U5748ae7dcc5c6c1a743bae082dc4bafe,flex,delivered,2025-11-19 03:34:56,
003ff454-c5aa-4a18-8ce5-3f52144a5e8f,2026-02-09,msg_00083,U3bae1603803a839c0cb52f511d9cb8f6,U89c9a9f491268e7a7154ad61fd84fe41,flex,delivered,2026-02-09 01:19:10,
9f1e979e-2356-438c-8dff-5c9ffc59f2b3,2026-03-08,msg_00112,U3bae1603803a839c0cb52f511d9cb8f6,30e8229f9911b8767bc5bbd757def9be,image,delivered,2026-03-08 20:59:13,
6503ee05-d7cc-4d54-871e-46ca8195ec0c,2026-03-11,msg_00067,U7e808d11d6f9901a954a542a7ee09918,U07b73962892e71313ee0759ac5acf576,video,delivered,2026-03-11 03:32:23,
3e9bab90-d50f-452b-9592-46b01b4ccfc0,2026-02-14,msg_00065,U743849e63f8101ac616f8fd0ba84a167,ccaf7dc875a1e8691d06c215488c34f9,image,delivered,2026-02-14 16:21:45,
9b622143-da3c-4639-9d1c-d81ee23cd083,2026-03-11,msg_00067,U7e808d11d6f9901a954a542a7ee09918,U41b2759790c018a9de6cd040dd22547a,video,delivered,2026-03-11 13:13:42,
4226c45e-fb8c-4b15-befe-f2784059d16e,2026-02-05,msg_00107,U3bae1603803a839c0cb52f511d9cb8f6,Ucc286b68426a41cf6c55c0a5b3c2297d,text,clicked,2026-02-05 17:33:38,https://example-saas.jp/survey
9a562007-43bf-450b-8dbe-65985def436e,2026-01-31,msg_00035,U7e808d11d6f9901a954a542a7ee09918,Uc6e98e7cec20bbd6e7f6d67c41a79949,text,delivered,2026-01-31 08:28:58,
554a9435-264f-41f1-9c76-b08a1eb4a6ce,2026-03-21,msg_00023,U743849e63f8101ac616f8fd0ba84a167,Ucaf8d566ae50fc4bc3bff90157c06caf,imagemap,delivered,2026-03-21 17:49:48,
48d28d31-a42a-4e74-9934-1bec24dcdd30,2025-12-18,msg_00070,Ue9a1e8a5b83a6b296d43c957a8cfba4a,U179dcefcb9a994564c743475bb62ede8,imagemap,delivered,2025-12-18 08:30:45,
91e64316-b760-48a4-8776-ed75be1d7c8b,2025-12-25,msg_00077,U743849e63f8101ac616f8fd0ba84a167,Ude5b59b0b013266cf912468aeaa6da28,text,delivered,2025-12-25 23:47:26,
cfecabe4-c3f3-4602-a028-3c3f69b1e633,2026-01-26,msg_00086,U4784fc8a8e1e4eb2435ad84e0ad052f2,77d242b7930547448ef29e08256c14dd,text,delivered,2026-01-26 07:59:21,
96a162a3-bb9b-492c-bcd5-f4c8be2f4287,2026-02-19,msg_00016,U837b70463a585f85743b5bfb3b49c9fd,Ua912fefdd1c4121e61fb5e621a27b06b,flex,delivered,2026-02-19 13:40:54,
1e4a9041-5227-4d81-b608-c9a7d40cdb47,2025-12-21,msg_00022,U3bae1603803a839c0cb52f511d9cb8f6,Ud581015c236ca9d8ebd64e23d00713e5,video,delivered,2025-12-21 15:05:35,
830ee59b-e95c-4435-806c-fe17de209bbd,2026-01-24,msg_00113,Ub0341314a5534ea92b26fa8adc30543f,U9e67dcde3faa7334b0fcd6ce5b62412f,text,opened,2026-01-24 12:58:36,
66e88ac6-8af5-41b2-b3e2-e72044766edf,2026-03-06,msg_00055,U3bae1603803a839c0cb52f511d9cb8f6,Ud1759437126b2a52a4778f661f60b902,flex,delivered,2026-03-06 17:18:26,
963f7b19-fc43-4560-9a2c-8402b366dcc7,2026-03-27,msg_00096,U476acbdef8e9a16d24575e4f6d7b0f31,Uf023111281264bfdeec3f0d5fe4f5b7e,imagemap,delivered,2026-03-27 09:40:51,
ed2625c3-cf3c-4e03-aa3a-aa216c880bf2,2025-12-07,msg_00003,U227d1cd1a801c367de206ec4bbca7330,Ua772a9011bfdf75a781b646ae483ff82,image,delivered,2025-12-07 02:13:18,
8669ff64-b206-470f-b2cb-f8ba5b867782,2026-02-16,msg_00021,U743849e63f8101ac616f8fd0ba84a167,b30b1b75a0e65f6068fed771d62173b3,flex,opened,2026-02-16 12:46:12,
af1642d5-c9c4-4a0c-b475-dda58691bec5,2025-12-09,msg_00059,U3bae1603803a839c0cb52f511d9cb8f6,U0eaabcac1dba8dd75d12fa1760f70954,imagemap,opened,2025-12-09 14:29:48,
322cd6a7-e5f0-42ad-a968-190fac96ece6,2025-12-15,msg_00030,U3bae1603803a839c0cb52f511d9cb8f6,U76c0335356d31c754146bc2cad266589,video,opened,2025-12-15 20:14:45,
2218c06f-f019-4c31-ad51-96d5194a8b6f,2026-01-26,msg_00005,Ub0341314a5534ea92b26fa8adc30543f,U88af480aeab0814af16a955e2cd5cbe6,image,opened,2026-01-26 03:56:49,
bd5192b4-38c3-445c-8260-026a3bd4f34a,2026-03-14,msg_00009,U743849e63f8101ac616f8fd0ba84a167,U4cc4d150ad8f403cadc36201f4008579,imagemap,delivered,2026-03-14 01:46:42,
efd177b6-929a-4b9a-aac9-fdee5ff1f37b,2026-02-20,msg_00048,Ue7310890b01058478be93761a56d0aa0,5ccdda7d2ca99c0b1ca7ebc6a3506600,flex,delivered,2026-02-20 10:17:29,
67ed3657-cda0-44a0-bb2b-d434af1f7184,2026-03-03,msg_00093,U743849e63f8101ac616f8fd0ba84a167,U1af4528cf8d09d9ede4507be037361d5,imagemap,delivered,2026-03-03 11:36:22,
02fc19f3-3bfc-4402-86bb-c88f5fbdef96,2025-11-22,msg_00047,Ue7310890b01058478be93761a56d0aa0,Uda727032548476e52ab5e8ee1ab16f74,video,delivered,2025-11-22 16:22:26,
6e2b58cb-2866-44b3-a4bf-9052e3655b4a,2026-02-19,msg_00016,U837b70463a585f85743b5bfb3b49c9fd,U80a786b9e0246cd6eafb5ae96d780afd,flex,opened,2026-02-19 15:12:01,
2a3647ba-fb62-4a28-b07a-569e7f9c572f,2026-01-10,msg_00044,U30ad60bba5da9837ca5dd0230ca8f531,U675de50869f0cdae317e436c67389941,video,clicked,2026-01-10 15:55:26,https://example-saas.jp/coupon/500off
bf2a15ca-11cc-4805-bbc5-18cc5c93af92,2025-12-25,msg_00045,Ue7310890b01058478be93761a56d0aa0,Ue570c0a5af6a494e4a8ef5e9b8d78a2f,video,delivered,2025-12-25 23:35:39,
96d2b7e8-8305-41b4-8fd7-f4218777dab2,2026-03-23,msg_00071,U3bae1603803a839c0cb52f511d9cb8f6,U175b64ecbf8e7ed07588d525cdf25596,imagemap,clicked,2026-03-23 02:04:20,
5156c492-da5b-4741-9b46-7fda8113a690,2026-01-30,msg_00050,U3e5dd3a641c58ad50e49f095c6f1e306,U2acbb172c9f94fb7c865177ab2dbb883,image,delivered,2026-01-30 20:48:01,
d24c6a44-87c2-42e7-bd15-7306373fb03a,2025-12-19,msg_00064,Ub0341314a5534ea92b26fa8adc30543f,U13b983550159feca62b9892789a6479f,image,delivered,2025-12-19 04:05:04,
0afea1ac-22fa-41a5-8f18-ffa84cf34798,2025-12-23,msg_00109,Ue7310890b01058478be93761a56d0aa0,U96972f8a7ef42e7a86ea294e19d76222,text,opened,2025-12-23 07:39:46,
bf69bc05-b3fe-4861-99ef-c37ab75eb9bf,2026-02-19,msg_00016,U837b70463a585f85743b5bfb3b49c9fd,e5eced13da98066b8a5b272f1a819dc0,flex,opened,2026-02-19 04:16:05,
677e3b6a-b6d8-4a43-a352-6ca9f4a83053,2025-11-27,msg_00018,U3e5dd3a641c58ad50e49f095c6f1e306,U0bbbfd283b6f759a0f8b9b449ba9b6c1,imagemap,clicked,2025-11-27 20:57:21,https://example-saas.jp/coupon/500off
6846319a-1390-4691-a653-1c24ebe04ea9,2026-03-08,msg_00112,U3bae1603803a839c0cb52f511d9cb8f6,3803021e2baf1ddf51e1c0fa95d3e637,image,opened,2026-03-08 10:47:04,
1d72627e-e615-4c7e-96a1-f4323dbeda08,2026-01-13,msg_00060,U3bae1603803a839c0cb52f511d9cb8f6,U87b5dfd7e72784b321666407b45be94c,image,delivered,2026-01-13 08:51:17,
e10aa85a-79b9-4cc5-970d-e7a3ba6c6d78,2026-02-20,msg_00048,Ue7310890b01058478be93761a56d0aa0,U69879f2c81f6d0691e6decd5eabd7830,flex,clicked,2026-02-20 21:33:55,https://example-saas.jp/coupon/500off
eac4e84a-d5b3-4d8f-8941-a76662cb1ca6,2026-02-08,msg_00051,U3bae1603803a839c0cb52f511d9cb8f6,Ue63d360d8588d480308f20a3386108eb,image,delivered,2026-02-08 05:11:53,
2724545c-b1e8-4c19-b23d-2080300a1c48,2026-02-24,msg_00111,Ub0341314a5534ea92b26fa8adc30543f,U65c7f6efc6d90d05afc42306202b963a,flex,opened,2026-02-24 21:13:05,
6318e307-9dca-4b18-be05-bf8eac3b0f6d,2025-12-25,msg_00045,Ue7310890b01058478be93761a56d0aa0,f0e6ab3dd5122fd02b8a9016bbf9da53,video,delivered,2025-12-25 14:29:14,
60e8eafa-f693-4d96-abb1-7d59803f78af,2026-01-26,msg_00063,Ub0341314a5534ea92b26fa8adc30543f,5ef04c39178d8a6daeff498918f7c4e9,imagemap,delivered,2026-01-26 19:47:55,
0c4b7faa-24b1-4fd7-9b99-732d73a78bf7,2026-02-15,msg_00087,U3bae1603803a839c0cb52f511d9cb8f6,U4d72762ed312c40429d7022f62a4d4a7,imagemap,opened,2026-02-15 00:59:26,
ffb6f8d1-37bb-465e-a9fb-ea5e791a50e8,2026-03-27,msg_00096,U476acbdef8e9a16d24575e4f6d7b0f31,Uef7a0e4c7977e13016f87fa9f4a5f131,imagemap,opened,2026-03-27 20:15:50,
2193c46a-e5f1-441d-a4d6-8e914bf0640d,2026-01-26,msg_00063,Ub0341314a5534ea92b26fa8adc30543f,U9246e5621d61b74eb44805482618dcb1,imagemap,delivered,2026-01-26 00:49:49,
b1485215-6eec-4ff8-8b7d-b478fcba0640,2025-12-12,msg_00004,Ub0341314a5534ea92b26fa8adc30543f,U567ccc01b17509e5f6267c5a951c5512,video,delivered,2025-12-12 22:41:11,
b008c6e8-4df8-4f49-8241-dba153605923,2026-02-20,msg_00017,U22a93bc29b1df104af6b1ba1cd91fc56,Uc05ee343a8d4dd96e86b4a64c0317041,video,delivered,2026-02-20 19:03:06,
27de5526-b13a-4010-9478-6a166bff49ef,2025-12-23,msg_00109,Ue7310890b01058478be93761a56d0aa0,U988b2ae896a790fb79166ff3149e1cdc,text,delivered,2025-12-23 09:19:30,
c1bf71c0-0727-4cac-a3c6-62762c971970,2025-11-22,msg_00047,Ue7310890b01058478be93761a56d0aa0,U769319ec3efd82273ce9d7ce96fa9877,video,delivered,2025-11-22 23:41:58,
f62357ac-c026-4039-a57f-ffdea2c0d8b4,2026-02-08,msg_00051,U3bae1603803a839c0cb52f511d9cb8f6,Uf0342a6da76b47ca7c03844cfc84bf0c,image,delivered,2026-02-08 06:05:13,
f8450a14-3d24-41d3-b89b-8e525a338657,2025-12-24,msg_00062,Ub0341314a5534ea92b26fa8adc30543f,U41f49ef8ca5c8bf2ccfb8f6c19fd9f56,video,delivered,2025-12-24 10:43:44,
5c44be49-fbb7-4239-b17d-6f5a03c24acc,2026-03-04,msg_00056,U1ca413826b7044d134c9c3132420c9de,U477a0d21456c66b34fc23ba8e05cb80f,text,delivered,2026-03-04 22:03:34,
c8944654-ad95-4c07-8427-eda41c5f96fd,2026-02-07,msg_00090,U4784fc8a8e1e4eb2435ad84e0ad052f2,Ud9c85954e15bee07c0bc1519de214287,imagemap,delivered,2026-02-07 13:53:20,
cf7fec72-4928-41ee-b808-47b4f44a6a42,2026-02-15,msg_00006,U743849e63f8101ac616f8fd0ba84a167,U2045ed1d9dafb5bc143b5d566d9318a1,flex,delivered,2026-02-15 20:32:49,
9e1a1c39-35ce-48f8-b96e-1daea15e6155,2025-12-12,msg_00004,Ub0341314a5534ea92b26fa8adc30543f,Ubbc05baddec56a22f9c7946a47550610,video,opened,2025-12-12 05:38:59,
be9b24bf-dc91-41ef-8ee5-7360d91874ed,2026-02-20,msg_00036,U879eb903ad90cd9c2874f6df7651267a,948ef12cbe875051b16c678d15d4729a,video,delivered,2026-02-20 07:15:48,
ed196a64-29ec-46dd-9233-5d5324c5522d,2026-01-07,msg_00110,Ub0341314a5534ea92b26fa8adc30543f,U79e5b0b339fcfe095848d38d41bbf2ba,video,opened,2026-01-07 08:33:41,
2d161ce9-107f-4f74-9f4e-4401d82faf73,2026-02-20,msg_00048,Ue7310890b01058478be93761a56d0aa0,U61a50270527990e2bb8188cc197a41bc,flex,opened,2026-02-20 10:45:57,
1b577c94-c9fe-4a1a-9f43-fba735fc62be,2025-12-24,msg_00062,Ub0341314a5534ea92b26fa8adc30543f,U10d420cb06d5a0fd947571917196047c,video,delivered,2025-12-24 12:11:49,
8d057682-ffed-4688-8965-21a3c9dd3e31,2026-02-07,msg_00090,U4784fc8a8e1e4eb2435ad84e0ad052f2,U87c52d73f94cfbcdb29aa20bc9ca5fdb,imagemap,delivered,2026-02-07 13:40:16,
05a95de3-9ec7-4fd4-9ca2-3f5dcaf06f43,2026-02-09,msg_00083,U3bae1603803a839c0cb52f511d9cb8f6,U6c4cf679604e81d73a3e2b8ea30d16db,flex,delivered,2026-02-09 07:39:43,
14241591-e1ed-4f3f-84a0-5321f480ae51,2025-11-23,msg_00053,U743849e63f8101ac616f8fd0ba84a167,U2ee6b30230586a8621a3c4dedebdb9ac,video,delivered,2025-11-23 11:27:50,
61fc4f14-867d-4b03-af5d-e19f1811fd61,2026-02-08,msg_00051,U3bae1603803a839c0cb52f511d9cb8f6,U9bdc880d6b977cfce73202e2ddaf63c9,image,clicked,2026-02-08 19:00:43,https://example-saas.jp/survey
19f98336-4fce-4d4e-8d42-67ba88d0fd1c,2026-02-15,msg_00087,U3bae1603803a839c0cb52f511d9cb8f6,786df8787323fc51a2cedeb24514df1d,imagemap,delivered,2026-02-15 06:46:47,
8eb0dd02-8475-4c0e-a481-17837f2d012e,2026-03-20,msg_00106,U3bae1603803a839c0cb52f511d9cb8f6,U7aa3b2274720df2c6a9244936198a95e,video,delivered,2026-03-20 04:19:31,
c35979f3-8da2-4189-8b57-d62bca412811,2025-12-15,msg_00030,U3bae1603803a839c0cb52f511d9cb8f6,U540a6d1836e3223c8123544e7110cac2,video,opened,2025-12-15 16:10:17,
23d8cd18-d4ac-463d-bae1-c151b1e78350,2026-02-01,msg_00075,Ub0341314a5534ea92b26fa8adc30543f,Udebb4c0c3f65f4e1382e3b5ac68af303,imagemap,delivered,2026-02-01 20:18:09,
b5942a29-4942-41f2-9a51-19ef9cb3e8de,2025-11-17,msg_00099,U3bae1603803a839c0cb52f511d9cb8f6,U0f5b221adc951be7f69e7609d4d6e27f,text,opened,2025-11-17 14:09:53,
a16cd7a6-7943-4871-9cb0-69609d4cf027,2025-11-24,msg_00033,U3bae1603803a839c0cb52f511d9cb8f6,U07acd1fbab719a8b08e9b110f3aaa6d2,text,delivered,2025-11-24 19:20:04,
249a8505-a175-4bb4-a103-e72827aacd98,2026-02-05,msg_00107,U3bae1603803a839c0cb52f511d9cb8f6,U69b8f2962390efbe36101a95ed0b9c62,text,delivered,2026-02-05 04:22:50,
1e4cf921-c37c-4deb-ae74-ea3e86180f16,2026-01-14,msg_00081,Ue7310890b01058478be93761a56d0aa0,U5045ba02ad53a5a69633dc36e90a49d3,video,delivered,2026-01-14 10:36:30,
ee6550ba-5c3c-42af-8f76-01411cc7a8c6,2026-03-16,msg_00002,U3bae1603803a839c0cb52f511d9cb8f6,U998275bfe85bacc91ab0f40a974c7810,text,delivered,2026-03-16 18:40:14,
3b5fcaf2-08de-4234-81bb-a67fff0cef78,2025-11-23,msg_00053,U743849e63f8101ac616f8fd0ba84a167,Ue1277b8bbff2d63a8a4aa9a86dc409c6,video,opened,2025-11-23 04:28:01,
5f00d815-7cc4-4215-91ce-2a8ec728f0a1,2026-02-19,msg_00016,U837b70463a585f85743b5bfb3b49c9fd,faca2efbb837e7c66444c000d5803923,flex,opened,2026-02-19 11:12:21,
29b84a74-f134-420a-bc3a-918404b5ebb6,2025-12-18,msg_00114,Ub0341314a5534ea92b26fa8adc30543f,Udd35e1942473c75f5b100f878a6e7539,flex,delivered,2025-12-18 22:32:45,
6bc8f731-51c9-4729-b025-48b6db1b2e13,2026-03-23,msg_00073,Ud4a92c8c8050eed40ef171cc2784d638,Ud7f6ef06d7a94574337fe2417bdb7a5b,imagemap,delivered,2026-03-23 13:44:12,
3956e557-e724-4fc5-af14-69d2f654d615,2026-03-20,msg_00092,U743849e63f8101ac616f8fd0ba84a167,U9cf4355db7192ce96929c84b7fcf140e,video,delivered,2026-03-20 17:57:48,
b1c2148d-89be-4ab3-aab3-b9304b24f702,2026-02-20,msg_00017,U22a93bc29b1df104af6b1ba1cd91fc56,Uad1b205d5eb72542a06a2ca458931300,video,delivered,2026-02-20 07:51:39,
c6b44a15-c8e6-48b8-8d79-bd6c74d229a4,2025-12-18,msg_00070,Ue9a1e8a5b83a6b296d43c957a8cfba4a,U08f55d31a4cfecef0f74f0b598e13e04,imagemap,delivered,2025-12-18 14:00:40,
cf07571e-b818-4d8c-b5d1-e3664980a081,2026-03-04,msg_00056,U1ca413826b7044d134c9c3132420c9de,U9ea241093ba3c42b83e35a42cca8b7d3,text,delivered,2026-03-04 05:41:23,
b2a16e4e-0f16-4763-8f85-141c59dd6bf0,2026-03-06,msg_00055,U3bae1603803a839c0cb52f511d9cb8f6,a339a8e384dbb43c6e9dd11f6c754fc5,flex,delivered,2026-03-06 07:40:35,
bf5192a5-6b24-4f66-a1a4-975a8f72f2c2,2025-12-17,msg_00032,U3bae1603803a839c0cb52f511d9cb8f6,Uccfe561b55df4f52531e2041fe0e6cb3,video,delivered,2025-12-17 17:04:03,
70c8f7b3-f39e-4238-a7ae-ddd63f577fb3,2026-02-05,msg_00107,U3bae1603803a839c0cb52f511d9cb8f6,Ucf90216f14825e5750cf5ec2ffe0151f,text,delivered,2026-02-05 19:11:15,
4e3285ed-56d0-411e-86de-92c2839f9c63,2026-02-15,msg_00006,U743849e63f8101ac616f8fd0ba84a167,U1afbfdb5033b96df5cb143d657c8babf,flex,opened,2026-02-15 06:03:39,
e2dfa192-5e13-4ea0-85e0-000b757c79d5,2025-12-09,msg_00094,U227d1cd1a801c367de206ec4bbca7330,Uf317f535616fb00330635fc2dccd22cf,flex,delivered,2025-12-09 03:01:42,
095f23cc-60a6-478d-8a61-c394af54a821,2026-01-10,msg_00044,U30ad60bba5da9837ca5dd0230ca8f531,Uf0e1b1ac7b279cb5a293d5a60cb86dd6,video,delivered,2026-01-10 16:44:53,
ddd80d22-b2b6-464b-a1ef-bbc6f3c28ce2,2026-03-20,msg_00057,Ub0341314a5534ea92b26fa8adc30543f,U978ffd828f89af95e763bdcf003ab98d,video,clicked,2026-03-20 05:58:26,
af3cda70-0a11-4da4-837f-cff49a91367f,2026-03-08,msg_00112,U3bae1603803a839c0cb52f511d9cb8f6,Ue1e4ab562dac388405507a97462854b6,image,delivered,2026-03-08 00:56:56,
e975f44e-2a7b-4380-8f3d-9fad2242e10b,2026-03-06,msg_00068,Ub0341314a5534ea92b26fa8adc30543f,Uc3c827cf865a708fa76ca33e25032e78,video,delivered,2026-03-06 21:40:22,
17b1d090-7d62-4ca9-8438-8d9ea10d1c45,2026-02-20,msg_00048,Ue7310890b01058478be93761a56d0aa0,U0c576c973a06e6d4b41d7062b63d9457,flex,delivered,2026-02-20 02:16:37,
53d4227c-48d4-450b-83d8-890f8027bfde,2026-02-14,msg_00065,U743849e63f8101ac616f8fd0ba84a167,Uac979bf055d8ec8fedc7cd13b2f1e723,image,delivered,2026-02-14 02:37:54,
3d29a578-3d82-48cf-a54b-f3732518e0cb,2025-12-31,msg_00082,U227d1cd1a801c367de206ec4bbca7330,U13a43481f835237ce8e38b72e57c3c0e,imagemap,opened,2025-12-31 04:48:16,
0f0e03b9-df3f-4a88-9ed4-0f342ee13a26,2026-03-11,msg_00067,U7e808d11d6f9901a954a542a7ee09918,U21ccac8535fc25ae941062087bfb2b0e,video,delivered,2026-03-11 11:27:27,
9b1769cb-f841-4dda-8fda-e37433519320,2026-02-14,msg_00042,U3bae1603803a839c0cb52f511d9cb8f6,U4d0ecc565399815cf7ebad3c5c51b810,video,opened,2026-02-14 22:32:37,
b79bc158-c766-4b82-a51c-7bf01baf2824,2026-02-20,msg_00036,U879eb903ad90cd9c2874f6df7651267a,U983177354c0e21c71e749c99385e83fb,video,opened,2026-02-20 14:11:18,
cb3f0831-5cb4-4bff-9ea9-26e3fe2073b6,2026-01-20,msg_00108,Ub0341314a5534ea92b26fa8adc30543f,Ue2a40f380eb741987ee6277765880a94,flex,delivered,2026-01-20 22:00:26,
90f6f096-5b2c-4cb3-8344-830a598c75ec,2025-11-26,msg_00028,U3bae1603803a839c0cb52f511d9cb8f6,U10cd9d90fb5986b15fb65d3886e2100e,image,opened,2025-11-26 21:19:42,
eb56e140-58f5-49d0-a26f-81198d4cf3eb,2025-12-09,msg_00059,U3bae1603803a839c0cb52f511d9cb8f6,U38b387f6e8b2fa5d8d48531c53f8c8bc,imagemap,delivered,2025-12-09 11:20:40,
5315195e-13f9-4cf6-9dc3-cf575b1710e2,2026-02-20,msg_00036,U879eb903ad90cd9c2874f6df7651267a,U656f6f04e845e846466fecbf5e0fb813,video,opened,2026-02-20 21:20:48,
6b7594d1-a54f-4c8f-aae0-5a148073fce6,2026-04-08,msg_00078,Ud4a92c8c8050eed40ef171cc2784d638,U1d2ac44fa0c29b9b156468d05ef883ca,image,delivered,2026-04-08 04:43:18,
f3e3e109-fab6-4134-b22e-b10373a9e64e,2025-12-14,msg_00085,U743849e63f8101ac616f8fd0ba84a167,Ub3ef96ce784bed455a95d310ac461760,image,delivered,2025-12-14 07:35:50,
8e8b206b-35ae-41bc-9c83-0ba6d601d6b0,2026-01-07,msg_00110,Ub0341314a5534ea92b26fa8adc30543f,U994b40d1e72af42490a56d4e6058d0be,video,delivered,2026-01-07 16:45:01,
317b7a1e-4376-4c4a-9e34-5aed839eb6af,2025-12-09,msg_00094,U227d1cd1a801c367de206ec4bbca7330,9ef5dd7d08381c9f4628b2131114809c,flex,delivered,2025-12-09 23:26:30,
c6666421-c922-4ddf-992f-869ea03393b9,2026-03-06,msg_00055,U3bae1603803a839c0cb52f511d9cb8f6,U915e19a855a7a3584bf7cb8718fdfa2c,flex,clicked,2026-03-06 20:02:28,https://example-saas.jp/campaign/spring
cc7b13c3-e2dd-4886-a221-4d0eefb0af9a,2025-11-24,msg_00033,U3bae1603803a839c0cb52f511d9cb8f6,U40d80eb05c5e7c90d77df061b84b7e37,text,delivered,2025-11-24 12:49:24,
416c4c4c-a1da-4f54-952e-9e9c10866bb9,2026-01-26,msg_00115,U3bae1603803a839c0cb52f511d9cb8f6,U27ad52a2d0c4d1fc812eecb64ab9cd8b,imagemap,opened,2026-01-26 20:58:15,
0e62fbde-a6b0-46ac-bb63-dfdc6e509b7c,2026-03-05,msg_00014,U3bae1603803a839c0cb52f511d9cb8f6,Uc0b4af33777cff6d7f45f22e6b25bc22,flex,delivered,2026-03-05 18:33:46,
95a04819-c83f-44bd-adaf-2bb8d83cf250,2026-02-14,msg_00098,U743849e63f8101ac616f8fd0ba84a167,U7d8d6e0d8d09983f7ec7b6bc73703a59,imagemap,clicked,2026-02-14 07:03:55,https://example-saas.jp/coupon/500off
c402bd5b-b86e-4402-b663-9995f41e8fda,2026-04-05,msg_00054,U3bae1603803a839c0cb52f511d9cb8f6,Uddaeb31b08bf33a83fdc641a26a85664,image,opened,2026-04-05 13:57:58,
2abb8289-51a0-40a3-843c-d2e0c038d6f6,2026-03-25,msg_00079,U743849e63f8101ac616f8fd0ba84a167,U0be9376961b11c4e96ec4d2caa436d01,text,delivered,2026-03-25 08:59:51,
dd81cbf9-d468-4ccc-9c8d-f0a55c086d41,2026-01-26,msg_00063,Ub0341314a5534ea92b26fa8adc30543f,U55e19b572390de83f5acd360dc258206,imagemap,clicked,2026-01-27 00:10:13,https://example-saas.jp/lp/newmenu
4557f9a8-8f9f-42ae-8ebc-769bf42d6302,2026-03-22,msg_00119,U3bae1603803a839c0cb52f511d9cb8f6,U2f6cb69206c4961704ae947df2657067,imagemap,opened,2026-03-22 12:38:41,
68e589e2-3126-4334-95d3-4ff4a80f75c0,2025-12-31,msg_00082,U227d1cd1a801c367de206ec4bbca7330,68d055bc66c4d0cb9c865bef3e593810,imagemap,delivered,2025-12-31 05:43:35,
d8c54c02-1ba4-4c82-bcc4-8317e2b8e26b,2026-02-19,msg_00016,U837b70463a585f85743b5bfb3b49c9fd,U266fa5202967fe150bf5b79f478706b3,flex,delivered,2026-02-19 01:33:38,
f835cf98-4219-4e17-970f-47b6681a15a5,2025-11-16,msg_00020,U3bae1603803a839c0cb52f511d9cb8f6,Ua8ed0ec4eb0cf43849b42ceb1c7b59e5,text,delivered,2025-11-16 10:42:23,
f025c477-fc41-4e83-bdcc-cacf495b051f,2025-12-12,msg_00029,U743849e63f8101ac616f8fd0ba84a167,U6d749503a1208cbbff3bb3870c3c2f5a,imagemap,delivered,2025-12-12 08:31:40,
e5336b13-60c9-4fb2-9b38-7ffc39a557ad,2025-12-19,msg_00064,Ub0341314a5534ea92b26fa8adc30543f,Uc72236122308023933ff262547a00618,image,clicked,2025-12-19 14:34:35,https://example-saas.jp/survey
ffbb6dc9-5a2e-4d5b-8942-d23002bdb180,2025-12-19,msg_00064,Ub0341314a5534ea92b26fa8adc30543f,Ucdd4a4a1a536e3633683d369f8f188b4,image,delivered,2025-12-19 17:18:57,
bb21a1d0-92b2-4edb-9605-acec32945f2b,2025-11-16,msg_00020,U3bae1603803a839c0cb52f511d9cb8f6,U369dde7db51bcb0fd3cf45a16a92c42e,text,opened,2025-11-16 20:40:47,
6c3470e0-304f-4d2f-ac02-033090af5ec2,2026-02-28,msg_00117,U743849e63f8101ac616f8fd0ba84a167,U8466410d11b0d5b6c0bdfbb0f5c9e4bc,video,delivered,2026-02-28 13:21:00,
4a154613-2830-4eee-adf4-685cf7170aa9,2026-03-16,msg_00002,U3bae1603803a839c0cb52f511d9cb8f6,U808be1a692241d4b03f94d0bde3973c4,text,delivered,2026-03-16 19:15:15,
7b155edb-41d2-4eeb-955b-6e7190a87a32,2026-01-31,msg_00035,U7e808d11d6f9901a954a542a7ee09918,Ufe13c77ddcb82b2c95233337c5715344,text,opened,2026-01-31 11:42:33,
c03cbb16-aa9a-413a-b3e8-70b3bc9c026e,2026-01-24,msg_00007,Ub0341314a5534ea92b26fa8adc30543f,U696bc904fa1b58ee12405c167d887d29,imagemap,clicked,2026-01-24 19:35:01,https://example-saas.jp/lp/newmenu
3061b0bd-d3c3-4a61-a332-d7dc76bfea21,2025-12-25,msg_00077,U743849e63f8101ac616f8fd0ba84a167,U136a561eb04301acc2babfafe2e32052,text,delivered,2025-12-25 00:25:27,
cc554527-a249-4434-8819-a5f8a65d2998,2026-02-15,msg_00087,U3bae1603803a839c0cb52f511d9cb8f6,U3b9282b8671d84a7ef18b4e57ebaaddf,imagemap,delivered,2026-02-15 11:51:41,
28b9ecfc-1562-4ed9-84f8-5cc68a9b36d4,2026-03-08,msg_00112,U3bae1603803a839c0cb52f511d9cb8f6,Uec7542a2530a98409359aec6d38bab8d,image,delivered,2026-03-08 14:24:40,
bf6727df-e915-439f-a020-b68f0ffa2334,2026-01-30,msg_00050,U3e5dd3a641c58ad50e49f095c6f1e306,Uf6be95965dd46ba2ca2d3972c7e2b9c6,image,delivered,2026-01-30 17:53:27,
cbe566b0-1879-43c4-abf1-4f8965cda0b6,2026-03-05,msg_00014,U3bae1603803a839c0cb52f511d9cb8f6,Ucad17ddeac704b3ab46e9c55e0579722,flex,opened,2026-03-05 16:30:05,
0ac2962a-df32-4930-afb3-6f7c5fa7a4fe,2026-03-05,msg_00014,U3bae1603803a839c0cb52f511d9cb8f6,U6caf9bb155995c83aa0ac8b514e77000,flex,opened,2026-03-06 01:04:27,
79b62816-27fd-49ac-b3da-7a75bfea4b98,2026-02-24,msg_00039,U743849e63f8101ac616f8fd0ba84a167,U919e3b5d60c9c6fc01f56b6838653842,flex,delivered,2026-02-24 15:20:05,
e044af2e-fea9-451f-890c-7cf869862272,2026-02-07,msg_00090,U4784fc8a8e1e4eb2435ad84e0ad052f2,U4ce352d2295f2a4f41f9e5ba425ac65a,imagemap,clicked,2026-02-07 03:16:12,https://example-saas.jp/lp/newmenu
bf2dc393-7d63-4cb3-b440-3bb51a12ed14,2026-04-04,msg_00100,U743849e63f8101ac616f8fd0ba84a167,Udd8069fedba4a418506dc9efb5fd3a96,image,opened,2026-04-04 14:47:24,
62c4bb5b-0f2b-4762-8473-f0b395d2e44c,2025-12-14,msg_00085,U743849e63f8101ac616f8fd0ba84a167,Uf731598806e97093e245737eb9822b0f,image,delivered,2025-12-14 03:32:00,
1f64c8f1-3414-4126-93bd-43fed4531eb1,2026-01-20,msg_00026,Ud4a92c8c8050eed40ef171cc2784d638,U385b93de4d07ad003bb63fcc909397e8,imagemap,opened,2026-01-20 07:47:33,
c5c8cb58-19f9-446c-a8ee-e3f3de85928d,2025-12-31,msg_00082,U227d1cd1a801c367de206ec4bbca7330,U7b8ebf6d8d9e9162381ab1c0d336fbf4,imagemap,delivered,2025-12-31 07:39:00,
ed0e2e34-263e-47b8-acae-44fc21925c25,2025-11-17,msg_00099,U3bae1603803a839c0cb52f511d9cb8f6,U27f43646e89f981026a93d74c642dde6,text,opened,2025-11-17 05:05:32,
e5d73440-a079-4571-b0d0-3dc7f412419e,2026-03-14,msg_00009,U743849e63f8101ac616f8fd0ba84a167,U70e092f3c5c52b5c8a4b193ef53982cd,imagemap,opened,2026-03-14 23:26:25,
89f39d1b-ed95-4ecc-9176-ada538f26041,2026-02-10,msg_00058,Ue9a1e8a5b83a6b296d43c957a8cfba4a,Ubce5d643c246df91bda7b1e88670fa08,video,delivered,2026-02-10 14:12:08,
9c9c000a-3bbc-48f9-942c-eecadac11e8f,2026-01-09,msg_00052,U743849e63f8101ac616f8fd0ba84a167,U7b01dc257f43ce5b0cca10018e4a7859,video,delivered,2026-01-09 12:04:34,
b8ecd24c-0c85-4c9a-a448-4eff64f334a9,2025-12-24,msg_00091,U3bae1603803a839c0cb52f511d9cb8f6,U320ef8a9e1328d9e3d18d9f000c6e6ac,imagemap,delivered,2025-12-24 16:24:51,
3a7a91f2-3ef6-4275-a8fd-a757b95c4957,2025-12-09,msg_00069,Uc20f9c7e9b662bedec3cb78e127885c7,U43e9e8bf28aec684ba5dce5cc8bb1949,imagemap,delivered,2025-12-06 04:58:49,
f59119d4-c102-4903-8a72-f26cfd911f89,2026-03-05,msg_00014,U3bae1603803a839c0cb52f511d9cb8f6,U39b8e320f3aaa2d3a68bd686768f81b1,flex,opened,2026-03-05 14:01:39,
8afcdcb1-8a4c-4f49-9dd0-ddebac419fc5,2025-12-02,msg_00088,U3bae1603803a839c0cb52f511d9cb8f6,U1c8a197e9e047cd36ccdac0c96728054,image,clicked,2025-12-02 15:51:57,https://example-saas.jp/survey
7831defd-4f31-4390-bff5-ecd1e5047cdf,2025-12-19,msg_00118,U4784fc8a8e1e4eb2435ad84e0ad052f2,Uf79f969c3aad688e47fb52cc49e42efd,image,opened,2025-12-19 18:17:30,
ca22c53e-95d0-4032-8ef6-bb5bc5df3f90,2025-12-22,msg_00013,Ub0341314a5534ea92b26fa8adc30543f,U81befee747ffe7d7aeae0e28ce19a3af,image,opened,2025-12-22 04:27:21,
857371d9-29ba-48c6-9faf-046c2c1ebeca,2025-12-15,msg_00030,U3bae1603803a839c0cb52f511d9cb8f6,U158b2f3800dd1b22b5ff44aff8fdad38,video,delivered,2025-12-15 02:01:30,
3cf22708-4f20-4904-8e5f-b178c4038ec4,2026-04-12,msg_00120,U227d1cd1a801c367de206ec4bbca7330,Uc55af716fd70e233b243ec5681254b9d,text,delivered,2026-04-12 10:32:14,
fecf8904-b6e7-411c-a1d1-a730f2ff36a9,2026-04-01,msg_00072,U4784fc8a8e1e4eb2435ad84e0ad052f2,U10434f73bfb71a9dff16791b896d27d1,image,delivered,2026-04-01 05:13:34,
b9d55a2d-b391-4cba-a3ed-f46aee3748d6,2026-04-10,msg_00101,U743849e63f8101ac616f8fd0ba84a167,U8f41869e7a2b96205f1c55a7fdecb565,imagemap,opened,2026-04-07 13:50:16,
a289b53f-1cc7-49a3-a1b3-cb86ad909e21,2026-02-14,msg_00065,U743849e63f8101ac616f8fd0ba84a167,U7b7f333083d79066a1f51792fac52f9a,image,opened,2026-02-14 07:22:12,
58f20611-16c5-4f6d-9f93-4f9f3dfbeb55,2026-01-14,msg_00081,Ue7310890b01058478be93761a56d0aa0,Udb19d8a196601272a339d6b4a3f6758e,video,delivered,2026-01-14 22:23:38,
fff8968a-c86a-4915-87a3-8af731a481c7,2026-04-12,msg_00120,U227d1cd1a801c367de206ec4bbca7330,1e75f42c1f3bb9e545160c024e1fcaf5,text,opened,2026-04-12 06:23:19,
9143c7b5-5e05-45d5-b0d7-eb87a4a009cc,2026-03-26,msg_00040,U3bae1603803a839c0cb52f511d9cb8f6,U008157999f6723f5638391c74333b4e3,imagemap,opened,2026-03-26 14:19:00,
134f15b2-9c24-415b-a998-38f0af5232b7,2026-04-01,msg_00072,U4784fc8a8e1e4eb2435ad84e0ad052f2,Ube63b3ca25f38da22042e70f8ef72f70,image,delivered,2026-04-01 07:24:36,
bf8f9693-3e1e-40ac-ae40-79b5b8eebaff,2026-02-24,msg_00111,Ub0341314a5534ea92b26fa8adc30543f,U65c7f6efc6d90d05afc42306202b963a,flex,delivered,2026-02-24 21:20:34,
f5558e47-cf4d-42e8-ab33-cd25694bc7da,2026-02-01,msg_00075,Ub0341314a5534ea92b26fa8adc30543f,Ued5f5be746b92c4ff0a6ef2b117d699f,imagemap,delivered,2026-02-01 12:17:41,
c4c8612d-0015-4930-aaa3-92950154c380,2025-12-18,msg_00114,Ub0341314a5534ea92b26fa8adc30543f,U18481d4c7870d7ba13948311f2652436,flex,delivered,2025-12-18 06:07:20,
01a0571b-493d-471d-ad15-b6e779562d52,2026-02-01,msg_00075,Ub0341314a5534ea92b26fa8adc30543f,U9c1e24c186de9948b69a18c699676c90,imagemap,delivered,2026-02-01 17:57:00,
16833c86-3e1c-4aae-afb2-46395ce27bd3,2026-01-09,msg_00052,U743849e63f8101ac616f8fd0ba84a167,U06c05f57a066d48b85b3b562f7ca4718,video,delivered,2026-01-09 09:10:37,
ae7c9738-9d69-4605-8640-cf0bf2b42fb1,2025-11-23,msg_00024,Ue8d9224ecde331ce692edfce0b5ecdc4,Ue12fd1e39050f562333f826e7ff59141,text,delivered,2025-11-23 14:43:36,
84711d27-1fca-4d25-9e6f-525ed843dbf3,2026-01-20,msg_00108,Ub0341314a5534ea92b26fa8adc30543f,U952d3794c4024e3cdc97ea571be43e08,flex,opened,2026-01-20 10:27:14,
4fc28e90-2137-42ac-96fa-5debbfaaa816,2025-11-27,msg_00018,U3e5dd3a641c58ad50e49f095c6f1e306,U9538cef8e0d9ef4444890549bfaa2222,imagemap,delivered,2025-11-27 14:45:12,
e4777338-18a8-47e1-900a-d41c0442f41e,2025-11-22,msg_00047,Ue7310890b01058478be93761a56d0aa0,U6e7ff67780b2f83e1277b7798bfa632a,video,delivered,2025-11-19 05:12:51,
a5676bdf-f55c-43a0-b171-f8be29b59ffd,2026-01-07,msg_00110,Ub0341314a5534ea92b26fa8adc30543f,U8f729eeedc1f26ce0a53b1d296c0becb,video,delivered,2026-01-07 06:26:41,
2b1d3e5a-69d3-4e7c-8049-72bcd02c55d9,2026-03-06,msg_00055,U3bae1603803a839c0cb52f511d9cb8f6,U6fb59ba6b311745b104e2183fa7f5cd5,flex,delivered,2026-03-06 05:54:09,
34868491-35fe-4098-97a7-c8e157757e06,2026-03-06,msg_00055,U3bae1603803a839c0cb52f511d9cb8f6,Uf1f9670d0e5b322f9d170bcd43ec530a,flex,delivered,2026-03-06 03:54:54,
012aa724-1999-4d0a-927e-751556c21068,2026-02-05,msg_00107,U3bae1603803a839c0cb52f511d9cb8f6,U56d3b83e9a05c60661183de6e29464c2,text,delivered,2026-02-05 12:02:46,
8d99a75b-7727-4e35-8db2-5984bf6bf70d,2026-02-20,msg_00017,U22a93bc29b1df104af6b1ba1cd91fc56,Ub4ec7fd57b7117c50be3e82b81e2bc07,video,delivered,2026-02-20 11:25:37,
f2b9bbb0-eee8-480a-a66c-9a2056faed9d,2026-02-20,msg_00036,U879eb903ad90cd9c2874f6df7651267a,U49a3caa3d14c361c0689f918dbc58910,video,delivered,2026-02-20 12:30:31,
f5d95685-04b7-474e-9f27-40854242764e,2026-02-14,msg_00042,U3bae1603803a839c0cb52f511d9cb8f6,U077874f4087345e4d0cb4d6e0d80081c,video,delivered,2026-02-14 01:06:52,
6758f0c6-78bc-44bc-9a39-55d237162a65,2025-12-18,msg_00070,Ue9a1e8a5b83a6b296d43c957a8cfba4a,U4ff793674547a4146f2e4aa5c3a860d4,imagemap,delivered,2025-12-18 12:16:11,
595c3734-09c2-4234-91e5-40e581f63a3b,2026-02-19,msg_00016,U837b70463a585f85743b5bfb3b49c9fd,U524ec70ea9fa464010862fac9f639d5a,flex,clicked,2026-02-19 10:46:09,https://example-saas.jp/coupon/500off
5d38a806-5a72-41b1-b822-52e1d06b5b6d,2025-12-15,msg_00030,U3bae1603803a839c0cb52f511d9cb8f6,U043a794535ad9c1f3efe1807c45829ab,video,delivered,2025-12-15 23:12:25,
2c8e73b0-c65b-42b5-9f74-ccddf944a2bd,2025-11-26,msg_00028,U3bae1603803a839c0cb52f511d9cb8f6,9e02f6fb806def84b6b30c1022ff8181,image,delivered,2025-11-26 12:17:25,
cf26068b-c478-4613-ac20-ccce7494e1d7,2026-04-04,msg_00100,U743849e63f8101ac616f8fd0ba84a167,67f5369f665c939720d7e6fd34158f88,image,opened,2026-04-04 03:13:08,
c522eff9-ba49-4938-a447-2a442994f5b3,2026-01-24,msg_00007,Ub0341314a5534ea92b26fa8adc30543f,U0d8ad8de13ac41c71ca4f9b477037873,imagemap,delivered,2026-01-24 20:37:21,
a01b634f-c86e-4e69-b22b-bfff26c4bcb3,2025-12-19,msg_00064,Ub0341314a5534ea92b26fa8adc30543f,U463a6ecbf3aa1a5a2c283abceff2e1dd,image,delivered,2025-12-19 04:57:35,
e030054c-f69e-487b-b624-61f33b4a6071,2025-12-25,msg_00045,Ue7310890b01058478be93761a56d0aa0,U57cbb4875051e706ccc66b1707304a51,video,opened,2025-12-25 17:16:06,
8deec8f3-fdb2-4310-a3f2-0fe09b10d348,2026-04-04,msg_00074,U743849e63f8101ac616f8fd0ba84a167,U0985708272f2ecaeceb947d8a94c7d5d,flex,CLICK,2026-04-04 16:45:19,
88a5c264-dd51-4fd1-a388-a2b7c67b2802,2026-01-24,msg_00066,U3bae1603803a839c0cb52f511d9cb8f6,U9b353960729fc00486a56058203001ca,image,delivered,2026-01-24 10:47:39,
c2454cba-148c-4987-a0e7-b7ffc123c2c3,2026-03-21,msg_00023,U743849e63f8101ac616f8fd0ba84a167,U912f2b1f307c78426988e50977f59b02,imagemap,opened,2026-03-21 07:38:34,
cb453cf0-e920-4971-8e00-5629e9cbc554,2025-12-22,msg_00013,Ub0341314a5534ea92b26fa8adc30543f,U03881a99d1d7c49e8e5cd145452632c4,image,delivered,2025-12-22 15:26:48,
810c7c47-faf2-41bb-8dd7-23f89ef40428,2025-11-19,msg_00019,U743849e63f8101ac616f8fd0ba84a167,U289367c2866cd64d371524a0c8d2729e,flex,opened,2025-11-19 02:10:32,
c34b92cf-1b8a-4c38-88e6-5a095cbf61a3,2025-12-18,msg_00070,Ue9a1e8a5b83a6b296d43c957a8cfba4a,791f93cffc01211d8149096d80cda19d,imagemap,delivered,2025-12-16 21:31:56,
648c3db4-fdf5-4814-95e6-1bac63f28b67,2026-03-22,msg_00119,U3bae1603803a839c0cb52f511d9cb8f6,U8b9d66cf5c4754bb78ba2fab6bbc91e2,imagemap,delivered,2026-03-22 12:32:34,
7590ce44-3b95-4836-9d0a-105f51da865b,2026-01-24,msg_00007,Ub0341314a5534ea92b26fa8adc30543f,U0979538ee34be62fab2b07bb6aa9cf23,imagemap,delivered,2026-01-24 08:38:05,
4e888df2-2ff9-426f-8f6c-74f494ee0815,2026-01-07,msg_00110,Ub0341314a5534ea92b26fa8adc30543f,U338f063f664a3e21a2e5ca5bcad81d6d,video,clicked,2026-01-07 13:50:43,https://example-saas.jp/campaign/spring
0d846b18-9c62-466a-8e1b-e3050d18e549,2026-03-05,msg_00014,U3bae1603803a839c0cb52f511d9cb8f6,Ue590e7125cc2622f51c74e5256904e76,flex,opened,2026-03-05 10:52:23,
8fd7176a-0e7d-4b8d-911c-ae3f2d859a2b,2025-12-08,msg_00015,Ub0341314a5534ea92b26fa8adc30543f,U545e524dd0cf273cd0f5b8b0d80d1ab8,text,delivered,2025-12-08 01:30:25,
57c9e88a-e49b-4e9a-bfd1-4ddde4c25e1f,2025-12-15,msg_00030,U3bae1603803a839c0cb52f511d9cb8f6,U0b57747be52e0b32ced0a44e4aaff6ce,video,delivered,2025-12-15 06:44:10,
b4a900b7-b6cf-40bf-9e69-7ae1c411aad0,2026-04-06,msg_00074,U3bae1603803a839c0cb52f511d9cb8f6,Ufa67d5ef7df306a8b6ed9b09087fb8fa,text,opened,2026-04-06 03:27:54,
0fd3e3e5-a342-4c27-9147-a48668231574,2025-11-24,msg_00033,U3bae1603803a839c0cb52f511d9cb8f6,U372c028f3a5d3b1cfa6f568a7f8cff08,text,delivered,2025-11-24 20:45:04,
e4e4ac78-586a-4ad5-960a-16900913724f,2025-12-09,msg_00069,Uc20f9c7e9b662bedec3cb78e127885c7,Uf9a9fc7dabcb27c1a102a797966204eb,imagemap,delivered,2025-12-09 08:20:12,
97742956-8b66-4e70-ace1-04d1e7bda142,2026-03-22,msg_00119,U3bae1603803a839c0cb52f511d9cb8f6,U921fa2af9f40538e71c4c764a42ad7ee,imagemap,delivered,2026-03-22 09:54:12,
d7e6056b-7641-4126-b949-b10ba4f46bc0,2025-11-24,msg_00033,U3bae1603803a839c0cb52f511d9cb8f6,U8d4cf478b3aae05f2b34c3ab3a6a1f78,text,opened,2025-11-24 17:36:02,
bc5bd92a-ed8f-4115-aa99-5c1a408f5600,2025-12-21,msg_00022,U3bae1603803a839c0cb52f511d9cb8f6,Ud1f764ec01aa4a96b2f135b574048513,video,failed,2025-12-21 09:47:40,
5b18b4b1-c605-4581-9b2f-81925c2396e5,2026-03-16,msg_00002,U3bae1603803a839c0cb52f511d9cb8f6,Ue7df3e3e30eda69e2ed6de6374d1e734,text,delivered,2026-03-16 03:27:14,
5938c375-4408-4ee6-bb5a-7c2e7128f5cc,2026-01-26,msg_00005,Ub0341314a5534ea92b26fa8adc30543f,U900d6e2f124b192b28bf7367ffb9bb6d,image,delivered,2026-01-26 21:31:36,
b5638fdd-644e-42ec-b1af-b4223e28ead0,2026-03-21,msg_00023,U743849e63f8101ac616f8fd0ba84a167,3a14e170cf28407b6c07b07e91ad14ab,imagemap,delivered,2026-03-21 04:33:03,
a514de8b-dd8a-4702-98a1-3c4a8ab41a8c,2026-02-15,msg_00087,U3bae1603803a839c0cb52f511d9cb8f6,a25a5354d2e235de4b0443cf4edbfb46,imagemap,delivered,2026-02-15 10:34:12,
62239b1d-96da-41b1-835c-73ae5aa8c910,2026-01-24,msg_00066,U3bae1603803a839c0cb52f511d9cb8f6,U5e7b5930249da24b36b98ac0040f1fd0,image,delivered,2026-01-24 14:07:52,
55f56555-c330-4fac-b773-6e9e2e5615ce,2026-02-14,msg_00065,U743849e63f8101ac616f8fd0ba84a167,4b7ecbe92b24d48af34c687cec394ed5,image,delivered,2026-02-14 18:14:47,
5e66728b-0474-4d04-b809-c8d590c40ca1,2026-04-10,msg_00101,U743849e63f8101ac616f8fd0ba84a167,U92b3c9efc5e7ae182eca3cba2a8a3ff0,imagemap,opened,2026-04-10 21:00:30,
b8ed91cb-f810-494d-a1bd-d47b60830999,2026-03-20,msg_00092,U743849e63f8101ac616f8fd0ba84a167,Ud5b59c06542b0ca94da7b6c741151ebb,video,delivered,2026-03-20 21:21:46,
00eb800c-7732-4157-85e4-10fce8f4ffae,2025-12-09,msg_00059,U3bae1603803a839c0cb52f511d9cb8f6,U2f5b53be9e40d0a7148e608f075622b9,imagemap,opened,2025-12-09 11:07:57,
366b59c8-f1a1-4665-a483-391ef9f98e7b,2026-02-01,msg_00075,Ub0341314a5534ea92b26fa8adc30543f,U6848f8d5d25c3f88bef22bd59f9440f2,imagemap,opened,2026-02-01 16:32:04,
0b5082f5-f406-4e75-a683-9d360f7eebc9,2026-01-10,msg_00044,U30ad60bba5da9837ca5dd0230ca8f531,U2c8c4940c1bbeed0cad81da2760dedf8,video,delivered,2026-01-10 17:25:56,
e0f8a408-b58f-4f1c-85bd-b114a8e3599c,2025-12-23,msg_00061,Ub0341314a5534ea92b26fa8adc30543f,U6810955a4b55d369a3fd97236f758590,imagemap,delivered,2025-12-23 16:58:36,
e50773d2-7e8d-4d4c-adc5-edb26495e181,2026-04-01,msg_00072,U4784fc8a8e1e4eb2435ad84e0ad052f2,U3eaababb21eaabceb579b6f8f540af8d,image,delivered,2026-04-01 23:32:56,
88b65145-a779-41c6-9e5d-89e2aa86c43a,2026-04-12,msg_00120,U227d1cd1a801c367de206ec4bbca7330,U6fae6c59f590ff3f3c7399323b1f4e8a,text,opened,2026-04-12 06:23:02,
0ac9c779-52b5-4b02-a3e4-f07a15b8f7a2,2025-11-23,msg_00053,U743849e63f8101ac616f8fd0ba84a167,Ud4625c7a67cf98361dd57e1cc004f331,video,opened,2025-11-23 11:31:54,
8c6710f7-7b35-403e-bea7-8e47f5e60028,2025-11-17,msg_00010,U227d1cd1a801c367de206ec4bbca7330,Ubcad95ffe6c73a6ce65550e7a7aec91b,text,delivered,2025-11-17 10:24:02,https://example-saas.jp/campaign/spring
41c0238c-7b1f-40db-959d-f437c4c6e545,2026-03-22,msg_00119,U3bae1603803a839c0cb52f511d9cb8f6,Uedc30782017d9104e4f80d53bdab8bb1,imagemap,delivered,2026-03-22 11:58:23,
797f40e7-1e85-4595-85cc-1408e371f3a9,2026-01-26,msg_00103,U3bae1603803a839c0cb52f511d9cb8f6,U6f6bd7ade92887a5d37ef1358e0a7f9b,flex,delivered,2026-01-26 16:00:15,
07050d0b-b3a4-42c4-8bb7-28b663afa921,2026-03-25,msg_00079,U743849e63f8101ac616f8fd0ba84a167,U34e803616086fb1078e1ccfc34777042,text,delivered,2026-03-25 19:16:14,
d38ce45d-140c-4bd9-b8af-3deadba4bfd0,2026-01-20,msg_00108,Ub0341314a5534ea92b26fa8adc30543f,U94169573c3a013f04cb0c8a950b65be6,flex,opened,2026-01-20 01:43:53,
eb38e793-14a7-49d2-952b-dbf0c67e24d7,2026-02-20,msg_00036,U879eb903ad90cd9c2874f6df7651267a,Ube05f7ce0c97eb82fcd7ade3f438f151,video,delivered,2026-02-20 08:08:11,
4669052d-18a4-4ce5-8344-cad0401f81ec,2026-02-14,msg_00098,U743849e63f8101ac616f8fd0ba84a167,c4baa8fa7f96b87bb1699bead6c8e64d,imagemap,opened,2026-02-14 22:20:14,
ce09815e-0094-4bf4-b93e-c2d4480c73b0,2026-01-31,msg_00035,U7e808d11d6f9901a954a542a7ee09918,Ud266230cafa0d44d7353d3d154bd7926,text,clicked,2026-01-31 13:45:40,
d243878e-1bc4-4f01-8f2a-f2d818e7456a,2026-01-18,msg_00102,U227d1cd1a801c367de206ec4bbca7330,Uf0382bdc8bee6ec8ed065272c69713aa,video,delivered,2026-01-18 17:46:38,
219fecea-ee89-467a-af46-a1f83000327d,2026-03-20,msg_00092,U743849e63f8101ac616f8fd0ba84a167,U6c42ff07abdfcbae92e33456b1afaafa,video,clicked,2026-03-20 08:40:28,https://example-saas.jp/survey
cc2f7434-85d1-4321-ae71-457d529daec5,2025-11-16,msg_00020,U3bae1603803a839c0cb52f511d9cb8f6,U22f0e4e6764bf66955eb16af8d9f34a7,text,clicked,2025-11-16 21:19:19,https://example-saas.jp/campaign/spring
4e13d74d-969a-433c-bce5-98aef08c1f84,2026-01-31,msg_00035,U7e808d11d6f9901a954a542a7ee09918,U8a678887afad74a720df09078d267026,text,delivered,2026-01-31 06:58:29,
f25bb82b-88a8-4755-bfe9-893c273cc6f6,2026-03-03,msg_00085,U3e5dd3a641c58ad50e49f095c6f1e306,Ue90431ce0134db079fb9a99f04670761,text,delivered,2026-03-03 19:53:01,https://example-saas.jp/survey
41221dc6-9990-4a59-b91c-13f9ae610c1d,2026-04-04,msg_00049,U476acbdef8e9a16d24575e4f6d7b0f31,U12b32c53b9e2101eb180f8a913611a77,text,delivered,2026-04-04 00:02:58,
5ef15692-18ab-43a6-96ce-e086e898308b,2025-12-24,msg_00091,U3bae1603803a839c0cb52f511d9cb8f6,U1f1f25f5f0b9e4c96f0c83e3e87294e1,imagemap,opened,2025-12-24 08:55:37,
c1539c39-5b36-496b-bfc3-02233798a495,2025-12-19,msg_00064,Ub0341314a5534ea92b26fa8adc30543f,Uc7c666f716022a26d762d1cd62de1d06,image,opened,2025-12-19 14:04:46,
47c12a36-d569-4f00-b242-7f2ac537a62f,2025-12-23,msg_00109,Ue7310890b01058478be93761a56d0aa0,Ubd6648e5c5bd6ae2ca893fa943e55e96,text,delivered,2025-12-23 18:59:07,
038c641e-2f30-468f-96ce-fedbba6c4902,2025-12-19,msg_00064,Ub0341314a5534ea92b26fa8adc30543f,Ub748cec06de52add385b66de52f5ba93,image,delivered,2025-12-19 04:46:40,
86777c17-9f9d-4295-a381-7cdeda4d2895,2026-01-26,msg_00086,U4784fc8a8e1e4eb2435ad84e0ad052f2,U87b2aea541c875df7822ab144c9e4685,text,delivered,2026-01-24 06:33:20,
9647ed6a-fc36-4bdd-82c5-c74198ac23aa,2026-01-26,msg_00086,U4784fc8a8e1e4eb2435ad84e0ad052f2,U242a36036e21c8989a602756e69f4469,text,delivered,2026-01-26 14:12:05,
33893820-7d9b-48c2-9e81-4c6ba1428395,2026-04-12,msg_00105,Ud4a92c8c8050eed40ef171cc2784d638,U7a8946b0315e00a37c68de0cc3baec10,flex,clicked,2026-04-12 08:23:43,https://example-saas.jp/lp/newmenu
7787a9d5-79a8-4f74-b618-024eacf22f6d,2026-02-07,msg_00090,U4784fc8a8e1e4eb2435ad84e0ad052f2,Ub2baa6cf994414e812615c0a9d263cf8,imagemap,opened,2026-02-07 10:16:35,
47af27df-3ccc-4639-9e98-41ea42f0cd14,2026-03-08,msg_00112,U3bae1603803a839c0cb52f511d9cb8f6,1c8c0af440989392eae52c5720b7ed81,image,opened,2026-03-08 12:31:54,
ca73bbdc-108e-4a82-b404-538b79e59d87,2025-12-18,msg_00114,Ub0341314a5534ea92b26fa8adc30543f,Ucc1130144350b55c4ed85bc13c7f1e91,flex,opened,2025-12-18 13:32:41,
c1126df3-0dfa-4561-b5ed-4394b4caf763,2026-01-07,msg_00110,Ub0341314a5534ea92b26fa8adc30543f,U8559b298483c3249adb47ed174043812,video,delivered,2026-01-07 20:02:54,
945569b7-0a14-406a-9d51-053153a7159c,2026-01-29,msg_00031,U3bae1603803a839c0cb52f511d9cb8f6,53d07b0c7df8fae3aa0aed8366bd7fb8,video,delivered,2026-01-29 12:39:10,
2e1a771d-d60f-498e-9ec8-6c03b343acaf,2026-04-08,msg_00041,Ue7310890b01058478be93761a56d0aa0,Ue36e7b2e6120ceb494f48ff9f156ae3e,text,delivered,2026-04-08 23:09:34,
95c40a45-259b-4aa6-bde9-70507ee17249,2026-02-05,msg_00107,U3bae1603803a839c0cb52f511d9cb8f6,Ud78df7af7a300432873d1e6e17974d0c,text,delivered,2026-02-05 20:27:40,
b9455ab3-161a-46ff-be5f-4d286297b2ce,2025-12-23,msg_00061,Ub0341314a5534ea92b26fa8adc30543f,U588a3f52b93c5fe7d81526c1f0236a10,imagemap,delivered,2025-12-23 04:52:53,
624e1eba-b1ec-4f71-ad2c-788fa2abbb13,2026-04-10,msg_00101,U743849e63f8101ac616f8fd0ba84a167,Uf3ff0345ba0313cf092558d78af29577,imagemap,blocked,2026-04-11 03:05:26,
b6c38bf1-ca13-432f-baee-faf3f4546ede,2026-03-06,msg_00068,Ub0341314a5534ea92b26fa8adc30543f,Ue0f687675b7d2e926c07087642abd8ef,video,delivered,2026-03-06 07:45:26,
01d55bbe-6119-4c11-bf19-f8939addac98,2026-03-20,msg_00057,Ub0341314a5534ea92b26fa8adc30543f,U58d6a554e764007313343b9dcd2f3362,video,delivered,2026-03-20 05:41:27,
5eb1fccf-1228-4735-aed3-0aaab0517751,2026-02-10,msg_00058,Ue9a1e8a5b83a6b296d43c957a8cfba4a,U759e3d587dd20cb36380f85800365f00,video,delivered,2026-02-10 00:09:05,
52f0a6e5-8f79-4c0d-ac69-3bf0f4c1edb2,2026-03-08,msg_00112,U3bae1603803a839c0cb52f511d9cb8f6,U09e3776a80c0e4c717a2f4c942dddb7f,image,delivered,2026-03-08 11:17:48,
0d77ab18-3332-4dad-9b98-bca3b778a321,2026-02-24,msg_00111,Ub0341314a5534ea92b26fa8adc30543f,Uaa7b82a2781d76dbc6e1e7c51ed2115e,flex,delivered,2026-02-24 19:46:35,
e4ee87f8-ebf5-4d5f-9e55-cd023d705947,2025-12-12,msg_00004,Ub0341314a5534ea92b26fa8adc30543f,U748ef8a14e5af9f799d2aea866bca3a7,video,opened,2025-12-12 09:41:16,
0974a166-2a2d-4e36-ace8-c869a362b9ad,2026-03-27,msg_00096,U476acbdef8e9a16d24575e4f6d7b0f31,U90fae93cc74a964bbfe86aa933c7fb90,imagemap,delivered,2026-03-27 20:26:53,
2688148b-db25-44b5-9e24-29c7f26f0588,2026-01-18,msg_00102,U227d1cd1a801c367de206ec4bbca7330,U031c037895d8172b77e8a0e3bdc84adb,video,opened,2026-01-18 08:04:26,
56225c11-a2e3-4990-a86e-ad82cc51e802,2026-04-01,msg_00072,U4784fc8a8e1e4eb2435ad84e0ad052f2,U944ff50b609be3eed18ecdc452850d1d,image,delivered,2026-04-01 08:43:15,
560133b1-8a3e-4893-b6c5-3337739c5d46,2025-12-09,msg_00069,Uc20f9c7e9b662bedec3cb78e127885c7,Ue815fd47949d2da403bdeade349b2c6d,imagemap,delivered,2025-12-09 04:15:29,
74e98080-dc2f-41a2-be5f-d66498319683,2026-03-21,msg_00023,U743849e63f8101ac616f8fd0ba84a167,Ufae6abb585accc5698908dda09d7d85b,imagemap,clicked,2026-03-21 09:33:41,https://example-saas.jp/coupon/500off
b2639596-87c9-4e59-bf12-7220a3637e2e,2026-01-17,msg_00037,U7e808d11d6f9901a954a542a7ee09918,a51473966a025fb57dea44356c56d6bc,text,delivered,2026-01-17 11:09:27,
8620c9a8-034c-4a64-ad6c-e9132c12dbe2,2026-03-26,msg_00040,U3bae1603803a839c0cb52f511d9cb8f6,41c19adeac2ce1a23af44383ef1c7208,imagemap,clicked,2026-03-26 15:46:25,https://example-saas.jp/campaign/spring
2a898003-6423-47e5-bcdb-ecd0b1033676,2026-03-05,msg_00014,U3bae1603803a839c0cb52f511d9cb8f6,U4c2baa8edac94f4f559ad1feba22492f,flex,delivered,2026-03-05 00:49:09,
4063b81b-bee4-4ac0-acf4-31125acd37ca,2025-11-17,msg_00034,U743849e63f8101ac616f8fd0ba84a167,a191ca485a9ce4d5edefbfb9869d42f5,text,delivered,2025-11-17 17:23:41,
9e3bd258-7b50-407a-a2fe-b5b275528150,2026-02-20,msg_00095,Ub0341314a5534ea92b26fa8adc30543f,U4c4764e66e780f038e25c4fc99cf383e,text,opened,2026-02-20 01:27:31,
67dcaf3f-a0ea-4753-86db-a2f7aa87eb1b,2026-03-11,msg_00104,Ub0341314a5534ea92b26fa8adc30543f,Uf9582ddf4cdf18e73c374bb41d3e543a,image,opened,2026-03-11 14:27:49,
e4f881bd-5e95-4162-a349-6822b18662bf,2026-03-11,msg_00067,U7e808d11d6f9901a954a542a7ee09918,U0b52a40d7f86819a02f5072fd103fe27,video,delivered,2026-03-11 00:16:22,
21de798d-655c-49b0-b219-a049cefd15f0,2026-02-20,msg_00048,Ue7310890b01058478be93761a56d0aa0,U4aeb5365e22d41bf0978724aaaaa7275,flex,opened,2026-02-20 18:46:55,
a45338c0-39c3-421e-8b5f-379207a00ec8,2026-01-14,msg_00081,Ue7310890b01058478be93761a56d0aa0,Ud8881c4a59e2b6374621609df4f44af5,video,delivered,2026-01-14 20:25:00,
4f035b61-15e2-451c-9440-cf2cc2460e14,2026-01-13,msg_00060,U3bae1603803a839c0cb52f511d9cb8f6,e8190ee631c17f3c10cf17469ee871de,image,delivered,2026-01-13 17:15:16,
8ed69689-4e56-4ef2-a92d-2a7e76c0ac41,2025-11-30,msg_00025,Ub0341314a5534ea92b26fa8adc30543f,U0cec5787b9b247ce8c4ec13e1b5e8837,imagemap,opened,2025-11-30 02:59:17,
33679310-d963-47de-a0ad-cd0f1c6496a2,2026-03-11,msg_00067,U7e808d11d6f9901a954a542a7ee09918,U53975b075aa6d5a9f653cc21bbc79c92,video,delivered,2026-03-11 05:01:13,
612ea838-2eec-4118-a2fa-4b95388b4680,2026-04-10,msg_00101,U743849e63f8101ac616f8fd0ba84a167,Uea84af39db75ecc78eaeb5046b2b04fd,imagemap,delivered,2026-04-10 01:38:27,
506ff382-9a0a-4c7e-abff-359dba2f03d5,2026-03-21,msg_00023,U743849e63f8101ac616f8fd0ba84a167,Ua82dcda1e57f57a85ee1fead40e5f028,imagemap,failed,2026-03-21 23:15:50,
e645d4e2-0e84-4061-b352-e5da4ee9ffa0,2025-11-19,msg_00019,U743849e63f8101ac616f8fd0ba84a167,Ubd0bba60c8b3b6d0b1d8ee34cea49071,flex,clicked,2025-11-19 21:56:22,https://example-saas.jp/lp/newmenu
8211a598-310b-4a3f-b04a-57adb368943c,2025-12-22,msg_00013,Ub0341314a5534ea92b26fa8adc30543f,Uc5b9694010d2a69611f08691d8346517,image,opened,2025-12-22 09:54:17,
7420c7a9-2c0a-4ba1-9e1c-58a73c3ac145,2026-03-25,msg_00079,U743849e63f8101ac616f8fd0ba84a167,U362e7b3c351cbdfa7756ce17a617f541,text,opened,2026-03-25 04:26:16,
e32e5360-4908-4d3f-9616-789f5eb1d113,2026-04-04,msg_00049,U476acbdef8e9a16d24575e4f6d7b0f31,U4d05ef995c0914ca4db5f2c3951e81a6,text,opened,2026-04-04 08:43:22,
79d1018d-eaf2-43d3-92a6-4f94fa034c2f,2026-03-20,msg_00092,U743849e63f8101ac616f8fd0ba84a167,U251f266c73a772578cf0a02d5d8d156f,video,delivered,2026-03-20 23:30:11,
6cd34602-42e3-4863-a7f9-c749b93eb6cd,2026-01-26,msg_00103,U3bae1603803a839c0cb52f511d9cb8f6,U8d53691ad3d1e379c59ed662f2df8fa6,flex,opened,2026-01-26 10:08:13,
45fcd31d-b368-4251-948b-a82d91047454,2026-02-10,msg_00058,Ue9a1e8a5b83a6b296d43c957a8cfba4a,U17ea5b3880971872dd2c549264302dbe,video,opened,2026-02-10 07:21:45,
f460794f-62d8-4a6a-b965-84e6e3a2a9c2,2025-12-17,msg_00032,U3bae1603803a839c0cb52f511d9cb8f6,Uc0ac13d6aec0d82aa225f0b794bcd418,video,delivered,2025-12-17 10:49:48,
d40be3db-bda2-49b8-a2f4-82e587f62956,2026-01-13,msg_00060,U3bae1603803a839c0cb52f511d9cb8f6,U8671a61b4e72fe340da9f76e6bb374fb,image,delivered,2026-01-13 01:08:49,
5af64a11-af80-4669-be97-734b7cbc3141,2026-02-15,msg_00006,U743849e63f8101ac616f8fd0ba84a167,U90a369031ad0b8b32c7c28ed0ebd6f0f,flex,opened,2026-02-15 06:07:53,
d819cf96-b38e-44c1-acde-d5628d887b1e,2025-12-24,msg_00091,U3bae1603803a839c0cb52f511d9cb8f6,Uecf2a6b5193ade77598dc169c494b7cc,imagemap,opened,2025-12-24 07:07:13,
3e014a7c-c9c3-4ae6-8406-502369715b7c,2026-01-26,msg_00115,U3bae1603803a839c0cb52f511d9cb8f6,Uea061e5594ae10a937b5c850a3a3ec16,imagemap,delivered,2026-01-26 14:24:46,
762c493b-b8ca-46da-9695-6d601baad570,2026-03-14,msg_00009,U743849e63f8101ac616f8fd0ba84a167,Ud10970b500830f2907c09ae8362f30c9,imagemap,delivered,2026-03-14 19:01:32,
a729b211-f3b5-46e8-ab25-bbc3b8e998e3,2026-02-14,msg_00065,U743849e63f8101ac616f8fd0ba84a167,5358103c6e438f8ba84ffd931f480d9b,image,delivered,2026-02-14 15:40:13,
709d64ba-83cf-4563-8b97-5c9a2855205a,2026-02-28,msg_00117,U743849e63f8101ac616f8fd0ba84a167,U4540eb2007628a49ca72cd1fc2f9b10e,video,delivered,2026-02-28 23:22:50,
69c9e184-54e2-4c05-932d-8d08d8fc5a86,2026-02-05,msg_00107,U3bae1603803a839c0cb52f511d9cb8f6,U97fa62f29f56052c4e5d2f79caae4357,text,delivered,2026-02-05 20:19:22,
982f7d3d-195b-428c-802d-bf7639ada9d6,2026-02-24,msg_00039,U743849e63f8101ac616f8fd0ba84a167,709adb6eaec9e5c473a51bf86d6ccf14,flex,delivered,2026-02-24 18:12:09,
3c571dea-ca1e-4e45-aa08-51b74072267b,2025-12-23,msg_00109,Ue7310890b01058478be93761a56d0aa0,U1206c9a97b4fb3935d90af8cb62ca282,text,opened,2025-12-23 14:37:17,
4828d1d3-a90b-41a7-9b34-c8118f2f672e,2025-12-23,msg_00061,Ub0341314a5534ea92b26fa8adc30543f,Ud18c3663eb6a787b71adb775f5e6c3f4,imagemap,delivered,2025-12-23 17:26:32,
50383fd3-c545-411e-b6dd-bc2c26a926da,2026-01-26,msg_00103,U3bae1603803a839c0cb52f511d9cb8f6,Ud9cf3ac985f4498a7e6a5a58081f5c12,flex,delivered,2026-01-26 03:51:27,
242c181c-3917-4fff-8139-0c8a967944e3,2026-02-14,msg_00042,U3bae1603803a839c0cb52f511d9cb8f6,Ud38c5dba12901e752015f24f3f767d8f,video,opened,2026-02-14 13:29:59,
7b8c1b55-1db1-41ad-955a-4e519991e04e,2025-12-03,msg_00012,U743849e63f8101ac616f8fd0ba84a167,U61d8902b00faa833e770b028e14bdb19,imagemap,delivered,2025-12-03 04:14:04,
47ee2c6e-86ff-4da3-b586-f210b3a4f5a1,2026-01-18,msg_00102,U227d1cd1a801c367de206ec4bbca7330,Ua3ee61daff3ad75be763fcbfa95f387d,video,delivered,2026-01-18 04:11:23,
9a063eb4-9027-4ba9-8a19-5a84ce8e066a,2026-02-08,msg_00051,U3bae1603803a839c0cb52f511d9cb8f6,Ucb1f2527874d50bef5b764d963c83bd4,image,delivered,2026-02-08 17:46:40,
2b8586a3-6157-4eb8-93dc-127e2ec79bb2,2026-02-05,msg_00107,U3bae1603803a839c0cb52f511d9cb8f6,U6ca4bd0409b9f59c6c42dd2bfe5090ca,text,clicked,2026-02-05 14:05:55,https://example-saas.jp/campaign/spring
ca0d1758-b231-4e9d-ace9-703347620e2e,2025-12-19,msg_00118,U4784fc8a8e1e4eb2435ad84e0ad052f2,U15eff2443af0e6ba33bed282b8fa30d0,image,delivered,2025-12-19 10:27:09,
bf123667-e728-4249-a485-ab730de40316,2026-02-01,msg_00075,Ub0341314a5534ea92b26fa8adc30543f,Ub6c56cf86ec50f8716fcab16c110762b,imagemap,delivered,2026-02-01 22:19:52,
3e2c47d5-6a3a-4437-a8fc-ac1c7adfa018,2026-04-12,msg_00120,U227d1cd1a801c367de206ec4bbca7330,ed887d282d16d0424961769cd13fab11,text,opened,2026-04-12 20:14:38,
58243684-a3bf-44e9-8169-9682df9ddb7a,2026-03-04,msg_00056,U1ca413826b7044d134c9c3132420c9de,U8fc9223ff25358727e5d5f0cd699e5dc,text,opened,2026-03-04 09:07:21,
048aa06e-4371-41c7-af26-5911ad38211f,2025-12-09,msg_00059,U3bae1603803a839c0cb52f511d9cb8f6,U3138d024504789ab92d563d323395902,imagemap,delivered,2025-12-09 18:04:48,
ac1e476e-730f-45b8-8971-7c70ddab0663,2025-12-23,msg_00109,Ue7310890b01058478be93761a56d0aa0,54ee9fc40c2622da58634937051e6b5b,text,opened,2025-12-23 16:17:14,
a9900205-d67a-46e0-82c9-5abcc638b173,2026-03-23,msg_00071,U3bae1603803a839c0cb52f511d9cb8f6,U8f72e2a30495e8c32c182482785c0883,imagemap,delivered,2026-03-23 19:19:56,
a10baf17-761c-4968-863a-3bb2ff741d92,2025-12-25,msg_00045,Ue7310890b01058478be93761a56d0aa0,U9c67b78ff83677a3fa124262dee1f6f6,video,delivered,2025-12-25 20:19:20,
07c7e5cf-425b-457e-9591-6664f38f176d,2026-01-26,msg_00063,Ub0341314a5534ea92b26fa8adc30543f,Ub13406b9fdc8ef837b8cd16e553c87b6,imagemap,opened,2026-01-26 19:38:31,
4dfec5ba-8804-4aab-a36a-ca74c638e80f,2026-02-09,msg_00083,U3bae1603803a839c0cb52f511d9cb8f6,Ue8435e12fbe0c6f8c5871d94b6ad34ee,flex,opened,2026-02-10 01:01:20,
c9e0ddfe-4dc1-4643-8164-cdfab89acb35,2026-04-12,msg_00105,Ud4a92c8c8050eed40ef171cc2784d638,U7dcacb5f8db400827039758fd4a39189,flex,delivered,2026-04-12 07:21:21,
e99e5c33-3e44-4616-a446-130b91641c6b,2026-02-28,msg_00117,U743849e63f8101ac616f8fd0ba84a167,U6670e183b3b055b6a47d7afa40b16663,video,opened,2026-02-28 09:39:14,
3d725189-ace3-4b8e-a355-0548a2358b21,2025-11-21,msg_00010,Ue7310890b01058478be93761a56d0aa0,5628bb97296b061c897f477792854b31,imagemap,blocked,2025-11-22 01:25:46,
3f3cab83-3cbf-42fd-89ca-c43d82f3a27f,2025-12-07,msg_00003,U227d1cd1a801c367de206ec4bbca7330,U654da2d20151b5ab8b5b6af2c8f3a586,image,opened,2025-12-07 20:12:53,
0433ad57-f9b6-43a7-b6f4-e48d6c0b500e,2026-02-08,msg_00051,U3bae1603803a839c0cb52f511d9cb8f6,U5ee472b5493470bc843123813c555838,image,delivered,2026-02-08 09:03:44,
c3d7593d-21e4-4a9a-8f34-245ced0762da,2025-12-23,msg_00061,Ub0341314a5534ea92b26fa8adc30543f,U00ab84febba210ad73b90111c2e4aebc,imagemap,delivered,2025-12-23 06:03:38,
9ac81e87-22de-4e20-ab8a-85c14ee7fba9,2026-01-26,msg_00063,Ub0341314a5534ea92b26fa8adc30543f,Ude62b0f9fdef5c2192ab86393b03c256,imagemap,clicked,2026-01-26 08:12:02,https://example-saas.jp/campaign/spring
6f92f278-b21f-4bff-9607-2468fefeca90,2025-12-03,msg_00012,U743849e63f8101ac616f8fd0ba84a167,Ub276950c28e7b7e0c488b7e6c333ab11,imagemap,delivered,2025-12-03 08:34:21,
bf674112-44f4-4f49-9adf-0d6e41e46aef,2026-03-08,msg_00112,U3bae1603803a839c0cb52f511d9cb8f6,Ube6be6ded3b97d3e53ae6b61dfb10114,image,clicked,2026-03-08 21:08:40,https://example-saas.jp/coupon/500off
b94ee60e-672b-4e68-b131-ad71730ef51c,2026-03-21,msg_00023,U743849e63f8101ac616f8fd0ba84a167,Ud1a5d39f9fcd8d9a2c4d24607ed5b9a6,imagemap,delivered,2026-03-21 18:00:19,
3ba27ef2-5a14-400a-9dfb-520989378e16,2025-11-23,msg_00024,Ue8d9224ecde331ce692edfce0b5ecdc4,U5ba8a39b159c1e0ec08c4627e93fd104,text,opened,2025-11-23 14:22:39,
c5998b53-d722-48b1-98df-510137ca6f3f,2025-12-17,msg_00032,U3bae1603803a839c0cb52f511d9cb8f6,U02c62b3ceaa447a47e1a7b112d5ccea3,video,delivered,2025-12-17 20:54:49,
e062ca01-16d5-4ddc-a8dd-56fb634440ab,2026-01-07,msg_00110,Ub0341314a5534ea92b26fa8adc30543f,Uddab16d4f091887ab882896184ee207d,video,opened,2026-01-07 15:19:27,
a2b2ce1a-b5d1-4016-939b-fb3fecbd4b56,2026-02-09,msg_00083,U3bae1603803a839c0cb52f511d9cb8f6,9b89e8cb328cbe1d7b430c0533812c70,flex,delivered,2026-02-09 03:28:33,
516b5a8c-ae57-4f17-b4bd-bafc88c165a5,2025-12-21,msg_00022,U3bae1603803a839c0cb52f511d9cb8f6,Ub416f1804176c8a8923ce37eb2c9886d,video,delivered,2025-12-21 13:48:17,
e1dda293-682a-40d7-9314-c351e9c23d7b,2026-03-04,msg_00056,U1ca413826b7044d134c9c3132420c9de,U551fcc76da0aeaf417e298b2cae59a17,text,delivered,2026-03-04 00:26:15,
68db51e9-605d-40ea-b88f-3cc1716db353,2026-01-26,msg_00063,Ub0341314a5534ea92b26fa8adc30543f,U23e6fbbd8c78e0cb9a08ae9a1c0dd4a8,imagemap,delivered,2026-01-26 23:05:45,
195a02eb-6a15-4cfc-8831-a569ed2ec21d,2026-03-14,msg_00009,U743849e63f8101ac616f8fd0ba84a167,Ua9d238fb2873d6320681025e4080ee04,imagemap,delivered,2026-03-14 14:52:47,
7eec5f62-dd93-4348-b33a-21f703f848d3,2026-04-04,msg_00049,U476acbdef8e9a16d24575e4f6d7b0f31,U57ce92072dab6f81f29531b1c132808a,text,delivered,2026-04-04 01:39:20,
570ab212-3c24-4b54-ae34-f9585a62eb18,2025-12-21,msg_00022,U3bae1603803a839c0cb52f511d9cb8f6,U4292b1b8ea6762fb87be402147f8b05b,video,delivered,2025-12-21 02:36:58,
7d00d10d-2893-4952-8ee0-b8c04abbdc80,2026-02-15,msg_00087,U3bae1603803a839c0cb52f511d9cb8f6,U3ea8e6698bda7525c1f7e6cba14c186a,imagemap,opened,2026-02-15 21:31:52,
f563ca38-2cf8-4077-b259-c6fb72a8d68f,2026-04-08,msg_00041,Ue7310890b01058478be93761a56d0aa0,Ucddf342af4be48585ad523a3e4153856,text,delivered,2026-04-08 12:03:47,
92c163ec-a719-470d-b23a-d7b40fec6837,2026-03-11,msg_00067,U7e808d11d6f9901a954a542a7ee09918,Ubdee9ed5d6eceae8b5bc996b8c15ba86,video,delivered,2026-03-08 21:59:26,
6f929b20-0b83-4699-a1a9-aedec1e2423c,2026-04-05,msg_00054,U3bae1603803a839c0cb52f511d9cb8f6,U63fdf808ea95c84ca3944d6672e1b492,image,delivered,2026-04-05 14:23:47,
f88b8d73-affb-4ba2-a594-997d783580ef,2025-11-24,msg_00033,U3bae1603803a839c0cb52f511d9cb8f6,U7eb0a59ae8116438cdeeea6d676274e4,text,clicked,2025-11-24 05:33:47,https://example-saas.jp/campaign/spring
0dc81b11-1a3a-4e0d-b025-40df6b3d8663,2026-02-08,msg_00051,U3bae1603803a839c0cb52f511d9cb8f6,Ubbad2aa68764390e682d39e0ffddfcf1,image,opened,2026-02-08 18:50:16,
34aa451c-82be-4b37-93c8-305a6cee2161,2025-11-30,msg_00025,Ub0341314a5534ea92b26fa8adc30543f,U4710bddb96204f2d28503ee20210a86e,imagemap,clicked,2025-11-30 09:44:05,
a1244635-bcb8-40d3-a535-bd9e0e4801b7,2026-03-23,msg_00116,Ud4a92c8c8050eed40ef171cc2784d638,U9128a435adf15b97cdd415ac4a5d9748,text,blocked,2026-03-24 05:46:06,
7c8c899a-64c2-4104-87eb-a28e8ad9c467,2026-03-31,msg_00046,U4784fc8a8e1e4eb2435ad84e0ad052f2,U293803606db38a741fd770ea8099f63a,flex,opened,2026-03-31 04:05:42,
2d675c6f-3858-48ae-847d-8185a790c440,2026-03-23,msg_00071,U3bae1603803a839c0cb52f511d9cb8f6,Uddae946914bbf2e89b1d5b4ecc88a24b,imagemap,delivered,2026-03-23 09:06:05,
eb0894ef-fb50-46e4-83a9-91bde9bb615a,2026-02-20,msg_00017,U22a93bc29b1df104af6b1ba1cd91fc56,U4ac01a7bc1e438331298b9aacd6ad0d3,video,delivered,2026-02-20 18:55:32,
72049873-a75f-40af-8b9f-39b1041e836d,2025-11-23,msg_00053,U743849e63f8101ac616f8fd0ba84a167,U70ca06c25a8f5d0e2d18a9b2f2da7962,video,delivered,2025-11-23 02:32:30,
ecb38532-aac9-4f62-91fb-496e3481c491,2026-02-14,msg_00042,U3bae1603803a839c0cb52f511d9cb8f6,U15a55fd4edfc56b87a5f63da91e71a93,video,clicked,2026-02-14 13:02:18,https://example-saas.jp/survey
6923a2c9-8429-495c-ad70-6dcd1b5361b7,2026-02-16,msg_00021,U743849e63f8101ac616f8fd0ba84a167,U1b8ca4a204ff0a6073f585ebd508735c,flex,delivered,2026-02-16 17:57:10,
8ef8bd8a-0307-4c84-ab47-3605923f3e1f,2026-03-16,msg_00002,U3bae1603803a839c0cb52f511d9cb8f6,U072d4a4625e349253957712fabdc9c4e,text,delivered,2026-03-16 10:57:01,
b4a9e6a8-9a5c-4185-b303-b1422a6c15e9,2025-12-19,msg_00064,Ub0341314a5534ea92b26fa8adc30543f,U3ac794b554a02a5a1d5221ef89b0f208,image,opened,2025-12-19 11:11:28,
cf5cb762-240f-41f8-851e-fccfa5f87732,2026-03-04,msg_00056,U1ca413826b7044d134c9c3132420c9de,Uc1cb30e5b1e6e6cf76744829516d2b1f,text,opened,2026-03-05 01:30:06,
66eb4c4e-1d1e-4173-8b7d-11b4c2883fdd,2025-12-23,msg_00061,Ub0341314a5534ea92b26fa8adc30543f,Ue53814f9657173097cf98772b7ce361b,imagemap,delivered,2025-12-23 01:56:19,
50f85cc4-dd3a-4467-80b6-85afcb8493f9,2026-02-14,msg_00042,U3bae1603803a839c0cb52f511d9cb8f6,U290eb1a22979303e531907a47832ff00,video,delivered,2026-02-14 12:20:59,
5381a241-0eab-4018-8451-97d59948d6f0,2026-01-17,msg_00037,U7e808d11d6f9901a954a542a7ee09918,a606ea61dd7e66204b1cbef992116fe4,text,delivered,2026-01-17 09:55:58,
a8069547-9165-48c7-ab6d-f2ecb37e7c4c,2026-03-23,msg_00071,U3bae1603803a839c0cb52f511d9cb8f6,2818e3838dab2f6c7c96855cec7b6d2b,imagemap,delivered,2026-03-23 21:35:48,
824257f5-1eaf-4842-8ede-d9efe6820fd4,2026-04-12,msg_00105,Ud4a92c8c8050eed40ef171cc2784d638,Ue17fc23ffb2c84e16c1c54be4f666385,flex,opened,2026-04-12 16:14:25,
75f27e60-071e-4685-96df-dddea8c0c998,2025-11-27,msg_00018,U3e5dd3a641c58ad50e49f095c6f1e306,U8a0d5841b2b4ab643b5f2e2801c28a13,imagemap,clicked,2025-11-28 00:29:17,https://example-saas.jp/lp/newmenu
f6ef7cc6-e5b3-41bc-9547-78a3a15da065,2025-12-18,msg_00114,Ub0341314a5534ea92b26fa8adc30543f,U78451a618caf29b32c5e6651edb90e33,flex,opened,2025-12-18 21:23:30,
9e68ba86-b248-4d28-83ff-219a3e78b4fc,2026-03-11,msg_00067,U7e808d11d6f9901a954a542a7ee09918,U53975b075aa6d5a9f653cc21bbc79c92,video,opened,2026-03-11 06:16:06,
aa97d46b-05bd-4bc0-bb2d-0563b1958548,2026-02-28,msg_00117,U743849e63f8101ac616f8fd0ba84a167,U7dccae404a5d3c2bac789f90ec76684b,video,delivered,2026-02-28 11:19:46,
ea8ba939-84b9-463c-a0d7-4457969ccd64,2026-04-10,msg_00101,U743849e63f8101ac616f8fd0ba84a167,U4342f291a0c1c2fb00325b0c42752c1e,imagemap,delivered,2026-04-10 06:40:47,
f7c7963d-9426-4831-b94c-f94da044e41a,2026-03-23,msg_00116,Ud4a92c8c8050eed40ef171cc2784d638,Udcc810e3ec27f04f079a384904eea015,text,delivered,2026-03-23 13:06:05,
728bf744-a480-4800-ab72-07e6dc5d62e7,2025-11-25,msg_00043,U3e5dd3a641c58ad50e49f095c6f1e306,Uf1628d629b150ee1b73192339e9ebe63,flex,delivered,2025-11-25 04:20:49,
d8c8ecad-3439-4b47-8143-f213cc83ba13,2026-03-06,msg_00055,U3bae1603803a839c0cb52f511d9cb8f6,U82f6461c54da6fa7656044831530405b,flex,delivered,2026-03-06 01:25:31,
5585d7ca-19d6-484d-b48f-7babd47b2946,2025-12-25,msg_00077,U743849e63f8101ac616f8fd0ba84a167,caac282f5446c99fe0d42443a016028b,text,opened,2025-12-25 02:50:09,
cc75fca1-671a-4c7f-88cf-21b3a6acf571,2026-02-10,msg_00058,Ue9a1e8a5b83a6b296d43c957a8cfba4a,U48eb2f9518b4fadfc28b608a9d59fc95,video,opened,2026-02-10 09:22:36,
974550eb-c145-4b4a-844d-876d943fed28,2025-12-23,msg_00061,Ub0341314a5534ea92b26fa8adc30543f,U00ab84febba210ad73b90111c2e4aebc,imagemap,opened,2025-12-23 07:28:24,
2f9cc93c-1f3c-46c2-a7d8-333c3270fb9d,2026-03-18,msg_00080,U22a93bc29b1df104af6b1ba1cd91fc56,U066a5c8f7517ddb3ba3d8e73071ef38c,flex,opened,2026-03-18 23:30:03,
ee9d0588-b1ef-4151-9a65-e844f4842efa,2026-01-07,msg_00110,Ub0341314a5534ea92b26fa8adc30543f,3b3269c536a695448a20e8681055efd5,video,opened,2026-01-07 08:24:32,
95bb0224-8bce-484f-b211-3deadd7736f3,2026-03-22,msg_00119,U3bae1603803a839c0cb52f511d9cb8f6,U1ca54741ce863c47b0ca9e6adf3997aa,imagemap,delivered,2026-03-22 14:18:22,
983357a1-74ce-424b-b172-6e92ac22b73b,2026-02-20,msg_00017,U22a93bc29b1df104af6b1ba1cd91fc56,Uc08a26d215586713f4e9946c906321d6,video,clicked,2026-02-20 01:53:57,https://example-saas.jp/survey
49d8d30c-0f5d-43b3-9f8e-761868a12ba9,2026-02-08,msg_00051,U3bae1603803a839c0cb52f511d9cb8f6,U9bdc880d6b977cfce73202e2ddaf63c9,image,opened,2026-02-08 18:36:45,
b2f243d5-00dd-4a1b-a384-8554be0ef87e,2025-11-17,msg_00099,U3bae1603803a839c0cb52f511d9cb8f6,U4fd8304d7511613c2897ef904f677323,text,delivered,2025-11-17 16:03:52,
6dec27aa-d7d9-4013-bd1e-7f21745d98b6,2025-11-23,msg_00024,Ue8d9224ecde331ce692edfce0b5ecdc4,Uda3e94f90b7b8444348ba93afba2aa7f,text,delivered,2025-11-23 14:45:16,
c792f967-9d9b-4f99-91b0-19ce24b2bc1d,2025-12-12,msg_00004,Ub0341314a5534ea92b26fa8adc30543f,U748ef8a14e5af9f799d2aea866bca3a7,video,delivered,2025-12-12 07:43:39,
0e1c606e-7143-4769-8699-721168efd8ea,2026-03-05,msg_00014,U3bae1603803a839c0cb52f511d9cb8f6,U1fd99a79f2ad18b66c344fdefcfe656f,flex,delivered,2026-03-05 22:06:03,
99f2223c-7b9f-4e61-abac-a661827d1a86,2026-01-31,msg_00035,U7e808d11d6f9901a954a542a7ee09918,U5e36b134b2749f58865715176998a7d0,text,delivered,2026-01-31 18:38:13,
e301e1aa-2382-4122-a2ae-45cf07072549,2026-02-15,msg_00087,U3bae1603803a839c0cb52f511d9cb8f6,U17a12389e86fe30dc9646ccc5fa9a1fa,imagemap,delivered,2026-02-15 21:13:41,
5c63b10e-8485-4cec-b0cd-79e73c833dad,2026-04-08,msg_00041,Ue7310890b01058478be93761a56d0aa0,Ufe9a6e0e89344ba18fe182eed82868f4,text,delivered,2026-04-08 05:42:02,
790ffe24-884f-4aa5-a0fe-649a4da0c237,2026-03-18,msg_00080,U22a93bc29b1df104af6b1ba1cd91fc56,fab26677b91b310a4c7b1c53bcb60f1d,flex,delivered,2026-03-18 01:44:02,
a7a83ab3-e1bb-4ca9-852b-f6dddd0c7d22,2025-12-31,msg_00082,U227d1cd1a801c367de206ec4bbca7330,Uefcb58ce865acf58117f7971800b056e,imagemap,delivered,2025-12-31 06:07:14,
61415377-dacb-4e07-8a04-afb0719e2656,2026-02-20,msg_00017,U22a93bc29b1df104af6b1ba1cd91fc56,U4d50afc2474769f61833f1d659a2dcf3,video,opened,2026-02-20 02:12:48,
4cac19d6-bfc1-48cf-8eaf-f8abb1ad8339,2026-02-08,msg_00051,U3bae1603803a839c0cb52f511d9cb8f6,U5ce7c7ec75748ce4888e18db50e27b7b,image,delivered,2026-02-08 03:43:34,
6790b9f8-86d4-4607-9310-77baa1e046d7,2026-02-20,msg_00095,Ub0341314a5534ea92b26fa8adc30543f,U10685d02ceabd55ddc5196858f6da6e3,text,delivered,2026-02-20 22:25:55,
a3b37e22-f1e6-408c-a0ab-32c30e5d03d7,2026-03-22,msg_00119,U3bae1603803a839c0cb52f511d9cb8f6,Ua5d9d741a85f720ab9f173b4017b3d75,imagemap,opened,2026-03-22 16:33:20,
1e4e7c0c-86cf-42f5-905e-03c7110bfdbd,2026-04-12,msg_00120,U227d1cd1a801c367de206ec4bbca7330,U73130305f0cc491ce9d2d1a25c86a290,text,delivered,2026-04-12 05:35:26,
073da192-9f59-49ff-878e-3350f94326fb,2026-03-20,msg_00092,U743849e63f8101ac616f8fd0ba84a167,f661c8eed48584334731d59597b32f35,video,delivered,2026-03-20 15:57:24,
69b51dee-187c-48a6-b22a-b519249c3a62,2025-12-15,msg_00030,U3bae1603803a839c0cb52f511d9cb8f6,U6d1030649de5151ea3c5a0d407c8dfa0,video,delivered,2025-12-15 19:50:57,
8c7bbadb-55c0-4235-a05f-700b2dbbe91d,2026-02-20,msg_00095,Ub0341314a5534ea92b26fa8adc30543f,U5d93ca724daecf197d283af71f5640ee,text,delivered,2026-02-20 13:19:54,
c10e1e4a-94dc-4553-b920-5380d2f03f53,2025-12-23,msg_00109,Ue7310890b01058478be93761a56d0aa0,Ubf95a7c17a83f232f44da0942bb90788,text,delivered,2025-12-23 15:04:16,
eedeb36b-008a-44e8-a50f-4f103b86fd1c,2026-04-04,msg_00049,U476acbdef8e9a16d24575e4f6d7b0f31,Uf4d387e40e8fc00b40db5f66c18ead9a,text,opened,2026-04-04 18:21:36,
cb3bbf1e-af2a-4b92-8863-c1ddb4c0c579,2026-01-26,msg_00063,Ub0341314a5534ea92b26fa8adc30543f,U4020fe4b40d155577757c422fc2d3694,imagemap,clicked,2026-01-26 12:20:55,https://example-saas.jp/campaign/spring
a7ab0502-91b8-455a-9cca-eeb0f0365863,2026-03-26,msg_00040,U3bae1603803a839c0cb52f511d9cb8f6,U71cf364aac76f177acc12be42db5f9ee,imagemap,opened,2026-03-26 22:49:41,
274ab293-b6be-4e3b-9ffd-47f523de65e3,2025-12-07,msg_00003,U227d1cd1a801c367de206ec4bbca7330,Ud782c2733625c8d28fec2971e532615c,image,delivered,2025-12-07 04:55:58,
55d0a619-b53d-4350-9f7a-5f47297642d8,2026-04-08,msg_00078,Ud4a92c8c8050eed40ef171cc2784d638,U69cabe848fe936b28d855c760168b431,image,delivered,2026-04-08 18:45:27,
bc41a938-4320-4d17-8da9-d333d6c39217,2026-02-20,msg_00048,Ue7310890b01058478be93761a56d0aa0,U019eb6cdf974eec404ab002c1c6ec6ad,flex,delivered,2026-02-20 09:13:36,
3f9f019b-8d63-4756-a0c3-0bfc195d8675,2025-12-17,msg_00032,U3bae1603803a839c0cb52f511d9cb8f6,U512da85a37a843d018599bae018367b8,video,delivered,2025-12-17 15:38:32,
96649c41-a85d-4f5d-a482-41b33477e3c5,2026-03-03,msg_00093,U743849e63f8101ac616f8fd0ba84a167,dbb225df7efcfd172602bc7fb154486b,imagemap,opened,2026-03-03 13:26:25,
ae09f486-0120-4d32-8b77-2ac3bd20bd9f,2026-01-18,msg_00102,U227d1cd1a801c367de206ec4bbca7330,U7964dada58dcefa3b67081c50a10f1eb,video,delivered,2026-01-18 06:58:00,
09e17ad3-101c-435b-a9ee-bd7668f6ebcf,2025-12-15,msg_00030,U3bae1603803a839c0cb52f511d9cb8f6,Ufcfff98acc29dfc46d17901705712eca,video,clicked,2025-12-15 19:45:12,https://example-saas.jp/coupon/500off
11fce5ac-f240-4775-ae3a-c0bf6293dc68,2025-11-23,msg_00053,U743849e63f8101ac616f8fd0ba84a167,U3df64d5e43bc4378afa45d0766ba1b8e,video,opened,2025-11-23 01:40:10,
b02831d6-1ce1-4152-8af9-d112ef47dccf,2026-01-26,msg_00005,Ub0341314a5534ea92b26fa8adc30543f,U0fb6482a997ad4cf8405a6909a3520f2,image,opened,2026-01-26 06:37:08,
ef1478ea-333a-4993-99f1-90469b618a61,2026-02-16,msg_00021,U743849e63f8101ac616f8fd0ba84a167,Ubff2ccdb1b6db97a24d08000097a0b93,flex,clicked,2026-02-16 21:43:17,https://example-saas.jp/campaign/spring
5d0ce734-1db6-49b2-9a9b-cff87be613dc,2025-12-21,msg_00022,U3bae1603803a839c0cb52f511d9cb8f6,U204fa0b12c22f561a1edfa955b63a681,video,delivered,2025-12-21 18:31:18,
9a344af6-f56d-4277-8db5-3d67d5e3d245,2025-12-22,msg_00038,Ub0341314a5534ea92b26fa8adc30543f,Uef63ec63b96778a4435b9404779c2b67,image,delivered,2025-12-22 00:28:42,
2efd5d65-a014-4fe1-9c2e-4a4ca1a76fe7,2026-04-05,msg_00054,U3bae1603803a839c0cb52f511d9cb8f6,U7444ad86208f589a90a5e3e6e3120849,image,delivered,2026-04-05 00:34:44,
24962a2e-c334-4685-8dab-20504511ad5d,2025-11-22,msg_00047,Ue7310890b01058478be93761a56d0aa0,U2eee515f32460c01a78223a0b2d61b0b,video,opened,2025-11-22 15:04:52,
154e4aa7-4b7f-4854-bc27-dec7b88a6fb1,2025-11-24,msg_00033,U3bae1603803a839c0cb52f511d9cb8f6,beb422e9dc40e222a58593f0344efa0b,text,delivered,2025-11-24 13:21:45,
72ced99c-01fc-4836-8b96-1e161c8c246c,2026-02-14,msg_00065,U743849e63f8101ac616f8fd0ba84a167,U122926fe8ab32f2674bfda8db2bef0b1,image,delivered,2026-02-14 21:04:34,
4673c59a-b7ab-49dc-a21f-3315186d18fe,2026-02-05,msg_00107,U3bae1603803a839c0cb52f511d9cb8f6,U2a2ab2c423100021acd628ef471a933c,text,delivered,2026-02-05 14:52:53,
71144034-2b80-4374-81f4-11092843b8d0,2026-01-13,msg_00060,U3bae1603803a839c0cb52f511d9cb8f6,U498e60ef4619e9e2fed72695c93feeb1,image,delivered,2026-01-13 17:35:21,
ab1d5510-ddc7-4195-9771-808019ddb84b,2025-12-25,msg_00077,U743849e63f8101ac616f8fd0ba84a167,U7b6a101b823fbc9961cbaa07e24cbddf,text,delivered,2025-12-25 19:06:10,
e87713ac-7c36-4196-9ec2-7684cb539fe4,2026-03-03,msg_00093,U743849e63f8101ac616f8fd0ba84a167,Ud9259fcffcb3f973313dfc626ea012df,imagemap,opened,2026-03-03 23:51:18,
f78f35ae-5e0f-4950-ba3e-0752ccfa06a3,2026-03-21,msg_00023,U743849e63f8101ac616f8fd0ba84a167,U25e45f746d9ad5a571fe1f42f7084ebe,imagemap,delivered,2026-03-21 20:25:38,
2062862e-9750-4847-a954-c26dc2f90e17,2026-02-15,msg_00087,U3bae1603803a839c0cb52f511d9cb8f6,U4406347f5d870e372929e78126dc39dc,imagemap,opened,2026-02-15 22:23:37,
da88a98c-9feb-4a2e-9be9-29ce881900dc,2026-03-11,msg_00067,U7e808d11d6f9901a954a542a7ee09918,U13e65cb88f66e10a942670a1f30e9c40,video,opened,2026-03-11 13:35:25,
9d90785d-881a-425d-b16f-ade0bd41719a,2025-12-18,msg_00070,Ue9a1e8a5b83a6b296d43c957a8cfba4a,Udff0f09f126838adbb5ffd35286739d6,imagemap,opened,2025-12-18 21:10:10,
9c5732c3-04e2-4586-a7bc-cdb4b25edaf0,2025-12-21,msg_00022,U3bae1603803a839c0cb52f511d9cb8f6,Ub322d0d4150d788649032e699630522d,video,opened,2025-12-21 19:38:08,
55f43f08-b12c-43a5-a872-500d17aa6328,2025-12-09,msg_00069,Uc20f9c7e9b662bedec3cb78e127885c7,U6dabf95256344dade9c28f012a85001b,imagemap,delivered,2025-12-09 13:11:07,
72de0036-f172-42ca-9d6e-e7c753b3928a,2025-12-24,msg_00062,Ub0341314a5534ea92b26fa8adc30543f,Ub8dd11f2e0eea456f7a1781a7c4da609,video,opened,2025-12-24 20:09:30,
2d2fddf8-b085-418f-a029-43f4ae8cd9b4,2026-02-20,msg_00048,Ue7310890b01058478be93761a56d0aa0,Ua7b72d3ca8c005cafcf910c0fbf2fee0,flex,delivered,2026-02-20 08:21:08,
0fa3fff4-6f7e-4886-b145-46ec438b0376,2026-03-26,msg_00040,U3bae1603803a839c0cb52f511d9cb8f6,U8137ee4e1081136dae56c9670daadc5c,imagemap,delivered,2026-03-26 13:17:25,
0627dfcc-4d95-4db6-b593-1c5cb541cfd5,2026-03-13,msg_00001,U4784fc8a8e1e4eb2435ad84e0ad052f2,Uf6ad9504fcf88c8fe7a2e4be0415fb01,image,delivered,2026-03-13 22:40:17,
ec6520f5-d0cf-4a72-8849-4d0f902ba52f,2025-12-18,msg_00070,Ue9a1e8a5b83a6b296d43c957a8cfba4a,U4acfe1103cdbcc8c63a469b68dc12490,imagemap,delivered,2025-12-18 16:48:46,
9b686cd4-4b5b-46f5-be42-119719da9bc7,2026-02-15,msg_00089,U3bae1603803a839c0cb52f511d9cb8f6,Ufdc73fa72cd20a4c88ab7860f7305baa,text,delivered,2026-02-15 22:14:21,
9649e42a-bcbe-4bd1-9d7c-b7ac63c9743d,2026-01-20,msg_00108,Ub0341314a5534ea92b26fa8adc30543f,U8b009e2fb84f27bcaa52eba508a788a2,flex,failed,2026-01-20 13:53:21,
c4556868-9636-4fe7-837d-3866cc3e5418,2025-12-19,msg_00118,U4784fc8a8e1e4eb2435ad84e0ad052f2,U601aeadf1ac5ff8d802066a41b0b3c94,image,delivered,2025-12-19 00:51:54,
2b56027d-0d33-44f2-a173-445e7d644f22,2026-01-24,msg_00007,Ub0341314a5534ea92b26fa8adc30543f,Ufa5f9a8bca77ad75cb0da54c8086d36a,imagemap,delivered,2026-01-24 21:01:25,
8f8e37b4-f95a-4a55-ac01-c05ca21f4b14,2026-01-07,msg_00110,Ub0341314a5534ea92b26fa8adc30543f,Ud251a95edd06ad93214d33fb49f7f399,video,opened,2026-01-07 02:23:37,
43dc33c0-f9b1-41d8-be90-86ffedcc573c,2025-12-14,msg_00085,U743849e63f8101ac616f8fd0ba84a167,U93f329ab4b9415c2d3b4f4994ad3a4c6,image,clicked,2025-12-14 15:26:01,https://example-saas.jp/survey
0b209caa-4e3b-4fe5-9331-dcc75f03b373,2025-12-31,msg_00082,U227d1cd1a801c367de206ec4bbca7330,Ub9c9365720353cbc12cd8b69bb5238ff,imagemap,opened,2025-12-31 20:17:02,
ec92183f-6fb6-402d-9f1c-10902b3e58a2,2026-02-20,msg_00036,U879eb903ad90cd9c2874f6df7651267a,a3b27b149cca1d94679570f9fb635d5e,video,opened,2026-02-20 06:19:43,
cc72c164-fdab-4edf-9fc9-44083ee24ecc,2026-03-20,msg_00057,Ub0341314a5534ea92b26fa8adc30543f,Ufb79a2f64b945d9075a5624e62da149c,video,opened,2026-03-20 15:33:05,
0778caea-ac4c-4e23-ae61-127d0644ce7c,2026-02-15,msg_00087,U3bae1603803a839c0cb52f511d9cb8f6,dd60084146f0a7615e7a950fda316dc2,imagemap,delivered,2026-02-15 05:03:41,
87fff9ba-350d-4f4c-9dff-c750f5835286,2026-03-22,msg_00119,U3bae1603803a839c0cb52f511d9cb8f6,Uf14de37ba05809111ba4e1601c3f2a5f,imagemap,delivered,2026-03-22 18:10:21,
a8d49d0f-f10d-4d38-a806-ff01614a4b3f,2026-01-30,msg_00050,U3e5dd3a641c58ad50e49f095c6f1e306,U78dd01b93c174f1c16011ad897853a14,image,delivered,2026-01-30 05:52:23,
969e31fe-05ef-47e4-87c0-684014149a18,2026-03-06,msg_00055,U3bae1603803a839c0cb52f511d9cb8f6,U581e705a3ccef408cc8cddd3f1bff5c9,flex,opened,2026-03-06 10:22:37,
b9194393-1107-4323-a302-75bff895a6c9,2026-01-17,msg_00037,U7e808d11d6f9901a954a542a7ee09918,U741db9007bdb116be2752c81a6966945,text,delivered,2026-01-17 01:24:10,
4bfd197b-d85a-436b-8dfa-c83afafd7da8,2026-01-01,msg_00027,U4784fc8a8e1e4eb2435ad84e0ad052f2,U37d49e0e19407bdf8570156e3e2f0682,image,clicked,2026-01-01 09:49:35,https://example-saas.jp/survey
dc4cd2d0-419f-4d82-9817-977c65f1f17b,2025-12-18,msg_00114,Ub0341314a5534ea92b26fa8adc30543f,U855274b8a2035e6d9896fdc17064cfde,flex,delivered,2025-12-18 22:31:43,
ee2c780a-504a-4824-8623-3d743b2f1c0f,2025-12-24,msg_00062,Ub0341314a5534ea92b26fa8adc30543f,U4d1b3aaaa0dcf507c6e0c78f98cd96cb,video,delivered,2025-12-24 08:28:26,
6f6c991a-3099-43c0-9656-b019062e6863,2026-01-29,msg_00031,U3bae1603803a839c0cb52f511d9cb8f6,U868aa3b8baad0ce7d01ad43f11e71922,video,delivered,2026-01-29 17:11:16,
7f87c5ce-fb0f-4b65-9361-389dd11dff88,2026-01-09,msg_00052,U743849e63f8101ac616f8fd0ba84a167,U2f21d1ed13b2109eb4f57c37bcf8afcc,video,delivered,2026-01-09 00:54:37,
b7b99412-ba1b-43d1-b1ef-4282e1bcc10a,2026-01-26,msg_00005,Ub0341314a5534ea92b26fa8adc30543f,U519405af19f41de54af26c3f3c5ade90,image,delivered,2026-01-26 20:50:09,
7cd89dc6-8d3e-419b-92a0-1173527bf1d9,2026-02-14,msg_00065,U743849e63f8101ac616f8fd0ba84a167,U34934f66a4ee8ab3f8c271f65d7e6cd7,image,delivered,2026-02-13 10:23:08,
c385f319-e918-423f-9160-679540681742,2025-12-25,msg_00045,Ue7310890b01058478be93761a56d0aa0,Ubb6ac68599901d3d3043395b2fcb2540,video,delivered,2025-12-25 08:24:29,
2d4a5ae5-61a2-4687-a3c1-e96e7e13ad6b,2026-03-31,msg_00046,U4784fc8a8e1e4eb2435ad84e0ad052f2,b0b69e39a3a9bda46ab3a7e650825683,flex,clicked,2026-03-31 01:26:22,
78b37c23-2bbb-4235-890e-645def0ca172,2026-03-14,msg_00009,U743849e63f8101ac616f8fd0ba84a167,U2397ebfec65b6115191e726427c5b5ea,imagemap,delivered,2026-03-14 17:41:53,
2a9a667d-61be-4657-913a-713a095d978f,2025-11-17,msg_00099,U3bae1603803a839c0cb52f511d9cb8f6,U6f544c4a6f29186ef5930df054a72b95,text,opened,2025-11-17 23:11:53,
d0aed57c-5f8d-41bc-9487-0af8aca8da8b,2026-04-08,msg_00041,Ue7310890b01058478be93761a56d0aa0,U674ed72b09e0a0e4ee41982498c8e9c6,text,opened,2026-04-08 03:24:37,
a1bdc9df-3f42-4fcb-bd6b-49fb29bd8895,2026-02-24,msg_00039,U743849e63f8101ac616f8fd0ba84a167,Ua2d63a076a8bb806b4782ad860f4b593,flex,delivered,2026-02-24 14:14:31,
abdc47d2-66c8-4a2e-b11e-961b372c9a36,2026-03-06,msg_00055,U3bae1603803a839c0cb52f511d9cb8f6,Ue9759de1983fcce808137fe679d11f11,flex,delivered,2026-03-06 01:07:06,
4a4021e1-b771-4a3f-bcb0-72a859f9baa7,2026-03-26,msg_00040,U3bae1603803a839c0cb52f511d9cb8f6,U59aa4c0da331bf59ec1c07953465d23d,imagemap,delivered,2026-03-26 11:51:53,
56177aeb-c4c6-482d-b036-02c943f702e8,2026-02-28,msg_00117,U743849e63f8101ac616f8fd0ba84a167,333aa67a8e9135c9b3dbdd59aed1f665,video,opened,2026-02-28 13:06:06,
6e0bc796-8e12-42ac-b9e0-530a83b93457,2026-01-24,msg_00113,Ub0341314a5534ea92b26fa8adc30543f,bfcbf04aa81a81a9fd03e98260863786,text,delivered,2026-01-24 17:21:13,
ab312868-252f-436f-8e7e-b436f16bd3b9,2025-11-16,msg_00020,U3bae1603803a839c0cb52f511d9cb8f6,U4de6f533527228e7a9ea87c20936bcc3,text,delivered,2025-11-16 14:03:41,
48018bce-9c7f-4015-90e2-ce225ee05d89,2025-12-21,msg_00022,U3bae1603803a839c0cb52f511d9cb8f6,Ue44f02171261bedd252cf3c155d8f42e,video,delivered,2025-12-21 22:52:46,
12846c65-bc27-4f48-a4fe-e1d0955c8a46,2026-02-15,msg_00089,U3bae1603803a839c0cb52f511d9cb8f6,U3d898f46003535a0f6e21f2c44824dcf,text,delivered,2026-02-15 15:23:47,
7dccec78-628e-4c6c-b446-00d30f5baf3b,2026-03-04,msg_00056,U1ca413826b7044d134c9c3132420c9de,U5039a555d915191fa23141601b049a50,text,delivered,2026-03-04 23:24:30,
e6f15ef0-8e5e-4cb9-93b5-ecbe17ff6099,2026-03-13,msg_00001,U4784fc8a8e1e4eb2435ad84e0ad052f2,Ua550ba8c04f950045231f071490b76e4,image,delivered,2026-03-13 02:59:27,
b686d3e6-cc92-4824-9b6f-ed45ccac8a53,2025-11-25,msg_00043,U3e5dd3a641c58ad50e49f095c6f1e306,Uc9429eaaeb09a8b395a1daf7ebfe3aae,flex,delivered,2025-11-25 08:46:50,
3061a475-7311-40d2-8946-51b73ce5c2f0,2026-01-24,msg_00007,Ub0341314a5534ea92b26fa8adc30543f,U933fa6022361668261426e4b1e5cd84e,imagemap,delivered,2026-01-24 22:05:58,
e41a2c30-2bfc-4c9f-8139-05112fec1892,2026-01-07,msg_00110,Ub0341314a5534ea92b26fa8adc30543f,Ubaa616b96d4a190a0096384485744250,video,opened,2026-01-07 20:51:13,
da9ac0b2-6b92-4a68-85b9-acd134858850,2026-01-26,msg_00103,U3bae1603803a839c0cb52f511d9cb8f6,Uc8501d694cf8e895c2667abc9ecbee9b,flex,delivered,2026-01-26 04:53:32,
4c872c89-a858-4ceb-b3e7-5c0bcf253af5,2026-02-05,msg_00107,U3bae1603803a839c0cb52f511d9cb8f6,U267670e91bbdbfa5fa492e45b96181d8,text,delivered,2026-02-05 07:58:56,
28ae8ef5-e6c9-4a47-bbb2-08aa20646d27,2026-03-16,msg_00002,U3bae1603803a839c0cb52f511d9cb8f6,U877f03d30cb17709b122c51c23455794,text,clicked,2026-03-16 16:56:01,https://example-saas.jp/campaign/spring
962a8f0b-158d-4f01-9cd7-a135b53c02cf,2026-03-29,msg_00097,Ub0341314a5534ea92b26fa8adc30543f,Ub6fe16eaf7e4269c2f44c9aac509d6aa,text,delivered,2026-03-29 18:00:34,
b8b3af22-e792-4b71-b4e7-a34a23079262,2025-12-12,msg_00004,Ub0341314a5534ea92b26fa8adc30543f,U02ca3b3699176cf160d75ea4515ba460,video,delivered,2025-12-12 01:22:15,
71d378e2-2999-41fb-bfcb-efa44bc76ea2,2026-01-13,msg_00060,U3bae1603803a839c0cb52f511d9cb8f6,U999a7e10fea69d783fcfe34e16ece0e8,image,delivered,2026-01-13 07:35:49,
bddcd47e-6c96-4674-b4ef-2a81fffe966e,2026-02-20,msg_00017,U22a93bc29b1df104af6b1ba1cd91fc56,9f0f0c322763933872c49e6783d184d9,video,clicked,2026-02-20 07:20:39,https://example-saas.jp/campaign/spring
3544753d-d9cb-4399-8112-e25ab805683a,2026-01-24,msg_00007,Ub0341314a5534ea92b26fa8adc30543f,Uc032858b4ea8c840ade3bbc7732dbe74,imagemap,delivered,2026-01-24 03:24:27,
b9e26c86-5f74-4043-8e35-046469e2c377,2025-12-23,msg_00109,Ue7310890b01058478be93761a56d0aa0,Ud0ccfc3abde3ef891e3c03e9f8e0f10c,text,delivered,2025-12-23 08:16:26,
b3ef682b-9a8b-4cf1-aa40-3d0ef06113c5,2026-02-20,msg_00036,U879eb903ad90cd9c2874f6df7651267a,U39248ae084fd5f4ea456d6de02605f2a,video,delivered,2026-02-20 14:39:11,
0d6b9cae-67e3-4e17-ab7a-b75ffd114270,2026-03-29,msg_00097,Ub0341314a5534ea92b26fa8adc30543f,Uf9802556f15437040790d95eae1840cd,text,opened,2026-03-29 18:24:44,
50383da9-8eef-4bf4-8f3d-95ac4d46359a,2026-04-04,msg_00049,U476acbdef8e9a16d24575e4f6d7b0f31,U646549fb5868852e0306043aea494098,text,clicked,2026-04-05 01:11:25,https://example-saas.jp/lp/newmenu
c58ee5f1-6edb-4879-97b2-bd0d203017f7,2026-02-24,msg_00039,U743849e63f8101ac616f8fd0ba84a167,Uae1c597e839086c42793a7c41decb8df,flex,opened,2026-02-24 19:31:49,
6be9ac02-6169-4479-ac86-633364c5c816,2025-11-16,msg_00020,U3bae1603803a839c0cb52f511d9cb8f6,U4b94248f0f3ca4f1e9583bdcf5146579,text,opened,2025-11-16 01:02:38,
8ebdf7b9-9133-4d06-9f52-ccde7dc2c8d0,2026-02-20,msg_00017,U22a93bc29b1df104af6b1ba1cd91fc56,U9f5ad7a3c0f8a4d5f44086f8810f4ab2,video,delivered,2026-02-20 15:11:01,
cfc0df17-bace-4529-8f00-e97fd55d9527,2026-04-01,msg_00072,U4784fc8a8e1e4eb2435ad84e0ad052f2,U18f7842a15f96f375af11a7d2901e8e4,image,opened,2026-04-01 01:18:49,
f068470c-2361-4d3f-8662-a60d121d96d2,2025-11-17,msg_00099,U3bae1603803a839c0cb52f511d9cb8f6,U1d580db2fcebb7af336129e3a312bf7f,text,delivered,2025-11-17 02:06:03,
85e18150-db64-4732-83f0-5e590cf73876,2025-11-16,msg_00020,U3bae1603803a839c0cb52f511d9cb8f6,Uc3842e5ca20e5b16b9d4547c41fc2cc9,text,opened,2025-11-16 10:04:14,
ac2e84da-ef0e-4b36-b6ef-4f1c9064523f,2026-03-22,msg_00119,U3bae1603803a839c0cb52f511d9cb8f6,U2a9886f1dade6616edf83a0ace914e3d,imagemap,delivered,2026-03-22 07:28:07,
caf8a888-f22c-43a4-bff3-62a0a19f0779,2026-04-10,msg_00101,U743849e63f8101ac616f8fd0ba84a167,Ub34ca5c7ff7ab5da3b09674da8655e9e,imagemap,delivered,2026-04-10 07:27:45,
46bfeadf-e579-4b6b-9df7-0a9cd49c0be2,2026-01-26,msg_00115,U3bae1603803a839c0cb52f511d9cb8f6,824f44dc2b574f6d8e3a050f064910ae,imagemap,delivered,2026-01-26 08:46:03,
2a0251ba-3337-4fc1-a082-ac7f96f46b95,2026-04-10,msg_00101,U743849e63f8101ac616f8fd0ba84a167,Ub706ab4eae05a54afd8353d0a47274ef,imagemap,delivered,2026-04-10 09:13:27,
778f4c1e-b787-4659-995a-00ebe5d5f6a7,2026-04-10,msg_00101,U743849e63f8101ac616f8fd0ba84a167,U58659527f43a579d7a87d779105ee440,imagemap,delivered,2026-04-10 19:27:02,
671ede74-4069-488d-9fbd-50596eab3d1e,2026-03-05,msg_00014,U3bae1603803a839c0cb52f511d9cb8f6,U21a4b1f28b71599539b02f4a164dbe06,flex,clicked,2026-03-05 11:49:11,https://example-saas.jp/coupon/500off
a20184ca-0de2-43ed-92bf-254e749921ec,2026-02-14,msg_00065,U743849e63f8101ac616f8fd0ba84a167,U9f41d53379a76f66949294b20898e34d,image,blocked,2026-02-14 19:35:01,
8060d591-41b1-4f58-ac9c-641858e69fc2,2026-02-15,msg_00089,U3bae1603803a839c0cb52f511d9cb8f6,Uc149c2efa970473ab85ec659029d7b18,text,delivered,2026-02-15 16:47:41,
8efe2307-f663-4610-917c-16c33bf1fbd0,2026-03-31,msg_00046,U4784fc8a8e1e4eb2435ad84e0ad052f2,U0b64fb927d640f86f982615e53e632c0,flex,delivered,2026-03-31 22:05:06,
095a7a1d-3e6a-4753-835c-5354f096613c,2026-03-08,msg_00112,U3bae1603803a839c0cb52f511d9cb8f6,U0a6a1ec829cf0b8f83e7fd0078e57dfd,image,opened,2026-03-08 10:28:26,
a4883ffd-c9b2-40aa-ae81-f8a3ed8ca0b5,2025-11-17,msg_00099,U3bae1603803a839c0cb52f511d9cb8f6,U70580408bef9ab6bd0afd0ec08807c24,text,delivered,2025-11-17 19:21:06,
8aa9f2f7-c5dd-4c76-a3cf-ca942e3378a0,2026-04-12,msg_00120,U227d1cd1a801c367de206ec4bbca7330,U9843bacce4fd9dabce93586b3f59614d,text,opened,2026-04-12 23:05:06,
72cb5f3a-de9e-42fe-9353-ead050c6be7b,2026-03-27,msg_00096,U476acbdef8e9a16d24575e4f6d7b0f31,U1e4609ddbdba34feb7d8a702883e5ba5,imagemap,delivered,2026-03-27 02:27:49,
9dd79ac2-9a37-4874-8950-6f67b3384458,2026-01-24,msg_00113,Ub0341314a5534ea92b26fa8adc30543f,Ub8b885ac4c0591ca209d9b5120c8d418,text,delivered,2026-01-24 04:17:11,
16648b51-bdc0-4798-8b63-f26637948309,2026-01-26,msg_00063,Ub0341314a5534ea92b26fa8adc30543f,U4ef7db737fa491ed5ce9b7c37abf4008,imagemap,delivered,2026-01-26 20:23:29,
bdf4ecb6-0814-4e58-8a66-a8a071002f31,2025-12-09,msg_00069,Uc20f9c7e9b662bedec3cb78e127885c7,Ub9643b6b46c70e7a083101a550e3c764,imagemap,opened,2025-12-09 09:58:56,
98278755-80b6-4148-9b9c-a253bc214b21,2026-02-07,msg_00090,U4784fc8a8e1e4eb2435ad84e0ad052f2,U47388574963d5c47caec2436a949bebf,imagemap,delivered,2026-02-07 22:20:36,
a9a5d850-c55a-4180-8619-811ddd3e2c01,2026-04-12,msg_00120,U227d1cd1a801c367de206ec4bbca7330,U8d6bddc79e6aed7f14f3a00240afd16d,text,clicked,2026-04-12 23:41:43,https://example-saas.jp/lp/newmenu
1717e0a4-b045-4f30-b07b-36ae4d92082d,2025-11-22,msg_00047,Ue7310890b01058478be93761a56d0aa0,Ue7a22a23bda5a6b07f92229491bab5f2,video,delivered,2025-11-22 17:17:27,
87799104-8f53-4b49-906b-0ef4a102e8d8,2025-12-07,msg_00003,U227d1cd1a801c367de206ec4bbca7330,Ucb0aa222f2e49bac64e4071c82a2f6c4,image,clicked,2025-12-07 04:43:17,https://example-saas.jp/lp/newmenu
bda4a1d8-791d-44e3-9b46-75bd2095dfac,2025-11-23,msg_00053,U743849e63f8101ac616f8fd0ba84a167,U2f5a5cc248bcd8fa39466b88a86b476d,video,delivered,2025-11-23 05:09:15,
4ba9b884-4b0c-468c-80e0-d5565da449c9,2026-03-12,msg_00084,U68d2301028fb66b51d9111f1af067e34,U2a554ef751763cae0212a4ab643820ed,video,opened,2026-03-12 08:46:53,
0182909d-29d6-4f7b-ba1e-5b47f2e9bf2c,2026-02-14,msg_00098,U743849e63f8101ac616f8fd0ba84a167,Uc8aad4cfc2e3586a2dd61fe7f3fe5df7,imagemap,opened,2026-02-14 11:35:02,
dcb157c2-46ba-41b7-882a-4a00830d3353,2025-12-24,msg_00091,U3bae1603803a839c0cb52f511d9cb8f6,U1272ee55f0855738a4e9f18e6ccdbcf5,imagemap,delivered,2025-12-24 19:50:21,
b06c6969-0b9a-4497-afe2-fe334cf28ada,2026-03-11,msg_00067,U7e808d11d6f9901a954a542a7ee09918,Ue6ed4c04183aa01224ca59fd413cd3d6,video,delivered,2026-03-07 22:41:55,
039500ab-3fd7-44cf-8e60-c5cf5741c767,2026-03-21,msg_00023,U743849e63f8101ac616f8fd0ba84a167,Ucbff223df1bcacdc02d6ce37144c8216,imagemap,opened,2026-03-21 05:53:31,
f72b3db1-1543-4f71-9dc6-889712aa8cb7,2025-12-09,msg_00069,Uc20f9c7e9b662bedec3cb78e127885c7,U732ae719cda5c24a569311eb5cd14653,imagemap,delivered,2025-12-09 22:24:07,
e4c9f7fb-131c-4e8d-9644-6abe5d20f48c,2026-03-04,msg_00056,U1ca413826b7044d134c9c3132420c9de,U4f822213c738b75d8c2d95c3ce4fe3c6,text,clicked,2026-03-04 13:43:59,https://example-saas.jp/lp/newmenu
b24eae61-5264-4d63-a800-4b29a5ff2671,2026-01-18,msg_00102,U227d1cd1a801c367de206ec4bbca7330,U8fc2ceba25d74687346d04986e5e1835,video,delivered,2026-01-18 01:05:56,
8ca5e095-f4ea-4e61-b0bb-bd910be194a7,2025-12-17,msg_00032,U3bae1603803a839c0cb52f511d9cb8f6,Udbe4c599c668c2467d61df871d4ced71,video,delivered,2025-12-17 10:10:28,
bb2ac0af-957f-4c1a-92ab-038cad208ff0,2026-03-31,msg_00046,U4784fc8a8e1e4eb2435ad84e0ad052f2,Ub799b522372535cee660d522f3ba12bf,flex,opened,2026-03-31 07:27:16,
190560f4-866d-409d-af5d-72cbe7734438,2026-03-31,msg_00046,U4784fc8a8e1e4eb2435ad84e0ad052f2,U0b64fb927d640f86f982615e53e632c0,flex,opened,2026-03-31 23:10:08,
7388faaf-b604-43e3-8a82-61f64e711ead,2025-12-12,msg_00029,U743849e63f8101ac616f8fd0ba84a167,Ufb8dc3cf9512149719d97111b64d6d34,imagemap,opened,2025-12-13 01:02:17,
ddf428f4-26c9-4fda-af3f-290ecd1ba00d,2025-12-18,msg_00114,Ub0341314a5534ea92b26fa8adc30543f,Ucc895c7878e34d89edae8fa73ce70f12,flex,opened,2025-12-18 16:01:07,
5a8ea32f-21d5-4fbf-8493-922bc4485c28,2025-12-19,msg_00064,Ub0341314a5534ea92b26fa8adc30543f,Ucc732dc0b599b91f5dcce85dbd46ced8,image,opened,2025-12-19 14:26:54,
1ac1a104-4ec9-4a49-8293-51a20ea364f8,2025-11-23,msg_00024,Ue8d9224ecde331ce692edfce0b5ecdc4,U3ff599555a278f9d8241397dc7257b80,text,delivered,2025-11-23 03:17:18,
4cff9d32-c385-48f0-a733-76a23db6df12,2026-03-08,msg_00112,U3bae1603803a839c0cb52f511d9cb8f6,U4a8ea79829c41cac75fbe2a23daca0f0,image,delivered,2026-03-08 18:59:22,
5c9866c2-478a-4d78-812c-93a8bc234662,2025-12-08,msg_00015,Ub0341314a5534ea92b26fa8adc30543f,Ubcc6b02aa6ec59452e557f754cf28912,text,blocked,2025-12-08 22:42:24,
095fb6d7-6c4e-4c3d-9cf3-f53a34741099,2026-03-16,msg_00002,U3bae1603803a839c0cb52f511d9cb8f6,Ud180babef364045852143e807b61d0a6,text,delivered,2026-03-16 14:50:56,
ba63ab7d-e8ab-44bd-9dc7-eb63764f489f,2025-11-30,msg_00025,Ub0341314a5534ea92b26fa8adc30543f,U3a2163c1de5443ccd26a7320df780d13,imagemap,delivered,2025-11-30 19:56:44,
37de3c9f-9c4b-47a0-98b3-e2cf59585f22,2025-11-26,msg_00028,U3bae1603803a839c0cb52f511d9cb8f6,U85c92b6e7d9431b2fa5181358f991b8a,image,opened,2025-11-26 04:33:35,
63cfe28f-f781-411b-929c-52486de046cf,2026-02-05,msg_00107,U3bae1603803a839c0cb52f511d9cb8f6,Ubb665120f72363b53d3cab21227cdf20,text,delivered,2026-02-05 07:01:06,
11e44257-909b-461d-9a53-72ed35aae933,2026-02-14,msg_00042,U3bae1603803a839c0cb52f511d9cb8f6,Ud81ba41cdc14edd2e38a47f09063644a,video,failed,2026-02-14 11:01:31,
4b0e1d5c-9ae1-4c61-85fa-35761a9e88ba,2026-01-24,msg_00007,Ub0341314a5534ea92b26fa8adc30543f,Uca6aa0c322c67e9700f09246216bdee5,imagemap,clicked,2026-01-24 08:23:03,https://example-saas.jp/campaign/spring
f117358f-fb94-4886-bb8b-9c25c56b0ac4,2026-04-10,msg_00101,U743849e63f8101ac616f8fd0ba84a167,U8d56fa42a4ed7958021281ccbda1c700,imagemap,opened,2026-04-10 17:18:40,
30b0ee2b-9d7c-4491-ae85-f0a6db28b245,2026-01-30,msg_00050,U3e5dd3a641c58ad50e49f095c6f1e306,Ub167b9304b832cfbd17dcd7b5b55cee1,image,delivered,2026-01-30 16:12:31,
b3bcf786-3e57-4c7a-af02-ba76d7109472,2026-01-31,msg_00035,U7e808d11d6f9901a954a542a7ee09918,U564a873ab1ddec800df24f4f52a9033e,text,delivered,2026-01-31 09:52:41,
6f1ad9b9-6c10-4a11-b75c-216437d0758a,2025-12-25,msg_00045,Ue7310890b01058478be93761a56d0aa0,U3b6732e23d58146419de8c587d058a90,video,delivered,2025-12-25 20:24:29,
708e00c9-84d7-4664-a3aa-5b98799b7237,2025-12-22,msg_00038,Ub0341314a5534ea92b26fa8adc30543f,U628f458bcc7139f7b44846e13a8e8b83,image,delivered,2025-12-22 00:24:06,
0e79002a-53ee-4719-8c22-edf90c738fdd,2025-11-24,msg_00033,U3bae1603803a839c0cb52f511d9cb8f6,Ub0c6bbf7017240f1b76282a429485028,text,clicked,2025-11-24 03:53:45,https://example-saas.jp/lp/newmenu
7822e11a-fcd1-4952-8ac3-1fd19187540f,2025-12-23,msg_00061,Ub0341314a5534ea92b26fa8adc30543f,U315c9c180f9e68b24ba5de348b76216a,imagemap,delivered,2025-12-23 11:01:35,
6fd81bc7-7c43-457d-9215-94453882dea2,2025-12-25,msg_00045,Ue7310890b01058478be93761a56d0aa0,U7b7606ecfac5334b325667da99124a3a,video,opened,2025-12-25 02:36:44,
46cca01e-00ec-4b75-9d44-4db1139cf4ae,2026-02-25,msg_00008,Ub0341314a5534ea92b26fa8adc30543f,U164912fdee63a9cfeecfad724a2fce94,image,delivered,2026-02-25 15:06:58,
2774b83e-3bd2-4aad-95c0-3493da467fd3,2026-02-15,msg_00006,U743849e63f8101ac616f8fd0ba84a167,U38a1db2ba7b38b56481980748854a126,flex,delivered,2026-02-15 00:24:36,
